,params,value,Start,End,Period,Start Value,Min Value,Max Value,End Value,Total Return [%],Benchmark Return [%],Total Time Exposure [%],Max Gross Exposure [%],Max Drawdown [%],Max Drawdown Duration,Total Orders,Total Fees Paid,Total Trades,Win Rate [%],Best Trade [%],Worst Trade [%],Avg Winning Trade [%],Avg Losing Trade [%],Avg Winning Trade Duration,Avg Losing Trade Duration,Profit Factor,Expectancy,Sharpe Ratio,Calmar Ratio,Omega Ratio,Sortino Ratio,side
2592,"{'window_k': 162, 'window_d': 42, 'window_ma': 12}","open_time
2022-01-01 00:00:00    100.000000
2022-01-01 01:00:00    100.000000
2022-01-01 02:00:00    100.000000
2022-01-01 03:00:00    100.000000
2022-01-01 04:00:00    100.000000
                          ...    
2023-05-01 19:00:00    270.015754
2023-05-01 20:00:00    270.015754
2023-05-01 21:00:00    270.015754
2023-05-01 22:00:00    270.015754
2023-05-01 23:00:00    270.015754
Freq: H, Length: 11664, dtype: float64",2022-01-01,2023-05-01 23:00:00,486 days,100.0,93.24779198812666,277.2187416272402,270.01575362053006,170.01575362053006,-70.17976286600607,17.789780521262003,100.0,29.85448442053989,153 days 23:00:00,136,0.0,68,55.88235294117647,31.757977122215543,-15.937687237866976,5.53550902847872,-3.1992409652768514,1 days 11:03:09.473684210,1 days 00:46:00,1.961306455553957,2.500231670890149,1.6109658255529276,3.7132057927360727,1.1575468895805434,2.774095295441619,long
2848,"{'window_k': 177, 'window_d': 42, 'window_ma': 12}","open_time
2022-01-01 00:00:00    100.000000
2022-01-01 01:00:00    100.000000
2022-01-01 02:00:00    100.000000
2022-01-01 03:00:00    100.000000
2022-01-01 04:00:00    100.000000
                          ...    
2023-05-01 19:00:00    242.809601
2023-05-01 20:00:00    242.809601
2023-05-01 21:00:00    242.809601
2023-05-01 22:00:00    242.809601
2023-05-01 23:00:00    242.809601
Freq: H, Length: 11664, dtype: float64",2022-01-01,2023-05-01 23:00:00,486 days,100.0,90.89820314295594,250.22993342263058,242.80960056774387,142.80960056774387,-70.17976286600607,17.026748971193413,100.0,34.6001524810021,154 days 00:00:00,132,0.0,66,45.45454545454545,26.9615663524293,-15.937687237866987,6.508923871904374,-2.5741796763355875,1 days 11:42:00,1 days 01:25:00,1.8654255108478133,2.1637818267839983,1.4768317460000209,2.736720477386421,1.146126411817318,2.5632264543790715,long
1696,"{'window_k': 102, 'window_d': 162, 'window_ma': 12}","open_time
2022-01-01 00:00:00    100.000000
2022-01-01 01:00:00    100.000000
2022-01-01 02:00:00    100.000000
2022-01-01 03:00:00    100.000000
2022-01-01 04:00:00    100.000000
                          ...    
2023-05-01 19:00:00    193.382115
2023-05-01 20:00:00    193.382115
2023-05-01 21:00:00    193.382115
2023-05-01 22:00:00    193.382115
2023-05-01 23:00:00    193.382115
Freq: H, Length: 11664, dtype: float64",2022-01-01,2023-05-01 23:00:00,486 days,100.0,99.09872003017045,195.50471437940138,193.3821153784247,93.38211537842469,-70.17976286600607,14.90912208504801,100.0,26.306576263636792,102 days 03:00:00,64,0.0,32,56.25,19.874834060307244,-8.554913294797691,7.0172676946318315,-3.644734435437919,2 days 08:50:00,2 days 03:08:34.285714285,2.1829292314778725,2.918191105575772,1.2993117426853158,2.4366288873213753,1.1338294479300488,2.2245998882750233,long
3104,"{'window_k': 192, 'window_d': 42, 'window_ma': 12}","open_time
2022-01-01 00:00:00    100.000000
2022-01-01 01:00:00    100.000000
2022-01-01 02:00:00    100.000000
2022-01-01 03:00:00    100.000000
2022-01-01 04:00:00    100.000000
                          ...    
2023-05-01 19:00:00    242.506889
2023-05-01 20:00:00    242.506889
2023-05-01 21:00:00    242.506889
2023-05-01 22:00:00    242.506889
2023-05-01 23:00:00    242.506889
Freq: H, Length: 11664, dtype: float64",2022-01-01,2023-05-01 23:00:00,486 days,100.0,94.60474051686234,271.6286758619023,242.50688857428077,142.50688857428077,-70.17976286600607,17.24965706447188,100.0,39.43349061212446,172 days 03:00:00,130,0.0,65,46.15384615384615,22.023975466964053,-15.937687237866992,6.383568206477623,-2.561350145911083,1 days 08:58:00,1 days 05:13:42.857142857,1.7879363312584289,2.1924136703735497,1.4812060199205335,2.396658897461005,1.1470584524585594,2.5916992979192965,long
2131,"{'window_k': 132, 'window_d': 87, 'window_ma': 57}","open_time
2022-01-01 00:00:00    100.000000
2022-01-01 01:00:00    100.000000
2022-01-01 02:00:00    100.000000
2022-01-01 03:00:00    100.000000
2022-01-01 04:00:00    100.000000
                          ...    
2023-05-01 19:00:00    251.153628
2023-05-01 20:00:00    250.576844
2023-05-01 21:00:00    251.838560
2023-05-01 22:00:00    252.956080
2023-05-01 23:00:00    252.956080
Freq: H, Length: 11664, dtype: float64",2022-01-01,2023-05-01 23:00:00,486 days,100.0,100.0,330.32570763590627,252.95608003478597,152.95608003478597,-70.17976286600607,35.30521262002744,100.0,44.8260305644843,111 days 16:00:00,79,0.0,40,53.84615384615385,33.56994971901804,-20.7442684682689,11.343558294209496,-6.607541492187514,5 days 00:34:17.142857142,3 days 09:40:00,1.5345446336061186,3.9117830935263838,1.369016859149485,2.2480208498116423,1.0857460427027041,2.1758990473579582,long
2134,"{'window_k': 132, 'window_d': 87, 'window_ma': 102}","open_time
2022-01-01 00:00:00    100.000000
2022-01-01 01:00:00    100.000000
2022-01-01 02:00:00    100.000000
2022-01-01 03:00:00    100.000000
2022-01-01 04:00:00    100.000000
                          ...    
2023-05-01 19:00:00    244.789494
2023-05-01 20:00:00    244.227325
2023-05-01 21:00:00    245.457070
2023-05-01 22:00:00    246.546273
2023-05-01 23:00:00    246.546273
Freq: H, Length: 11664, dtype: float64",2022-01-01,2023-05-01 23:00:00,486 days,100.0,100.0,317.72341280645776,246.54627273913567,146.54627273913567,-70.17976286600607,39.36899862825789,100.0,44.82603056448429,133 days 01:00:00,79,0.0,40,43.58974358974359,40.886567563948034,-20.74426846826891,14.625352567239242,-5.803030049349793,6 days 11:10:35.294117647,3 days 11:32:43.636363636,1.5137004366006097,3.747686705219137,1.309626114357693,2.162512787568943,1.0757055992046898,2.0501650024289875,long
883,"{'window_k': 57, 'window_d': 117, 'window_ma': 57}","open_time
2022-01-01 00:00:00    100.000000
2022-01-01 01:00:00    100.000000
2022-01-01 02:00:00    100.000000
2022-01-01 03:00:00    100.000000
2022-01-01 04:00:00    100.000000
                          ...    
2023-05-01 19:00:00    189.650798
2023-05-01 20:00:00    189.215257
2023-05-01 21:00:00    190.168002
2023-05-01 22:00:00    191.011863
2023-05-01 23:00:00    191.011863
Freq: H, Length: 11664, dtype: float64",2022-01-01,2023-05-01 23:00:00,486 days,100.0,88.98263609131124,245.0109170829492,191.01186251189867,91.01186251189867,-70.17976286600607,34.25925925925926,100.0,31.438789093434316,133 days 04:00:00,77,0.0,39,50.0,24.08551455047959,-22.404978884196478,9.559909040708881,-5.309772028251379,5 days 01:31:34.736842105,3 days 10:22:06.315789473,1.4400125509978545,2.304788913276382,1.153422775411207,1.9907405871768027,1.0643668954742656,1.6778578614715665,long
2336,"{'window_k': 147, 'window_d': 42, 'window_ma': 12}","open_time
2022-01-01 00:00:00    100.000000
2022-01-01 01:00:00    100.000000
2022-01-01 02:00:00    100.000000
2022-01-01 03:00:00    100.000000
2022-01-01 04:00:00    100.000000
                          ...    
2023-05-01 19:00:00    184.447909
2023-05-01 20:00:00    184.447909
2023-05-01 21:00:00    184.447909
2023-05-01 22:00:00    184.447909
2023-05-01 23:00:00    184.447909
Freq: H, Length: 11664, dtype: float64",2022-01-01,2023-05-01 23:00:00,486 days,100.0,82.24444358704899,189.36827411430505,184.44790906506574,84.44790906506573,-70.17976286600607,17.386831275720166,100.0,29.5230754786718,151 days 13:00:00,120,0.0,60,46.666666666666664,27.072143997677458,-15.937687237866985,5.96894303980569,-2.895210528922055,1 days 13:21:25.714285714,1 days 06:41:15,1.6508187535502046,1.4074651510844287,1.1034238893694657,1.97717064359493,1.1078097831631397,1.888160263821781,long
560,"{'window_k': 42, 'window_d': 57, 'window_ma': 12}","open_time
2022-01-01 00:00:00    100.000000
2022-01-01 01:00:00    100.000000
2022-01-01 02:00:00    100.000000
2022-01-01 03:00:00    100.000000
2022-01-01 04:00:00    100.000000
                          ...    
2023-05-01 19:00:00    195.380667
2023-05-01 20:00:00    195.380667
2023-05-01 21:00:00    195.380667
2023-05-01 22:00:00    195.380667
2023-05-01 23:00:00    195.380667
Freq: H, Length: 11664, dtype: float64",2022-01-01,2023-05-01 23:00:00,486 days,100.0,86.34457668538691,227.11670032901017,195.38066704608184,95.38066704608184,-70.17976286600607,20.44753086419753,100.0,35.5790012462535,204 days 00:00:00,126,0.0,63,53.96825396825397,26.887954776054514,-15.315205462748457,5.437373154362356,-3.574262117390193,1 days 14:44:07.058823529,1 days 12:49:39.310344827,1.5567037799523575,1.5139788420012992,1.1823819025806925,1.837359574473578,1.1050244969280818,2.0170411048440533,long
1378,"{'window_k': 87, 'window_d': 102, 'window_ma': 42}","open_time
2022-01-01 00:00:00    100.000000
2022-01-01 01:00:00    100.000000
2022-01-01 02:00:00    100.000000
2022-01-01 03:00:00    100.000000
2022-01-01 04:00:00    100.000000
                          ...    
2023-05-01 19:00:00    205.724765
2023-05-01 20:00:00    205.724765
2023-05-01 21:00:00    205.724765
2023-05-01 22:00:00    205.724765
2023-05-01 23:00:00    205.724765
Freq: H, Length: 11664, dtype: float64",2022-01-01,2023-05-01 23:00:00,486 days,100.0,93.54246260471882,213.00262733229704,205.72476537275634,105.72476537275635,-70.17976286600607,30.81275720164609,100.0,39.29263429906257,194 days 16:00:00,80,0.0,40,55.00000000000001,23.284742468415917,-9.58178566515338,7.984640553459939,-5.013032848485811,4 days 02:46:21.818181818,3 days 06:56:40,1.6752152462367773,2.6431191343189098,1.2701889747455648,1.829973996766234,1.0769312823738202,1.8721108536914197,long
2129,"{'window_k': 132, 'window_d': 87, 'window_ma': 27}","open_time
2022-01-01 00:00:00    100.000000
2022-01-01 01:00:00    100.000000
2022-01-01 02:00:00    100.000000
2022-01-01 03:00:00    100.000000
2022-01-01 04:00:00    100.000000
                          ...    
2023-05-01 19:00:00    205.148947
2023-05-01 20:00:00    204.677814
2023-05-01 21:00:00    205.708417
2023-05-01 22:00:00    206.621237
2023-05-01 23:00:00    206.621237
Freq: H, Length: 11664, dtype: float64",2022-01-01,2023-05-01 23:00:00,486 days,100.0,93.24554623815972,265.0137888178877,206.62123738081678,106.62123738081677,-70.17976286600607,29.415294924554185,100.0,44.8260305644843,108 days 05:00:00,79,0.0,40,48.717948717948715,33.56994971901804,-20.7442684682689,10.529896201691816,-5.278450814852947,4 days 08:06:18.947368421,2 days 18:50:59.999999999,1.5530595368863185,2.72557265355566,1.1656436280676887,1.6166228876681055,1.0797281017543432,1.863894778549999,long
2130,"{'window_k': 132, 'window_d': 87, 'window_ma': 42}","open_time
2022-01-01 00:00:00    100.000000
2022-01-01 01:00:00    100.000000
2022-01-01 02:00:00    100.000000
2022-01-01 03:00:00    100.000000
2022-01-01 04:00:00    100.000000
                          ...    
2023-05-01 19:00:00    206.542529
2023-05-01 20:00:00    206.542529
2023-05-01 21:00:00    206.542529
2023-05-01 22:00:00    206.542529
2023-05-01 23:00:00    206.542529
Freq: H, Length: 11664, dtype: float64",2022-01-01,2023-05-01 23:00:00,486 days,100.0,100.0,263.03318782088525,206.5425288495237,106.5425288495237,-70.17976286600607,29.869684499314133,100.0,44.82603056448429,194 days 16:00:00,78,0.0,39,48.717948717948715,33.56994971901804,-11.965155008967464,10.591152117040945,-5.410098627228751,4 days 12:53:41.052631578,2 days 22:45:00,1.4926129359798794,2.731859714090352,1.1872806414398862,1.61552211095737,1.0814003508507024,1.8931866479883996,long
886,"{'window_k': 57, 'window_d': 117, 'window_ma': 102}","open_time
2022-01-01 00:00:00    100.000000
2022-01-01 01:00:00    100.000000
2022-01-01 02:00:00    100.000000
2022-01-01 03:00:00    100.000000
2022-01-01 04:00:00    100.000000
                          ...    
2023-05-01 19:00:00    182.451438
2023-05-01 20:00:00    182.032431
2023-05-01 21:00:00    182.949009
2023-05-01 22:00:00    183.760836
2023-05-01 23:00:00    183.760836
Freq: H, Length: 11664, dtype: float64",2022-01-01,2023-05-01 23:00:00,486 days,100.0,88.98263609131124,254.83109591703376,183.76083551365198,83.76083551365198,-70.17976286600607,39.651920438957475,100.0,36.583231104607506,194 days 16:00:00,77,0.0,39,47.368421052631575,31.880464570011746,-22.404978884196485,10.427077363311463,-5.472763795771638,6 days 04:00:00,3 days 19:57:00,1.385779642252948,2.117398789123314,1.0614354340480594,1.5834820543074024,1.0542251263063218,1.5343914147863922,long
3696,"{'window_k': 222, 'window_d': 117, 'window_ma': 12}","open_time
2022-01-01 00:00:00    100.000000
2022-01-01 01:00:00    100.000000
2022-01-01 02:00:00    100.000000
2022-01-01 03:00:00    100.000000
2022-01-01 04:00:00    100.000000
                          ...    
2023-05-01 19:00:00    165.534311
2023-05-01 20:00:00    165.534311
2023-05-01 21:00:00    165.534311
2023-05-01 22:00:00    165.534311
2023-05-01 23:00:00    165.534311
Freq: H, Length: 11664, dtype: float64",2022-01-01,2023-05-01 23:00:00,486 days,100.0,100.0,166.88043241145925,165.53431137834428,65.53431137834428,-70.17976286600607,14.36042524005487,100.0,29.44896768269645,228 days 19:00:00,60,0.0,30,63.33333333333333,20.056980056980052,-14.146385110952028,6.153936894272619,-5.168462261334388,2 days 06:00:00,2 days 11:00:00,1.8526448771406003,2.1844770459448095,1.0351985592839767,1.5624620870032777,1.1071257098126186,1.7238348332738456,long
2136,"{'window_k': 132, 'window_d': 87, 'window_ma': 132}","open_time
2022-01-01 00:00:00    100.000000
2022-01-01 01:00:00    100.000000
2022-01-01 02:00:00    100.000000
2022-01-01 03:00:00    100.000000
2022-01-01 04:00:00    100.000000
                          ...    
2023-05-01 19:00:00    200.180799
2023-05-01 20:00:00    199.721076
2023-05-01 21:00:00    200.726720
2023-05-01 22:00:00    201.617434
2023-05-01 23:00:00    201.617434
Freq: H, Length: 11664, dtype: float64",2022-01-01,2023-05-01 23:00:00,486 days,100.0,97.81662180807402,277.55378897004266,201.61743449588556,101.61743449588556,-70.17976286600607,40.0977366255144,100.0,44.8260305644843,194 days 16:00:00,79,0.0,40,43.58974358974359,40.886567563948034,-20.744268468268906,14.62257166294173,-6.624127602333049,6 days 09:00:00,3 days 17:05:27.272727272,1.3537930811417105,2.597471145453258,1.0909673567302542,1.5464324967364051,1.0615675851629587,1.697921008590733,long
881,"{'window_k': 57, 'window_d': 117, 'window_ma': 27}","open_time
2022-01-01 00:00:00    100.000000
2022-01-01 01:00:00    100.000000
2022-01-01 02:00:00    100.000000
2022-01-01 03:00:00    100.000000
2022-01-01 04:00:00    100.000000
                          ...    
2023-05-01 19:00:00    162.354362
2023-05-01 20:00:00    161.981508
2023-05-01 21:00:00    162.797125
2023-05-01 22:00:00    163.519529
2023-05-01 23:00:00    163.519529
Freq: H, Length: 11664, dtype: float64",2022-01-01,2023-05-01 23:00:00,486 days,100.0,88.98263609131124,206.15161453163293,163.51952857064848,63.519528570648475,-70.17976286600607,30.195473251028808,100.0,28.924284814187107,82 days 06:00:00,77,0.0,39,50.0,24.800845390993327,-22.404978884196478,9.057665846298816,-5.647187912787758,4 days 12:18:56.842105263,2 days 22:37:53.684210526,1.3487436233274173,1.5942975757383895,0.9548225793686109,1.5445895991304457,1.05630059180272,1.391046141157441,long
880,"{'window_k': 57, 'window_d': 117, 'window_ma': 12}","open_time
2022-01-01 00:00:00    100.000000
2022-01-01 01:00:00    100.000000
2022-01-01 02:00:00    100.000000
2022-01-01 03:00:00    100.000000
2022-01-01 04:00:00    100.000000
                          ...    
2023-05-01 19:00:00    168.929047
2023-05-01 20:00:00    168.929047
2023-05-01 21:00:00    168.929047
2023-05-01 22:00:00    168.929047
2023-05-01 23:00:00    168.929047
Freq: H, Length: 11664, dtype: float64",2022-01-01,2023-05-01 23:00:00,486 days,100.0,99.82082644957157,220.72564462778192,168.9290470650381,68.92904706503812,-70.17976286600607,14.266117969821673,100.0,32.05768927700992,196 days 03:00:00,72,0.0,36,55.55555555555556,24.91677658438541,-22.404978884196474,6.1292725998344215,-3.699511967067557,1 days 18:03:00,2 days 03:26:15,1.646584521522097,1.9146957518066139,1.2481979933887037,1.5052887804966129,1.1158358137084499,1.8762240994199655,long
3120,"{'window_k': 192, 'window_d': 57, 'window_ma': 12}","open_time
2022-01-01 00:00:00    100.000000
2022-01-01 01:00:00    100.000000
2022-01-01 02:00:00    100.000000
2022-01-01 03:00:00    100.000000
2022-01-01 04:00:00    100.000000
                          ...    
2023-05-01 19:00:00    156.230707
2023-05-01 20:00:00    156.230707
2023-05-01 21:00:00    156.230707
2023-05-01 22:00:00    156.230707
2023-05-01 23:00:00    156.230707
Freq: H, Length: 11664, dtype: float64",2022-01-01,2023-05-01 23:00:00,486 days,100.0,85.62671111035456,185.11858898882736,156.23070662674996,56.23070662674995,-70.17976286600607,15.526406035665294,100.0,26.820854047827947,177 days 23:00:00,96,0.0,48,50.0,14.780077619663645,-16.957264957264957,4.936643800502102,-2.7644803194248393,1 days 15:32:30,1 days 11:54:59.999999999,1.5644136207236374,1.1714730547239571,0.9088317119927243,1.484123665979319,1.090621108752442,1.504639514230475,long
2080,"{'window_k': 132, 'window_d': 42, 'window_ma': 12}","open_time
2022-01-01 00:00:00    100.000000
2022-01-01 01:00:00    100.000000
2022-01-01 02:00:00    100.000000
2022-01-01 03:00:00    100.000000
2022-01-01 04:00:00    100.000000
                          ...    
2023-05-01 19:00:00    170.599187
2023-05-01 20:00:00    170.599187
2023-05-01 21:00:00    170.599187
2023-05-01 22:00:00    170.599187
2023-05-01 23:00:00    170.599187
Freq: H, Length: 11664, dtype: float64",2022-01-01,2023-05-01 23:00:00,486 days,100.0,84.01481491890775,176.0274567620672,170.59918714794958,70.59918714794956,-70.17976286600607,16.760973936899862,100.0,33.324571595208106,204 days 00:00:00,120,0.0,60,46.666666666666664,27.145969498910677,-15.937687237866985,5.691610716730417,-2.975024766544645,1 days 09:17:08.571428571,1 days 07:01:56.129032258,1.558502463127129,1.1766531191324927,1.0041868842082755,1.4810559237583654,1.1007019342817543,1.7283132676644886,long
2128,"{'window_k': 132, 'window_d': 87, 'window_ma': 12}","open_time
2022-01-01 00:00:00    100.000000
2022-01-01 01:00:00    100.000000
2022-01-01 02:00:00    100.000000
2022-01-01 03:00:00    100.000000
2022-01-01 04:00:00    100.000000
                          ...    
2023-05-01 19:00:00    159.274568
2023-05-01 20:00:00    159.274568
2023-05-01 21:00:00    159.274568
2023-05-01 22:00:00    159.274568
2023-05-01 23:00:00    159.274568
Freq: H, Length: 11664, dtype: float64",2022-01-01,2023-05-01 23:00:00,486 days,100.0,100.0,204.09690869926698,159.27456764779612,59.274567647796104,-70.17976286600607,14.266117969821673,100.0,28.488479272444994,242 days 23:00:00,76,0.0,38,57.89473684210527,22.215777262180964,-20.744268468268903,6.290741709710329,-4.956640761398512,1 days 10:05:27.272727272,2 days 09:07:30,1.4508698506886288,1.5598570433630554,0.9986490246575709,1.4688825260591662,1.107929368143133,1.7467693764688372,long
882,"{'window_k': 57, 'window_d': 117, 'window_ma': 42}","open_time
2022-01-01 00:00:00    100.000000
2022-01-01 01:00:00    100.000000
2022-01-01 02:00:00    100.000000
2022-01-01 03:00:00    100.000000
2022-01-01 04:00:00    100.000000
                          ...    
2023-05-01 19:00:00    184.684181
2023-05-01 20:00:00    184.684181
2023-05-01 21:00:00    184.684181
2023-05-01 22:00:00    184.684181
2023-05-01 23:00:00    184.684181
Freq: H, Length: 11664, dtype: float64",2022-01-01,2023-05-01 23:00:00,486 days,100.0,93.00631662283322,245.99281564325847,184.6841813319508,84.68418133195081,-70.17976286600607,31.301440329218106,100.0,40.583422717660326,194 days 16:00:00,78,0.0,39,53.84615384615385,23.5490164200943,-22.19426821264494,8.343892106808196,-5.386192254930963,4 days 06:42:51.428571428,3 days 11:00:00,1.4650979996619564,2.171389264921814,1.1482309192965248,1.4420788381850638,1.06681296363714,1.6603949829429099,long
1379,"{'window_k': 87, 'window_d': 102, 'window_ma': 57}","open_time
2022-01-01 00:00:00    100.000000
2022-01-01 01:00:00    100.000000
2022-01-01 02:00:00    100.000000
2022-01-01 03:00:00    100.000000
2022-01-01 04:00:00    100.000000
                          ...    
2023-05-01 19:00:00    184.272268
2023-05-01 20:00:00    183.849080
2023-05-01 21:00:00    184.774805
2023-05-01 22:00:00    185.594733
2023-05-01 23:00:00    185.594733
Freq: H, Length: 11664, dtype: float64",2022-01-01,2023-05-01 23:00:00,486 days,100.0,86.00975020894558,214.06868060260055,185.59473345400815,85.59473345400815,-70.17976286600607,34.48216735253772,100.0,41.18847722629051,275 days 07:00:00,79,0.0,40,51.28205128205128,24.166099387338328,-12.783696155627597,8.811237237988516,-5.290478151215136,5 days 02:51:00,3 days 03:56:50.526315789,1.4774074720041488,2.109285172754702,1.0840029052239386,1.435137349048645,1.0616352369680673,1.5947776380727434,long
800,"{'window_k': 57, 'window_d': 42, 'window_ma': 12}","open_time
2022-01-01 00:00:00    100.000000
2022-01-01 01:00:00    100.000000
2022-01-01 02:00:00    100.000000
2022-01-01 03:00:00    100.000000
2022-01-01 04:00:00    100.000000
                          ...    
2023-05-01 19:00:00    178.427153
2023-05-01 20:00:00    178.427153
2023-05-01 21:00:00    178.427153
2023-05-01 22:00:00    178.427153
2023-05-01 23:00:00    178.427153
Freq: H, Length: 11664, dtype: float64",2022-01-01,2023-05-01 23:00:00,486 days,100.0,89.85399123962648,259.7130287973971,178.42715282115017,78.42715282115019,-70.17976286600607,22.66803840877915,100.0,38.383042149266934,172 days 03:00:00,146,0.0,73,47.94520547945205,18.22613244560694,-9.839377714920706,5.109340423839599,-2.965000314336793,1 days 17:49:42.857142857,1 days 07:38:55.135135135,1.425246296120569,1.0743445591938383,1.0515771570018364,1.419211423661202,1.08370321255948,1.7134179589361271,long
1056,"{'window_k': 72, 'window_d': 42, 'window_ma': 12}","open_time
2022-01-01 00:00:00    100.000000
2022-01-01 01:00:00    100.000000
2022-01-01 02:00:00    100.000000
2022-01-01 03:00:00    100.000000
2022-01-01 04:00:00    100.000000
                          ...    
2023-05-01 19:00:00    166.693915
2023-05-01 20:00:00    166.693915
2023-05-01 21:00:00    166.693915
2023-05-01 22:00:00    166.693915
2023-05-01 23:00:00    166.693915
Freq: H, Length: 11664, dtype: float64",2022-01-01,2023-05-01 23:00:00,486 days,100.0,76.12783081387848,222.87696118902772,166.69391540519996,66.69391540519997,-70.17976286600607,21.56207133058985,100.0,33.1575535711305,172 days 03:00:00,142,0.0,71,50.70422535211267,18.418027132674183,-10.770951993490648,5.09256040344617,-3.4062250073177305,1 days 14:48:20,1 days 07:56:34.285714285,1.4030209086342245,0.9393509211999995,0.9659871884846329,1.4108525512839636,1.0791939486285629,1.5765555858496847,long
2137,"{'window_k': 132, 'window_d': 87, 'window_ma': 147}","open_time
2022-01-01 00:00:00    100.000000
2022-01-01 01:00:00    100.000000
2022-01-01 02:00:00    100.000000
2022-01-01 03:00:00    100.000000
2022-01-01 04:00:00    100.000000
                          ...    
2023-05-01 19:00:00    190.373702
2023-05-01 20:00:00    189.936501
2023-05-01 21:00:00    190.892878
2023-05-01 22:00:00    191.739955
2023-05-01 23:00:00    191.739955
Freq: H, Length: 11664, dtype: float64",2022-01-01,2023-05-01 23:00:00,486 days,100.0,100.0,267.4037374094775,191.73995513441452,91.73995513441452,-70.17976286600607,41.14368998628258,100.0,44.82603056448429,194 days 16:00:00,79,0.0,40,38.46153846153847,40.88656756394802,-20.7442684682689,16.179649835406533,-6.082349827284919,7 days 00:20:00,3 days 17:55:00,1.3298039196882254,2.344599473336576,1.0353777498221093,1.4065866642533669,1.0576180727238924,1.6083478035978414,long
2142,"{'window_k': 132, 'window_d': 87, 'window_ma': 222}","open_time
2022-01-01 00:00:00    100.000000
2022-01-01 01:00:00    100.000000
2022-01-01 02:00:00    100.000000
2022-01-01 03:00:00    100.000000
2022-01-01 04:00:00    100.000000
                          ...    
2023-05-01 19:00:00    190.006125
2023-05-01 20:00:00    189.569768
2023-05-01 21:00:00    190.524299
2023-05-01 22:00:00    191.369740
2023-05-01 23:00:00    191.369740
Freq: H, Length: 11664, dtype: float64",2022-01-01,2023-05-01 23:00:00,486 days,100.0,99.17863156023776,260.81117660929056,191.3697401381936,91.3697401381936,-70.17976286600607,41.32373113854595,100.0,44.8260305644843,194 days 16:00:00,79,0.0,40,41.02564102564102,40.886567563948034,-20.7442684682689,15.172344251095438,-6.3592587221398365,6 days 22:30:00,3 days 16:41:44.347826086,1.3323845500686218,2.3351216620741013,1.0335157175949095,1.4013107530412463,1.0574078350181961,1.6067801717722296,long
1824,"{'window_k': 117, 'window_d': 42, 'window_ma': 12}","open_time
2022-01-01 00:00:00    100.000000
2022-01-01 01:00:00    100.000000
2022-01-01 02:00:00    100.000000
2022-01-01 03:00:00    100.000000
2022-01-01 04:00:00    100.000000
                          ...    
2023-05-01 19:00:00    162.672892
2023-05-01 20:00:00    162.672892
2023-05-01 21:00:00    162.672892
2023-05-01 22:00:00    162.672892
2023-05-01 23:00:00    162.672892
Freq: H, Length: 11664, dtype: float64",2022-01-01,2023-05-01 23:00:00,486 days,100.0,78.30882918826516,167.01238240909507,162.67289157812374,62.67289157812373,-70.17976286600607,16.358024691358025,100.0,31.50410201956655,166 days 15:00:00,122,0.0,61,42.62295081967213,26.649305555555536,-16.333133612941868,6.208714084855345,-2.8224878170598586,1 days 10:55:23.076923076,1 days 04:34:17.142857142,1.5038916114341156,1.027424452100389,0.9478206330426967,1.400237027537039,1.0954394901847788,1.6413413749910324,long
2135,"{'window_k': 132, 'window_d': 87, 'window_ma': 117}","open_time
2022-01-01 00:00:00    100.000000
2022-01-01 01:00:00    100.000000
2022-01-01 02:00:00    100.000000
2022-01-01 03:00:00    100.000000
2022-01-01 04:00:00    100.000000
                          ...    
2023-05-01 19:00:00    189.510129
2023-05-01 20:00:00    189.074911
2023-05-01 21:00:00    190.026950
2023-05-01 22:00:00    190.870184
2023-05-01 23:00:00    190.870184
Freq: H, Length: 11664, dtype: float64",2022-01-01,2023-05-01 23:00:00,486 days,100.0,100.0,286.84731637738207,190.87018437050818,90.87018437050818,-70.17976286600607,39.38614540466393,100.0,44.82603056448429,194 days 16:00:00,79,0.0,40,41.02564102564102,40.886567563948034,-20.744268468268903,14.48487223202961,-5.988349601501013,6 days 09:41:15,3 days 15:46:57.391304347,1.330686309826015,2.3223326196810685,1.0369368973242994,1.3941875844223803,1.0595205362537865,1.6183044203617318,long
1383,"{'window_k': 87, 'window_d': 102, 'window_ma': 117}","open_time
2022-01-01 00:00:00    100.000000
2022-01-01 01:00:00    100.000000
2022-01-01 02:00:00    100.000000
2022-01-01 03:00:00    100.000000
2022-01-01 04:00:00    100.000000
                          ...    
2023-05-01 19:00:00    185.378515
2023-05-01 20:00:00    184.952785
2023-05-01 21:00:00    185.884068
2023-05-01 22:00:00    186.708919
2023-05-01 23:00:00    186.708919
Freq: H, Length: 11664, dtype: float64",2022-01-01,2023-05-01 23:00:00,486 days,100.0,88.16901530744818,217.81391637784935,186.70891866478135,86.70891866478135,-70.17976286600607,40.25205761316872,100.0,42.967241680895775,194 days 16:00:00,79,0.0,40,48.717948717948715,37.53573859768551,-12.783696155627599,10.20316710957454,-5.685342004251304,6 days 03:53:41.052631578,3 days 16:09:00,1.439501109398719,2.137341030826267,1.0586265245400528,1.3924088270854804,1.054870213231541,1.5502294309915188,long
2138,"{'window_k': 132, 'window_d': 87, 'window_ma': 162}","open_time
2022-01-01 00:00:00    100.000000
2022-01-01 01:00:00    100.000000
2022-01-01 02:00:00    100.000000
2022-01-01 03:00:00    100.000000
2022-01-01 04:00:00    100.000000
                          ...    
2023-05-01 19:00:00    186.119837
2023-05-01 20:00:00    185.692405
2023-05-01 21:00:00    186.627412
2023-05-01 22:00:00    187.455561
2023-05-01 23:00:00    187.455561
Freq: H, Length: 11664, dtype: float64",2022-01-01,2023-05-01 23:00:00,486 days,100.0,99.17863156023776,260.81117660929056,187.4555611069495,87.45556110694949,-70.17976286600607,41.2037037037037,100.0,44.8260305644843,194 days 16:00:00,79,0.0,40,38.46153846153847,40.886567563948034,-20.744268468268903,16.007566949358587,-6.072660114567951,7 days 02:04:00,3 days 17:07:30,1.3225223871357616,2.234915429251627,1.0115154489334377,1.345373316997764,1.056247480371645,1.5712594723339826,long
2141,"{'window_k': 132, 'window_d': 87, 'window_ma': 207}","open_time
2022-01-01 00:00:00    100.000000
2022-01-01 01:00:00    100.000000
2022-01-01 02:00:00    100.000000
2022-01-01 03:00:00    100.000000
2022-01-01 04:00:00    100.000000
                          ...    
2023-05-01 19:00:00    185.428510
2023-05-01 20:00:00    185.002666
2023-05-01 21:00:00    185.934200
2023-05-01 22:00:00    186.759273
2023-05-01 23:00:00    186.759273
Freq: H, Length: 11664, dtype: float64",2022-01-01,2023-05-01 23:00:00,486 days,100.0,99.17863156023776,260.81117660929056,186.75927320459112,86.75927320459112,-70.17976286600607,41.358024691358025,100.0,44.8260305644843,194 days 16:00:00,79,0.0,40,38.46153846153847,40.886567563948034,-20.744268468268903,16.007566949358587,-6.087684039408509,7 days 02:04:00,3 days 17:52:30,1.3193533767471914,2.217089880880371,1.0074142536324548,1.3353923546358175,1.0558870927617345,1.5644708780977243,long
2594,"{'window_k': 162, 'window_d': 42, 'window_ma': 42}","open_time
2022-01-01 00:00:00    100.000000
2022-01-01 01:00:00    100.000000
2022-01-01 02:00:00    100.000000
2022-01-01 03:00:00    100.000000
2022-01-01 04:00:00    100.000000
                          ...    
2023-05-01 19:00:00    186.189605
2023-05-01 20:00:00    186.189605
2023-05-01 21:00:00    186.189605
2023-05-01 22:00:00    186.189605
2023-05-01 23:00:00    186.189605
Freq: H, Length: 11664, dtype: float64",2022-01-01,2023-05-01 23:00:00,486 days,100.0,83.81765270507906,204.4927182487429,186.18960488356345,86.18960488356346,-70.17976286600607,32.930384087791495,100.0,44.82603056448429,144 days 15:00:00,138,0.0,69,40.57971014492754,31.24623720650212,-15.937687237867,8.505244134990265,-3.7855696792499174,3 days 00:34:17.142857142,1 days 20:07:19.024390243,1.442258997617973,1.2491247084574417,1.0187414204039207,1.3272195329877068,1.0654064740400473,1.633736928535289,long
2140,"{'window_k': 132, 'window_d': 87, 'window_ma': 192}","open_time
2022-01-01 00:00:00    100.000000
2022-01-01 01:00:00    100.000000
2022-01-01 02:00:00    100.000000
2022-01-01 03:00:00    100.000000
2022-01-01 04:00:00    100.000000
                          ...    
2023-05-01 19:00:00    184.791299
2023-05-01 20:00:00    184.366918
2023-05-01 21:00:00    185.295251
2023-05-01 22:00:00    186.117489
2023-05-01 23:00:00    186.117489
Freq: H, Length: 11664, dtype: float64",2022-01-01,2023-05-01 23:00:00,486 days,100.0,99.17863156023776,260.81117660929056,186.117488760589,86.117488760589,-70.17976286600607,41.52091906721536,100.0,44.8260305644843,194 days 16:00:00,79,0.0,40,38.46153846153847,40.886567563948034,-20.744268468268913,16.007566949358587,-6.101502912672857,7 days 02:04:00,3 days 18:40:00,1.316419378362787,2.2006596662927977,1.003713092275577,1.3261844658979045,1.0555820884979443,1.5586435150744065,long
322,"{'window_k': 27, 'window_d': 72, 'window_ma': 42}","open_time
2022-01-01 00:00:00    100.000000
2022-01-01 01:00:00    100.000000
2022-01-01 02:00:00    100.000000
2022-01-01 03:00:00    100.000000
2022-01-01 04:00:00    100.000000
                          ...    
2023-05-01 19:00:00    189.718885
2023-05-01 20:00:00    189.718885
2023-05-01 21:00:00    189.718885
2023-05-01 22:00:00    189.718885
2023-05-01 23:00:00    189.718885
Freq: H, Length: 11664, dtype: float64",2022-01-01,2023-05-01 23:00:00,486 days,100.0,91.1022453145296,272.39101863850834,189.71888472860428,89.71888472860428,-70.17976286600607,34.02777777777778,100.0,47.26681115418231,187 days 17:00:00,134,0.0,67,46.26865671641791,21.46538515113526,-16.093469143199513,7.068996558989193,-3.789834295428428,3 days 04:29:01.935483870,1 days 20:23:20,1.366329696466257,1.3390878317702128,1.0370191985105854,1.306608559652568,1.0664607419743208,1.678447686698942,long
2143,"{'window_k': 132, 'window_d': 87, 'window_ma': 237}","open_time
2022-01-01 00:00:00    100.000000
2022-01-01 01:00:00    100.000000
2022-01-01 02:00:00    100.000000
2022-01-01 03:00:00    100.000000
2022-01-01 04:00:00    100.000000
                          ...    
2023-05-01 19:00:00    183.370329
2023-05-01 20:00:00    182.949211
2023-05-01 21:00:00    183.870406
2023-05-01 22:00:00    184.686321
2023-05-01 23:00:00    184.686321
Freq: H, Length: 11664, dtype: float64",2022-01-01,2023-05-01 23:00:00,486 days,100.0,99.17863156023776,258.805644457586,184.6863207694142,84.68632076941421,-70.17976286600607,41.3923182441701,100.0,44.8260305644843,194 days 16:00:00,79,0.0,40,38.46153846153847,40.88656756394804,-20.74426846826891,15.94935910999086,-6.101502912672855,7 days 01:04:00,3 days 18:40:00,1.3131091149491847,2.164020577537027,0.9959039999088358,1.305622503919378,1.055280302731492,1.5464278574142674,long
2132,"{'window_k': 132, 'window_d': 87, 'window_ma': 72}","open_time
2022-01-01 00:00:00    100.000000
2022-01-01 01:00:00    100.000000
2022-01-01 02:00:00    100.000000
2022-01-01 03:00:00    100.000000
2022-01-01 04:00:00    100.000000
                          ...    
2023-05-01 19:00:00    184.504907
2023-05-01 20:00:00    184.504907
2023-05-01 21:00:00    184.504907
2023-05-01 22:00:00    184.504907
2023-05-01 23:00:00    184.504907
Freq: H, Length: 11664, dtype: float64",2022-01-01,2023-05-01 23:00:00,486 days,100.0,95.26433833116937,254.60370103160918,184.5049071549164,84.5049071549164,-70.17976286600607,38.297325102880656,100.0,44.82603056448429,194 days 16:00:00,80,0.0,40,37.5,40.88656756394805,-20.744268468268903,15.90636279169155,-5.883705999134826,6 days 06:36:00,3 days 16:19:12,1.3168866787663283,2.112622678872909,1.0001734261288608,1.3030132596405513,1.0578943176205062,1.5595503229677878,long
1382,"{'window_k': 87, 'window_d': 102, 'window_ma': 102}","open_time
2022-01-01 00:00:00    100.000000
2022-01-01 01:00:00    100.000000
2022-01-01 02:00:00    100.000000
2022-01-01 03:00:00    100.000000
2022-01-01 04:00:00    100.000000
                          ...    
2023-05-01 19:00:00    178.223496
2023-05-01 20:00:00    177.814198
2023-05-01 21:00:00    178.709537
2023-05-01 22:00:00    179.502551
2023-05-01 23:00:00    179.502551
Freq: H, Length: 11664, dtype: float64",2022-01-01,2023-05-01 23:00:00,486 days,100.0,86.7208624465588,213.60309561689613,179.502550818724,79.50255081872398,-70.17976286600607,40.03772290809328,100.0,42.967241680895775,194 days 16:00:00,79,0.0,40,48.717948717948715,37.535738597685494,-12.783696155627599,9.799401172106151,-5.523854366447617,6 days 05:53:41.052631578,3 days 13:00:00,1.4223146883495166,1.9558803261377218,1.010646480497041,1.2840562994256401,1.052386415305345,1.476374101687844,long
1381,"{'window_k': 87, 'window_d': 102, 'window_ma': 87}","open_time
2022-01-01 00:00:00    100.000000
2022-01-01 01:00:00    100.000000
2022-01-01 02:00:00    100.000000
2022-01-01 03:00:00    100.000000
2022-01-01 04:00:00    100.000000
                          ...    
2023-05-01 19:00:00    175.075468
2023-05-01 20:00:00    175.075468
2023-05-01 21:00:00    175.075468
2023-05-01 22:00:00    175.075468
2023-05-01 23:00:00    175.075468
Freq: H, Length: 11664, dtype: float64",2022-01-01,2023-05-01 23:00:00,486 days,100.0,84.40805704553767,197.81593083676032,175.0754677314668,75.0754677314668,-70.17976286600607,39.57475994513032,100.0,41.80210073434615,194 days 16:00:00,80,0.0,40,47.5,38.379850238257326,-12.783696155627602,9.832536125503193,-5.323824554408957,6 days 04:25:15.789473684,3 days 13:31:25.714285714,1.437172089404806,1.8768866932866688,0.9831783681004653,1.2508757560226422,1.0513325137555287,1.441018875887956,long
432,"{'window_k': 27, 'window_d': 177, 'window_ma': 12}","open_time
2022-01-01 00:00:00    100.000000
2022-01-01 01:00:00    100.000000
2022-01-01 02:00:00    100.000000
2022-01-01 03:00:00    100.000000
2022-01-01 04:00:00    100.000000
                          ...    
2023-05-01 19:00:00    153.955818
2023-05-01 20:00:00    153.955818
2023-05-01 21:00:00    153.955818
2023-05-01 22:00:00    153.955818
2023-05-01 23:00:00    153.955818
Freq: H, Length: 11664, dtype: float64",2022-01-01,2023-05-01 23:00:00,486 days,100.0,87.59766380716803,173.27833550884287,153.9558180727827,53.955818072782705,-70.17976286600607,16.375171467764062,100.0,30.716305739829824,172 days 03:00:00,72,0.0,36,47.22222222222222,22.21577726218098,-12.43711243711244,7.36098501418795,-3.7694881277197987,2 days 07:10:35.294117647,2 days 03:09:28.421052631,1.557770315450216,1.4987727242439641,1.0295488055890794,1.246041517101723,1.0818834807373787,1.5354458039390737,long
304,"{'window_k': 27, 'window_d': 57, 'window_ma': 12}","open_time
2022-01-01 00:00:00    100.000000
2022-01-01 01:00:00    100.000000
2022-01-01 02:00:00    100.000000
2022-01-01 03:00:00    100.000000
2022-01-01 04:00:00    100.000000
                          ...    
2023-05-01 19:00:00    168.811194
2023-05-01 20:00:00    168.811194
2023-05-01 21:00:00    168.811194
2023-05-01 22:00:00    168.811194
2023-05-01 23:00:00    168.811194
Freq: H, Length: 11664, dtype: float64",2022-01-01,2023-05-01 23:00:00,486 days,100.0,86.42946797850877,203.58606269174695,168.81119435746774,68.81119435746774,-70.17976286600607,23.542524005486968,100.0,38.93663398173789,172 days 03:00:00,164,0.0,82,45.1219512195122,26.649305555555543,-11.312618896639199,4.983370588924968,-2.7036376518417304,1 days 16:40:32.432432432,1 days 04:00:00,1.3974158868456408,0.8391609067983863,0.9620459938074277,1.237353854059492,1.0770820084013104,1.6109632692847928,long
1377,"{'window_k': 87, 'window_d': 102, 'window_ma': 27}","open_time
2022-01-01 00:00:00    100.000000
2022-01-01 01:00:00    100.000000
2022-01-01 02:00:00    100.000000
2022-01-01 03:00:00    100.000000
2022-01-01 04:00:00    100.000000
                          ...    
2023-05-01 19:00:00    166.759611
2023-05-01 20:00:00    166.376641
2023-05-01 21:00:00    167.214388
2023-05-01 22:00:00    167.956393
2023-05-01 23:00:00    167.956393
Freq: H, Length: 11664, dtype: float64",2022-01-01,2023-05-01 23:00:00,486 days,100.0,81.70211460602798,185.14992756222154,167.95639289620254,67.95639289620254,-70.17976286600607,30.11831275720165,100.0,39.61643845093953,213 days 16:00:00,77,0.0,39,47.368421052631575,20.939414567733145,-12.783696155627599,8.899089336072182,-4.831483658970873,4 days 07:00:00,3 days 04:50:59.999999999,1.4670095282598992,1.7089605823741278,0.9685568103004424,1.201888029427032,1.0588398814454552,1.4326351790552976,long
1634,"{'window_k': 102, 'window_d': 102, 'window_ma': 42}","open_time
2022-01-01 00:00:00    100.000000
2022-01-01 01:00:00    100.000000
2022-01-01 02:00:00    100.000000
2022-01-01 03:00:00    100.000000
2022-01-01 04:00:00    100.000000
                          ...    
2023-05-01 19:00:00    172.905892
2023-05-01 20:00:00    172.905892
2023-05-01 21:00:00    172.905892
2023-05-01 22:00:00    172.905892
2023-05-01 23:00:00    172.905892
Freq: H, Length: 11664, dtype: float64",2022-01-01,2023-05-01 23:00:00,486 days,100.0,85.73488489397283,178.502670319449,172.90589178804225,72.90589178804225,-70.17976286600607,29.406721536351167,100.0,43.01853506612985,247 days 07:00:00,78,0.0,39,51.28205128205128,24.133281972265017,-11.391135771107704,7.772078624855823,-4.6677526604543935,4 days 07:54:00,2 days 23:09:28.421052631,1.5523963625008517,1.8693818407190328,1.0393084633214371,1.1825063813626302,1.0642656355960642,1.5215624503860379,long
3440,"{'window_k': 207, 'window_d': 117, 'window_ma': 12}","open_time
2022-01-01 00:00:00    100.000000
2022-01-01 01:00:00    100.000000
2022-01-01 02:00:00    100.000000
2022-01-01 03:00:00    100.000000
2022-01-01 04:00:00    100.000000
                          ...    
2023-05-01 19:00:00    147.606694
2023-05-01 20:00:00    147.606694
2023-05-01 21:00:00    147.606694
2023-05-01 22:00:00    147.606694
2023-05-01 23:00:00    147.606694
Freq: H, Length: 11664, dtype: float64",2022-01-01,2023-05-01 23:00:00,486 days,100.0,87.94494487321919,148.21087126137556,147.606694248924,47.606694248924,-70.17976286600607,15.294924554183813,100.0,28.939921572297166,267 days 12:00:00,58,0.0,29,58.620689655172406,20.741922616673317,-15.611664295874808,6.699731551768521,-5.3965345892182075,2 days 08:52:56.470588235,2 days 20:04:59.999999999,1.613826805362042,1.6416101465146204,0.8429605536168631,1.173768002405619,1.0827917276057246,1.373587442248388,long
1873,"{'window_k': 117, 'window_d': 87, 'window_ma': 27}","open_time
2022-01-01 00:00:00    100.000000
2022-01-01 01:00:00    100.000000
2022-01-01 02:00:00    100.000000
2022-01-01 03:00:00    100.000000
2022-01-01 04:00:00    100.000000
                          ...    
2023-05-01 19:00:00    174.247765
2023-05-01 20:00:00    173.847597
2023-05-01 21:00:00    174.722963
2023-05-01 22:00:00    175.498287
2023-05-01 23:00:00    175.498287
Freq: H, Length: 11664, dtype: float64",2022-01-01,2023-05-01 23:00:00,486 days,100.0,81.5446647807746,227.04066476261505,175.49828677995572,75.49828677995572,-70.17976286600607,26.920438957475994,100.0,44.82603056448429,111 days 08:00:00,79,0.0,40,51.28205128205128,23.28990228013029,-21.89628653043288,8.760147795579517,-5.26512755681356,3 days 16:15:00,2 days 18:03:09.473684210,1.4794249809387208,1.946114202224737,0.9785157681354559,1.1726528245129855,1.0700009404203046,1.5643962458527438,long
1384,"{'window_k': 87, 'window_d': 102, 'window_ma': 132}","open_time
2022-01-01 00:00:00    100.000000
2022-01-01 01:00:00    100.000000
2022-01-01 02:00:00    100.000000
2022-01-01 03:00:00    100.000000
2022-01-01 04:00:00    100.000000
                          ...    
2023-05-01 19:00:00    170.664616
2023-05-01 20:00:00    170.272678
2023-05-01 21:00:00    171.130043
2023-05-01 22:00:00    171.889423
2023-05-01 23:00:00    171.889423
Freq: H, Length: 11664, dtype: float64",2022-01-01,2023-05-01 23:00:00,486 days,100.0,85.31174805997277,207.73840410764475,171.8894231739228,71.8894231739228,-70.17976286600607,40.586419753086425,100.0,42.96724168089576,275 days 07:00:00,79,0.0,40,46.15384615384615,37.5357385976855,-12.783696155627597,10.628126967088946,-5.658547064007857,6 days 10:33:19.999999999,3 days 15:08:34.285714285,1.3670140170041853,1.7641771634875836,0.9572058052787524,1.168404032235253,1.0489822686715258,1.3963143703067769,long
1875,"{'window_k': 117, 'window_d': 87, 'window_ma': 57}","open_time
2022-01-01 00:00:00    100.000000
2022-01-01 01:00:00    100.000000
2022-01-01 02:00:00    100.000000
2022-01-01 03:00:00    100.000000
2022-01-01 04:00:00    100.000000
                          ...    
2023-05-01 19:00:00    172.507042
2023-05-01 20:00:00    172.110873
2023-05-01 21:00:00    172.977494
2023-05-01 22:00:00    173.745072
2023-05-01 23:00:00    173.745072
Freq: H, Length: 11664, dtype: float64",2022-01-01,2023-05-01 23:00:00,486 days,100.0,83.04733093472616,232.95804266882254,173.74507192596047,73.74507192596047,-70.17976286600607,30.3840877914952,100.0,44.82603056448429,111 days 16:00:00,79,0.0,40,48.717948717948715,23.289902280130296,-21.896286530432878,9.709194932794441,-5.4619856255560375,4 days 11:37:53.684210526,2 days 20:57:00,1.3941812063798658,1.9010574716175723,0.9570632753247459,1.1470854252740035,1.063705396410492,1.5156342851731013,long
2850,"{'window_k': 177, 'window_d': 42, 'window_ma': 42}","open_time
2022-01-01 00:00:00    100.00000
2022-01-01 01:00:00    100.00000
2022-01-01 02:00:00    100.00000
2022-01-01 03:00:00    100.00000
2022-01-01 04:00:00    100.00000
                         ...    
2023-05-01 19:00:00    175.29323
2023-05-01 20:00:00    175.29323
2023-05-01 21:00:00    175.29323
2023-05-01 22:00:00    175.29323
2023-05-01 23:00:00    175.29323
Freq: H, Length: 11664, dtype: float64",2022-01-01,2023-05-01 23:00:00,486 days,100.0,80.16104170815053,195.89069017983937,175.29322993425632,75.29322993425633,-70.17976286600607,31.567215363511657,100.0,46.12090079421172,144 days 15:00:00,136,0.0,68,38.23529411764706,26.46845540246556,-15.93768723786699,8.632326865051564,-3.5611965581834477,3 days 01:16:09.230769230,1 days 18:18:34.285714285,1.3941853500582357,1.1072533813861214,0.9552246154132237,1.1368267207747111,1.0623744932705885,1.541734870193298,long
1878,"{'window_k': 117, 'window_d': 87, 'window_ma': 102}","open_time
2022-01-01 00:00:00    100.000000
2022-01-01 01:00:00    100.000000
2022-01-01 02:00:00    100.000000
2022-01-01 03:00:00    100.000000
2022-01-01 04:00:00    100.000000
                          ...    
2023-05-01 19:00:00    171.452471
2023-05-01 20:00:00    171.058723
2023-05-01 21:00:00    171.920046
2023-05-01 22:00:00    172.682932
2023-05-01 23:00:00    172.682932
Freq: H, Length: 11664, dtype: float64",2022-01-01,2023-05-01 23:00:00,486 days,100.0,83.08017153303278,236.46017520523063,172.68293205520706,72.68293205520705,-70.17976286600607,36.03395061728395,100.0,44.82603056448429,133 days 01:00:00,79,0.0,40,43.58974358974359,37.21609775534599,-21.896286530432878,11.723432738614243,-5.527877190773742,6 days 00:07:03.529411764,3 days 02:13:38.181818181,1.355063139439553,1.8737610168136403,0.9331609587564361,1.1315648454277123,1.0554054635059127,1.4546212777363434,long
2133,"{'window_k': 132, 'window_d': 87, 'window_ma': 87}","open_time
2022-01-01 00:00:00    100.000000
2022-01-01 01:00:00    100.000000
2022-01-01 02:00:00    100.000000
2022-01-01 03:00:00    100.000000
2022-01-01 04:00:00    100.000000
                          ...    
2023-05-01 19:00:00    170.792873
2023-05-01 20:00:00    170.792873
2023-05-01 21:00:00    170.792873
2023-05-01 22:00:00    170.792873
2023-05-01 23:00:00    170.792873
Freq: H, Length: 11664, dtype: float64",2022-01-01,2023-05-01 23:00:00,486 days,100.0,98.44376015548217,248.59812634373537,170.7928731168917,70.79287311689171,-70.17976286600607,38.73456790123457,100.0,44.826030564484284,194 days 16:00:00,80,0.0,40,40.0,36.11892326235436,-20.7442684682689,13.512105500815657,-5.666348097246673,6 days 11:26:15,3 days 12:37:30,1.2917292390980946,1.7698218279222928,0.9202238774974273,1.1038873088014365,1.0526894265959335,1.4332713427797499,long
815,"{'window_k': 57, 'window_d': 42, 'window_ma': 237}","open_time
2022-01-01 00:00:00    100.000000
2022-01-01 01:00:00    100.000000
2022-01-01 02:00:00    100.000000
2022-01-01 03:00:00    100.000000
2022-01-01 04:00:00    100.000000
                          ...    
2023-05-01 19:00:00    175.036524
2023-05-01 20:00:00    175.036524
2023-05-01 21:00:00    175.036524
2023-05-01 22:00:00    175.036524
2023-05-01 23:00:00    175.036524
Freq: H, Length: 11664, dtype: float64",2022-01-01,2023-05-01 23:00:00,486 days,100.0,89.44319210372588,207.26924054989513,175.0365243909468,75.0365243909468,-70.17976286600607,39.017489711934154,100.0,47.521997398028034,160 days 10:00:00,148,0.0,74,43.24324324324324,20.64952338727556,-19.855832241153344,7.394806417765187,-3.841108231150331,3 days 07:03:45,2 days 00:07:08.571428571,1.3455777669357891,1.0140070863641468,0.9380234180759308,1.0997810602282376,1.0537412130043935,1.4832113665292121,long
2387,"{'window_k': 147, 'window_d': 87, 'window_ma': 57}","open_time
2022-01-01 00:00:00    100.000000
2022-01-01 01:00:00    100.000000
2022-01-01 02:00:00    100.000000
2022-01-01 03:00:00    100.000000
2022-01-01 04:00:00    100.000000
                          ...    
2023-05-01 19:00:00    168.690659
2023-05-01 20:00:00    168.303254
2023-05-01 21:00:00    169.150703
2023-05-01 22:00:00    169.901300
2023-05-01 23:00:00    169.901300
Freq: H, Length: 11664, dtype: float64",2022-01-01,2023-05-01 23:00:00,486 days,100.0,86.03039979838705,218.3624405302828,169.90129994492028,69.90129994492028,-70.17976286600607,34.66220850480109,100.0,44.8260305644843,224 days 12:00:00,79,0.0,40,43.58974358974359,23.023524874662535,-19.661168078466346,11.249143757065244,-5.435432627874713,5 days 09:38:49.411764705,3 days 06:30:00,1.3380977330226815,1.7364653048401237,0.9241480789351372,1.0908048980893283,1.0575623414758613,1.4479480042417179,long
2352,"{'window_k': 147, 'window_d': 57, 'window_ma': 12}","open_time
2022-01-01 00:00:00    100.000000
2022-01-01 01:00:00    100.000000
2022-01-01 02:00:00    100.000000
2022-01-01 03:00:00    100.000000
2022-01-01 04:00:00    100.000000
                          ...    
2023-05-01 19:00:00    154.127966
2023-05-01 20:00:00    154.127966
2023-05-01 21:00:00    154.127966
2023-05-01 22:00:00    154.127966
2023-05-01 23:00:00    154.127966
Freq: H, Length: 11664, dtype: float64",2022-01-01,2023-05-01 23:00:00,486 days,100.0,86.85046781755048,219.270972962118,154.12796584118573,54.127965841185734,-70.17976286600607,16.46090534979424,100.0,35.458321714136446,249 days 17:00:00,92,0.0,46,54.347826086956516,18.32958239559889,-20.093245394587214,4.697861210292603,-3.099510762927352,1 days 16:04:48,1 days 19:42:51.428571428,1.4639106780930522,1.1766949095909944,0.88744372639342,1.0826765843419195,1.086983377866087,1.4578481798102196,long
2139,"{'window_k': 132, 'window_d': 87, 'window_ma': 177}","open_time
2022-01-01 00:00:00    100.000000
2022-01-01 01:00:00    100.000000
2022-01-01 02:00:00    100.000000
2022-01-01 03:00:00    100.000000
2022-01-01 04:00:00    100.000000
                          ...    
2023-05-01 19:00:00    166.861478
2023-05-01 20:00:00    166.478274
2023-05-01 21:00:00    167.316533
2023-05-01 22:00:00    168.058991
2023-05-01 23:00:00    168.058991
Freq: H, Length: 11664, dtype: float64",2022-01-01,2023-05-01 23:00:00,486 days,100.0,86.37087556935512,233.98845321676544,168.05899103825732,68.0589910382573,-70.17976286600607,39.90054869684499,100.0,45.084787183591104,194 days 16:00:00,77,0.0,39,36.84210526315789,40.88656756394803,-20.744268468268913,16.33665016495513,-6.075523430935878,7 days 02:00:00,3 days 17:55:00,1.2785663384931631,1.7840931092685821,0.8985987428173868,1.057612618266483,1.050814701648854,1.3938735074242217,long
805,"{'window_k': 57, 'window_d': 42, 'window_ma': 87}","open_time
2022-01-01 00:00:00    100.000000
2022-01-01 01:00:00    100.000000
2022-01-01 02:00:00    100.000000
2022-01-01 03:00:00    100.000000
2022-01-01 04:00:00    100.000000
                          ...    
2023-05-01 19:00:00    171.056331
2023-05-01 20:00:00    171.056331
2023-05-01 21:00:00    171.056331
2023-05-01 22:00:00    171.056331
2023-05-01 23:00:00    171.056331
Freq: H, Length: 11664, dtype: float64",2022-01-01,2023-05-01 23:00:00,486 days,100.0,89.44319210372588,202.55610071725292,171.05633122245965,71.05633122245965,-70.17976286600607,39.04320987654321,100.0,47.521997398028034,183 days 03:00:00,148,0.0,74,43.24324324324324,20.649523387275547,-19.855832241153344,7.2487834442064525,-3.788373561872043,3 days 08:11:15,1 days 23:20:00,1.3408562029726065,0.9602206921954015,0.9134475309537337,1.0449062034716812,1.0522757206409936,1.441184725826172,long
812,"{'window_k': 57, 'window_d': 42, 'window_ma': 192}","open_time
2022-01-01 00:00:00    100.000000
2022-01-01 01:00:00    100.000000
2022-01-01 02:00:00    100.000000
2022-01-01 03:00:00    100.000000
2022-01-01 04:00:00    100.000000
                          ...    
2023-05-01 19:00:00    169.220745
2023-05-01 20:00:00    169.220745
2023-05-01 21:00:00    169.220745
2023-05-01 22:00:00    169.220745
2023-05-01 23:00:00    169.220745
Freq: H, Length: 11664, dtype: float64",2022-01-01,2023-05-01 23:00:00,486 days,100.0,90.49344114553502,200.38249422384914,169.22074517510578,69.22074517510576,-70.17976286600607,39.2746913580247,100.0,47.52199739802802,183 days 03:00:00,148,0.0,74,43.24324324324324,20.649523387275547,-19.855832241153337,7.248783444206451,-3.8142453729885375,3 days 08:11:15,1 days 23:58:34.285714285,1.3274952666227249,0.9354154753392665,0.9019062545079898,1.0194921412482516,1.051470688963665,1.4215218257467535,long
808,"{'window_k': 57, 'window_d': 42, 'window_ma': 132}","open_time
2022-01-01 00:00:00    100.000000
2022-01-01 01:00:00    100.000000
2022-01-01 02:00:00    100.000000
2022-01-01 03:00:00    100.000000
2022-01-01 04:00:00    100.000000
                          ...    
2023-05-01 19:00:00    169.189977
2023-05-01 20:00:00    169.189977
2023-05-01 21:00:00    169.189977
2023-05-01 22:00:00    169.189977
2023-05-01 23:00:00    169.189977
Freq: H, Length: 11664, dtype: float64",2022-01-01,2023-05-01 23:00:00,486 days,100.0,89.44319210372588,200.34606064202626,169.18997742820588,69.18997742820588,-70.17976286600607,39.18895747599451,100.0,47.521997398028034,183 days 03:00:00,148,0.0,74,43.24324324324324,20.649523387275547,-19.855832241153344,7.2487834442064525,-3.8147461479374014,3 days 08:11:15,1 days 23:44:17.142857142,1.3306030640334676,0.9349996949757555,0.9017860675278404,1.0190655724675597,1.0515338158283043,1.4215032865208925,long
2608,"{'window_k': 162, 'window_d': 57, 'window_ma': 12}","open_time
2022-01-01 00:00:00    100.000000
2022-01-01 01:00:00    100.000000
2022-01-01 02:00:00    100.000000
2022-01-01 03:00:00    100.000000
2022-01-01 04:00:00    100.000000
                          ...    
2023-05-01 19:00:00    152.542769
2023-05-01 20:00:00    152.542769
2023-05-01 21:00:00    152.542769
2023-05-01 22:00:00    152.542769
2023-05-01 23:00:00    152.542769
Freq: H, Length: 11664, dtype: float64",2022-01-01,2023-05-01 23:00:00,486 days,100.0,85.99097842469835,222.23052625250529,152.54276895722575,52.542768957225725,-70.17976286600607,17.00960219478738,100.0,36.73433671465872,177 days 23:00:00,98,0.0,49,48.97959183673469,15.781747002691446,-20.09324539458721,5.569382528494946,-3.2791445158174537,1 days 17:47:30,1 days 15:14:24,1.372270416836503,1.0723014072903205,0.8701289367677228,1.0159311506254727,1.0829222753315226,1.426001698620718,long
1296,"{'window_k': 87, 'window_d': 27, 'window_ma': 12}","open_time
2022-01-01 00:00:00    100.000000
2022-01-01 01:00:00    100.000000
2022-01-01 02:00:00    100.000000
2022-01-01 03:00:00    100.000000
2022-01-01 04:00:00    100.000000
                          ...    
2023-05-01 19:00:00    157.075223
2023-05-01 20:00:00    157.075223
2023-05-01 21:00:00    157.075223
2023-05-01 22:00:00    157.075223
2023-05-01 23:00:00    157.075223
Freq: H, Length: 11664, dtype: float64",2022-01-01,2023-05-01 23:00:00,486 days,100.0,70.18181483842064,171.82285148944382,157.07522320340797,57.07522320340795,-70.17976286600607,23.52537722908093,100.0,40.00739596528286,151 days 13:00:00,196,0.0,98,43.87755102040816,27.421236872812138,-14.508205289014327,5.337377000026316,-3.0223964588034167,1 days 08:18:08.372093023,1 days 00:38:10.909090909,1.3275526895212506,0.5824002367694692,0.8672756675897257,1.0091298427830433,1.0668960607478992,1.4039904553564178,long
3872,"{'window_k': 237, 'window_d': 42, 'window_ma': 12}","open_time
2022-01-01 00:00:00    100.000000
2022-01-01 01:00:00    100.000000
2022-01-01 02:00:00    100.000000
2022-01-01 03:00:00    100.000000
2022-01-01 04:00:00    100.000000
                          ...    
2023-05-01 19:00:00    154.696596
2023-05-01 20:00:00    154.696596
2023-05-01 21:00:00    154.696596
2023-05-01 22:00:00    154.696596
2023-05-01 23:00:00    154.696596
Freq: H, Length: 11664, dtype: float64",2022-01-01,2023-05-01 23:00:00,486 days,100.0,93.63987246182245,211.31501668373593,154.69659634265633,54.696596342656335,-70.17976286600607,18.501371742112482,100.0,38.97815357643595,268 days 21:00:00,130,0.0,65,47.69230769230769,16.417066968070078,-9.629566839026888,4.996754729235044,-2.9950254070039106,1 days 09:05:48.387096774,1 days 09:17:38.823529411,1.3314785978514825,0.8414860975793284,0.8680078286648272,0.9947410554879348,1.0773849228865524,1.4205670354285393,long
813,"{'window_k': 57, 'window_d': 42, 'window_ma': 207}","open_time
2022-01-01 00:00:00    100.000000
2022-01-01 01:00:00    100.000000
2022-01-01 02:00:00    100.000000
2022-01-01 03:00:00    100.000000
2022-01-01 04:00:00    100.000000
                          ...    
2023-05-01 19:00:00    167.256803
2023-05-01 20:00:00    167.256803
2023-05-01 21:00:00    167.256803
2023-05-01 22:00:00    167.256803
2023-05-01 23:00:00    167.256803
Freq: H, Length: 11664, dtype: float64",2022-01-01,2023-05-01 23:00:00,486 days,100.0,89.44319210372588,198.0568944909857,167.25680255976667,67.25680255976667,-70.17976286600607,39.3261316872428,100.0,47.521997398028034,183 days 03:00:00,148,0.0,74,43.24324324324324,20.649523387275547,-19.855832241153344,7.248783444206451,-3.841108231150331,3 days 08:11:15,2 days 00:07:08.571428571,1.319126961303236,0.9088757102671186,0.8895829655917402,0.9922248259285811,1.0507097590828463,1.4018126747217279,long
814,"{'window_k': 57, 'window_d': 42, 'window_ma': 222}","open_time
2022-01-01 00:00:00    100.000000
2022-01-01 01:00:00    100.000000
2022-01-01 02:00:00    100.000000
2022-01-01 03:00:00    100.000000
2022-01-01 04:00:00    100.000000
                          ...    
2023-05-01 19:00:00    167.256803
2023-05-01 20:00:00    167.256803
2023-05-01 21:00:00    167.256803
2023-05-01 22:00:00    167.256803
2023-05-01 23:00:00    167.256803
Freq: H, Length: 11664, dtype: float64",2022-01-01,2023-05-01 23:00:00,486 days,100.0,89.44319210372588,198.0568944909857,167.25680255976667,67.25680255976667,-70.17976286600607,39.3261316872428,100.0,47.521997398028034,183 days 03:00:00,148,0.0,74,43.24324324324324,20.649523387275547,-19.855832241153344,7.248783444206451,-3.841108231150331,3 days 08:11:15,2 days 00:07:08.571428571,1.319126961303236,0.9088757102671186,0.8895829655917402,0.9922248259285811,1.0507097590828463,1.4018126747217279,long
806,"{'window_k': 57, 'window_d': 42, 'window_ma': 102}","open_time
2022-01-01 00:00:00    100.000000
2022-01-01 01:00:00    100.000000
2022-01-01 02:00:00    100.000000
2022-01-01 03:00:00    100.000000
2022-01-01 04:00:00    100.000000
                          ...    
2023-05-01 19:00:00    167.256803
2023-05-01 20:00:00    167.256803
2023-05-01 21:00:00    167.256803
2023-05-01 22:00:00    167.256803
2023-05-01 23:00:00    167.256803
Freq: H, Length: 11664, dtype: float64",2022-01-01,2023-05-01 23:00:00,486 days,100.0,89.44319210372588,198.0568944909857,167.25680255976667,67.25680255976667,-70.17976286600607,39.3261316872428,100.0,47.521997398028034,183 days 03:00:00,148,0.0,74,43.24324324324324,20.649523387275547,-19.855832241153344,7.248783444206451,-3.841108231150331,3 days 08:11:15,2 days 00:07:08.571428571,1.319126961303236,0.9088757102671186,0.8895829655917402,0.9922248259285811,1.0507097590828463,1.4018126747217279,long
2688,"{'window_k': 162, 'window_d': 132, 'window_ma': 12}","open_time
2022-01-01 00:00:00    100.000000
2022-01-01 01:00:00    100.000000
2022-01-01 02:00:00    100.000000
2022-01-01 03:00:00    100.000000
2022-01-01 04:00:00    100.000000
                          ...    
2023-05-01 19:00:00    155.991403
2023-05-01 20:00:00    155.991403
2023-05-01 21:00:00    155.991403
2023-05-01 22:00:00    155.991403
2023-05-01 23:00:00    155.991403
Freq: H, Length: 11664, dtype: float64",2022-01-01,2023-05-01 23:00:00,486 days,100.0,72.63765592739756,156.7849791269189,155.99140283657206,55.99140283657207,-70.17976286600607,16.306584362139915,100.0,40.14249841169463,99 days 22:00:00,56,0.0,28,60.71428571428571,20.537757437070937,-14.595021037868177,5.987303070204508,-4.502348075252885,2 days 12:38:49.411764705,3 days 07:10:54.545454545,1.8277294506052353,1.999692958449002,0.9776213582490677,0.9875968432365603,1.0843583215209336,1.4621983746880702,long
809,"{'window_k': 57, 'window_d': 42, 'window_ma': 147}","open_time
2022-01-01 00:00:00    100.000000
2022-01-01 01:00:00    100.000000
2022-01-01 02:00:00    100.000000
2022-01-01 03:00:00    100.000000
2022-01-01 04:00:00    100.000000
                          ...    
2023-05-01 19:00:00    166.891862
2023-05-01 20:00:00    166.891862
2023-05-01 21:00:00    166.891862
2023-05-01 22:00:00    166.891862
2023-05-01 23:00:00    166.891862
Freq: H, Length: 11664, dtype: float64",2022-01-01,2023-05-01 23:00:00,486 days,100.0,89.44319210372588,197.62475071465195,166.89186203870352,66.89186203870352,-70.17976286600607,39.31755829903978,100.0,47.521997398028034,183 days 03:00:00,148,0.0,74,43.24324324324324,20.649523387275543,-19.855832241153344,7.24878344420645,-3.846068548610647,3 days 08:11:15,2 days 00:05:42.857142857,1.3173079161819683,0.9039440816041022,0.8872857872411889,0.9871492430804344,1.0505786444401528,1.3981881619791623,long
2864,"{'window_k': 177, 'window_d': 57, 'window_ma': 12}","open_time
2022-01-01 00:00:00    100.000000
2022-01-01 01:00:00    100.000000
2022-01-01 02:00:00    100.000000
2022-01-01 03:00:00    100.000000
2022-01-01 04:00:00    100.000000
                          ...    
2023-05-01 19:00:00    143.750994
2023-05-01 20:00:00    143.750994
2023-05-01 21:00:00    143.750994
2023-05-01 22:00:00    143.750994
2023-05-01 23:00:00    143.750994
Freq: H, Length: 11664, dtype: float64",2022-01-01,2023-05-01 23:00:00,486 days,100.0,82.21263544725133,182.81483767600392,143.75099416843864,43.75099416843862,-70.17976286600607,15.997942386831276,100.0,32.13354033609068,177 days 23:00:00,100,0.0,50,48.0,14.780077619663649,-17.136684102797346,5.0095608380794845,-2.9351893935268767,1 days 14:07:30,1 days 12:34:36.923076923,1.3927790354990457,0.8750198833687723,0.7850758827730254,0.9750534727273229,1.0769283839354424,1.298189631860682,long
1390,"{'window_k': 87, 'window_d': 102, 'window_ma': 222}","open_time
2022-01-01 00:00:00    100.000000
2022-01-01 01:00:00    100.000000
2022-01-01 02:00:00    100.000000
2022-01-01 03:00:00    100.000000
2022-01-01 04:00:00    100.000000
                          ...    
2023-05-01 19:00:00    157.997343
2023-05-01 20:00:00    157.634495
2023-05-01 21:00:00    158.428224
2023-05-01 22:00:00    159.131241
2023-05-01 23:00:00    159.131241
Freq: H, Length: 11664, dtype: float64",2022-01-01,2023-05-01 23:00:00,486 days,100.0,85.31174805997277,192.7165881584421,159.13124057230044,59.131240572300456,-70.17976286600607,41.46947873799726,100.0,42.96724168089576,275 days 07:00:00,79,0.0,40,48.717948717948715,37.53573859768552,-12.783696155627599,9.553326307074423,-5.876717911323855,6 days 09:37:53.684210526,3 days 17:48:00,1.3235179079654134,1.442918402501335,0.8645523591396718,0.971678722623207,1.043756286105498,1.2604926353804287,long
804,"{'window_k': 57, 'window_d': 42, 'window_ma': 72}","open_time
2022-01-01 00:00:00    100.000000
2022-01-01 01:00:00    100.000000
2022-01-01 02:00:00    100.000000
2022-01-01 03:00:00    100.000000
2022-01-01 04:00:00    100.000000
                          ...    
2023-05-01 19:00:00    165.766538
2023-05-01 20:00:00    165.766538
2023-05-01 21:00:00    165.766538
2023-05-01 22:00:00    165.766538
2023-05-01 23:00:00    165.766538
Freq: H, Length: 11664, dtype: float64",2022-01-01,2023-05-01 23:00:00,486 days,100.0,89.44319210372588,196.292200013095,165.7665380747789,65.76653807477892,-70.17976286600607,39.28326474622771,100.0,47.521997398028034,183 days 03:00:00,148,0.0,74,41.891891891891895,20.649523387275547,-19.855832241153344,7.463877680417133,-3.7590895516877825,3 days 07:48:23.225806451,2 days 01:01:23.720930232,1.3122123380695405,0.8887370010105267,0.8801789488357307,0.971480832514216,1.0501760359644898,1.3869142880254406,long
810,"{'window_k': 57, 'window_d': 42, 'window_ma': 162}","open_time
2022-01-01 00:00:00    100.00000
2022-01-01 01:00:00    100.00000
2022-01-01 02:00:00    100.00000
2022-01-01 03:00:00    100.00000
2022-01-01 04:00:00    100.00000
                         ...    
2023-05-01 19:00:00    165.35038
2023-05-01 20:00:00    165.35038
2023-05-01 21:00:00    165.35038
2023-05-01 22:00:00    165.35038
2023-05-01 23:00:00    165.35038
Freq: H, Length: 11664, dtype: float64",2022-01-01,2023-05-01 23:00:00,486 days,100.0,89.44319210372588,195.79940709177245,165.35038003818892,65.35038003818892,-70.17976286600607,38.86316872427983,100.0,47.521997398028034,183 days 03:00:00,148,0.0,74,41.891891891891895,20.649523387275547,-19.855832241153344,7.463877680417136,-3.7649330694112084,3 days 07:48:23.225806451,1 days 23:53:01.395348837,1.30998201702403,0.8831132437593094,0.877710911404552,0.9656797686700271,1.0502606785024187,1.3829411105412281,long
3568,"{'window_k': 207, 'window_d': 237, 'window_ma': 12}","open_time
2022-01-01 00:00:00    100.000000
2022-01-01 01:00:00    100.000000
2022-01-01 02:00:00    100.000000
2022-01-01 03:00:00    100.000000
2022-01-01 04:00:00    100.000000
                          ...    
2023-05-01 19:00:00    135.819626
2023-05-01 20:00:00    135.819626
2023-05-01 21:00:00    135.819626
2023-05-01 22:00:00    135.819626
2023-05-01 23:00:00    135.819626
Freq: H, Length: 11664, dtype: float64",2022-01-01,2023-05-01 23:00:00,486 days,100.0,94.91919862050624,142.17155117153123,135.81962616168505,35.819626161685036,-70.17976286600607,13.477366255144032,100.0,26.802526323836023,172 days 03:00:00,34,0.0,17,58.82352941176471,16.502389486260448,-6.69363736667892,6.464497758881424,-4.23318714724491,3 days 16:00:00,4 days 02:51:25.714285714,2.0358249630386633,2.1070368330402967,0.8816525078350091,0.9645204731500195,1.076947615533105,1.275505148224053,long
3360,"{'window_k': 207, 'window_d': 42, 'window_ma': 12}","open_time
2022-01-01 00:00:00    100.000000
2022-01-01 01:00:00    100.000000
2022-01-01 02:00:00    100.000000
2022-01-01 03:00:00    100.000000
2022-01-01 04:00:00    100.000000
                          ...    
2023-05-01 19:00:00    147.796635
2023-05-01 20:00:00    147.796635
2023-05-01 21:00:00    147.796635
2023-05-01 22:00:00    147.796635
2023-05-01 23:00:00    147.796635
Freq: H, Length: 11664, dtype: float64",2022-01-01,2023-05-01 23:00:00,486 days,100.0,95.9953740289844,195.66375306385777,147.79663521617857,47.79663521617857,-70.17976286600607,18.029835390946502,100.0,35.38553687153887,172 days 03:00:00,134,0.0,67,44.776119402985074,16.417066968070078,-14.461651018168508,5.5714551815684015,-3.147136241041293,1 days 08:44:00,1 days 06:17:50.270270270,1.2758579551759985,0.7133826151668443,0.8118487574636437,0.9636198085394826,1.0734582149338665,1.337380427214196,long
1380,"{'window_k': 87, 'window_d': 102, 'window_ma': 72}","open_time
2022-01-01 00:00:00    100.000000
2022-01-01 01:00:00    100.000000
2022-01-01 02:00:00    100.000000
2022-01-01 03:00:00    100.000000
2022-01-01 04:00:00    100.000000
                          ...    
2023-05-01 19:00:00    158.219575
2023-05-01 20:00:00    158.219575
2023-05-01 21:00:00    158.219575
2023-05-01 22:00:00    158.219575
2023-05-01 23:00:00    158.219575
Freq: H, Length: 11664, dtype: float64",2022-01-01,2023-05-01 23:00:00,486 days,100.0,82.70859284367947,192.11433107717707,158.21957541752198,58.219575417521995,-70.17976286600607,38.64883401920439,100.0,42.967241680895754,275 days 07:00:00,80,0.0,40,50.0,37.53573859768551,-12.783696155627611,9.1735315485424,-5.9273656301743705,5 days 16:03:00,3 days 17:21:00,1.3359546496186643,1.4554893854380504,0.8625822065820449,0.957473974355137,1.0452450572387748,1.2587811830282423,long
802,"{'window_k': 57, 'window_d': 42, 'window_ma': 42}","open_time
2022-01-01 00:00:00    100.000000
2022-01-01 01:00:00    100.000000
2022-01-01 02:00:00    100.000000
2022-01-01 03:00:00    100.000000
2022-01-01 04:00:00    100.000000
                          ...    
2023-05-01 19:00:00    163.983108
2023-05-01 20:00:00    163.983108
2023-05-01 21:00:00    163.983108
2023-05-01 22:00:00    163.983108
2023-05-01 23:00:00    163.983108
Freq: H, Length: 11664, dtype: float64",2022-01-01,2023-05-01 23:00:00,486 days,100.0,82.99027040019347,184.33630352674356,163.9831082801842,63.98310828018421,-70.17976286600607,33.933470507544584,100.0,47.521997398028034,172 days 03:00:00,148,0.0,74,40.54054054054054,22.026308424293305,-19.855832241153347,7.229940118631778,-3.389663396359071,2 days 21:04:00,1 days 18:51:49.090909090,1.343114282050808,0.8646365983808675,0.8789083866794576,0.9465949292080461,1.0550524570473425,1.4049704503921778,long
320,"{'window_k': 27, 'window_d': 72, 'window_ma': 12}","open_time
2022-01-01 00:00:00    100.000000
2022-01-01 01:00:00    100.000000
2022-01-01 02:00:00    100.000000
2022-01-01 03:00:00    100.000000
2022-01-01 04:00:00    100.000000
                          ...    
2023-05-01 19:00:00    145.674108
2023-05-01 20:00:00    145.674108
2023-05-01 21:00:00    145.674108
2023-05-01 22:00:00    145.674108
2023-05-01 23:00:00    145.674108
Freq: H, Length: 11664, dtype: float64",2022-01-01,2023-05-01 23:00:00,486 days,100.0,81.16596962829422,174.85451886963992,145.67410765485124,45.674107654851255,-70.17976286600607,18.75,100.0,34.83244605975068,355 days 14:00:00,130,0.0,65,52.307692307692314,21.93898871709152,-16.093469143199506,4.420228844537054,-3.264770435902689,1 days 10:35:17.647058823,1 days 08:36:46.451612903,1.3329321622118577,0.7026785793054038,0.7826459213298992,0.9373234873259031,1.0722206313775648,1.329168586805031,long
1385,"{'window_k': 87, 'window_d': 102, 'window_ma': 147}","open_time
2022-01-01 00:00:00    100.000000
2022-01-01 01:00:00    100.000000
2022-01-01 02:00:00    100.000000
2022-01-01 03:00:00    100.000000
2022-01-01 04:00:00    100.000000
                          ...    
2023-05-01 19:00:00    155.154823
2023-05-01 20:00:00    154.798503
2023-05-01 21:00:00    155.577952
2023-05-01 22:00:00    156.268321
2023-05-01 23:00:00    156.268321
Freq: H, Length: 11664, dtype: float64",2022-01-01,2023-05-01 23:00:00,486 days,100.0,86.80454183055934,196.08876290381693,156.2683207701532,56.26832077015319,-70.17976286600607,41.34087791495199,100.0,42.967241680895754,275 days 07:00:00,79,0.0,40,46.15384615384615,37.53573859768551,-12.783696155627606,10.154443553692593,-5.738418575055304,6 days 10:26:40,3 days 19:25:42.857142857,1.2981357426308626,1.3708283488346096,0.8430040274851813,0.9270025546463803,1.0426971942804646,1.2279874481943298,long
1058,"{'window_k': 72, 'window_d': 42, 'window_ma': 42}","open_time
2022-01-01 00:00:00    100.000000
2022-01-01 01:00:00    100.000000
2022-01-01 02:00:00    100.000000
2022-01-01 03:00:00    100.000000
2022-01-01 04:00:00    100.000000
                          ...    
2023-05-01 19:00:00    159.875333
2023-05-01 20:00:00    159.875333
2023-05-01 21:00:00    159.875333
2023-05-01 22:00:00    159.875333
2023-05-01 23:00:00    159.875333
Freq: H, Length: 11664, dtype: float64",2022-01-01,2023-05-01 23:00:00,486 days,100.0,65.66154572786488,190.3860355462008,159.87533310061679,59.87533310061677,-70.17976286600607,35.89677640603566,100.0,45.606792410541544,129 days 15:00:00,144,0.0,72,41.66666666666667,23.425336164189666,-16.08715117146694,7.8367972694910994,-3.97657584129684,2 days 22:28:00,2 days 01:21:25.714285714,1.3087979671781336,0.8316018486196772,0.8465339899912485,0.9263502220251356,1.0514134410399756,1.3533688589867292,long
2944,"{'window_k': 177, 'window_d': 132, 'window_ma': 12}","open_time
2022-01-01 00:00:00    100.000000
2022-01-01 01:00:00    100.000000
2022-01-01 02:00:00    100.000000
2022-01-01 03:00:00    100.000000
2022-01-01 04:00:00    100.000000
                          ...    
2023-05-01 19:00:00    131.484237
2023-05-01 20:00:00    131.484237
2023-05-01 21:00:00    131.484237
2023-05-01 22:00:00    131.484237
2023-05-01 23:00:00    131.484237
Freq: H, Length: 11664, dtype: float64",2022-01-01,2023-05-01 23:00:00,486 days,100.0,96.88992801571318,139.85100024982458,131.48423726825968,31.48423726825969,-70.17976286600607,16.083676268861456,100.0,24.957528978654587,194 days 08:00:00,58,0.0,29,55.172413793103445,20.9297876410943,-11.883470083894174,5.584875846022892,-4.230329752800436,2 days 06:52:30,3 days 04:46:09.230769230,1.4586230320903388,1.0856633540779206,0.7565942225357564,0.9144493587226107,1.0597864506203676,1.0803545419856748,long
1874,"{'window_k': 117, 'window_d': 87, 'window_ma': 42}","open_time
2022-01-01 00:00:00    100.000000
2022-01-01 01:00:00    100.000000
2022-01-01 02:00:00    100.000000
2022-01-01 03:00:00    100.000000
2022-01-01 04:00:00    100.000000
                          ...    
2023-05-01 19:00:00    157.980653
2023-05-01 20:00:00    157.980653
2023-05-01 21:00:00    157.980653
2023-05-01 22:00:00    157.980653
2023-05-01 23:00:00    157.980653
Freq: H, Length: 11664, dtype: float64",2022-01-01,2023-05-01 23:00:00,486 days,100.0,91.71371637329791,212.4773744389936,157.98065292021863,57.98065292021863,-70.17976286600607,27.349108367626883,100.0,44.82603056448429,194 days 16:00:00,80,0.0,40,42.5,23.289902280130292,-13.079682295669997,10.083271128237765,-4.772630136037286,3 days 23:31:45.882352941,2 days 20:05:13.043478260,1.3288958590767534,1.449516323005466,0.8604424333700985,0.9141991244319567,1.0610148198582638,1.371301405009787,long
807,"{'window_k': 57, 'window_d': 42, 'window_ma': 117}","open_time
2022-01-01 00:00:00    100.000000
2022-01-01 01:00:00    100.000000
2022-01-01 02:00:00    100.000000
2022-01-01 03:00:00    100.000000
2022-01-01 04:00:00    100.000000
                          ...    
2023-05-01 19:00:00    162.346882
2023-05-01 20:00:00    162.346882
2023-05-01 21:00:00    162.346882
2023-05-01 22:00:00    162.346882
2023-05-01 23:00:00    162.346882
Freq: H, Length: 11664, dtype: float64",2022-01-01,2023-05-01 23:00:00,486 days,100.0,88.52686967763474,192.24281983737217,162.34688241330366,62.34688241330366,-70.17976286600607,39.28326474622771,100.0,48.05962099496866,183 days 06:00:00,148,0.0,74,43.24324324324324,20.649523387275536,-19.855832241153344,7.15128581291246,-3.8411082311503315,3 days 08:01:52.500000,2 days 00:07:08.571428571,1.301859080150428,0.8425254380176166,0.8583216496653311,0.9133706712370855,1.0489295977167363,1.3519981941914259,long
1876,"{'window_k': 117, 'window_d': 87, 'window_ma': 72}","open_time
2022-01-01 00:00:00    100.000000
2022-01-01 01:00:00    100.000000
2022-01-01 02:00:00    100.000000
2022-01-01 03:00:00    100.000000
2022-01-01 04:00:00    100.000000
                          ...    
2023-05-01 19:00:00    157.546167
2023-05-01 20:00:00    157.546167
2023-05-01 21:00:00    157.546167
2023-05-01 22:00:00    157.546167
2023-05-01 23:00:00    157.546167
Freq: H, Length: 11664, dtype: float64",2022-01-01,2023-05-01 23:00:00,486 days,100.0,86.4651231963996,219.38206621653435,157.54616688123784,57.54616688123784,-70.17976286600607,35.648148148148145,100.0,44.82603056448429,194 days 16:00:00,80,0.0,40,42.5,37.21609775534598,-21.896286530432885,12.202067366966563,-5.9487123107053215,5 days 14:28:14.117647058,3 days 09:23:28.695652173,1.2625854167286779,1.4386541720309456,0.8321995449520058,0.9077007561550502,1.0491950357129685,1.2934846517492917,long
1638,"{'window_k': 102, 'window_d': 102, 'window_ma': 102}","open_time
2022-01-01 00:00:00    100.000000
2022-01-01 01:00:00    100.000000
2022-01-01 02:00:00    100.000000
2022-01-01 03:00:00    100.000000
2022-01-01 04:00:00    100.000000
                          ...    
2023-05-01 19:00:00    155.913168
2023-05-01 20:00:00    155.555107
2023-05-01 21:00:00    156.338365
2023-05-01 22:00:00    157.032108
2023-05-01 23:00:00    157.032108
Freq: H, Length: 11664, dtype: float64",2022-01-01,2023-05-01 23:00:00,486 days,100.0,77.78695939306151,184.58181311271858,157.03210843465405,57.03210843465405,-70.17976286600607,39.300411522633745,100.0,44.65579107310894,111 days 12:00:00,77,0.0,39,44.73684210526316,29.835683788329664,-15.526070763500938,10.316956813248323,-5.328401901310969,6 days 07:45:52.941176470,3 days 17:57:08.571428571,1.356567414392709,1.4843553094732238,0.8531274298686308,0.9034375604271356,1.0444816181178749,1.2363425022246433,long
1386,"{'window_k': 87, 'window_d': 102, 'window_ma': 162}","open_time
2022-01-01 00:00:00    100.000000
2022-01-01 01:00:00    100.000000
2022-01-01 02:00:00    100.000000
2022-01-01 03:00:00    100.000000
2022-01-01 04:00:00    100.000000
                          ...    
2023-05-01 19:00:00    153.629495
2023-05-01 20:00:00    153.276678
2023-05-01 21:00:00    154.048464
2023-05-01 22:00:00    154.732046
2023-05-01 23:00:00    154.732046
Freq: H, Length: 11664, dtype: float64",2022-01-01,2023-05-01 23:00:00,486 days,100.0,85.31174805997277,192.7165881584421,154.7320460005301,54.732046000530076,-70.17976286600607,41.49519890260631,100.0,42.96724168089576,275 days 07:00:00,79,0.0,40,46.15384615384615,37.53573859768552,-12.783696155627606,10.059253610938706,-5.708047670381982,6 days 12:30:00,3 days 18:31:25.714285714,1.2961289269518053,1.3321440201622172,0.8313468624651328,0.9029449105607253,1.04204577954624,1.2109295628415275,long
3890,"{'window_k': 237, 'window_d': 57, 'window_ma': 42}","open_time
2022-01-01 00:00:00    100.000000
2022-01-01 01:00:00    100.000000
2022-01-01 02:00:00    100.000000
2022-01-01 03:00:00    100.000000
2022-01-01 04:00:00    100.000000
                          ...    
2023-05-01 19:00:00    157.171632
2023-05-01 20:00:00    157.171632
2023-05-01 21:00:00    157.171632
2023-05-01 22:00:00    157.171632
2023-05-01 23:00:00    157.171632
Freq: H, Length: 11664, dtype: float64",2022-01-01,2023-05-01 23:00:00,486 days,100.0,81.0974492454826,191.3146917814378,157.17163201909062,57.17163201909061,-70.17976286600607,28.36076817558299,100.0,44.82603056448429,177 days 23:00:00,102,0.0,51,37.254901960784316,21.340811965811966,-16.375946752352526,8.555256658773024,-3.2451619270162837,3 days 14:00:00,2 days 04:18:45,1.4038172200184205,1.1210123925311892,0.8444991274010105,0.9020954630332562,1.0588755549133253,1.3487589074212714,long
1389,"{'window_k': 87, 'window_d': 102, 'window_ma': 207}","open_time
2022-01-01 00:00:00    100.000000
2022-01-01 01:00:00    100.000000
2022-01-01 02:00:00    100.000000
2022-01-01 03:00:00    100.000000
2022-01-01 04:00:00    100.000000
                          ...    
2023-05-01 19:00:00    153.103366
2023-05-01 20:00:00    152.751758
2023-05-01 21:00:00    153.520901
2023-05-01 22:00:00    154.202142
2023-05-01 23:00:00    154.202142
Freq: H, Length: 11664, dtype: float64",2022-01-01,2023-05-01 23:00:00,486 days,100.0,85.31174805997277,192.7165881584421,154.20214173340491,54.20214173340493,-70.17976286600607,41.615226337448554,100.0,42.96724168089576,275 days 07:00:00,79,0.0,40,46.15384615384615,37.53573859768552,-12.783696155627602,10.059253610938706,-5.7238658498993376,6 days 12:30:00,3 days 19:11:25.714285714,1.2924719621324092,1.3188007099421322,0.8272565075836841,0.8946329804051883,1.0417763247631306,1.204814315244789,long
688,"{'window_k': 42, 'window_d': 177, 'window_ma': 12}","open_time
2022-01-01 00:00:00    100.000000
2022-01-01 01:00:00    100.000000
2022-01-01 02:00:00    100.000000
2022-01-01 03:00:00    100.000000
2022-01-01 04:00:00    100.000000
                          ...    
2023-05-01 19:00:00    145.536209
2023-05-01 20:00:00    145.536209
2023-05-01 21:00:00    145.536209
2023-05-01 22:00:00    145.536209
2023-05-01 23:00:00    145.536209
Freq: H, Length: 11664, dtype: float64",2022-01-01,2023-05-01 23:00:00,486 days,100.0,93.31305233069045,169.7856632876774,145.5362093973531,45.536209397353105,-70.17976286600607,16.598079561042525,100.0,36.70028054635838,286 days 02:00:00,70,0.0,35,48.57142857142857,26.882772111219783,-10.602807597027256,6.366570872300007,-3.4008652860468302,2 days 16:45:52.941176470,1 days 22:23:20,1.5534528334463087,1.3010345542100885,0.9368150871190603,0.8870491594726929,1.0722312474502536,1.3656575082431532,long
1388,"{'window_k': 87, 'window_d': 102, 'window_ma': 192}","open_time
2022-01-01 00:00:00    100.000000
2022-01-01 01:00:00    100.000000
2022-01-01 02:00:00    100.000000
2022-01-01 03:00:00    100.000000
2022-01-01 04:00:00    100.000000
                          ...    
2023-05-01 19:00:00    152.619328
2023-05-01 20:00:00    152.268832
2023-05-01 21:00:00    153.035543
2023-05-01 22:00:00    153.714630
2023-05-01 23:00:00    153.714630
Freq: H, Length: 11664, dtype: float64",2022-01-01,2023-05-01 23:00:00,486 days,100.0,85.31174805997277,192.7165881584421,153.71462980764989,53.71462980764987,-70.17976286600607,41.658093278463646,100.0,42.96724168089576,275 days 07:00:00,79,0.0,40,46.15384615384615,37.53573859768552,-12.783696155627606,10.059253610938706,-5.738418575055304,6 days 12:30:00,3 days 19:25:42.857142857,1.2891227432342618,1.3065248645396546,0.8235227410535227,0.8869797218507458,1.041561938184353,1.1993616324128888,long
966,"{'window_k': 57, 'window_d': 192, 'window_ma': 102}","open_time
2022-01-01 00:00:00    100.000000
2022-01-01 01:00:00    100.000000
2022-01-01 02:00:00    100.000000
2022-01-01 03:00:00    100.000000
2022-01-01 04:00:00    100.000000
                          ...    
2023-05-01 19:00:00    149.451578
2023-05-01 20:00:00    149.108356
2023-05-01 21:00:00    149.859154
2023-05-01 22:00:00    150.524146
2023-05-01 23:00:00    150.524146
Freq: H, Length: 11664, dtype: float64",2022-01-01,2023-05-01 23:00:00,486 days,100.0,88.31931911064827,157.5629433406086,150.52414565451474,50.52414565451474,-70.17976286600607,35.86248285322359,100.0,40.673536991073256,308 days 18:00:00,57,0.0,29,35.714285714285715,44.4261559180009,-11.48269410664172,15.837797019458971,-5.260468363592372,9 days 07:18:00,4 days 09:13:20,1.4693083888225227,1.864957234290379,0.838532765028883,0.8839297091233179,1.0433789239842983,1.1957754685767021,long
816,"{'window_k': 57, 'window_d': 57, 'window_ma': 12}","open_time
2022-01-01 00:00:00    100.000000
2022-01-01 01:00:00    100.000000
2022-01-01 02:00:00    100.000000
2022-01-01 03:00:00    100.000000
2022-01-01 04:00:00    100.000000
                          ...    
2023-05-01 19:00:00    149.058977
2023-05-01 20:00:00    149.058977
2023-05-01 21:00:00    149.058977
2023-05-01 22:00:00    149.058977
2023-05-01 23:00:00    149.058977
Freq: H, Length: 11664, dtype: float64",2022-01-01,2023-05-01 23:00:00,486 days,100.0,85.65637714137944,179.93915793432626,149.05897739870818,49.05897739870818,-70.17976286600607,20.88477366255144,100.0,39.61482331877599,204 days 00:00:00,130,0.0,65,50.76923076923077,32.33560090702948,-14.937355552852463,5.140212991267924,-3.592882248057262,1 days 10:47:16.363636363,1 days 16:15:00,1.312212546758919,0.7547534984416631,0.8047996030956744,0.8824342875952121,1.069713453437764,1.34800965287895,long
3472,"{'window_k': 207, 'window_d': 147, 'window_ma': 12}","open_time
2022-01-01 00:00:00    100.000000
2022-01-01 01:00:00    100.000000
2022-01-01 02:00:00    100.000000
2022-01-01 03:00:00    100.000000
2022-01-01 04:00:00    100.000000
                          ...    
2023-05-01 19:00:00    130.172519
2023-05-01 20:00:00    129.873572
2023-05-01 21:00:00    130.527518
2023-05-01 22:00:00    130.527518
2023-05-01 23:00:00    130.527518
Freq: H, Length: 11664, dtype: float64",2022-01-01,2023-05-01 23:00:00,486 days,100.0,83.93449838711199,142.38152797740165,130.5275177115374,30.5275177115374,-70.17976286600607,12.885802469135802,100.0,25.35243954172885,353 days 18:00:00,48,0.0,24,37.5,35.91510974061311,-9.746680478387809,8.820005061891385,-2.8954169087742585,2 days 13:53:20,2 days 15:04:00,1.5880758298081241,1.271979904647392,0.7269825439406061,0.8737067323634485,1.0701449163253978,1.1510246243007924,long
3634,"{'window_k': 222, 'window_d': 57, 'window_ma': 42}","open_time
2022-01-01 00:00:00    100.000000
2022-01-01 01:00:00    100.000000
2022-01-01 02:00:00    100.000000
2022-01-01 03:00:00    100.000000
2022-01-01 04:00:00    100.000000
                          ...    
2023-05-01 19:00:00    155.160293
2023-05-01 20:00:00    155.160293
2023-05-01 21:00:00    155.160293
2023-05-01 22:00:00    155.160293
2023-05-01 23:00:00    155.160293
Freq: H, Length: 11664, dtype: float64",2022-01-01,2023-05-01 23:00:00,486 days,100.0,75.90436140881845,179.98060332998267,155.16029332040506,55.160293320405074,-70.17976286600607,29.218106995884774,100.0,44.8260305644843,194 days 16:00:00,100,0.0,50,40.0,23.65509761388286,-17.211997273346963,8.829675191811178,-3.8939365917476687,3 days 16:39:00,2 days 06:30:00,1.3662661261171938,1.103205866408103,0.8266898470427381,0.8719365959953643,1.0565285527388804,1.3196113460546313,long
1391,"{'window_k': 87, 'window_d': 102, 'window_ma': 237}","open_time
2022-01-01 00:00:00    100.000000
2022-01-01 01:00:00    100.000000
2022-01-01 02:00:00    100.000000
2022-01-01 03:00:00    100.000000
2022-01-01 04:00:00    100.000000
                          ...    
2023-05-01 19:00:00    151.296319
2023-05-01 20:00:00    150.948861
2023-05-01 21:00:00    151.708926
2023-05-01 22:00:00    152.382126
2023-05-01 23:00:00    152.382126
Freq: H, Length: 11664, dtype: float64",2022-01-01,2023-05-01 23:00:00,486 days,100.0,85.31174805997277,191.04598837385618,152.3821257928255,52.382125792825505,-70.17976286600607,41.598079561042525,100.0,42.96724168089576,275 days 07:00:00,79,0.0,40,46.15384615384615,37.53573859768551,-12.783696155627606,10.008632577281887,-5.738418575055306,6 days 12:06:40,3 days 19:25:42.857142857,1.2836636811044408,1.272971606824309,0.8134461724279213,0.8660303481635939,1.0410867567933784,1.184512069881486,long
2192,"{'window_k': 132, 'window_d': 147, 'window_ma': 12}","open_time
2022-01-01 00:00:00    100.000000
2022-01-01 01:00:00    100.000000
2022-01-01 02:00:00    100.000000
2022-01-01 03:00:00    100.000000
2022-01-01 04:00:00    100.000000
                          ...    
2023-05-01 19:00:00    131.019076
2023-05-01 20:00:00    131.019076
2023-05-01 21:00:00    131.019076
2023-05-01 22:00:00    131.019076
2023-05-01 23:00:00    131.019076
Freq: H, Length: 11664, dtype: float64",2022-01-01,2023-05-01 23:00:00,486 days,100.0,89.87500652702137,134.13977465606425,131.0190757142244,31.019075714224414,-70.17976286600607,14.969135802469136,100.0,26.703012277093197,99 days 22:00:00,56,0.0,28,42.857142857142854,20.929787641094308,-10.330691445750206,6.671379245964022,-3.1104546800011614,2 days 15:00:00,2 days 17:19:59.999999999,1.5763646933937951,1.1078241326508713,0.7395333497805229,0.84244866210678,1.060349603298447,1.0547108657724522,long
1639,"{'window_k': 102, 'window_d': 102, 'window_ma': 117}","open_time
2022-01-01 00:00:00    100.000000
2022-01-01 01:00:00    100.000000
2022-01-01 02:00:00    100.000000
2022-01-01 03:00:00    100.000000
2022-01-01 04:00:00    100.000000
                          ...    
2023-05-01 19:00:00    151.181943
2023-05-01 20:00:00    150.834748
2023-05-01 21:00:00    151.594238
2023-05-01 22:00:00    152.266929
2023-05-01 23:00:00    152.266929
Freq: H, Length: 11664, dtype: float64",2022-01-01,2023-05-01 23:00:00,486 days,100.0,77.67500071441984,178.34434332084047,152.26692900001748,52.266929000017484,-70.17976286600607,39.17181069958848,100.0,44.65579107310897,224 days 14:00:00,77,0.0,39,44.73684210526316,29.83568378832967,-15.526070763500929,10.019281863110525,-5.295722190727195,6 days 12:49:24.705882352,3 days 13:08:34.285714285,1.327779186150303,1.359456233287287,0.8179057572149325,0.8315388552197732,1.042756749936412,1.1857420840364554,long
1618,"{'window_k': 102, 'window_d': 87, 'window_ma': 42}","open_time
2022-01-01 00:00:00    100.000000
2022-01-01 01:00:00    100.000000
2022-01-01 02:00:00    100.000000
2022-01-01 03:00:00    100.000000
2022-01-01 04:00:00    100.000000
                          ...    
2023-05-01 19:00:00    152.342548
2023-05-01 20:00:00    152.342548
2023-05-01 21:00:00    152.342548
2023-05-01 22:00:00    152.342548
2023-05-01 23:00:00    152.342548
Freq: H, Length: 11664, dtype: float64",2022-01-01,2023-05-01 23:00:00,486 days,100.0,80.9542711630102,216.29877491736377,152.3425484314191,52.34254843141909,-70.17976286600607,28.746570644718794,100.0,44.8260305644843,194 days 16:00:00,82,0.0,41,48.78048780487805,25.200256328099975,-12.483962022068242,8.473244678788877,-5.373041510070705,3 days 18:30:00,3 days 01:28:34.285714285,1.2947297545704786,1.2766475227175373,0.8140768986285881,0.8295218091102674,1.0564175432177554,1.2843491601569021,long
887,"{'window_k': 57, 'window_d': 117, 'window_ma': 117}","open_time
2022-01-01 00:00:00    100.000000
2022-01-01 01:00:00    100.000000
2022-01-01 02:00:00    100.000000
2022-01-01 03:00:00    100.000000
2022-01-01 04:00:00    100.000000
                          ...    
2023-05-01 19:00:00    154.354436
2023-05-01 20:00:00    153.999955
2023-05-01 21:00:00    154.775383
2023-05-01 22:00:00    155.462190
2023-05-01 23:00:00    155.462190
Freq: H, Length: 11664, dtype: float64",2022-01-01,2023-05-01 23:00:00,486 days,100.0,91.98133695059289,261.4807201769545,155.4621903652912,55.46219036529121,-70.17976286600607,40.663580246913575,100.0,47.71360664117758,194 days 16:00:00,77,0.0,39,47.368421052631575,31.880464570011764,-22.40497888419648,10.831797588875796,-6.447355981021971,6 days 02:23:20,4 days 03:18:00,1.2246407538922484,1.3860697471824865,0.8491214412522903,0.8234265557033561,1.0426585112410536,1.2198440788057054,long
1635,"{'window_k': 102, 'window_d': 102, 'window_ma': 57}","open_time
2022-01-01 00:00:00    100.000000
2022-01-01 01:00:00    100.000000
2022-01-01 02:00:00    100.000000
2022-01-01 03:00:00    100.000000
2022-01-01 04:00:00    100.000000
                          ...    
2023-05-01 19:00:00    153.922253
2023-05-01 20:00:00    153.568765
2023-05-01 21:00:00    154.342021
2023-05-01 22:00:00    155.026906
2023-05-01 23:00:00    155.026906
Freq: H, Length: 11664, dtype: float64",2022-01-01,2023-05-01 23:00:00,486 days,100.0,73.97507995779277,184.65199252072122,155.0269056804155,55.02690568041548,-70.17976286600607,33.50480109739369,100.0,47.42405026239124,203 days 02:00:00,75,0.0,38,51.35135135135135,24.133281972265024,-15.526070763500934,8.701919328025745,-5.894908039202448,5 days 08:06:18.947368421,3 days 03:30:00,1.358766571475446,1.4704946049956797,0.8567052308558504,0.8222757714378488,1.0492489788870434,1.24844969231944,long
575,"{'window_k': 42, 'window_d': 57, 'window_ma': 237}","open_time
2022-01-01 00:00:00    100.000000
2022-01-01 01:00:00    100.000000
2022-01-01 02:00:00    100.000000
2022-01-01 03:00:00    100.000000
2022-01-01 04:00:00    100.000000
                          ...    
2023-05-01 19:00:00    151.862046
2023-05-01 20:00:00    151.862046
2023-05-01 21:00:00    151.862046
2023-05-01 22:00:00    151.862046
2023-05-01 23:00:00    151.862046
Freq: H, Length: 11664, dtype: float64",2022-01-01,2023-05-01 23:00:00,486 days,100.0,87.31501909715931,186.6702745566341,151.86204637904498,51.862046379044976,-70.17976286600607,41.538065843621396,100.0,44.826030564484306,158 days 23:00:00,134,0.0,67,44.776119402985074,21.9162197419916,-15.315205462748452,7.985356231050221,-4.773171890448073,3 days 15:40:00,2 days 11:51:53.513513513,1.216983508391837,0.7740603937170891,0.7871556136052795,0.822269520906918,1.0435022693434919,1.2401244913660179,long
3702,"{'window_k': 222, 'window_d': 117, 'window_ma': 102}","open_time
2022-01-01 00:00:00    100.000000
2022-01-01 01:00:00    100.000000
2022-01-01 02:00:00    100.000000
2022-01-01 03:00:00    100.000000
2022-01-01 04:00:00    100.000000
                          ...    
2023-05-01 19:00:00    150.631566
2023-05-01 20:00:00    150.285634
2023-05-01 21:00:00    151.042359
2023-05-01 22:00:00    151.712602
2023-05-01 23:00:00    151.712602
Freq: H, Length: 11664, dtype: float64",2022-01-01,2023-05-01 23:00:00,486 days,100.0,82.9201715363978,165.04018299361996,151.71260171195627,51.71260171195628,-70.17976286600607,34.17352537722908,100.0,44.82603056448429,151 days 13:00:00,59,0.0,30,37.93103448275862,40.575473149715364,-14.146385110952028,14.069623442042566,-5.062219063605498,8 days 23:16:21.818181818,3 days 14:43:20,1.4624543814817368,1.8368721947981395,0.7943609735362112,0.8200127663930743,1.048735345069652,1.2377536516811003,long
3874,"{'window_k': 237, 'window_d': 42, 'window_ma': 42}","open_time
2022-01-01 00:00:00    100.000000
2022-01-01 01:00:00    100.000000
2022-01-01 02:00:00    100.000000
2022-01-01 03:00:00    100.000000
2022-01-01 04:00:00    100.000000
                          ...    
2023-05-01 19:00:00    151.636337
2023-05-01 20:00:00    151.636337
2023-05-01 21:00:00    151.636337
2023-05-01 22:00:00    151.636337
2023-05-01 23:00:00    151.636337
Freq: H, Length: 11664, dtype: float64",2022-01-01,2023-05-01 23:00:00,486 days,100.0,82.10162384495877,179.08862884158236,151.6363374199754,51.63633741997541,-70.17976286600607,30.37551440329218,100.0,44.82603056448429,172 days 03:00:00,128,0.0,64,37.5,20.22299115724719,-7.352083090208891,7.418503967772614,-3.093814602228916,3 days 07:17:30,1 days 17:00:00,1.3278535390937716,0.8068177721871153,0.7992411909503561,0.818860890845033,1.0519622385820222,1.259775907037092,long
1640,"{'window_k': 102, 'window_d': 102, 'window_ma': 132}","open_time
2022-01-01 00:00:00    100.000000
2022-01-01 01:00:00    100.000000
2022-01-01 02:00:00    100.000000
2022-01-01 03:00:00    100.000000
2022-01-01 04:00:00    100.000000
                          ...    
2023-05-01 19:00:00    149.952974
2023-05-01 20:00:00    149.608601
2023-05-01 21:00:00    150.361917
2023-05-01 22:00:00    151.029140
2023-05-01 23:00:00    151.029140
Freq: H, Length: 11664, dtype: float64",2022-01-01,2023-05-01 23:00:00,486 days,100.0,75.17448957334301,176.8945694542482,151.02914029138788,51.029140291387876,-70.17976286600607,40.03772290809328,100.0,44.65579107310895,224 days 13:00:00,77,0.0,39,47.368421052631575,29.835683788329675,-15.526070763500933,10.178999263528016,-6.137568770627802,6 days 12:06:40,3 days 15:15:00,1.3010096482127638,1.32701282410578,0.8051905709472157,0.8127715226962013,1.0413272223849497,1.1649109913679163,long
1880,"{'window_k': 117, 'window_d': 87, 'window_ma': 132}","open_time
2022-01-01 00:00:00    100.000000
2022-01-01 01:00:00    100.000000
2022-01-01 02:00:00    100.000000
2022-01-01 03:00:00    100.000000
2022-01-01 04:00:00    100.000000
                          ...    
2023-05-01 19:00:00    149.323643
2023-05-01 20:00:00    148.980715
2023-05-01 21:00:00    149.730870
2023-05-01 22:00:00    150.395293
2023-05-01 23:00:00    150.395293
Freq: H, Length: 11664, dtype: float64",2022-01-01,2023-05-01 23:00:00,486 days,100.0,84.7456822321197,224.11562195964345,150.39529256095335,50.395292560953365,-70.17976286600607,36.719821673525374,100.0,44.826030564484284,194 days 16:00:00,79,0.0,40,43.58974358974359,37.216097755346,-21.89628653043289,12.109671659188209,-6.321060649353299,5 days 20:21:10.588235294,3 days 08:46:21.818181818,1.226612001257606,1.300980010382058,0.7814710675592983,0.8000961425221356,1.0454415592803472,1.2128293115978215,long
562,"{'window_k': 42, 'window_d': 57, 'window_ma': 42}","open_time
2022-01-01 00:00:00    100.000000
2022-01-01 01:00:00    100.000000
2022-01-01 02:00:00    100.000000
2022-01-01 03:00:00    100.000000
2022-01-01 04:00:00    100.000000
                          ...    
2023-05-01 19:00:00    150.291747
2023-05-01 20:00:00    150.291747
2023-05-01 21:00:00    150.291747
2023-05-01 22:00:00    150.291747
2023-05-01 23:00:00    150.291747
Freq: H, Length: 11664, dtype: float64",2022-01-01,2023-05-01 23:00:00,486 days,100.0,81.2018549956275,192.3547747992436,150.29174728128442,50.29174728128443,-70.17976286600607,34.00205761316872,100.0,44.82603056448429,194 days 16:00:00,134,0.0,67,44.776119402985074,26.395129728946227,-15.315205462748455,6.958889682715265,-4.021615680078466,2 days 22:16:00,2 days 02:12:58.378378378,1.2512128124602329,0.7506230937505136,0.7823279789430709,0.7985287866049111,1.049248431489271,1.2574709607304095,long
1171,"{'window_k': 72, 'window_d': 147, 'window_ma': 57}","open_time
2022-01-01 00:00:00    100.000000
2022-01-01 01:00:00    100.000000
2022-01-01 02:00:00    100.000000
2022-01-01 03:00:00    100.000000
2022-01-01 04:00:00    100.000000
                          ...    
2023-05-01 19:00:00    142.355762
2023-05-01 20:00:00    142.028836
2023-05-01 21:00:00    142.743986
2023-05-01 22:00:00    143.377405
2023-05-01 23:00:00    143.377405
Freq: H, Length: 11664, dtype: float64",2022-01-01,2023-05-01 23:00:00,486 days,100.0,89.11525999583823,151.72672959416522,143.37740506776044,43.37740506776042,-70.17976286600607,30.04115226337449,100.0,39.17332978138039,315 days 09:00:00,69,0.0,35,47.05882352941176,30.718336483931957,-15.100558283446567,8.360747387591054,-4.652704533057852,4 days 18:18:45,3 days 16:13:20,1.4215155515111721,1.252969301309843,0.7887899482297502,0.7932820845053387,1.0449482599371593,1.1259325047194693,long
566,"{'window_k': 42, 'window_d': 57, 'window_ma': 102}","open_time
2022-01-01 00:00:00    100.000000
2022-01-01 01:00:00    100.000000
2022-01-01 02:00:00    100.000000
2022-01-01 03:00:00    100.000000
2022-01-01 04:00:00    100.000000
                          ...    
2023-05-01 19:00:00    149.047117
2023-05-01 20:00:00    149.047117
2023-05-01 21:00:00    149.047117
2023-05-01 22:00:00    149.047117
2023-05-01 23:00:00    149.047117
Freq: H, Length: 11664, dtype: float64",2022-01-01,2023-05-01 23:00:00,486 days,100.0,87.31501909715931,183.21013708387125,149.04711744290552,49.0471174429055,-70.17976286600607,41.93244170096022,100.0,44.826030564484306,159 days 10:00:00,134,0.0,67,44.776119402985074,21.91621974199159,-15.315205462748457,7.9307376820351365,-4.780616684260681,3 days 17:18:00,2 days 11:47:01.621621621,1.2109234789460086,0.7320465289985898,0.7674618053262116,0.779667825909729,1.0422262931984334,1.2044097069293302,long
2736,"{'window_k': 162, 'window_d': 177, 'window_ma': 12}","open_time
2022-01-01 00:00:00    100.000000
2022-01-01 01:00:00    100.000000
2022-01-01 02:00:00    100.000000
2022-01-01 03:00:00    100.000000
2022-01-01 04:00:00    100.000000
                          ...    
2023-05-01 19:00:00    129.645367
2023-05-01 20:00:00    129.347632
2023-05-01 21:00:00    129.998929
2023-05-01 22:00:00    129.998929
2023-05-01 23:00:00    129.998929
Freq: H, Length: 11664, dtype: float64",2022-01-01,2023-05-01 23:00:00,486 days,100.0,93.96132333443083,134.35351514075123,129.9989288321766,29.998928832176603,-70.17976286600607,13.623113854595337,100.0,27.969514541211034,321 days 01:00:00,48,0.0,24,54.166666666666664,22.334042964969992,-6.437613019891505,4.740097095904808,-2.8293310006845163,2 days 03:55:23.076923076,3 days 11:05:27.272727272,1.8403576272036541,1.2499553680073585,0.785446436144259,0.7786656971832974,1.065280293213526,1.1323578094949953,long
3106,"{'window_k': 192, 'window_d': 42, 'window_ma': 42}","open_time
2022-01-01 00:00:00    100.000000
2022-01-01 01:00:00    100.000000
2022-01-01 02:00:00    100.000000
2022-01-01 03:00:00    100.000000
2022-01-01 04:00:00    100.000000
                          ...    
2023-05-01 19:00:00    150.289235
2023-05-01 20:00:00    150.289235
2023-05-01 21:00:00    150.289235
2023-05-01 22:00:00    150.289235
2023-05-01 23:00:00    150.289235
Freq: H, Length: 11664, dtype: float64",2022-01-01,2023-05-01 23:00:00,486 days,100.0,67.44557581394866,168.11475585788634,150.28923549731985,50.28923549731985,-70.17976286600607,31.1042524005487,100.0,46.76370222489232,144 days 15:00:00,132,0.0,66,36.36363636363637,21.550041817674924,-15.937687237866985,8.98265198495191,-3.7268926422079094,3 days 02:15:00,1 days 19:57:08.571428571,1.2865567910425577,0.7619581135957554,0.782268962122595,0.7654049963379851,1.050841451360715,1.2577294522432325,long
314,"{'window_k': 27, 'window_d': 57, 'window_ma': 162}","open_time
2022-01-01 00:00:00    100.000000
2022-01-01 01:00:00    100.000000
2022-01-01 02:00:00    100.000000
2022-01-01 03:00:00    100.000000
2022-01-01 04:00:00    100.000000
                          ...    
2023-05-01 19:00:00    147.438107
2023-05-01 20:00:00    147.438107
2023-05-01 21:00:00    147.438107
2023-05-01 22:00:00    147.438107
2023-05-01 23:00:00    147.438107
Freq: H, Length: 11664, dtype: float64",2022-01-01,2023-05-01 23:00:00,486 days,100.0,87.4914555189125,177.33351310603481,147.43810660436884,47.438106604368826,-70.17976286600607,40.68930041152263,100.0,44.82603056448429,172 days 03:00:00,166,0.0,83,38.55421686746988,24.710648148148138,-11.312618896639203,7.165495693853748,-3.350068970258517,3 days 05:50:37.500000,1 days 20:12:56.470588235,1.2111441581136053,0.5715434530646837,0.7572368966190509,0.7552268480105067,1.0429793436749455,1.1977469984001825,long
992,"{'window_k': 57, 'window_d': 222, 'window_ma': 12}","open_time
2022-01-01 00:00:00    100.000000
2022-01-01 01:00:00    100.000000
2022-01-01 02:00:00    100.000000
2022-01-01 03:00:00    100.000000
2022-01-01 04:00:00    100.000000
                          ...    
2023-05-01 19:00:00    132.889837
2023-05-01 20:00:00    132.584650
2023-05-01 21:00:00    133.252247
2023-05-01 22:00:00    133.252247
2023-05-01 23:00:00    133.252247
Freq: H, Length: 11664, dtype: float64",2022-01-01,2023-05-01 23:00:00,486 days,100.0,84.53277395678286,143.7896981158245,133.2522467281934,33.2522467281934,-70.17976286600607,14.797668038408778,100.0,32.32759484384123,355 days 14:00:00,54,0.0,27,51.85185185185185,19.761273209549085,-8.781663304191891,5.709816028187942,-3.5244104513563386,2 days 07:21:25.714285714,3 days 01:09:13.846153846,1.5966963731060375,1.231564693636792,0.6973731235859836,0.7442769587280785,1.0681882665146392,1.1186713757500897,long
319,"{'window_k': 27, 'window_d': 57, 'window_ma': 237}","open_time
2022-01-01 00:00:00    100.000000
2022-01-01 01:00:00    100.000000
2022-01-01 02:00:00    100.000000
2022-01-01 03:00:00    100.000000
2022-01-01 04:00:00    100.000000
                          ...    
2023-05-01 19:00:00    146.710953
2023-05-01 20:00:00    146.710953
2023-05-01 21:00:00    146.710953
2023-05-01 22:00:00    146.710953
2023-05-01 23:00:00    146.710953
Freq: H, Length: 11664, dtype: float64",2022-01-01,2023-05-01 23:00:00,486 days,100.0,87.4914555189125,175.61314639128076,146.7109531989057,46.71095319890573,-70.17976286600607,41.7781207133059,100.0,44.82603056448429,172 days 03:00:00,166,0.0,83,38.55421686746988,24.710648148148145,-11.312618896639195,7.287627175022038,-3.432482360904706,3 days 10:13:07.500000,1 days 19:57:38.823529411,1.2038755078252856,0.5627825686615142,0.7516445112056866,0.7441595784336571,1.0419922048631325,1.1909016358621618,long
2160,"{'window_k': 132, 'window_d': 117, 'window_ma': 12}","open_time
2022-01-01 00:00:00    100.000000
2022-01-01 01:00:00    100.000000
2022-01-01 02:00:00    100.000000
2022-01-01 03:00:00    100.000000
2022-01-01 04:00:00    100.000000
                          ...    
2023-05-01 19:00:00    130.630973
2023-05-01 20:00:00    130.630973
2023-05-01 21:00:00    130.630973
2023-05-01 22:00:00    130.630973
2023-05-01 23:00:00    130.630973
Freq: H, Length: 11664, dtype: float64",2022-01-01,2023-05-01 23:00:00,486 days,100.0,75.52345237364933,141.36223531273384,130.63097263888523,30.63097263888521,-70.17976286600607,18.35562414266118,100.0,30.077009672186005,286 days 02:00:00,70,0.0,35,51.42857142857142,22.09548639400357,-15.021791767554479,6.749515028469612,-4.88161385821523,1 days 21:40:00,3 days 05:35:17.647058823,1.3245904123083951,0.8751706468252913,0.6807880360018108,0.7388800075633138,1.0523262423294282,0.9951755213609138,long
1620,"{'window_k': 102, 'window_d': 87, 'window_ma': 72}","open_time
2022-01-01 00:00:00    100.000000
2022-01-01 01:00:00    100.000000
2022-01-01 02:00:00    100.000000
2022-01-01 03:00:00    100.000000
2022-01-01 04:00:00    100.000000
                          ...    
2023-05-01 19:00:00    146.188934
2023-05-01 20:00:00    146.188934
2023-05-01 21:00:00    146.188934
2023-05-01 22:00:00    146.188934
2023-05-01 23:00:00    146.188934
Freq: H, Length: 11664, dtype: float64",2022-01-01,2023-05-01 23:00:00,486 days,100.0,71.4380291208075,238.06540282859774,146.1889337365919,46.188933736591906,-70.17976286600607,35.005144032921805,100.0,44.8260305644843,194 days 16:00:00,82,0.0,41,43.90243902439025,38.86128642406336,-21.941747572815533,11.01626904257036,-5.944865555401416,5 days 06:26:40,3 days 06:33:54.782608695,1.2099998360506241,1.1265593594290717,0.752158021761559,0.7362060243458612,1.0452911834985084,1.1659594647164138,long
944,"{'window_k': 57, 'window_d': 177, 'window_ma': 12}","open_time
2022-01-01 00:00:00    100.000000
2022-01-01 01:00:00    100.000000
2022-01-01 02:00:00    100.000000
2022-01-01 03:00:00    100.000000
2022-01-01 04:00:00    100.000000
                          ...    
2023-05-01 19:00:00    142.308562
2023-05-01 20:00:00    142.308562
2023-05-01 21:00:00    142.308562
2023-05-01 22:00:00    142.308562
2023-05-01 23:00:00    142.308562
Freq: H, Length: 11664, dtype: float64",2022-01-01,2023-05-01 23:00:00,486 days,100.0,98.55378982535066,189.0179555327178,142.30856242269178,42.30856242269178,-70.17976286600607,15.174897119341562,100.0,41.25386449851336,286 days 02:00:00,64,0.0,32,56.25,24.89341218539403,-10.673234811165848,5.638108916556529,-4.0967462091373585,2 days 02:03:20,2 days 14:04:17.142857142,1.5052891648174918,1.322142575709118,0.9386513187427052,0.7354695462362153,1.0770506035097853,1.3898616963177532,long
1619,"{'window_k': 102, 'window_d': 87, 'window_ma': 57}","open_time
2022-01-01 00:00:00    100.000000
2022-01-01 01:00:00    100.000000
2022-01-01 02:00:00    100.000000
2022-01-01 03:00:00    100.000000
2022-01-01 04:00:00    100.000000
                          ...    
2023-05-01 19:00:00    144.703249
2023-05-01 20:00:00    144.370932
2023-05-01 21:00:00    145.097875
2023-05-01 22:00:00    145.741739
2023-05-01 23:00:00    145.741739
Freq: H, Length: 11664, dtype: float64",2022-01-01,2023-05-01 23:00:00,486 days,100.0,68.15646039140749,206.9044936943688,145.7417389211603,45.741738921160305,-70.17976286600607,31.524348422496573,100.0,44.82603056448429,194 days 16:00:00,81,0.0,41,45.0,25.200256328099968,-21.941747572815533,9.607069100563907,-5.264161418609749,4 days 19:26:40,2 days 18:51:49.090909090,1.2669199151052368,1.2042951598388099,0.7529501994749072,0.7293868833043912,1.0491539235987335,1.1799882392004482,long
2390,"{'window_k': 147, 'window_d': 87, 'window_ma': 102}","open_time
2022-01-01 00:00:00    100.000000
2022-01-01 01:00:00    100.000000
2022-01-01 02:00:00    100.000000
2022-01-01 03:00:00    100.000000
2022-01-01 04:00:00    100.000000
                          ...    
2023-05-01 19:00:00    144.222131
2023-05-01 20:00:00    143.890919
2023-05-01 21:00:00    144.615445
2023-05-01 22:00:00    145.257168
2023-05-01 23:00:00    145.257168
Freq: H, Length: 11664, dtype: float64",2022-01-01,2023-05-01 23:00:00,486 days,100.0,83.44614609898888,184.4993404218078,145.2571681916631,45.25716819166311,-70.17976286600607,38.98319615912209,100.0,44.826030564484306,204 days 00:00:00,79,0.0,40,38.46153846153847,35.52295059900389,-19.661168078466353,13.07815393939321,-5.715898228434008,6 days 13:52:00,3 days 14:07:30,1.2201864700545202,1.1126692467145745,0.7432103606142689,0.7219919244147335,1.0423845716636069,1.146044896063551,long
2646,"{'window_k': 162, 'window_d': 87, 'window_ma': 102}","open_time
2022-01-01 00:00:00    100.000000
2022-01-01 01:00:00    100.000000
2022-01-01 02:00:00    100.000000
2022-01-01 03:00:00    100.000000
2022-01-01 04:00:00    100.000000
                          ...    
2023-05-01 19:00:00    143.735953
2023-05-01 20:00:00    143.405857
2023-05-01 21:00:00    144.127941
2023-05-01 22:00:00    144.767501
2023-05-01 23:00:00    144.767501
Freq: H, Length: 11664, dtype: float64",2022-01-01,2023-05-01 23:00:00,486 days,100.0,86.29238060517682,191.4212028460005,144.76750135802178,44.76750135802179,-70.17976286600607,36.16255144032922,100.0,44.8260305644843,286 days 02:00:00,71,0.0,36,37.142857142857146,37.33876442634079,-16.875493848064117,14.099071630135581,-5.701279134565917,6 days 20:36:55.384615384,3 days 17:35:27.272727272,1.2375401704635558,1.2230731260824808,0.740630309401019,0.7145129528189245,1.0435724252150773,1.1441417406640224,long
3446,"{'window_k': 207, 'window_d': 117, 'window_ma': 102}","open_time
2022-01-01 00:00:00    100.000000
2022-01-01 01:00:00    100.000000
2022-01-01 02:00:00    100.000000
2022-01-01 03:00:00    100.000000
2022-01-01 04:00:00    100.000000
                          ...    
2023-05-01 19:00:00    145.724377
2023-05-01 20:00:00    145.389715
2023-05-01 21:00:00    146.121788
2023-05-01 22:00:00    146.770196
2023-05-01 23:00:00    146.770196
Freq: H, Length: 11664, dtype: float64",2022-01-01,2023-05-01 23:00:00,486 days,100.0,79.00687285877946,159.79036440976995,146.77019563080407,46.77019563080407,-70.17976286600607,35.13374485596708,100.0,46.750137561782275,187 days 17:00:00,57,0.0,29,35.714285714285715,43.014763014763005,-15.611664295874828,15.99048182270661,-5.479482143918406,9 days 09:54:00,4 days 02:43:20,1.3755596232612084,1.677834263205991,0.7563856474490771,0.714397066581986,1.045539990781422,1.1693490368000101,long
1312,"{'window_k': 87, 'window_d': 42, 'window_ma': 12}","open_time
2022-01-01 00:00:00    100.000000
2022-01-01 01:00:00    100.000000
2022-01-01 02:00:00    100.000000
2022-01-01 03:00:00    100.000000
2022-01-01 04:00:00    100.000000
                          ...    
2023-05-01 19:00:00    136.442874
2023-05-01 20:00:00    136.442874
2023-05-01 21:00:00    136.442874
2023-05-01 22:00:00    136.442874
2023-05-01 23:00:00    136.442874
Freq: H, Length: 11664, dtype: float64",2022-01-01,2023-05-01 23:00:00,486 days,100.0,71.06734118914049,158.33671466320965,136.44287412008208,36.44287412008208,-70.17976286600607,19.90740740740741,100.0,36.82907699723966,172 days 03:00:00,134,0.0,67,49.25373134328358,22.43356643356643,-14.13242287525911,5.136125602236951,-3.655523384428298,1 days 12:45:27.272727272,1 days 08:37:03.529411764,1.2521267706996677,0.5439234943295834,0.6874032233306622,0.7137040727578027,1.0603128364474919,1.1545543577464443,long
564,"{'window_k': 42, 'window_d': 57, 'window_ma': 72}","open_time
2022-01-01 00:00:00    100.000000
2022-01-01 01:00:00    100.000000
2022-01-01 02:00:00    100.000000
2022-01-01 03:00:00    100.000000
2022-01-01 04:00:00    100.000000
                          ...    
2023-05-01 19:00:00    144.516172
2023-05-01 20:00:00    144.516172
2023-05-01 21:00:00    144.516172
2023-05-01 22:00:00    144.516172
2023-05-01 23:00:00    144.516172
Freq: H, Length: 11664, dtype: float64",2022-01-01,2023-05-01 23:00:00,486 days,100.0,85.30318983251394,177.64065619716476,144.51617234876517,44.51617234876517,-70.17976286600607,41.02366255144033,100.0,44.82603056448429,159 days 10:00:00,134,0.0,67,44.776119402985074,21.9162197419916,-15.315205462748452,7.8600363516909395,-4.8082753928529955,3 days 18:04:00,2 days 08:17:50.270270270,1.1937275641198206,0.6644204828173916,0.7353849656201891,0.7106718106834192,1.040824273676488,1.1544798789189896,long
567,"{'window_k': 42, 'window_d': 57, 'window_ma': 117}","open_time
2022-01-01 00:00:00    100.000000
2022-01-01 01:00:00    100.000000
2022-01-01 02:00:00    100.000000
2022-01-01 03:00:00    100.000000
2022-01-01 04:00:00    100.000000
                          ...    
2023-05-01 19:00:00    144.197249
2023-05-01 20:00:00    144.197249
2023-05-01 21:00:00    144.197249
2023-05-01 22:00:00    144.197249
2023-05-01 23:00:00    144.197249
Freq: H, Length: 11664, dtype: float64",2022-01-01,2023-05-01 23:00:00,486 days,100.0,88.44310959575598,177.24863221152205,144.19724870207975,44.19724870207975,-70.17976286600607,41.8724279835391,100.0,44.8260305644843,159 days 08:00:00,134,0.0,67,44.776119402985074,21.916219741991604,-15.315205462748448,7.887103837643769,-4.834423956850394,3 days 20:56:00,2 days 08:38:55.135135135,1.1885686506176958,0.6596604283892509,0.7330595684905893,0.7057952026855389,1.0403055518098294,1.1494809392566583,long
1636,"{'window_k': 102, 'window_d': 102, 'window_ma': 72}","open_time
2022-01-01 00:00:00    100.000000
2022-01-01 01:00:00    100.000000
2022-01-01 02:00:00    100.000000
2022-01-01 03:00:00    100.000000
2022-01-01 04:00:00    100.000000
                          ...    
2023-05-01 19:00:00    143.781037
2023-05-01 20:00:00    143.781037
2023-05-01 21:00:00    143.781037
2023-05-01 22:00:00    143.781037
2023-05-01 23:00:00    143.781037
Freq: H, Length: 11664, dtype: float64",2022-01-01,2023-05-01 23:00:00,486 days,100.0,72.37323637348796,171.3453636965481,143.78103730070333,43.78103730070333,-70.17976286600607,37.85150891632373,100.0,44.65579107310896,111 days 16:00:00,78,0.0,39,43.58974358974359,29.835683788329664,-15.526070763500947,10.277383432039798,-5.450736746466629,6 days 00:52:56.470588235,3 days 16:43:38.181818181,1.2798906722385022,1.1225907000180326,0.7489472469558832,0.7020933401281383,1.0395876165580644,1.0857409150560609,long
3443,"{'window_k': 207, 'window_d': 117, 'window_ma': 57}","open_time
2022-01-01 00:00:00    100.000000
2022-01-01 01:00:00    100.000000
2022-01-01 02:00:00    100.000000
2022-01-01 03:00:00    100.000000
2022-01-01 04:00:00    100.000000
                          ...    
2023-05-01 19:00:00    142.171770
2023-05-01 20:00:00    141.845266
2023-05-01 21:00:00    142.559492
2023-05-01 22:00:00    143.192092
2023-05-01 23:00:00    143.192092
Freq: H, Length: 11664, dtype: float64",2022-01-01,2023-05-01 23:00:00,486 days,100.0,81.33109127601624,161.74163719165614,143.1920923948811,43.19209239488109,-70.17976286600607,27.44341563786008,100.0,44.82603056448429,314 days 09:00:00,57,0.0,29,35.714285714285715,29.461756373937657,-12.734422262552938,13.48900653039655,-4.895714930930367,6 days 11:11:59.999999999,3 days 19:03:31.764705882,1.4099837983163972,1.5498627479123628,0.736038459606674,0.6904079175894611,1.0515870437908845,1.155947519863538,long
1936,"{'window_k': 117, 'window_d': 147, 'window_ma': 12}","open_time
2022-01-01 00:00:00    100.000000
2022-01-01 01:00:00    100.000000
2022-01-01 02:00:00    100.000000
2022-01-01 03:00:00    100.000000
2022-01-01 04:00:00    100.000000
                          ...    
2023-05-01 19:00:00    128.767042
2023-05-01 20:00:00    128.767042
2023-05-01 21:00:00    128.767042
2023-05-01 22:00:00    128.767042
2023-05-01 23:00:00    128.767042
Freq: H, Length: 11664, dtype: float64",2022-01-01,2023-05-01 23:00:00,486 days,100.0,88.93473605553774,136.85156866135344,128.7670422289296,28.767042228929597,-70.17976286600607,14.90912208504801,100.0,30.50980501964692,286 days 02:00:00,58,0.0,29,62.06896551724138,24.21009437833402,-10.345449625687744,4.980299897526825,-5.128617618888997,2 days 05:40:00,2 days 22:16:21.818181818,1.4614626822052823,0.9919669734113654,0.6989987001585061,0.6853925627781933,1.0574043470116017,1.0114371628736563,long
570,"{'window_k': 42, 'window_d': 57, 'window_ma': 162}","open_time
2022-01-01 00:00:00    100.0000
2022-01-01 01:00:00    100.0000
2022-01-01 02:00:00    100.0000
2022-01-01 03:00:00    100.0000
2022-01-01 04:00:00    100.0000
                         ...   
2023-05-01 19:00:00    142.6427
2023-05-01 20:00:00    142.6427
2023-05-01 21:00:00    142.6427
2023-05-01 22:00:00    142.6427
2023-05-01 23:00:00    142.6427
Freq: H, Length: 11664, dtype: float64",2022-01-01,2023-05-01 23:00:00,486 days,100.0,87.31501909715931,175.33776635450687,142.6427001801395,42.6427001801395,-70.17976286600607,41.46090534979424,100.0,44.826030564484306,159 days 10:00:00,134,0.0,67,43.28358208955223,21.9162197419916,-15.315205462748446,8.122604866686483,-4.708036156990509,3 days 18:10:20.689655172,2 days 10:26:50.526315789,1.1844759118183166,0.6364582116438728,0.7217959865058005,0.6819862678487025,1.0398373461954948,1.131551689109897,long
1387,"{'window_k': 87, 'window_d': 102, 'window_ma': 177}","open_time
2022-01-01 00:00:00    100.000000
2022-01-01 01:00:00    100.000000
2022-01-01 02:00:00    100.000000
2022-01-01 03:00:00    100.000000
2022-01-01 04:00:00    100.000000
                          ...    
2023-05-01 19:00:00    140.651732
2023-05-01 20:00:00    140.328720
2023-05-01 21:00:00    141.035309
2023-05-01 22:00:00    141.661146
2023-05-01 23:00:00    141.661146
Freq: H, Length: 11664, dtype: float64",2022-01-01,2023-05-01 23:00:00,486 days,100.0,75.92198268609043,176.509504202718,141.66114607967654,41.66114607967654,-70.17976286600607,40.38065843621399,100.0,43.8883591133637,275 days 07:00:00,79,0.0,40,43.58974358974359,37.5357385976855,-12.783696155627597,10.236651974408643,-5.541713314203653,6 days 12:38:49.411764705,3 days 15:30:00,1.2383432170158961,1.0030108477764648,0.7290692575772388,0.6811685495277991,1.0373246872930428,1.0587053123152086,long
309,"{'window_k': 27, 'window_d': 57, 'window_ma': 87}","open_time
2022-01-01 00:00:00    100.00000
2022-01-01 01:00:00    100.00000
2022-01-01 02:00:00    100.00000
2022-01-01 03:00:00    100.00000
2022-01-01 04:00:00    100.00000
                         ...    
2023-05-01 19:00:00    142.41595
2023-05-01 20:00:00    142.41595
2023-05-01 21:00:00    142.41595
2023-05-01 22:00:00    142.41595
2023-05-01 23:00:00    142.41595
Freq: H, Length: 11664, dtype: float64",2022-01-01,2023-05-01 23:00:00,486 days,100.0,86.91628109757461,165.78391462248595,142.41595040176173,42.415950401761734,-70.17976286600607,41.40946502057613,100.0,44.8260305644843,172 days 03:00:00,166,0.0,83,37.34939759036144,24.71064814814814,-11.312618896639195,7.2642803021014055,-3.28038588962566,3 days 10:58:03.870967741,1 days 19:25:23.076923076,1.1982835291605334,0.5110355470091776,0.7201728887179928,0.6785080604213487,1.0404382123320535,1.1402757013760287,long
1641,"{'window_k': 102, 'window_d': 102, 'window_ma': 147}","open_time
2022-01-01 00:00:00    100.000000
2022-01-01 01:00:00    100.000000
2022-01-01 02:00:00    100.000000
2022-01-01 03:00:00    100.000000
2022-01-01 04:00:00    100.000000
                          ...    
2023-05-01 19:00:00    140.962032
2023-05-01 20:00:00    140.638307
2023-05-01 21:00:00    141.346456
2023-05-01 22:00:00    141.973673
2023-05-01 23:00:00    141.973673
Freq: H, Length: 11664, dtype: float64",2022-01-01,2023-05-01 23:00:00,486 days,100.0,77.07468572129304,165.54040151788973,141.97367319571828,41.97367319571829,-70.17976286600607,40.87791495198903,100.0,44.655791073108944,224 days 14:00:00,77,0.0,39,42.10526315789473,29.835683788329675,-15.526070763500949,11.081452418532193,-5.600615356551784,6 days 19:33:45,3 days 20:32:43.636363636,1.2567608277603746,1.0896619561698841,0.730857904430879,0.6742805897586291,1.0370949437645396,1.056177619599113,long
310,"{'window_k': 27, 'window_d': 57, 'window_ma': 102}","open_time
2022-01-01 00:00:00    100.000000
2022-01-01 01:00:00    100.000000
2022-01-01 02:00:00    100.000000
2022-01-01 03:00:00    100.000000
2022-01-01 04:00:00    100.000000
                          ...    
2023-05-01 19:00:00    142.072548
2023-05-01 20:00:00    142.072548
2023-05-01 21:00:00    142.072548
2023-05-01 22:00:00    142.072548
2023-05-01 23:00:00    142.072548
Freq: H, Length: 11664, dtype: float64",2022-01-01,2023-05-01 23:00:00,486 days,100.0,87.4914555189125,170.0609715603575,142.07254839544748,42.07254839544747,-70.17976286600607,42.04389574759945,100.0,44.82603056448429,172 days 03:00:00,166,0.0,83,37.34939759036144,24.710648148148127,-11.312618896639206,7.48871513493308,-3.407466062032173,3 days 11:54:11.612903225,1 days 20:17:18.461538461,1.1868353202108468,0.5068981734391258,0.7175827149792146,0.6732378502249554,1.03994497886763,1.133445993523901,long
572,"{'window_k': 42, 'window_d': 57, 'window_ma': 192}","open_time
2022-01-01 00:00:00    100.000000
2022-01-01 01:00:00    100.000000
2022-01-01 02:00:00    100.000000
2022-01-01 03:00:00    100.000000
2022-01-01 04:00:00    100.000000
                          ...    
2023-05-01 19:00:00    141.919071
2023-05-01 20:00:00    141.919071
2023-05-01 21:00:00    141.919071
2023-05-01 22:00:00    141.919071
2023-05-01 23:00:00    141.919071
Freq: H, Length: 11664, dtype: float64",2022-01-01,2023-05-01 23:00:00,486 days,100.0,87.31501909715931,174.44827422695917,141.9190708018237,41.91907080182368,-70.17976286600607,41.958161865569274,100.0,44.826030564484306,159 days 10:00:00,134,0.0,67,43.28358208955223,21.91621974199159,-15.315205462748446,8.122604866686482,-4.721363674679759,3 days 18:10:20.689655172,2 days 11:58:25.263157894,1.1811455760418448,0.6256577731615471,0.716507555740395,0.6708813956076962,1.0393413336095538,1.1233008955214028,long
573,"{'window_k': 42, 'window_d': 57, 'window_ma': 207}","open_time
2022-01-01 00:00:00    100.000000
2022-01-01 01:00:00    100.000000
2022-01-01 02:00:00    100.000000
2022-01-01 03:00:00    100.000000
2022-01-01 04:00:00    100.000000
                          ...    
2023-05-01 19:00:00    141.919071
2023-05-01 20:00:00    141.919071
2023-05-01 21:00:00    141.919071
2023-05-01 22:00:00    141.919071
2023-05-01 23:00:00    141.919071
Freq: H, Length: 11664, dtype: float64",2022-01-01,2023-05-01 23:00:00,486 days,100.0,87.31501909715931,174.44827422695917,141.9190708018237,41.91907080182368,-70.17976286600607,41.958161865569274,100.0,44.826030564484306,159 days 10:00:00,134,0.0,67,43.28358208955223,21.91621974199159,-15.315205462748446,8.122604866686482,-4.721363674679759,3 days 18:10:20.689655172,2 days 11:58:25.263157894,1.1811455760418448,0.6256577731615471,0.716507555740395,0.6708813956076962,1.0393413336095538,1.1233008955214028,long
574,"{'window_k': 42, 'window_d': 57, 'window_ma': 222}","open_time
2022-01-01 00:00:00    100.000000
2022-01-01 01:00:00    100.000000
2022-01-01 02:00:00    100.000000
2022-01-01 03:00:00    100.000000
2022-01-01 04:00:00    100.000000
                          ...    
2023-05-01 19:00:00    141.919071
2023-05-01 20:00:00    141.919071
2023-05-01 21:00:00    141.919071
2023-05-01 22:00:00    141.919071
2023-05-01 23:00:00    141.919071
Freq: H, Length: 11664, dtype: float64",2022-01-01,2023-05-01 23:00:00,486 days,100.0,87.31501909715931,174.44827422695917,141.9190708018237,41.91907080182368,-70.17976286600607,41.958161865569274,100.0,44.826030564484306,159 days 10:00:00,134,0.0,67,43.28358208955223,21.91621974199159,-15.315205462748446,8.122604866686482,-4.721363674679759,3 days 18:10:20.689655172,2 days 11:58:25.263157894,1.1811455760418448,0.6256577731615471,0.716507555740395,0.6708813956076962,1.0393413336095538,1.1233008955214028,long
2448,"{'window_k': 147, 'window_d': 147, 'window_ma': 12}","open_time
2022-01-01 00:00:00    100.000000
2022-01-01 01:00:00    100.000000
2022-01-01 02:00:00    100.000000
2022-01-01 03:00:00    100.000000
2022-01-01 04:00:00    100.000000
                          ...    
2023-05-01 19:00:00    123.094983
2023-05-01 20:00:00    123.094983
2023-05-01 21:00:00    123.094983
2023-05-01 22:00:00    123.094983
2023-05-01 23:00:00    123.094983
Freq: H, Length: 11664, dtype: float64",2022-01-01,2023-05-01 23:00:00,486 days,100.0,96.28981585318591,131.2055235051238,123.09498251925224,23.09498251925224,-70.17976286600607,14.40329218106996,100.0,25.4293271797583,212 days 13:00:00,56,0.0,28,39.285714285714285,20.560747663551417,-13.651907847372211,6.916563614945305,-2.8624957891330487,2 days 21:00:00,2 days 06:10:35.294117647,1.4024788155740657,0.8248208042590086,0.6247535566192588,0.6641487018585898,1.0510071645138777,0.8966071412204365,long
312,"{'window_k': 27, 'window_d': 57, 'window_ma': 132}","open_time
2022-01-01 00:00:00    100.000000
2022-01-01 01:00:00    100.000000
2022-01-01 02:00:00    100.000000
2022-01-01 03:00:00    100.000000
2022-01-01 04:00:00    100.000000
                          ...    
2023-05-01 19:00:00    141.324681
2023-05-01 20:00:00    141.324681
2023-05-01 21:00:00    141.324681
2023-05-01 22:00:00    141.324681
2023-05-01 23:00:00    141.324681
Freq: H, Length: 11664, dtype: float64",2022-01-01,2023-05-01 23:00:00,486 days,100.0,87.4914555189125,166.88100099060924,141.32468071124072,41.3246807112407,-70.17976286600607,42.00102880658436,100.0,44.82603056448429,172 days 03:00:00,166,0.0,83,37.34939759036144,24.710648148148138,-11.312618896639187,7.4262801713534765,-3.381889553709437,3 days 11:56:07.741935483,1 days 20:10:23.076923076,1.1856354363360435,0.49788771941253884,0.711998621675944,0.6617492911575672,1.0396431847913534,1.1243438186632475,long
968,"{'window_k': 57, 'window_d': 192, 'window_ma': 132}","open_time
2022-01-01 00:00:00    100.000000
2022-01-01 01:00:00    100.000000
2022-01-01 02:00:00    100.000000
2022-01-01 03:00:00    100.000000
2022-01-01 04:00:00    100.000000
                          ...    
2023-05-01 19:00:00    138.393274
2023-05-01 20:00:00    138.075448
2023-05-01 21:00:00    138.770692
2023-05-01 22:00:00    139.386479
2023-05-01 23:00:00    139.386479
Freq: H, Length: 11664, dtype: float64",2022-01-01,2023-05-01 23:00:00,486 days,100.0,82.63233573367604,149.12827624433422,139.38647941244744,39.38647941244743,-70.17976286600607,38.09156378600823,100.0,42.99198974626969,283 days 17:00:00,57,0.0,29,35.714285714285715,44.42615591800092,-12.900311213733556,16.759349090088776,-6.03779678624901,10 days 07:06:00,4 days 10:26:40,1.331173686256501,1.4627051543736993,0.7262326316073001,0.658861456315527,1.036195267012644,1.033981570966539,long
1886,"{'window_k': 117, 'window_d': 87, 'window_ma': 222}","open_time
2022-01-01 00:00:00    100.000000
2022-01-01 01:00:00    100.000000
2022-01-01 02:00:00    100.000000
2022-01-01 03:00:00    100.000000
2022-01-01 04:00:00    100.000000
                          ...    
2023-05-01 19:00:00    140.099182
2023-05-01 20:00:00    139.777439
2023-05-01 21:00:00    140.481253
2023-05-01 22:00:00    141.104631
2023-05-01 23:00:00    141.104631
Freq: H, Length: 11664, dtype: float64",2022-01-01,2023-05-01 23:00:00,486 days,100.0,84.7456822321197,205.94606516134613,141.1046308397722,41.104630839772184,-70.17976286600607,37.68861454046639,100.0,44.826030564484284,194 days 16:00:00,79,0.0,40,41.02564102564102,37.21609775534599,-21.896286530432878,12.108193248253492,-5.872934055935549,6 days 06:41:15,3 days 09:05:13.043478260,1.2039113564297856,1.0622147264925035,0.7120165959229403,0.658366059783595,1.0408329180249205,1.1039838042224364,long
1646,"{'window_k': 102, 'window_d': 102, 'window_ma': 222}","open_time
2022-01-01 00:00:00    100.000000
2022-01-01 01:00:00    100.000000
2022-01-01 02:00:00    100.000000
2022-01-01 03:00:00    100.000000
2022-01-01 04:00:00    100.000000
                          ...    
2023-05-01 19:00:00    139.848967
2023-05-01 20:00:00    139.527798
2023-05-01 21:00:00    140.230355
2023-05-01 22:00:00    140.852620
2023-05-01 23:00:00    140.852620
Freq: H, Length: 11664, dtype: float64",2022-01-01,2023-05-01 23:00:00,486 days,100.0,75.17448957334301,164.9752061518359,140.8526199044823,40.85261990448231,-70.17976286600607,41.02366255144033,100.0,44.65579107310895,224 days 11:00:00,77,0.0,39,44.73684210526316,29.835683788329675,-15.526070763500947,10.303918438237638,-5.807388865435254,6 days 17:28:14.117647058,3 days 19:40:00,1.2564195731214283,1.0602782734877954,0.721556518713143,0.6569849035235673,1.0365557868092172,1.0435276652052554,long
811,"{'window_k': 57, 'window_d': 42, 'window_ma': 177}","open_time
2022-01-01 00:00:00    100.00000
2022-01-01 01:00:00    100.00000
2022-01-01 02:00:00    100.00000
2022-01-01 03:00:00    100.00000
2022-01-01 04:00:00    100.00000
                         ...    
2023-05-01 19:00:00    143.58709
2023-05-01 20:00:00    143.58709
2023-05-01 21:00:00    143.58709
2023-05-01 22:00:00    143.58709
2023-05-01 23:00:00    143.58709
Freq: H, Length: 11664, dtype: float64",2022-01-01,2023-05-01 23:00:00,486 days,100.0,76.78544306888541,170.02843971290162,143.5870901828177,43.587090182817676,-70.17976286600607,38.66598079561043,100.0,47.52199739802802,183 days 03:00:00,148,0.0,74,43.24324324324324,20.649523387275533,-19.85583224115333,6.72499743951081,-3.8411082311503293,3 days 05:46:52.500000,2 days 00:07:08.571428571,1.2374226342228372,0.5890147322002401,0.7292161664887444,0.6569471802800949,1.0418018584253153,1.1459858442435407,long
1622,"{'window_k': 102, 'window_d': 87, 'window_ma': 102}","open_time
2022-01-01 00:00:00    100.000000
2022-01-01 01:00:00    100.000000
2022-01-01 02:00:00    100.000000
2022-01-01 03:00:00    100.000000
2022-01-01 04:00:00    100.000000
                          ...    
2023-05-01 19:00:00    139.984316
2023-05-01 20:00:00    139.662836
2023-05-01 21:00:00    140.366073
2023-05-01 22:00:00    140.988940
2023-05-01 23:00:00    140.988940
Freq: H, Length: 11664, dtype: float64",2022-01-01,2023-05-01 23:00:00,486 days,100.0,68.44357836713795,227.70027896592018,140.98893986620652,40.988939866206536,-70.17976286600607,36.2997256515775,100.0,44.82603056448429,194 days 16:00:00,81,0.0,41,45.0,38.861286424063344,-21.941747572815526,10.263497029386397,-5.784955976169503,5 days 14:39:59.999999999,3 days 04:27:16.363636363,1.216775397980283,1.0834940038674548,0.7119344369439784,0.6565868028800731,1.0423198443078954,1.1026831329605162,long
568,"{'window_k': 42, 'window_d': 57, 'window_ma': 132}","open_time
2022-01-01 00:00:00    100.000000
2022-01-01 01:00:00    100.000000
2022-01-01 02:00:00    100.000000
2022-01-01 03:00:00    100.000000
2022-01-01 04:00:00    100.000000
                          ...    
2023-05-01 19:00:00    140.839447
2023-05-01 20:00:00    140.839447
2023-05-01 21:00:00    140.839447
2023-05-01 22:00:00    140.839447
2023-05-01 23:00:00    140.839447
Freq: H, Length: 11664, dtype: float64",2022-01-01,2023-05-01 23:00:00,486 days,100.0,87.31501909715931,173.12119081498076,140.83944736880858,40.839447368808564,-70.17976286600607,41.79526748971193,100.0,44.826030564484306,159 days 10:00:00,134,0.0,67,43.28358208955223,21.9162197419916,-15.315205462748446,8.09588390982174,-4.721363674679759,3 days 17:31:02.068965517,2 days 11:58:25.263157894,1.1767689541509108,0.6095439905792319,0.7085677773726591,0.6542871606437844,1.0389576380654977,1.110865100449685,long
1216,"{'window_k': 72, 'window_d': 192, 'window_ma': 12}","open_time
2022-01-01 00:00:00    100.000000
2022-01-01 01:00:00    100.000000
2022-01-01 02:00:00    100.000000
2022-01-01 03:00:00    100.000000
2022-01-01 04:00:00    100.000000
                          ...    
2023-05-01 19:00:00    127.550239
2023-05-01 20:00:00    127.257314
2023-05-01 21:00:00    127.898086
2023-05-01 22:00:00    127.898086
2023-05-01 23:00:00    127.898086
Freq: H, Length: 11664, dtype: float64",2022-01-01,2023-05-01 23:00:00,486 days,100.0,100.0,148.59644811020797,127.89808617060658,27.89808617060657,-70.17976286600607,16.41803840877915,100.0,31.20756930074072,315 days 13:00:00,54,0.0,27,40.74074074074074,20.445884146341488,-7.974137931034489,7.674161086345493,-3.266327006494278,2 days 16:43:38.181818181,3 days 03:11:15,1.4168432720478306,1.0332624507632064,0.7011442094891274,0.6504153087525463,1.053117808638621,0.9989341448428979,long
306,"{'window_k': 27, 'window_d': 57, 'window_ma': 42}","open_time
2022-01-01 00:00:00    100.000000
2022-01-01 01:00:00    100.000000
2022-01-01 02:00:00    100.000000
2022-01-01 03:00:00    100.000000
2022-01-01 04:00:00    100.000000
                          ...    
2023-05-01 19:00:00    140.534882
2023-05-01 20:00:00    140.534882
2023-05-01 21:00:00    140.534882
2023-05-01 22:00:00    140.534882
2023-05-01 23:00:00    140.534882
Freq: H, Length: 11664, dtype: float64",2022-01-01,2023-05-01 23:00:00,486 days,100.0,81.62546329361379,181.2280774732673,140.53488210748705,40.53488210748705,-70.17976286600607,36.21399176954733,100.0,44.826030564484284,172 days 03:00:00,164,0.0,82,36.58536585365854,26.157407407407398,-11.312618896639194,6.998346947273375,-3.032461035623028,3 days 00:02:00,1 days 15:40:23.076923076,1.1977682412702213,0.494327830579111,0.706799804793026,0.6496001535510466,1.0431845387795295,1.1345598593889656,long
546,"{'window_k': 42, 'window_d': 42, 'window_ma': 42}","open_time
2022-01-01 00:00:00    100.000000
2022-01-01 01:00:00    100.000000
2022-01-01 02:00:00    100.000000
2022-01-01 03:00:00    100.000000
2022-01-01 04:00:00    100.000000
                          ...    
2023-05-01 19:00:00    142.481393
2023-05-01 20:00:00    142.481393
2023-05-01 21:00:00    142.481393
2023-05-01 22:00:00    142.481393
2023-05-01 23:00:00    142.481393
Freq: H, Length: 11664, dtype: float64",2022-01-01,2023-05-01 23:00:00,486 days,100.0,53.69412518691162,158.82739842289723,142.48139253133388,42.48139253133387,-70.17976286600607,35.55384087791495,100.0,47.596776644648294,235 days 10:00:00,172,0.0,86,39.53488372093023,26.36842671254972,-18.872870249017044,7.611805084620442,-3.83315465804964,2 days 19:14:07.058823529,1 days 11:47:18.461538461,1.2283336146947161,0.49396968059690494,0.7224241745827618,0.6399556832187097,1.0441337778080029,1.1422473902949526,long
1617,"{'window_k': 102, 'window_d': 87, 'window_ma': 27}","open_time
2022-01-01 00:00:00    100.000000
2022-01-01 01:00:00    100.000000
2022-01-01 02:00:00    100.000000
2022-01-01 03:00:00    100.000000
2022-01-01 04:00:00    100.000000
                          ...    
2023-05-01 19:00:00    138.837239
2023-05-01 20:00:00    138.518393
2023-05-01 21:00:00    139.215868
2023-05-01 22:00:00    139.833630
2023-05-01 23:00:00    139.833630
Freq: H, Length: 11664, dtype: float64",2022-01-01,2023-05-01 23:00:00,486 days,100.0,66.44789899276029,181.28337985065733,139.83363044837796,39.83363044837796,-70.17976286600607,28.060699588477366,100.0,44.8260305644843,133 days 06:00:00,81,0.0,41,50.0,25.200256328099968,-21.941747572815526,7.811292635999748,-5.26272690580172,3 days 20:42:00,2 days 16:33:00,1.2956982022928314,1.054129683692206,0.7071062404039344,0.6387988425829692,1.049424136921791,1.1172174056777677,long
818,"{'window_k': 57, 'window_d': 57, 'window_ma': 42}","open_time
2022-01-01 00:00:00    100.000000
2022-01-01 01:00:00    100.000000
2022-01-01 02:00:00    100.000000
2022-01-01 03:00:00    100.000000
2022-01-01 04:00:00    100.000000
                          ...    
2023-05-01 19:00:00    143.846415
2023-05-01 20:00:00    143.846415
2023-05-01 21:00:00    143.846415
2023-05-01 22:00:00    143.846415
2023-05-01 23:00:00    143.846415
Freq: H, Length: 11664, dtype: float64",2022-01-01,2023-05-01 23:00:00,486 days,100.0,82.35221400376237,194.97309087348847,143.84641518375003,43.84641518375004,-70.17976286600607,33.6076817558299,100.0,49.16134064997978,194 days 16:00:00,134,0.0,67,41.7910447761194,31.82161753590325,-14.93735555285246,7.391964598141867,-3.855689677185504,3 days 00:08:34.285714285,2 days 00:43:04.615384615,1.2188598491476736,0.6544241072201484,0.7332697423725708,0.638660112680707,1.0466677430793734,1.177100059600162,long
316,"{'window_k': 27, 'window_d': 57, 'window_ma': 192}","open_time
2022-01-01 00:00:00    100.000000
2022-01-01 01:00:00    100.000000
2022-01-01 02:00:00    100.000000
2022-01-01 03:00:00    100.000000
2022-01-01 04:00:00    100.000000
                          ...    
2023-05-01 19:00:00    139.786553
2023-05-01 20:00:00    139.786553
2023-05-01 21:00:00    139.786553
2023-05-01 22:00:00    139.786553
2023-05-01 23:00:00    139.786553
Freq: H, Length: 11664, dtype: float64",2022-01-01,2023-05-01 23:00:00,486 days,100.0,87.72404051878725,167.32463308432972,139.78655310214302,39.78655310214302,-70.17976286600607,41.98388203017833,100.0,44.82603056448429,172 days 03:00:00,166,0.0,83,37.34939759036144,24.71064814814816,-11.3126188966392,7.426280171353479,-3.4024526298175592,3 days 11:56:07.741935483,1 days 20:08:04.615384615,1.178054323244803,0.4793560614716035,0.7004168037366948,0.6380732323692294,1.0389986537646514,1.1060971685061556,long
1879,"{'window_k': 117, 'window_d': 87, 'window_ma': 117}","open_time
2022-01-01 00:00:00    100.000000
2022-01-01 01:00:00    100.000000
2022-01-01 02:00:00    100.000000
2022-01-01 03:00:00    100.000000
2022-01-01 04:00:00    100.000000
                          ...    
2023-05-01 19:00:00    138.532823
2023-05-01 20:00:00    138.214677
2023-05-01 21:00:00    138.910622
2023-05-01 22:00:00    139.527030
2023-05-01 23:00:00    139.527030
Freq: H, Length: 11664, dtype: float64",2022-01-01,2023-05-01 23:00:00,486 days,100.0,84.38325104847245,229.11292808329995,139.52703012355863,39.52703012355863,-70.17976286600607,36.22256515775034,100.0,44.82603056448429,194 days 16:00:00,79,0.0,40,43.58974358974359,37.21609775534599,-21.896286530432885,11.191480299659572,-6.070350318053365,5 days 19:38:49.411764705,3 days 06:40:54.545454545,1.186834202646596,1.0216711899635236,0.7000588134437169,0.6340720727753943,1.0412501202972562,1.0893431424021232,long
318,"{'window_k': 27, 'window_d': 57, 'window_ma': 222}","open_time
2022-01-01 00:00:00    100.000000
2022-01-01 01:00:00    100.000000
2022-01-01 02:00:00    100.000000
2022-01-01 03:00:00    100.000000
2022-01-01 04:00:00    100.000000
                          ...    
2023-05-01 19:00:00    139.415933
2023-05-01 20:00:00    139.415933
2023-05-01 21:00:00    139.415933
2023-05-01 22:00:00    139.415933
2023-05-01 23:00:00    139.415933
Freq: H, Length: 11664, dtype: float64",2022-01-01,2023-05-01 23:00:00,486 days,100.0,87.4914555189125,166.88100099060924,139.4159334265845,39.41593342658449,-70.17976286600607,42.05246913580247,100.0,44.82603056448429,172 days 03:00:00,166,0.0,83,37.34939759036144,24.710648148148145,-11.312618896639187,7.426280171353477,-3.4074660620321704,3 days 11:56:07.741935483,1 days 20:17:18.461538461,1.1765399272285766,0.4748907641757172,0.6976110912481062,0.6323586885793204,1.0388006823694695,1.101472957245414,long
311,"{'window_k': 27, 'window_d': 57, 'window_ma': 117}","open_time
2022-01-01 00:00:00    100.000000
2022-01-01 01:00:00    100.000000
2022-01-01 02:00:00    100.000000
2022-01-01 03:00:00    100.000000
2022-01-01 04:00:00    100.000000
                          ...    
2023-05-01 19:00:00    139.415933
2023-05-01 20:00:00    139.415933
2023-05-01 21:00:00    139.415933
2023-05-01 22:00:00    139.415933
2023-05-01 23:00:00    139.415933
Freq: H, Length: 11664, dtype: float64",2022-01-01,2023-05-01 23:00:00,486 days,100.0,87.4914555189125,166.88100099060924,139.4159334265845,39.41593342658449,-70.17976286600607,42.05246913580247,100.0,44.82603056448429,172 days 03:00:00,166,0.0,83,37.34939759036144,24.710648148148145,-11.312618896639187,7.426280171353477,-3.4074660620321704,3 days 11:56:07.741935483,1 days 20:17:18.461538461,1.1765399272285766,0.4748907641757172,0.6976110912481062,0.6323586885793204,1.0388006823694695,1.101472957245414,long
3699,"{'window_k': 222, 'window_d': 117, 'window_ma': 57}","open_time
2022-01-01 00:00:00    100.000000
2022-01-01 01:00:00    100.000000
2022-01-01 02:00:00    100.000000
2022-01-01 03:00:00    100.000000
2022-01-01 04:00:00    100.000000
                          ...    
2023-05-01 19:00:00    138.245163
2023-05-01 20:00:00    137.927678
2023-05-01 21:00:00    138.622177
2023-05-01 22:00:00    139.237306
2023-05-01 23:00:00    139.237306
Freq: H, Length: 11664, dtype: float64",2022-01-01,2023-05-01 23:00:00,486 days,100.0,84.9627669055562,162.71657469042486,139.23730596861822,39.237305968618216,-70.17976286600607,26.406035665294926,100.0,44.826030564484284,314 days 09:00:00,59,0.0,30,37.93103448275862,30.199430199430193,-15.355431309904155,11.998424891496823,-4.5807486719527155,6 days 06:49:05.454545454,3 days 03:46:39.999999999,1.390622326245169,1.4022755672752103,0.7033944109768999,0.6296031011334431,1.0505911565685726,1.115521943986308,long
888,"{'window_k': 57, 'window_d': 117, 'window_ma': 132}","open_time
2022-01-01 00:00:00    100.000000
2022-01-01 01:00:00    100.000000
2022-01-01 02:00:00    100.000000
2022-01-01 03:00:00    100.000000
2022-01-01 04:00:00    100.000000
                          ...    
2023-05-01 19:00:00    141.352825
2023-05-01 20:00:00    141.028203
2023-05-01 21:00:00    141.738315
2023-05-01 22:00:00    142.367271
2023-05-01 23:00:00    142.367271
Freq: H, Length: 11664, dtype: float64",2022-01-01,2023-05-01 23:00:00,486 days,100.0,88.98263609131124,242.33332356652576,142.36727090963217,42.36727090963217,-70.17976286600607,41.1522633744856,100.0,48.33450468992713,194 days 16:00:00,77,0.0,39,44.73684210526316,31.880464570011757,-22.404978884196485,11.46940172830039,-6.526165747882147,6 days 10:07:03.529411764,4 days 02:00:00,1.169822167579875,1.0476544326120578,0.738912907794435,0.6285642718795562,1.036581201935886,1.0573722782318822,long
569,"{'window_k': 42, 'window_d': 57, 'window_ma': 147}","open_time
2022-01-01 00:00:00    100.000000
2022-01-01 01:00:00    100.000000
2022-01-01 02:00:00    100.000000
2022-01-01 03:00:00    100.000000
2022-01-01 04:00:00    100.000000
                          ...    
2023-05-01 19:00:00    139.159777
2023-05-01 20:00:00    139.159777
2023-05-01 21:00:00    139.159777
2023-05-01 22:00:00    139.159777
2023-05-01 23:00:00    139.159777
Freq: H, Length: 11664, dtype: float64",2022-01-01,2023-05-01 23:00:00,486 days,100.0,87.3842520880479,171.0565243120827,139.1597772608331,39.15977726083308,-70.17976286600607,41.8724279835391,100.0,44.82603056448429,160 days 20:00:00,134,0.0,67,41.7910447761194,21.91621974199159,-15.315205462748448,8.407429597480565,-4.64642015093942,3 days 20:10:42.857142857,2 days 11:03:04.615384615,1.1691210461914436,0.5844742874751212,0.6960972050287941,0.6284068345799285,1.0382315987707147,1.0910786383820528,long
313,"{'window_k': 27, 'window_d': 57, 'window_ma': 147}","open_time
2022-01-01 00:00:00    100.000000
2022-01-01 01:00:00    100.000000
2022-01-01 02:00:00    100.000000
2022-01-01 03:00:00    100.000000
2022-01-01 04:00:00    100.000000
                          ...    
2023-05-01 19:00:00    139.111739
2023-05-01 20:00:00    139.111739
2023-05-01 21:00:00    139.111739
2023-05-01 22:00:00    139.111739
2023-05-01 23:00:00    139.111739
Freq: H, Length: 11664, dtype: float64",2022-01-01,2023-05-01 23:00:00,486 days,100.0,87.4914555189125,166.5168804375137,139.11173938119714,39.111739381197125,-70.17976286600607,42.04389574759945,100.0,44.82603056448429,172 days 03:00:00,166,0.0,83,37.34939759036144,24.710648148148127,-11.312618896639194,7.4262801713534765,-3.41150613960166,3 days 11:56:07.741935483,1 days 20:16:09.230769230,1.1751547626251952,0.4712257756770728,0.695299934754519,0.6276655277123873,1.038672006625068,1.097820112912401,long
3184,"{'window_k': 192, 'window_d': 117, 'window_ma': 12}","open_time
2022-01-01 00:00:00    100.000000
2022-01-01 01:00:00    100.000000
2022-01-01 02:00:00    100.000000
2022-01-01 03:00:00    100.000000
2022-01-01 04:00:00    100.000000
                          ...    
2023-05-01 19:00:00    125.653373
2023-05-01 20:00:00    125.653373
2023-05-01 21:00:00    125.653373
2023-05-01 22:00:00    125.653373
2023-05-01 23:00:00    125.653373
Freq: H, Length: 11664, dtype: float64",2022-01-01,2023-05-01 23:00:00,486 days,100.0,90.0293414475114,136.97046103642282,125.653373285678,25.653373285678,-70.17976286600607,17.463991769547324,100.0,30.07992648650493,286 days 02:00:00,58,0.0,29,51.724137931034484,20.806172675269384,-13.336326897171084,7.337504163788931,-5.487975036466454,2 days 16:48:00,3 days 04:04:17.142857142,1.2857632909247427,0.8845990788164828,0.5889002503605318,0.621967154385015,1.0528172095154773,0.9295908762152373,long
1121,"{'window_k': 72, 'window_d': 102, 'window_ma': 27}","open_time
2022-01-01 00:00:00    100.000000
2022-01-01 01:00:00    100.000000
2022-01-01 02:00:00    100.000000
2022-01-01 03:00:00    100.000000
2022-01-01 04:00:00    100.000000
                          ...    
2023-05-01 19:00:00    137.404087
2023-05-01 20:00:00    137.088533
2023-05-01 21:00:00    137.778808
2023-05-01 22:00:00    138.390194
2023-05-01 23:00:00    138.390194
Freq: H, Length: 11664, dtype: float64",2022-01-01,2023-05-01 23:00:00,486 days,100.0,70.13326899664723,170.46962947925203,138.39019401258253,38.39019401258251,-70.17976286600607,31.28429355281207,100.0,44.5521913203672,133 days 07:00:00,83,0.0,42,53.65853658536586,19.841116062778532,-19.102132435465773,7.009403725244197,-5.561979656520126,4 days 03:21:49.090909090,2 days 22:12:37.894736842,1.2853687895268102,1.0051331405266328,0.7085845271860709,0.6203126098203117,1.0421173124972873,1.0322517334766057,long
2338,"{'window_k': 147, 'window_d': 42, 'window_ma': 42}","open_time
2022-01-01 00:00:00    100.000000
2022-01-01 01:00:00    100.000000
2022-01-01 02:00:00    100.000000
2022-01-01 03:00:00    100.000000
2022-01-01 04:00:00    100.000000
                          ...    
2023-05-01 19:00:00    138.586853
2023-05-01 20:00:00    138.586853
2023-05-01 21:00:00    138.586853
2023-05-01 22:00:00    138.586853
2023-05-01 23:00:00    138.586853
Freq: H, Length: 11664, dtype: float64",2022-01-01,2023-05-01 23:00:00,486 days,100.0,77.77529470177353,153.61871652349038,138.58685335167547,38.58685335167549,-70.17976286600607,30.66700960219479,100.0,44.826030564484306,305 days 13:00:00,120,0.0,60,30.0,26.578603570910143,-15.937687237866987,11.110732533847486,-3.531605597142082,3 days 14:00:00,2 days 00:18:34.285714285,1.2409200132584906,0.6431142225279243,0.6920694315328006,0.6195614772729003,1.046032305059905,1.1134309362439687,long
1664,"{'window_k': 102, 'window_d': 132, 'window_ma': 12}","open_time
2022-01-01 00:00:00    100.000000
2022-01-01 01:00:00    100.000000
2022-01-01 02:00:00    100.000000
2022-01-01 03:00:00    100.000000
2022-01-01 04:00:00    100.000000
                          ...    
2023-05-01 19:00:00    129.278446
2023-05-01 20:00:00    129.278446
2023-05-01 21:00:00    129.278446
2023-05-01 22:00:00    129.278446
2023-05-01 23:00:00    129.278446
Freq: H, Length: 11664, dtype: float64",2022-01-01,2023-05-01 23:00:00,486 days,100.0,76.7680641809017,130.40950554142788,129.27844637292878,29.278446372928794,-70.17976286600607,17.91838134430727,100.0,34.50668342155104,320 days 06:00:00,70,0.0,35,54.285714285714285,19.489603024574677,-11.566043221242388,4.808602664526907,-3.6770732504885726,2 days 12:34:44.210526315,2 days 10:41:15,1.4824777109834932,0.8365270392265369,0.6765079560452062,0.6164505128832001,1.0507510907702517,0.9692539299174233,long
1644,"{'window_k': 102, 'window_d': 102, 'window_ma': 192}","open_time
2022-01-01 00:00:00    100.000000
2022-01-01 01:00:00    100.000000
2022-01-01 02:00:00    100.000000
2022-01-01 03:00:00    100.000000
2022-01-01 04:00:00    100.000000
                          ...    
2023-05-01 19:00:00    136.868439
2023-05-01 20:00:00    136.554115
2023-05-01 21:00:00    137.241698
2023-05-01 22:00:00    137.850701
2023-05-01 23:00:00    137.850701
Freq: H, Length: 11664, dtype: float64",2022-01-01,2023-05-01 23:00:00,486 days,100.0,75.17448957334301,161.45917523262318,137.8507011423353,37.850701142335296,-70.17976286600607,41.26371742112483,100.0,44.65579107310895,224 days 14:00:00,77,0.0,39,42.10526315789473,29.835683788329675,-15.526070763500933,10.919998663282655,-5.620422650747609,6 days 21:11:15,3 days 21:24:32.727272727,1.236290382634071,0.9815956372260644,0.6960153229779649,0.6105012151543682,1.0351564917968996,1.0056023025062197,long
326,"{'window_k': 27, 'window_d': 72, 'window_ma': 102}","open_time
2022-01-01 00:00:00    100.000000
2022-01-01 01:00:00    100.000000
2022-01-01 02:00:00    100.000000
2022-01-01 03:00:00    100.000000
2022-01-01 04:00:00    100.000000
                          ...    
2023-05-01 19:00:00    137.975463
2023-05-01 20:00:00    137.975463
2023-05-01 21:00:00    137.975463
2023-05-01 22:00:00    137.975463
2023-05-01 23:00:00    137.975463
Freq: H, Length: 11664, dtype: float64",2022-01-01,2023-05-01 23:00:00,486 days,100.0,90.72088318483978,195.57115002697557,137.9754631896201,37.975463189620086,-70.17976286600607,40.32064471879287,100.0,44.8260305644843,187 days 17:00:00,134,0.0,67,44.776119402985074,20.26143790849672,-16.093469143199524,7.191752203206543,-4.440662594655663,3 days 22:02:00,2 days 02:51:53.513513513,1.1656033183202814,0.566797958054031,0.6867255913939162,0.6101121925720452,1.0392579589969766,1.0854077353303782,long
884,"{'window_k': 57, 'window_d': 117, 'window_ma': 72}","open_time
2022-01-01 00:00:00    100.000000
2022-01-01 01:00:00    100.000000
2022-01-01 02:00:00    100.000000
2022-01-01 03:00:00    100.000000
2022-01-01 04:00:00    100.000000
                          ...    
2023-05-01 19:00:00    138.878754
2023-05-01 20:00:00    138.878754
2023-05-01 21:00:00    138.878754
2023-05-01 22:00:00    138.878754
2023-05-01 23:00:00    138.878754
Freq: H, Length: 11664, dtype: float64",2022-01-01,2023-05-01 23:00:00,486 days,100.0,88.71580254027346,229.50071783162514,138.8787538588855,38.8787538588855,-70.17976286600607,39.17181069958848,100.0,46.44933080951642,194 days 16:00:00,78,0.0,39,46.15384615384615,31.880464570011757,-22.404978884196478,10.810990259458244,-6.60138101917585,5 days 14:36:40,4 days 06:11:25.714285714,1.1737786968302895,0.9968911245868091,0.7101063202679048,0.6022594318166442,1.0361026163291553,1.017431197928761,long
308,"{'window_k': 27, 'window_d': 57, 'window_ma': 72}","open_time
2022-01-01 00:00:00    100.00000
2022-01-01 01:00:00    100.00000
2022-01-01 02:00:00    100.00000
2022-01-01 03:00:00    100.00000
2022-01-01 04:00:00    100.00000
                         ...    
2023-05-01 19:00:00    137.38302
2023-05-01 20:00:00    137.38302
2023-05-01 21:00:00    137.38302
2023-05-01 22:00:00    137.38302
2023-05-01 23:00:00    137.38302
Freq: H, Length: 11664, dtype: float64",2022-01-01,2023-05-01 23:00:00,486 days,100.0,86.54117998201464,165.06844761755303,137.38301953001397,37.38301953001397,-70.17976286600607,41.76954732510288,100.0,44.82603056448429,172 days 03:00:00,166,0.0,83,37.34939759036144,24.710648148148152,-11.312618896639183,7.379557051088785,-3.4080875119992324,3 days 11:07:44.516129032,1 days 20:08:04.615384615,1.1692613930643274,0.4503978256628196,0.6820587563601331,0.6009457837018849,1.0380045148245751,1.0768887463853116,long
1642,"{'window_k': 102, 'window_d': 102, 'window_ma': 162}","open_time
2022-01-01 00:00:00    100.000000
2022-01-01 01:00:00    100.000000
2022-01-01 02:00:00    100.000000
2022-01-01 03:00:00    100.000000
2022-01-01 04:00:00    100.000000
                          ...    
2023-05-01 19:00:00    136.045392
2023-05-01 20:00:00    135.732958
2023-05-01 21:00:00    136.416407
2023-05-01 22:00:00    137.021748
2023-05-01 23:00:00    137.021748
Freq: H, Length: 11664, dtype: float64",2022-01-01,2023-05-01 23:00:00,486 days,100.0,75.17448957334301,160.48825425649486,137.0217477111026,37.02174771110259,-70.17976286600607,41.00651577503429,100.0,44.65579107310895,224 days 14:00:00,77,0.0,39,39.473684210526315,29.835683788329675,-15.526070763500933,11.644142409124301,-5.399676027327391,7 days 01:28:00,3 days 20:26:05.217391304,1.2306559292286323,0.9598681201026675,0.6889540544552866,0.5976209168397776,1.0349133627424079,0.995518847991739,long
624,"{'window_k': 42, 'window_d': 117, 'window_ma': 12}","open_time
2022-01-01 00:00:00    100.000000
2022-01-01 01:00:00    100.000000
2022-01-01 02:00:00    100.000000
2022-01-01 03:00:00    100.000000
2022-01-01 04:00:00    100.000000
                          ...    
2023-05-01 19:00:00    133.337896
2023-05-01 20:00:00    133.337896
2023-05-01 21:00:00    133.337896
2023-05-01 22:00:00    133.337896
2023-05-01 23:00:00    133.337896
Freq: H, Length: 11664, dtype: float64",2022-01-01,2023-05-01 23:00:00,486 days,100.0,82.65618641661526,168.20542969265503,133.33789598558377,33.337895985583756,-70.17976286600607,16.255144032921812,100.0,40.49623862884553,167 days 06:00:00,88,0.0,44,47.72727272727273,14.419017996000887,-17.114404817044935,4.898788581441395,-2.9203310024339477,2 days 00:45:42.857142857,1 days 13:54:46.956521739,1.357671806800323,0.7576794542178131,0.7095097401349735,0.5956248778144924,1.0624145429119405,1.059015850295028,long
1647,"{'window_k': 102, 'window_d': 102, 'window_ma': 237}","open_time
2022-01-01 00:00:00    100.000000
2022-01-01 01:00:00    100.000000
2022-01-01 02:00:00    100.000000
2022-01-01 03:00:00    100.000000
2022-01-01 04:00:00    100.000000
                          ...    
2023-05-01 19:00:00    135.815976
2023-05-01 20:00:00    135.504069
2023-05-01 21:00:00    136.186365
2023-05-01 22:00:00    136.790685
2023-05-01 23:00:00    136.790685
Freq: H, Length: 11664, dtype: float64",2022-01-01,2023-05-01 23:00:00,486 days,100.0,75.17448957334301,160.21761966998787,136.79068516882455,36.79068516882457,-70.17976286600607,41.13511659807956,100.0,44.65579107310895,224 days 14:00:00,77,0.0,39,42.10526315789473,29.835683788329675,-15.526070763500933,10.919998663282657,-5.6552402575961365,6 days 21:11:15,3 days 20:43:38.181818181,1.2297444888559383,0.9538117903321801,0.6869903638146226,0.5940272076326542,1.0347750630710137,0.9923055391380387,long
3894,"{'window_k': 237, 'window_d': 57, 'window_ma': 102}","open_time
2022-01-01 00:00:00    100.000000
2022-01-01 01:00:00    100.000000
2022-01-01 02:00:00    100.000000
2022-01-01 03:00:00    100.000000
2022-01-01 04:00:00    100.000000
                          ...    
2023-05-01 19:00:00    135.783846
2023-05-01 20:00:00    135.472013
2023-05-01 21:00:00    136.154148
2023-05-01 22:00:00    136.758325
2023-05-01 23:00:00    136.758325
Freq: H, Length: 11664, dtype: float64",2022-01-01,2023-05-01 23:00:00,486 days,100.0,79.46832834432354,179.7603849685564,136.75832494966363,36.75832494966362,-70.17976286600607,37.637174211248286,100.0,44.8260305644843,194 days 16:00:00,101,0.0,51,46.0,31.941251596423996,-16.375946752352526,8.193536481735805,-5.122659017869888,4 days 18:26:05.217391304,2 days 12:51:06.666666666,1.2007842624973353,0.7242523388148747,0.6783095789053526,0.5912697154942763,1.0391585433674582,1.0460732684569278,long
317,"{'window_k': 27, 'window_d': 57, 'window_ma': 207}","open_time
2022-01-01 00:00:00    100.000000
2022-01-01 01:00:00    100.000000
2022-01-01 02:00:00    100.000000
2022-01-01 03:00:00    100.000000
2022-01-01 04:00:00    100.000000
                          ...    
2023-05-01 19:00:00    136.565811
2023-05-01 20:00:00    136.565811
2023-05-01 21:00:00    136.565811
2023-05-01 22:00:00    136.565811
2023-05-01 23:00:00    136.565811
Freq: H, Length: 11664, dtype: float64",2022-01-01,2023-05-01 23:00:00,486 days,100.0,87.17539869721415,166.27815493596196,136.56581142058155,36.56581142058154,-70.17976286600607,41.1522633744856,100.0,44.8260305644843,172 days 03:00:00,168,0.0,84,36.904761904761905,24.71064814814815,-11.3126188966392,7.374649660629361,-3.352127443919511,3 days 08:23:13.548387096,1 days 19:32:49.811320754,1.1642082281942208,0.4353072788164476,0.6755767512749726,0.5882856033700113,1.0380219113828657,1.0668271634608246,long
1633,"{'window_k': 102, 'window_d': 102, 'window_ma': 27}","open_time
2022-01-01 00:00:00    100.000000
2022-01-01 01:00:00    100.000000
2022-01-01 02:00:00    100.000000
2022-01-01 03:00:00    100.000000
2022-01-01 04:00:00    100.000000
                          ...    
2023-05-01 19:00:00    137.236935
2023-05-01 20:00:00    136.921764
2023-05-01 21:00:00    137.611199
2023-05-01 22:00:00    138.221841
2023-05-01 23:00:00    138.221841
Freq: H, Length: 11664, dtype: float64",2022-01-01,2023-05-01 23:00:00,486 days,100.0,69.14694806234024,166.1703038714837,138.2218414963897,38.22184149638967,-70.17976286600607,29.441015089163237,100.0,46.80289705539854,202 days 14:00:00,75,0.0,38,48.64864864864865,21.370882040382565,-15.526070763500938,8.01127450096512,-5.21609999659263,4 days 07:26:40,3 days 04:41:03.157894736,1.306466742970603,1.0181160433474972,0.7123929346803126,0.5879904375548967,1.0435550983257114,1.043139971565388,long
659,"{'window_k': 42, 'window_d': 147, 'window_ma': 57}","open_time
2022-01-01 00:00:00    100.000000
2022-01-01 01:00:00    100.000000
2022-01-01 02:00:00    100.000000
2022-01-01 03:00:00    100.000000
2022-01-01 04:00:00    100.000000
                          ...    
2023-05-01 19:00:00    129.375699
2023-05-01 20:00:00    129.078582
2023-05-01 21:00:00    129.728525
2023-05-01 22:00:00    130.304188
2023-05-01 23:00:00    130.304188
Freq: H, Length: 11664, dtype: float64",2022-01-01,2023-05-01 23:00:00,486 days,100.0,88.29751649840829,153.53115618309351,130.30418822241603,30.30418822241603,-70.17976286600607,30.51268861454047,100.0,37.5307915045483,202 days 19:00:00,77,0.0,39,42.10526315789473,35.681024447031426,-11.274673803947811,9.023930345890303,-4.588935251894284,5 days 11:45:00,2 days 13:27:16.363636363,1.2613535624450491,0.8140937090984126,0.6456774289799175,0.586014847343001,1.0367069760329792,0.9143402549527978,long
3600,"{'window_k': 222, 'window_d': 27, 'window_ma': 12}","open_time
2022-01-01 00:00:00    100.000000
2022-01-01 01:00:00    100.000000
2022-01-01 02:00:00    100.000000
2022-01-01 03:00:00    100.000000
2022-01-01 04:00:00    100.000000
                          ...    
2023-05-01 19:00:00    136.877772
2023-05-01 20:00:00    136.877772
2023-05-01 21:00:00    136.877772
2023-05-01 22:00:00    136.877772
2023-05-01 23:00:00    136.877772
Freq: H, Length: 11664, dtype: float64",2022-01-01,2023-05-01 23:00:00,486 days,100.0,76.05787437412715,177.77202769332723,136.87777199739236,36.87777199739237,-70.17976286600607,19.73593964334705,100.0,45.58956998631626,172 days 03:00:00,180,0.0,90,42.22222222222222,24.166885331933884,-11.895365881159085,5.18153531152605,-2.8885746922140636,1 days 08:44:12.631578947,0 days 20:20:46.153846153,1.2134124773177168,0.40975302219324883,0.6998446914537916,0.583187058802488,1.0598849194665114,1.130396396701793,long
1623,"{'window_k': 102, 'window_d': 87, 'window_ma': 117}","open_time
2022-01-01 00:00:00    100.000000
2022-01-01 01:00:00    100.000000
2022-01-01 02:00:00    100.000000
2022-01-01 03:00:00    100.000000
2022-01-01 04:00:00    100.000000
                          ...    
2023-05-01 19:00:00    136.169881
2023-05-01 20:00:00    135.857162
2023-05-01 21:00:00    136.541236
2023-05-01 22:00:00    137.147130
2023-05-01 23:00:00    137.147130
Freq: H, Length: 11664, dtype: float64",2022-01-01,2023-05-01 23:00:00,486 days,100.0,72.28421774949857,235.49529998528672,137.14713029328357,37.14713029328357,-70.17976286600607,37.019890260631,100.0,45.96758998352164,194 days 16:00:00,81,0.0,41,45.0,38.86128642406335,-21.941747572815533,10.57494105613296,-6.119399555792174,5 days 14:26:40,3 days 08:27:16.363636363,1.1855188320723589,0.9858473261802931,0.6812503482242912,0.5824601334778005,1.0399410493802945,1.0545206556935132,long
1072,"{'window_k': 72, 'window_d': 57, 'window_ma': 12}","open_time
2022-01-01 00:00:00    100.000000
2022-01-01 01:00:00    100.000000
2022-01-01 02:00:00    100.000000
2022-01-01 03:00:00    100.000000
2022-01-01 04:00:00    100.000000
                          ...    
2023-05-01 19:00:00    134.607242
2023-05-01 20:00:00    134.607242
2023-05-01 21:00:00    134.607242
2023-05-01 22:00:00    134.607242
2023-05-01 23:00:00    134.607242
Freq: H, Length: 11664, dtype: float64",2022-01-01,2023-05-01 23:00:00,486 days,100.0,83.43845118905124,176.0654350965538,134.60724219605834,34.60724219605832,-70.17976286600607,19.247256515775035,100.0,43.09541888731986,204 days 00:00:00,126,0.0,63,46.03174603174603,22.023975466964043,-18.94652283681433,5.207284802725049,-3.200929456858712,1 days 12:14:28.965517241,1 days 11:07:03.529411764,1.2399273304911873,0.5493213046993386,0.6704971344086272,0.5802689816135194,1.0609839457533343,1.13261070527159,long
962,"{'window_k': 57, 'window_d': 192, 'window_ma': 42}","open_time
2022-01-01 00:00:00    100.000000
2022-01-01 01:00:00    100.000000
2022-01-01 02:00:00    100.000000
2022-01-01 03:00:00    100.000000
2022-01-01 04:00:00    100.000000
                          ...    
2023-05-01 19:00:00    136.576538
2023-05-01 20:00:00    136.576538
2023-05-01 21:00:00    136.576538
2023-05-01 22:00:00    136.576538
2023-05-01 23:00:00    136.576538
Freq: H, Length: 11664, dtype: float64",2022-01-01,2023-05-01 23:00:00,486 days,100.0,90.854177719811,166.61704575754356,136.5765383004968,36.57653830049678,-70.17976286600607,26.843278463648833,100.0,45.471258773835515,314 days 09:00:00,58,0.0,29,37.93103448275862,32.95324971493727,-12.900311213733568,13.55840649394394,-5.542290222592534,6 days 01:27:16.363636363,3 days 13:03:20,1.2840289804745195,1.2612599413964407,0.7523740180742922,0.5801018893535119,1.0442850276603268,1.0752623779260455,long
1680,"{'window_k': 102, 'window_d': 147, 'window_ma': 12}","open_time
2022-01-01 00:00:00    100.000000
2022-01-01 01:00:00    100.000000
2022-01-01 02:00:00    100.000000
2022-01-01 03:00:00    100.000000
2022-01-01 04:00:00    100.000000
                          ...    
2023-05-01 19:00:00    124.465816
2023-05-01 20:00:00    124.465816
2023-05-01 21:00:00    124.465816
2023-05-01 22:00:00    124.465816
2023-05-01 23:00:00    124.465816
Freq: H, Length: 11664, dtype: float64",2022-01-01,2023-05-01 23:00:00,486 days,100.0,75.6529321758982,125.46959565409847,124.46581577315249,24.465815773152485,-70.17976286600607,15.869341563786007,100.0,31.126808698999437,224 days 11:00:00,66,0.0,33,54.54545454545454,28.717221828490423,-18.83506805444355,5.725256310169014,-4.716248168042118,2 days 04:06:40,2 days 12:52:00,1.3470245873747617,0.7413883567621964,0.6207784455598316,0.5739468677168867,1.0488358733407828,0.892184435640205,long
335,"{'window_k': 27, 'window_d': 72, 'window_ma': 237}","open_time
2022-01-01 00:00:00    100.000000
2022-01-01 01:00:00    100.000000
2022-01-01 02:00:00    100.000000
2022-01-01 03:00:00    100.000000
2022-01-01 04:00:00    100.000000
                          ...    
2023-05-01 19:00:00    137.546082
2023-05-01 20:00:00    137.546082
2023-05-01 21:00:00    137.546082
2023-05-01 22:00:00    137.546082
2023-05-01 23:00:00    137.546082
Freq: H, Length: 11664, dtype: float64",2022-01-01,2023-05-01 23:00:00,486 days,100.0,90.72088318483978,205.78666693077082,137.54608212440485,37.54608212440485,-70.17976286600607,39.94341563786008,100.0,47.33867579631234,187 days 17:00:00,134,0.0,67,46.26865671641791,20.261437908496717,-16.093469143199517,7.105439984692962,-4.692175950449295,3 days 19:25:09.677419354,2 days 02:41:40,1.155543170266481,0.5603892854388777,0.6832526509658597,0.5714386982136623,1.0392184162277371,1.083982388805939,long
1637,"{'window_k': 102, 'window_d': 102, 'window_ma': 87}","open_time
2022-01-01 00:00:00    100.000000
2022-01-01 01:00:00    100.000000
2022-01-01 02:00:00    100.000000
2022-01-01 03:00:00    100.000000
2022-01-01 04:00:00    100.000000
                          ...    
2023-05-01 19:00:00    135.775614
2023-05-01 20:00:00    135.775614
2023-05-01 21:00:00    135.775614
2023-05-01 22:00:00    135.775614
2023-05-01 23:00:00    135.775614
Freq: H, Length: 11664, dtype: float64",2022-01-01,2023-05-01 23:00:00,486 days,100.0,71.99919833924788,159.3238770307354,135.77561439307658,35.775614393076566,-70.17976286600607,38.59739368998628,100.0,45.33149133788496,224 days 13:00:00,78,0.0,39,41.02564102564102,31.50472247379998,-15.526070763500943,9.878419400781837,-4.795653474597529,6 days 12:30:00,3 days 14:52:10.434782608,1.2565944345995315,0.91732344597632,0.6794571424818809,0.5696030544452481,1.035640578401586,0.9852318067081488,long
1060,"{'window_k': 72, 'window_d': 42, 'window_ma': 72}","open_time
2022-01-01 00:00:00    100.000000
2022-01-01 01:00:00    100.000000
2022-01-01 02:00:00    100.000000
2022-01-01 03:00:00    100.000000
2022-01-01 04:00:00    100.000000
                          ...    
2023-05-01 19:00:00    136.696286
2023-05-01 20:00:00    136.696286
2023-05-01 21:00:00    136.696286
2023-05-01 22:00:00    136.696286
2023-05-01 23:00:00    136.696286
Freq: H, Length: 11664, dtype: float64",2022-01-01,2023-05-01 23:00:00,486 days,100.0,66.9073210322446,177.78434407702787,136.69628626716593,36.696286267165945,-70.17976286600607,44.27297668038408,100.0,46.91441467702531,122 days 20:00:00,146,0.0,73,43.83561643835616,20.185119259522956,-16.087151171466942,7.643899196650931,-4.687206737942378,3 days 18:54:22.500000,2 days 07:00:00,1.175842849890942,0.5026888529748756,0.6794274933475326,0.5640307515193047,1.0358601295048895,1.0586802323618252,long
1062,"{'window_k': 72, 'window_d': 42, 'window_ma': 102}","open_time
2022-01-01 00:00:00    100.000000
2022-01-01 01:00:00    100.000000
2022-01-01 02:00:00    100.000000
2022-01-01 03:00:00    100.000000
2022-01-01 04:00:00    100.000000
                          ...    
2023-05-01 19:00:00    138.906772
2023-05-01 20:00:00    138.906772
2023-05-01 21:00:00    138.906772
2023-05-01 22:00:00    138.906772
2023-05-01 23:00:00    138.906772
Freq: H, Length: 11664, dtype: float64",2022-01-01,2023-05-01 23:00:00,486 days,100.0,65.67921708647512,180.65925534143489,138.90677164613618,38.90677164613619,-70.17976286600607,44.69307270233196,100.0,49.6902263453723,195 days 10:00:00,146,0.0,73,46.57534246575342,20.18511925952296,-16.08715117146694,7.325035332628313,-4.993171733968806,3 days 19:26:28.235294117,2 days 05:56:55.384615384,1.18259586741789,0.5329694746046045,0.6955970810992498,0.5633690802386687,1.036600704039237,1.0841874765402013,long
1882,"{'window_k': 117, 'window_d': 87, 'window_ma': 162}","open_time
2022-01-01 00:00:00    100.000000
2022-01-01 01:00:00    100.000000
2022-01-01 02:00:00    100.000000
2022-01-01 03:00:00    100.000000
2022-01-01 04:00:00    100.000000
                          ...    
2023-05-01 19:00:00    133.922857
2023-05-01 20:00:00    133.615298
2023-05-01 21:00:00    134.288084
2023-05-01 22:00:00    134.883980
2023-05-01 23:00:00    134.883980
Freq: H, Length: 11664, dtype: float64",2022-01-01,2023-05-01 23:00:00,486 days,100.0,84.7456822321197,205.94606516134613,134.88397993472668,34.88397993472668,-70.17976286600607,37.68004115226338,100.0,44.826030564484284,194 days 16:00:00,79,0.0,40,41.02564102564102,37.21609775534599,-21.896286530432874,12.108193248253494,-6.061212003646199,6 days 06:41:15,3 days 09:02:36.521739130,1.171235398778982,0.9023471601237016,0.6633157919607939,0.562171130920427,1.0379997593931205,1.027150429327712,long
1123,"{'window_k': 72, 'window_d': 102, 'window_ma': 57}","open_time
2022-01-01 00:00:00    100.000000
2022-01-01 01:00:00    100.000000
2022-01-01 02:00:00    100.000000
2022-01-01 03:00:00    100.000000
2022-01-01 04:00:00    100.000000
                          ...    
2023-05-01 19:00:00    136.166292
2023-05-01 20:00:00    135.853581
2023-05-01 21:00:00    136.537637
2023-05-01 22:00:00    137.143515
2023-05-01 23:00:00    137.143515
Freq: H, Length: 11664, dtype: float64",2022-01-01,2023-05-01 23:00:00,486 days,100.0,71.87965399112284,181.99323364261699,137.14351548214853,37.14351548214853,-70.17976286600607,33.710562414266114,100.0,47.662587306820924,194 days 16:00:00,83,0.0,42,48.78048780487805,24.14260802170122,-19.10213243546578,8.093657922275739,-5.374840787579462,4 days 19:33:00,2 days 23:02:51.428571428,1.2390331745324623,0.9741066846445507,0.6949425217856473,0.5616937855257106,1.0397639186227938,1.0096564398476164,long
1881,"{'window_k': 117, 'window_d': 87, 'window_ma': 147}","open_time
2022-01-01 00:00:00    100.000000
2022-01-01 01:00:00    100.000000
2022-01-01 02:00:00    100.000000
2022-01-01 03:00:00    100.000000
2022-01-01 04:00:00    100.000000
                          ...    
2023-05-01 19:00:00    133.859052
2023-05-01 20:00:00    133.551639
2023-05-01 21:00:00    134.224105
2023-05-01 22:00:00    134.819717
2023-05-01 23:00:00    134.819717
Freq: H, Length: 11664, dtype: float64",2022-01-01,2023-05-01 23:00:00,486 days,100.0,84.7456822321197,205.94606516134613,134.81971717930554,34.81971717930553,-70.17976286600607,37.714334705075444,100.0,44.826030564484284,194 days 16:00:00,79,0.0,40,41.02564102564102,37.21609775534599,-21.896286530432874,12.108193248253492,-6.063666708515922,6 days 06:41:15,3 days 09:13:02.608695652,1.1709398213306448,0.9006956399734554,0.6628076926733547,0.5611716948297967,1.0379415313359357,1.0262251730835126,long
1877,"{'window_k': 117, 'window_d': 87, 'window_ma': 87}","open_time
2022-01-01 00:00:00    100.000000
2022-01-01 01:00:00    100.000000
2022-01-01 02:00:00    100.000000
2022-01-01 03:00:00    100.000000
2022-01-01 04:00:00    100.000000
                          ...    
2023-05-01 19:00:00    134.536709
2023-05-01 20:00:00    134.536709
2023-05-01 21:00:00    134.536709
2023-05-01 22:00:00    134.536709
2023-05-01 23:00:00    134.536709
Freq: H, Length: 11664, dtype: float64",2022-01-01,2023-05-01 23:00:00,486 days,100.0,84.90830987602327,213.96732392775556,134.53670935713342,34.53670935713342,-70.17976286600607,35.41666666666667,100.0,44.82603056448429,194 days 16:00:00,80,0.0,40,42.5,34.99800770354629,-21.89628653043288,10.730854796878512,-5.708201529604367,5 days 20:10:35.294117647,3 days 04:00:00,1.173497284507112,0.8634177339283351,0.6599395541938534,0.5567688491678556,1.0392630004786456,1.0280354316124436,long
1885,"{'window_k': 117, 'window_d': 87, 'window_ma': 207}","open_time
2022-01-01 00:00:00    100.000000
2022-01-01 01:00:00    100.000000
2022-01-01 02:00:00    100.000000
2022-01-01 03:00:00    100.000000
2022-01-01 04:00:00    100.000000
                          ...    
2023-05-01 19:00:00    133.464217
2023-05-01 20:00:00    133.157711
2023-05-01 21:00:00    133.828193
2023-05-01 22:00:00    134.422048
2023-05-01 23:00:00    134.422048
Freq: H, Length: 11664, dtype: float64",2022-01-01,2023-05-01 23:00:00,486 days,100.0,84.7456822321197,205.94606516134613,134.42204849659402,34.422048496594,-70.17976286600607,37.80006858710562,100.0,44.826030564484284,194 days 16:00:00,79,0.0,40,41.02564102564102,37.21609775534599,-21.89628653043288,12.108193248253492,-6.076038855668286,6 days 06:41:15,3 days 09:39:07.826086956,1.1686851510337277,0.8904757569585424,0.6596207209909021,0.5549843762905305,1.037726777057214,1.021264225933221,long
1887,"{'window_k': 117, 'window_d': 87, 'window_ma': 237}","open_time
2022-01-01 00:00:00    100.000000
2022-01-01 01:00:00    100.000000
2022-01-01 02:00:00    100.000000
2022-01-01 03:00:00    100.000000
2022-01-01 04:00:00    100.000000
                          ...    
2023-05-01 19:00:00    133.458512
2023-05-01 20:00:00    133.152019
2023-05-01 21:00:00    133.822472
2023-05-01 22:00:00    134.416302
2023-05-01 23:00:00    134.416302
Freq: H, Length: 11664, dtype: float64",2022-01-01,2023-05-01 23:00:00,486 days,100.0,84.7456822321197,206.107246713589,134.4163022075407,34.416302207540696,-70.17976286600607,37.757201646090536,100.0,44.826030564484284,194 days 16:00:00,79,0.0,40,41.02564102564102,37.21609775534598,-21.896286530432864,12.11370029727624,-6.07959730015359,6 days 05:56:15,3 days 09:57:23.478260869,1.1684734108221209,0.8903280802506499,0.6595416371810624,0.554894936528354,1.0377796931012646,1.021112177573523,long
3856,"{'window_k': 237, 'window_d': 27, 'window_ma': 12}","open_time
2022-01-01 00:00:00    100.000000
2022-01-01 01:00:00    100.000000
2022-01-01 02:00:00    100.000000
2022-01-01 03:00:00    100.000000
2022-01-01 04:00:00    100.000000
                          ...    
2023-05-01 19:00:00    134.009152
2023-05-01 20:00:00    134.009152
2023-05-01 21:00:00    134.009152
2023-05-01 22:00:00    134.009152
2023-05-01 23:00:00    134.009152
Freq: H, Length: 11664, dtype: float64",2022-01-01,2023-05-01 23:00:00,486 days,100.0,74.84844504670316,187.18443615648673,134.00915162680232,34.00915162680232,-70.17976286600607,19.35013717421125,100.0,44.32630883819383,172 days 03:00:00,182,0.0,91,40.65934065934066,24.16688533193387,-13.671753347866705,5.562113595294445,-2.95735047023625,1 days 09:03:14.594594594,0 days 19:08:53.333333333,1.1865756228529516,0.3737269409538717,0.6689835912572668,0.5547395489129574,1.0579784621605508,1.0840207178934234,long
1884,"{'window_k': 117, 'window_d': 87, 'window_ma': 192}","open_time
2022-01-01 00:00:00    100.000000
2022-01-01 01:00:00    100.000000
2022-01-01 02:00:00    100.000000
2022-01-01 03:00:00    100.000000
2022-01-01 04:00:00    100.000000
                          ...    
2023-05-01 19:00:00    133.354144
2023-05-01 20:00:00    133.047890
2023-05-01 21:00:00    133.717819
2023-05-01 22:00:00    134.311185
2023-05-01 23:00:00    134.311185
Freq: H, Length: 11664, dtype: float64",2022-01-01,2023-05-01 23:00:00,486 days,100.0,84.7456822321197,205.94606516134613,134.31118495144221,34.3111849514422,-70.17976286600607,37.86008230452675,100.0,44.826030564484284,194 days 16:00:00,79,0.0,40,41.02564102564102,37.21609775534599,-21.896286530432874,12.108193248253492,-6.079597300153586,6 days 06:41:15,3 days 09:57:23.478260869,1.1680744269576577,0.8876266201989047,0.6587326055834989,0.5532586408431186,1.0376505285078044,1.0198726378158594,long
1411,"{'window_k': 87, 'window_d': 132, 'window_ma': 57}","open_time
2022-01-01 00:00:00    100.000000
2022-01-01 01:00:00    100.000000
2022-01-01 02:00:00    100.000000
2022-01-01 03:00:00    100.000000
2022-01-01 04:00:00    100.000000
                          ...    
2023-05-01 19:00:00    126.241961
2023-05-01 20:00:00    125.952042
2023-05-01 21:00:00    126.586241
2023-05-01 22:00:00    127.147961
2023-05-01 23:00:00    127.147961
Freq: H, Length: 11664, dtype: float64",2022-01-01,2023-05-01 23:00:00,486 days,100.0,90.28368985036569,153.3626287814309,127.14796077901298,27.147960779012976,-70.17976286600607,31.738683127572013,100.0,35.736950743769505,192 days 03:00:00,73,0.0,37,41.66666666666667,35.84181224803225,-16.27301841473178,9.537197336335375,-4.870168661429266,5 days 02:12:00,3 days 12:31:25.714285714,1.2152512233884307,0.7420300291658268,0.6078258192305873,0.5531418940222084,1.0337650665473193,0.8638402693925379,long
803,"{'window_k': 57, 'window_d': 42, 'window_ma': 57}","open_time
2022-01-01 00:00:00    100.000000
2022-01-01 01:00:00    100.000000
2022-01-01 02:00:00    100.000000
2022-01-01 03:00:00    100.000000
2022-01-01 04:00:00    100.000000
                          ...    
2023-05-01 19:00:00    137.116771
2023-05-01 20:00:00    137.116771
2023-05-01 21:00:00    137.116771
2023-05-01 22:00:00    137.116771
2023-05-01 23:00:00    137.116771
Freq: H, Length: 11664, dtype: float64",2022-01-01,2023-05-01 23:00:00,486 days,100.0,74.72134638914834,162.36662037890514,137.11677059667886,37.11677059667885,-70.17976286600607,36.95987654320987,100.0,48.54991147702563,183 days 09:00:00,148,0.0,74,41.891891891891895,19.71846597206827,-19.85583224115335,6.822622596333742,-3.7779043513120265,3 days 03:44:30.967741935,1 days 21:39:04.186046511,1.2076611024942656,0.5015779810362,0.6801132754230965,0.5510455262084529,1.0400644526850278,1.0695148689742124,long
1376,"{'window_k': 87, 'window_d': 102, 'window_ma': 12}","open_time
2022-01-01 00:00:00    100.00000
2022-01-01 01:00:00    100.00000
2022-01-01 02:00:00    100.00000
2022-01-01 03:00:00    100.00000
2022-01-01 04:00:00    100.00000
                         ...    
2023-05-01 19:00:00    127.85604
2023-05-01 20:00:00    127.85604
2023-05-01 21:00:00    127.85604
2023-05-01 22:00:00    127.85604
2023-05-01 23:00:00    127.85604
Freq: H, Length: 11664, dtype: float64",2022-01-01,2023-05-01 23:00:00,486 days,100.0,88.6230457214745,169.90816586828387,127.85604036802495,27.85604036802495,-70.17976286600607,15.174897119341562,100.0,37.40112735157635,249 days 17:00:00,72,0.0,36,58.333333333333336,15.34624753508873,-12.783696155627602,4.440199162117929,-4.1539101339829365,1 days 18:48:34.285714285,2 days 10:04:00,1.3225832915164593,0.7737788991118042,0.6491633545860035,0.5419135704728636,1.0598602524949436,0.9812078596810457,long
3686,"{'window_k': 222, 'window_d': 102, 'window_ma': 102}","open_time
2022-01-01 00:00:00    100.000000
2022-01-01 01:00:00    100.000000
2022-01-01 02:00:00    100.000000
2022-01-01 03:00:00    100.000000
2022-01-01 04:00:00    100.000000
                          ...    
2023-05-01 19:00:00    132.616777
2023-05-01 20:00:00    132.312217
2023-05-01 21:00:00    132.978442
2023-05-01 22:00:00    133.568526
2023-05-01 23:00:00    133.568526
Freq: H, Length: 11664, dtype: float64",2022-01-01,2023-05-01 23:00:00,486 days,100.0,87.11261821662208,157.88716872806208,133.5685264947416,33.56852649474162,-70.17976286600607,36.411179698216735,100.0,44.82603056448429,355 days 14:00:00,63,0.0,32,38.70967741935484,37.70761633996709,-19.501600365797884,14.228724990710564,-6.204468078835867,8 days 06:25:00,3 days 22:31:34.736842105,1.2227849478456874,1.0914521405826774,0.6523593007146513,0.5416890306983974,1.0382877498387326,1.004487859184804,long
885,"{'window_k': 57, 'window_d': 117, 'window_ma': 87}","open_time
2022-01-01 00:00:00    100.000000
2022-01-01 01:00:00    100.000000
2022-01-01 02:00:00    100.000000
2022-01-01 03:00:00    100.000000
2022-01-01 04:00:00    100.000000
                          ...    
2023-05-01 19:00:00    134.397988
2023-05-01 20:00:00    134.397988
2023-05-01 21:00:00    134.397988
2023-05-01 22:00:00    134.397988
2023-05-01 23:00:00    134.397988
Freq: H, Length: 11664, dtype: float64",2022-01-01,2023-05-01 23:00:00,486 days,100.0,88.98263609131124,218.93896709394934,134.39798770163716,34.39798770163716,-70.17976286600607,39.960562414266114,100.0,45.91477803082252,194 days 16:00:00,78,0.0,39,46.15384615384615,32.63734829701162,-22.404978884196478,9.912458609804455,-6.049084782991061,6 days 02:46:40,4 days 00:08:34.285714285,1.1718372553749383,0.8819996846573641,0.6691042806298817,0.5414587633114497,1.0337708102580534,0.9603055537666301,long
3632,"{'window_k': 222, 'window_d': 57, 'window_ma': 12}","open_time
2022-01-01 00:00:00    100.000000
2022-01-01 01:00:00    100.000000
2022-01-01 02:00:00    100.000000
2022-01-01 03:00:00    100.000000
2022-01-01 04:00:00    100.000000
                          ...    
2023-05-01 19:00:00    126.805345
2023-05-01 20:00:00    126.805345
2023-05-01 21:00:00    126.805345
2023-05-01 22:00:00    126.805345
2023-05-01 23:00:00    126.805345
Freq: H, Length: 11664, dtype: float64",2022-01-01,2023-05-01 23:00:00,486 days,100.0,90.11240988462862,177.58383839556734,126.80534496661295,26.80534496661295,-70.17976286600607,14.729080932784635,100.0,36.20064960052262,177 days 23:00:00,98,0.0,49,51.02040816326531,17.574954447573283,-17.211997273346967,5.473323629028348,-4.192226632532408,1 days 10:47:59.999999999,1 days 11:20:00,1.182300029103222,0.5470478564614893,0.5968517157546722,0.5393589621869969,1.0604889502498382,0.989986173363089,long
3570,"{'window_k': 207, 'window_d': 237, 'window_ma': 42}","open_time
2022-01-01 00:00:00    100.000000
2022-01-01 01:00:00    100.000000
2022-01-01 02:00:00    100.000000
2022-01-01 03:00:00    100.000000
2022-01-01 04:00:00    100.000000
                          ...    
2023-05-01 19:00:00    123.862601
2023-05-01 20:00:00    123.862601
2023-05-01 21:00:00    123.862601
2023-05-01 22:00:00    123.862601
2023-05-01 23:00:00    123.862601
Freq: H, Length: 11664, dtype: float64",2022-01-01,2023-05-01 23:00:00,486 days,100.0,88.64948902947323,147.1966885838693,123.86260137093966,23.862601370939657,-70.17976286600607,20.867626886145406,100.0,32.50551626368953,179 days 09:00:00,34,0.0,17,52.94117647058824,28.839779005524864,-13.460572576594675,9.607705400258517,-6.90387881851956,5 days 20:00:00,6 days 02:45:00,1.3694531941200543,1.4036824335846863,0.5894228006542349,0.536397227826955,1.0403479532426692,0.8528316638100731,long
565,"{'window_k': 42, 'window_d': 57, 'window_ma': 87}","open_time
2022-01-01 00:00:00    100.000000
2022-01-01 01:00:00    100.000000
2022-01-01 02:00:00    100.000000
2022-01-01 03:00:00    100.000000
2022-01-01 04:00:00    100.000000
                          ...    
2023-05-01 19:00:00    133.133335
2023-05-01 20:00:00    133.133335
2023-05-01 21:00:00    133.133335
2023-05-01 22:00:00    133.133335
2023-05-01 23:00:00    133.133335
Freq: H, Length: 11664, dtype: float64",2022-01-01,2023-05-01 23:00:00,486 days,100.0,84.70346464191702,163.64876403191104,133.13333497962788,33.133334979627875,-70.17976286600607,41.2980109739369,100.0,44.826030564484284,159 days 10:00:00,134,0.0,67,43.28358208955223,21.916219741991608,-15.315205462748452,7.859702897382706,-4.697281328593142,3 days 16:47:35.172413793,2 days 11:00:00,1.1536576492221775,0.49452738775564065,0.6497669074024495,0.534901897450418,1.0359507694329064,1.0190761593930542,long
1828,"{'window_k': 117, 'window_d': 42, 'window_ma': 72}","open_time
2022-01-01 00:00:00    100.000000
2022-01-01 01:00:00    100.000000
2022-01-01 02:00:00    100.000000
2022-01-01 03:00:00    100.000000
2022-01-01 04:00:00    100.000000
                          ...    
2023-05-01 19:00:00    138.544368
2023-05-01 20:00:00    138.544368
2023-05-01 21:00:00    138.544368
2023-05-01 22:00:00    138.544368
2023-05-01 23:00:00    138.544368
Freq: H, Length: 11664, dtype: float64",2022-01-01,2023-05-01 23:00:00,486 days,100.0,68.57547020505368,173.67419712472582,138.54436780673439,38.54436780673437,-70.17976286600607,41.55521262002744,100.0,51.8906046542098,194 days 16:00:00,122,0.0,61,34.42622950819672,25.47204738985563,-16.33313361294187,10.216219234762411,-4.0427686694524665,4 days 15:22:51.428571428,2 days 14:42:00,1.1962410010303763,0.6318748820776121,0.6924475320028052,0.5346451979677707,1.0376604139914363,1.0790025260665368,long
1645,"{'window_k': 102, 'window_d': 102, 'window_ma': 207}","open_time
2022-01-01 00:00:00    100.000000
2022-01-01 01:00:00    100.000000
2022-01-01 02:00:00    100.000000
2022-01-01 03:00:00    100.000000
2022-01-01 04:00:00    100.000000
                          ...    
2023-05-01 19:00:00    133.058104
2023-05-01 20:00:00    132.752531
2023-05-01 21:00:00    133.420973
2023-05-01 22:00:00    134.013021
2023-05-01 23:00:00    134.013021
Freq: H, Length: 11664, dtype: float64",2022-01-01,2023-05-01 23:00:00,486 days,100.0,73.3428627812926,156.96424977938395,134.01302128042073,34.013021280420716,-70.17976286600607,41.1522633744856,100.0,46.00425298393349,224 days 14:00:00,77,0.0,39,39.473684210526315,29.83568378832966,-15.52607076350094,11.51429419518982,-5.411644208774535,7 days 01:24:00,3 days 21:13:02.608695652,1.2154382649784876,0.8810070495295648,0.6627410924581996,0.5345648914199839,1.03349986982756,0.9572071524843581,long
2946,"{'window_k': 177, 'window_d': 132, 'window_ma': 42}","open_time
2022-01-01 00:00:00    100.00000
2022-01-01 01:00:00    100.00000
2022-01-01 02:00:00    100.00000
2022-01-01 03:00:00    100.00000
2022-01-01 04:00:00    100.00000
                         ...    
2023-05-01 19:00:00    128.57892
2023-05-01 20:00:00    128.57892
2023-05-01 21:00:00    128.57892
2023-05-01 22:00:00    128.57892
2023-05-01 23:00:00    128.57892
Freq: H, Length: 11664, dtype: float64",2022-01-01,2023-05-01 23:00:00,486 days,100.0,90.83911307535861,168.76761414624502,128.57892034811337,28.578920348113375,-70.17976286600607,27.160493827160494,100.0,39.34139827987739,314 days 09:00:00,58,0.0,29,34.48275862068966,36.2785925523568,-13.252279635258352,13.50157029654888,-4.81122709314577,5 days 15:18:00,3 days 23:31:34.736842105,1.2329628191143003,0.9854800120039089,0.617673117013956,0.5281587541678558,1.039513153834441,0.9092744387574114,long
2643,"{'window_k': 162, 'window_d': 87, 'window_ma': 57}","open_time
2022-01-01 00:00:00    100.000000
2022-01-01 01:00:00    100.000000
2022-01-01 02:00:00    100.000000
2022-01-01 03:00:00    100.000000
2022-01-01 04:00:00    100.000000
                          ...    
2023-05-01 19:00:00    131.341484
2023-05-01 20:00:00    131.039853
2023-05-01 21:00:00    131.699671
2023-05-01 22:00:00    132.284081
2023-05-01 23:00:00    132.284081
Freq: H, Length: 11664, dtype: float64",2022-01-01,2023-05-01 23:00:00,486 days,100.0,80.390626362263,188.52450647030292,132.28408079902067,32.284080799020686,-70.17976286600607,30.049725651577504,100.0,44.826030564484284,286 days 02:00:00,71,0.0,36,42.857142857142854,26.50203033065385,-16.875493848064114,10.478600868494297,-5.621862959894856,5 days 02:00:00,3 days 06:24:00,1.1971136035864904,0.871232750222199,0.640188075418334,0.5216412166656446,1.0422831328743092,1.002270825295101,long
690,"{'window_k': 42, 'window_d': 177, 'window_ma': 42}","open_time
2022-01-01 00:00:00    100.000000
2022-01-01 01:00:00    100.000000
2022-01-01 02:00:00    100.000000
2022-01-01 03:00:00    100.000000
2022-01-01 04:00:00    100.000000
                          ...    
2023-05-01 19:00:00    129.699358
2023-05-01 20:00:00    129.699358
2023-05-01 21:00:00    129.699358
2023-05-01 22:00:00    129.699358
2023-05-01 23:00:00    129.699358
Freq: H, Length: 11664, dtype: float64",2022-01-01,2023-05-01 23:00:00,486 days,100.0,95.36907100581772,179.43208937123703,129.6993583661826,29.69935836618261,-70.17976286600607,25.711591220850483,100.0,41.41748419057827,286 days 02:00:00,70,0.0,35,40.0,29.38056450085244,-10.602807597027258,9.86583130175017,-4.582155318100015,4 days 20:12:51.428571428,2 days 17:19:59.999999999,1.2223736532882856,0.8485530961766465,0.6577010750658221,0.52074822021852,1.0393567106482828,0.9459343589912075,long
2098,"{'window_k': 132, 'window_d': 57, 'window_ma': 42}","open_time
2022-01-01 00:00:00    100.000000
2022-01-01 01:00:00    100.000000
2022-01-01 02:00:00    100.000000
2022-01-01 03:00:00    100.000000
2022-01-01 04:00:00    100.000000
                          ...    
2023-05-01 19:00:00    132.600991
2023-05-01 20:00:00    132.600991
2023-05-01 21:00:00    132.600991
2023-05-01 22:00:00    132.600991
2023-05-01 23:00:00    132.600991
Freq: H, Length: 11664, dtype: float64",2022-01-01,2023-05-01 23:00:00,486 days,100.0,76.3901485205607,181.36834956756235,132.60099110926242,32.600991109262424,-70.17976286600607,28.352194787379975,100.0,45.477326606925175,194 days 16:00:00,98,0.0,49,42.857142857142854,22.892271662763484,-20.093245394587218,7.662224030281552,-4.243244942567974,3 days 08:45:42.857142857,2 days 09:32:08.571428571,1.2093534373454797,0.665326349168621,0.643134034751867,0.5190505832698934,1.0455245637720847,1.0184967317390439,long
1126,"{'window_k': 72, 'window_d': 102, 'window_ma': 102}","open_time
2022-01-01 00:00:00    100.000000
2022-01-01 01:00:00    100.000000
2022-01-01 02:00:00    100.000000
2022-01-01 03:00:00    100.000000
2022-01-01 04:00:00    100.000000
                          ...    
2023-05-01 19:00:00    130.201453
2023-05-01 20:00:00    129.902440
2023-05-01 21:00:00    130.556531
2023-05-01 22:00:00    131.135869
2023-05-01 23:00:00    131.135869
Freq: H, Length: 11664, dtype: float64",2022-01-01,2023-05-01 23:00:00,486 days,100.0,72.88189084124362,192.1039476500831,131.13586870109754,31.135868701097536,-70.17976286600607,39.15466392318244,100.0,43.7721617491538,194 days 16:00:00,83,0.0,42,51.21951219512195,33.96101312823233,-19.102132435465766,7.868275856045226,-5.910323009975841,5 days 16:05:42.857142857,3 days 07:00:00,1.195853717804118,0.8245926092376994,0.6371737632136951,0.5158053832609902,1.0332405279781869,0.9201185182242486,long
2690,"{'window_k': 162, 'window_d': 132, 'window_ma': 42}","open_time
2022-01-01 00:00:00    100.000000
2022-01-01 01:00:00    100.000000
2022-01-01 02:00:00    100.000000
2022-01-01 03:00:00    100.000000
2022-01-01 04:00:00    100.000000
                          ...    
2023-05-01 19:00:00    128.336408
2023-05-01 20:00:00    128.336408
2023-05-01 21:00:00    128.336408
2023-05-01 22:00:00    128.336408
2023-05-01 23:00:00    128.336408
Freq: H, Length: 11664, dtype: float64",2022-01-01,2023-05-01 23:00:00,486 days,100.0,90.50047100895064,172.6245864976095,128.33640778612872,28.336407786128714,-70.17976286600607,28.583676268861453,100.0,40.14554194984943,314 days 09:00:00,60,0.0,30,43.333333333333336,33.409610983981715,-13.748003194888177,10.495740114522192,-5.538623934920617,4 days 22:55:23.076923076,4 days 09:10:35.294117647,1.2207856858586112,0.9445469262042909,0.6142630746216302,0.51331675162055,1.0380423907078673,0.8960985097130864,long
3122,"{'window_k': 192, 'window_d': 57, 'window_ma': 42}","open_time
2022-01-01 00:00:00    100.000000
2022-01-01 01:00:00    100.000000
2022-01-01 02:00:00    100.000000
2022-01-01 03:00:00    100.000000
2022-01-01 04:00:00    100.000000
                          ...    
2023-05-01 19:00:00    131.632899
2023-05-01 20:00:00    131.632899
2023-05-01 21:00:00    131.632899
2023-05-01 22:00:00    131.632899
2023-05-01 23:00:00    131.632899
Freq: H, Length: 11664, dtype: float64",2022-01-01,2023-05-01 23:00:00,486 days,100.0,69.11434749944313,157.17915852451466,131.63289872952726,31.632898729527252,-70.17976286600607,27.26337448559671,100.0,44.82603056448429,194 days 16:00:00,96,0.0,48,37.5,20.182241178751465,-16.957264957264957,8.102741537597796,-3.570151722790829,4 days 08:26:40,1 days 19:20:00,1.2471037159545804,0.6590187235318172,0.6342955021419747,0.5114589737073941,1.0452616772459384,1.0123881398105918,long
3858,"{'window_k': 237, 'window_d': 27, 'window_ma': 42}","open_time
2022-01-01 00:00:00    100.000000
2022-01-01 01:00:00    100.000000
2022-01-01 02:00:00    100.000000
2022-01-01 03:00:00    100.000000
2022-01-01 04:00:00    100.000000
                          ...    
2023-05-01 19:00:00    138.773478
2023-05-01 20:00:00    138.773478
2023-05-01 21:00:00    138.773478
2023-05-01 22:00:00    138.773478
2023-05-01 23:00:00    138.773478
Freq: H, Length: 11664, dtype: float64",2022-01-01,2023-05-01 23:00:00,486 days,100.0,56.28609140569748,160.994693931698,138.7734777694432,38.77347776944319,-70.17976286600607,32.115912208504795,100.0,54.75709252320261,159 days 06:00:00,186,0.0,93,35.483870967741936,23.42533616418967,-13.671753347866696,7.272928539916547,-3.092970347773133,2 days 15:09:05.454545454,1 days 03:42:00,1.2005704362945724,0.41691911580046437,0.6937244024532199,0.5095537754268888,1.044401559365024,1.1026057235087021,long
672,"{'window_k': 42, 'window_d': 162, 'window_ma': 12}","open_time
2022-01-01 00:00:00    100.000000
2022-01-01 01:00:00    100.000000
2022-01-01 02:00:00    100.000000
2022-01-01 03:00:00    100.000000
2022-01-01 04:00:00    100.000000
                          ...    
2023-05-01 19:00:00    125.529519
2023-05-01 20:00:00    125.529519
2023-05-01 21:00:00    125.529519
2023-05-01 22:00:00    125.529519
2023-05-01 23:00:00    125.529519
Freq: H, Length: 11664, dtype: float64",2022-01-01,2023-05-01 23:00:00,486 days,100.0,84.19716818154357,133.44135931418887,125.52951878037814,25.52951878037814,-70.17976286600607,18.115569272976682,100.0,36.90324453058022,395 days 04:00:00,80,0.0,40,47.5,21.744992295839744,-10.92116182572614,6.181129191139532,-4.046129268711739,2 days 15:00:00,1 days 19:37:08.571428571,1.2602067590241763,0.6382379695094538,0.6257933899534901,0.5045853932790976,1.0468022031447743,0.890108046274322,long
1168,"{'window_k': 72, 'window_d': 147, 'window_ma': 12}","open_time
2022-01-01 00:00:00    100.000000
2022-01-01 01:00:00    100.000000
2022-01-01 02:00:00    100.000000
2022-01-01 03:00:00    100.000000
2022-01-01 04:00:00    100.000000
                          ...    
2023-05-01 19:00:00    128.959578
2023-05-01 20:00:00    128.959578
2023-05-01 21:00:00    128.959578
2023-05-01 22:00:00    128.959578
2023-05-01 23:00:00    128.959578
Freq: H, Length: 11664, dtype: float64",2022-01-01,2023-05-01 23:00:00,486 days,100.0,74.57626472293272,132.51005364595008,128.95957817406844,28.959578174068458,-70.17976286600607,17.695473251028808,100.0,41.861883729003715,334 days 09:00:00,70,0.0,35,54.285714285714285,19.48960302457468,-15.100558283446563,5.968339216648257,-4.893827789462797,2 days 09:00:00,2 days 13:18:45,1.3561654468579476,0.8274165192590983,0.6726969009502702,0.5027711266035316,1.0501889962080742,0.967072514649144,long
3952,"{'window_k': 237, 'window_d': 117, 'window_ma': 12}","open_time
2022-01-01 00:00:00    100.0000
2022-01-01 01:00:00    100.0000
2022-01-01 02:00:00    100.0000
2022-01-01 03:00:00    100.0000
2022-01-01 04:00:00    100.0000
                         ...   
2023-05-01 19:00:00    124.4384
2023-05-01 20:00:00    124.4384
2023-05-01 21:00:00    124.4384
2023-05-01 22:00:00    124.4384
2023-05-01 23:00:00    124.4384
Freq: H, Length: 11664, dtype: float64",2022-01-01,2023-05-01 23:00:00,486 days,100.0,91.23253379585046,142.025715890156,124.43840047498817,24.43840047498817,-70.17976286600607,14.266117969821673,100.0,35.76336987703653,286 days 02:00:00,60,0.0,30,53.333333333333336,18.815789473684212,-14.7719379485992,6.814168368192661,-5.460030932662279,2 days 12:03:45,2 days 02:12:51.428571428,1.2858633503608181,0.8146133491662719,0.5774939831933905,0.49899201659062264,1.057864241696547,0.9650458614511632,long
1942,"{'window_k': 117, 'window_d': 147, 'window_ma': 102}","open_time
2022-01-01 00:00:00    100.000000
2022-01-01 01:00:00    100.000000
2022-01-01 02:00:00    100.000000
2022-01-01 03:00:00    100.000000
2022-01-01 04:00:00    100.000000
                          ...    
2023-05-01 19:00:00    126.119256
2023-05-01 20:00:00    125.829618
2023-05-01 21:00:00    126.463201
2023-05-01 22:00:00    127.024375
2023-05-01 23:00:00    127.024375
Freq: H, Length: 11664, dtype: float64",2022-01-01,2023-05-01 23:00:00,486 days,100.0,84.62582570474387,155.58135860686227,127.02437469409938,27.02437469409938,-70.17976286600607,36.06824417009602,100.0,39.5072357019409,368 days 04:00:00,59,0.0,30,34.48275862068966,37.511422479439524,-11.921084704448512,15.168525513273522,-5.4768782451339,8 days 22:12:00,4 days 09:15:47.368421052,1.2292689743289233,0.9399898478056672,0.6004762954306898,0.49814077251540256,1.0310549221182355,0.8546524640005433,long
2096,"{'window_k': 132, 'window_d': 57, 'window_ma': 12}","open_time
2022-01-01 00:00:00    100.000000
2022-01-01 01:00:00    100.000000
2022-01-01 02:00:00    100.000000
2022-01-01 03:00:00    100.000000
2022-01-01 04:00:00    100.000000
                          ...    
2023-05-01 19:00:00    127.978213
2023-05-01 20:00:00    127.978213
2023-05-01 21:00:00    127.978213
2023-05-01 22:00:00    127.978213
2023-05-01 23:00:00    127.978213
Freq: H, Length: 11664, dtype: float64",2022-01-01,2023-05-01 23:00:00,486 days,100.0,84.04226370211632,192.65639617783876,127.97821326183434,27.97821326183434,-70.17976286600607,17.00960219478738,100.0,40.9813195284014,249 days 17:00:00,94,0.0,47,48.93617021276596,15.452179570592058,-20.093245394587214,5.1073588899014,-3.4769729006968584,1 days 18:26:05.217391304,1 days 18:00:00,1.230001631112237,0.5952811332305181,0.6096105100274487,0.49667698353863393,1.0579003102473172,0.9856088012417694,long
1071,"{'window_k': 72, 'window_d': 42, 'window_ma': 237}","open_time
2022-01-01 00:00:00    100.000000
2022-01-01 01:00:00    100.000000
2022-01-01 02:00:00    100.000000
2022-01-01 03:00:00    100.000000
2022-01-01 04:00:00    100.000000
                          ...    
2023-05-01 19:00:00    133.841925
2023-05-01 20:00:00    133.841925
2023-05-01 21:00:00    133.841925
2023-05-01 22:00:00    133.841925
2023-05-01 23:00:00    133.841925
Freq: H, Length: 11664, dtype: float64",2022-01-01,2023-05-01 23:00:00,486 days,100.0,65.67921708647512,174.072020679979,133.84192457163093,33.841924571630926,-70.17976286600607,44.367283950617285,100.0,49.6902263453723,125 days 06:00:00,146,0.0,73,45.20547945205479,20.18511925952294,-16.08715117146694,7.4546024461460245,-4.8860687464574495,3 days 18:49:05.454545454,2 days 06:27:00,1.159887072579006,0.46358800783056076,0.6579596322101985,0.492506793739818,1.0346886429884514,1.027011551539296,long
2371,"{'window_k': 147, 'window_d': 72, 'window_ma': 57}","open_time
2022-01-01 00:00:00    100.000000
2022-01-01 01:00:00    100.000000
2022-01-01 02:00:00    100.000000
2022-01-01 03:00:00    100.000000
2022-01-01 04:00:00    100.000000
                          ...    
2023-05-01 19:00:00    129.409096
2023-05-01 20:00:00    129.111903
2023-05-01 21:00:00    129.762013
2023-05-01 22:00:00    130.337825
2023-05-01 23:00:00    130.337825
Freq: H, Length: 11664, dtype: float64",2022-01-01,2023-05-01 23:00:00,486 days,100.0,67.35281546702218,175.86486917548532,130.33782485632133,30.337824856321333,-70.17976286600607,32.25308641975309,100.0,44.82603056448429,133 days 07:00:00,83,0.0,42,46.34146341463415,25.12295081967214,-24.50021267545725,8.556143585539697,-5.46549672492102,4 days 14:28:25.263157894,2 days 21:57:16.363636363,1.1661571045931078,0.6611182441659347,0.6231873828974239,0.49117111026741667,1.0395736059068947,0.9779163428168829,long
1667,"{'window_k': 102, 'window_d': 132, 'window_ma': 57}","open_time
2022-01-01 00:00:00    100.000000
2022-01-01 01:00:00    100.000000
2022-01-01 02:00:00    100.000000
2022-01-01 03:00:00    100.000000
2022-01-01 04:00:00    100.000000
                          ...    
2023-05-01 19:00:00    125.883458
2023-05-01 20:00:00    125.594362
2023-05-01 21:00:00    126.226760
2023-05-01 22:00:00    126.786885
2023-05-01 23:00:00    126.786885
Freq: H, Length: 11664, dtype: float64",2022-01-01,2023-05-01 23:00:00,486 days,100.0,84.4100831547854,140.87811954245643,126.7868849168296,26.786884916829607,-70.17976286600607,31.772976680384087,100.0,40.082900432705785,430 days 01:00:00,67,0.0,34,39.39393939393939,30.586011342155007,-15.24877459209023,9.41800506230887,-4.223147392009332,4 days 19:00:00,4 days 10:09:00,1.2714289037782243,0.7931077226917354,0.6038834632945879,0.4867930286903779,1.0335484691436263,0.8568410149843106,long
3362,"{'window_k': 207, 'window_d': 42, 'window_ma': 42}","open_time
2022-01-01 00:00:00    100.000000
2022-01-01 01:00:00    100.000000
2022-01-01 02:00:00    100.000000
2022-01-01 03:00:00    100.000000
2022-01-01 04:00:00    100.000000
                          ...    
2023-05-01 19:00:00    129.960585
2023-05-01 20:00:00    129.960585
2023-05-01 21:00:00    129.960585
2023-05-01 22:00:00    129.960585
2023-05-01 23:00:00    129.960585
Freq: H, Length: 11664, dtype: float64",2022-01-01,2023-05-01 23:00:00,486 days,100.0,68.59705451139614,152.13038749510937,129.9605846864083,29.960584686408296,-70.17976286600607,31.790123456790127,100.0,44.8260305644843,194 days 16:00:00,136,0.0,68,36.76470588235294,21.743313450067344,-14.46165101816852,7.787609376529633,-3.550736127245214,3 days 02:45:36,1 days 18:46:02.790697674,1.1749998737274243,0.44059683362365165,0.6200762230436672,0.4852520651573395,1.0388767268492305,0.9687588543095114,long
559,"{'window_k': 42, 'window_d': 42, 'window_ma': 237}","open_time
2022-01-01 00:00:00    100.000000
2022-01-01 01:00:00    100.000000
2022-01-01 02:00:00    100.000000
2022-01-01 03:00:00    100.000000
2022-01-01 04:00:00    100.000000
                          ...    
2023-05-01 19:00:00    131.077621
2023-05-01 20:00:00    131.077621
2023-05-01 21:00:00    131.077621
2023-05-01 22:00:00    131.077621
2023-05-01 23:00:00    131.077621
Freq: H, Length: 11664, dtype: float64",2022-01-01,2023-05-01 23:00:00,486 days,100.0,54.60490191600954,149.77041150329217,131.07762060541458,31.07762060541458,-70.17976286600607,39.49759945130316,100.0,46.45142783436047,208 days 03:00:00,172,0.0,86,40.69767441860465,26.368426712549738,-18.872870249017044,7.631653151392355,-4.223148121681653,3 days 04:32:34.285714285,1 days 13:48:14.117647058,1.1581988844781392,0.3613676814583098,0.6323959612186422,0.4851739619402096,1.0360699405171414,0.990796490120687,long
330,"{'window_k': 27, 'window_d': 72, 'window_ma': 162}","open_time
2022-01-01 00:00:00    100.000000
2022-01-01 01:00:00    100.000000
2022-01-01 02:00:00    100.000000
2022-01-01 03:00:00    100.000000
2022-01-01 04:00:00    100.000000
                          ...    
2023-05-01 19:00:00    131.425247
2023-05-01 20:00:00    131.425247
2023-05-01 21:00:00    131.425247
2023-05-01 22:00:00    131.425247
2023-05-01 23:00:00    131.425247
Freq: H, Length: 11664, dtype: float64",2022-01-01,2023-05-01 23:00:00,486 days,100.0,90.72088318483978,195.57115002697557,131.4252467685426,31.425246768542607,-70.17976286600607,39.90054869684499,100.0,47.05380000850258,187 days 17:00:00,134,0.0,67,44.776119402985074,20.261437908496738,-16.093469143199506,7.209978522010897,-4.583529031192479,3 days 20:04:00,2 days 03:08:06.486486486,1.1347013413226374,0.4690335338588447,0.6360808585116946,0.48414812604639373,1.0364491613442595,1.004214207480694,long
324,"{'window_k': 27, 'window_d': 72, 'window_ma': 72}","open_time
2022-01-01 00:00:00    100.000000
2022-01-01 01:00:00    100.000000
2022-01-01 02:00:00    100.000000
2022-01-01 03:00:00    100.000000
2022-01-01 04:00:00    100.000000
                          ...    
2023-05-01 19:00:00    131.026498
2023-05-01 20:00:00    131.026498
2023-05-01 21:00:00    131.026498
2023-05-01 22:00:00    131.026498
2023-05-01 23:00:00    131.026498
Freq: H, Length: 11664, dtype: float64",2022-01-01,2023-05-01 23:00:00,486 days,100.0,87.57084804872694,196.32166153685012,131.02649848148266,31.026498481482662,-70.17976286600607,39.15466392318244,100.0,46.721159787723096,187 days 17:00:00,134,0.0,67,43.28358208955223,20.261437908496706,-16.09346914319951,7.352967178028832,-4.39494648839631,3 days 17:49:39.310344827,2 days 03:37:53.684210526,1.1355417455133767,0.4630820668878002,0.6327835924029711,0.48160467535262313,1.036529891079474,1.000054291494292,long
2866,"{'window_k': 177, 'window_d': 57, 'window_ma': 42}","open_time
2022-01-01 00:00:00    100.000000
2022-01-01 01:00:00    100.000000
2022-01-01 02:00:00    100.000000
2022-01-01 03:00:00    100.000000
2022-01-01 04:00:00    100.000000
                          ...    
2023-05-01 19:00:00    129.718632
2023-05-01 20:00:00    129.718632
2023-05-01 21:00:00    129.718632
2023-05-01 22:00:00    129.718632
2023-05-01 23:00:00    129.718632
Freq: H, Length: 11664, dtype: float64",2022-01-01,2023-05-01 23:00:00,486 days,100.0,69.56111184309056,157.96466350993964,129.7186315808034,29.718631580803407,-70.17976286600607,26.706104252400547,100.0,44.82603056448429,194 days 16:00:00,100,0.0,50,40.0,21.847109041521147,-17.136684102797357,7.692675153250908,-3.851977478946442,3 days 19:03:00,1 days 19:08:00,1.2139909467447731,0.5943726316160687,0.6164435398289058,0.4814534752696403,1.0445577891363937,0.9868192527279794,long
960,"{'window_k': 57, 'window_d': 192, 'window_ma': 12}","open_time
2022-01-01 00:00:00    100.000000
2022-01-01 01:00:00    100.000000
2022-01-01 02:00:00    100.000000
2022-01-01 03:00:00    100.000000
2022-01-01 04:00:00    100.000000
                          ...    
2023-05-01 19:00:00    121.525138
2023-05-01 20:00:00    121.525138
2023-05-01 21:00:00    121.525138
2023-05-01 22:00:00    121.525138
2023-05-01 23:00:00    121.525138
Freq: H, Length: 11664, dtype: float64",2022-01-01,2023-05-01 23:00:00,486 days,100.0,99.27824065103661,149.09356855786538,121.52513771991498,21.52513771991498,-70.17976286600607,12.114197530864198,100.0,32.82224841488001,315 days 13:00:00,56,0.0,28,50.0,20.125427594070683,-10.551440329218114,5.214719625377856,-3.4128452161817777,2 days 09:08:34.285714285,1 days 19:47:08.571428571,1.3573797106111605,0.768754918568392,0.6364342537035741,0.48039095057687525,1.057035395391062,0.9215027832847814,long
1066,"{'window_k': 72, 'window_d': 42, 'window_ma': 162}","open_time
2022-01-01 00:00:00    100.000000
2022-01-01 01:00:00    100.000000
2022-01-01 02:00:00    100.000000
2022-01-01 03:00:00    100.000000
2022-01-01 04:00:00    100.000000
                          ...    
2023-05-01 19:00:00    132.979169
2023-05-01 20:00:00    132.979169
2023-05-01 21:00:00    132.979169
2023-05-01 22:00:00    132.979169
2023-05-01 23:00:00    132.979169
Freq: H, Length: 11664, dtype: float64",2022-01-01,2023-05-01 23:00:00,486 days,100.0,65.67921708647512,172.9499392425372,132.9791693825623,32.979169382562304,-70.17976286600607,44.21296296296296,100.0,49.6902263453723,195 days 10:00:00,146,0.0,73,45.20547945205479,20.18511925952296,-16.08715117146694,7.433865949015009,-4.8860687464574495,3 days 18:16:21.818181818,2 days 06:27:00,1.1567235764416484,0.45176944359674387,0.6516918768929865,0.48036997989300106,1.0343896215778745,1.0147615556861014,long
1621,"{'window_k': 102, 'window_d': 87, 'window_ma': 87}","open_time
2022-01-01 00:00:00    100.000000
2022-01-01 01:00:00    100.000000
2022-01-01 02:00:00    100.000000
2022-01-01 03:00:00    100.000000
2022-01-01 04:00:00    100.000000
                          ...    
2023-05-01 19:00:00    129.467571
2023-05-01 20:00:00    129.467571
2023-05-01 21:00:00    129.467571
2023-05-01 22:00:00    129.467571
2023-05-01 23:00:00    129.467571
Freq: H, Length: 11664, dtype: float64",2022-01-01,2023-05-01 23:00:00,486 days,100.0,68.64862771034356,215.31383057303606,129.46757088187803,29.467570881878046,-70.17976286600607,36.102537722908096,100.0,44.8260305644843,194 days 16:00:00,82,0.0,41,43.90243902439025,36.48449039881831,-21.941747572815533,10.059457184313205,-5.8254634156820755,5 days 09:53:20,3 days 09:26:05.217391304,1.149268715519273,0.7187212410214148,0.6170270121328901,0.47751003360055944,1.0367183106561566,0.957763916061632,long
1064,"{'window_k': 72, 'window_d': 42, 'window_ma': 132}","open_time
2022-01-01 00:00:00    100.000000
2022-01-01 01:00:00    100.000000
2022-01-01 02:00:00    100.000000
2022-01-01 03:00:00    100.000000
2022-01-01 04:00:00    100.000000
                          ...    
2023-05-01 19:00:00    132.582483
2023-05-01 20:00:00    132.582483
2023-05-01 21:00:00    132.582483
2023-05-01 22:00:00    132.582483
2023-05-01 23:00:00    132.582483
Freq: H, Length: 11664, dtype: float64",2022-01-01,2023-05-01 23:00:00,486 days,100.0,65.67921708647512,172.43401732001155,132.58248309851865,32.58248309851864,-70.17976286600607,44.315843621399175,100.0,49.6902263453723,195 days 10:00:00,146,0.0,73,43.83561643835616,20.18511925952296,-16.08715117146694,7.625817758928751,-4.743865234943408,3 days 20:20:37.500000,2 days 06:00:00,1.156120935462249,0.4463353849112135,0.648700950388199,0.47478301817453417,1.0342072103193305,1.0104568043642108,long
1968,"{'window_k': 117, 'window_d': 177, 'window_ma': 12}","open_time
2022-01-01 00:00:00    100.000000
2022-01-01 01:00:00    100.000000
2022-01-01 02:00:00    100.000000
2022-01-01 03:00:00    100.000000
2022-01-01 04:00:00    100.000000
                          ...    
2023-05-01 19:00:00    121.079449
2023-05-01 20:00:00    120.801385
2023-05-01 21:00:00    121.409650
2023-05-01 22:00:00    121.409650
2023-05-01 23:00:00    121.409650
Freq: H, Length: 11664, dtype: float64",2022-01-01,2023-05-01 23:00:00,486 days,100.0,92.4370988273515,138.310536445694,121.40964962227325,21.40964962227325,-70.17976286600607,14.266117969821673,100.0,33.16698698248066,286 days 02:00:00,54,0.0,27,55.55555555555556,20.58374666157954,-10.679942132584454,5.28233452592626,-4.4451387881975535,1 days 22:16:00,3 days 08:50:00,1.342206746595068,0.7929499860101203,0.6061477846791528,0.4729062603524024,1.0492950783285369,0.863347920212611,long
332,"{'window_k': 27, 'window_d': 72, 'window_ma': 192}","open_time
2022-01-01 00:00:00    100.000000
2022-01-01 01:00:00    100.000000
2022-01-01 02:00:00    100.000000
2022-01-01 03:00:00    100.000000
2022-01-01 04:00:00    100.000000
                          ...    
2023-05-01 19:00:00    130.718116
2023-05-01 20:00:00    130.718116
2023-05-01 21:00:00    130.718116
2023-05-01 22:00:00    130.718116
2023-05-01 23:00:00    130.718116
Freq: H, Length: 11664, dtype: float64",2022-01-01,2023-05-01 23:00:00,486 days,100.0,90.72088318483978,195.57115002697557,130.71811630937293,30.718116309372917,-70.17976286600607,40.40637860082305,100.0,47.338675796312316,187 days 17:00:00,134,0.0,67,44.776119402985074,20.26143790849673,-16.093469143199506,7.191752203206544,-4.583529031192478,3 days 22:02:00,2 days 03:08:06.486486486,1.1318554005733061,0.4584793479010876,0.6305655560135566,0.4707468207724436,1.0359371536341853,0.9955263258794789,long
334,"{'window_k': 27, 'window_d': 72, 'window_ma': 222}","open_time
2022-01-01 00:00:00    100.000000
2022-01-01 01:00:00    100.000000
2022-01-01 02:00:00    100.000000
2022-01-01 03:00:00    100.000000
2022-01-01 04:00:00    100.000000
                          ...    
2023-05-01 19:00:00    130.718116
2023-05-01 20:00:00    130.718116
2023-05-01 21:00:00    130.718116
2023-05-01 22:00:00    130.718116
2023-05-01 23:00:00    130.718116
Freq: H, Length: 11664, dtype: float64",2022-01-01,2023-05-01 23:00:00,486 days,100.0,90.72088318483978,195.57115002697557,130.71811630937293,30.718116309372917,-70.17976286600607,40.40637860082305,100.0,47.338675796312316,187 days 17:00:00,134,0.0,67,44.776119402985074,20.26143790849673,-16.093469143199506,7.191752203206544,-4.583529031192478,3 days 22:02:00,2 days 03:08:06.486486486,1.1318554005733061,0.4584793479010876,0.6305655560135566,0.4707468207724436,1.0359371536341853,0.9955263258794789,long
328,"{'window_k': 27, 'window_d': 72, 'window_ma': 132}","open_time
2022-01-01 00:00:00    100.000000
2022-01-01 01:00:00    100.000000
2022-01-01 02:00:00    100.000000
2022-01-01 03:00:00    100.000000
2022-01-01 04:00:00    100.000000
                          ...    
2023-05-01 19:00:00    130.718116
2023-05-01 20:00:00    130.718116
2023-05-01 21:00:00    130.718116
2023-05-01 22:00:00    130.718116
2023-05-01 23:00:00    130.718116
Freq: H, Length: 11664, dtype: float64",2022-01-01,2023-05-01 23:00:00,486 days,100.0,90.72088318483978,195.57115002697557,130.71811630937293,30.718116309372917,-70.17976286600607,40.40637860082305,100.0,47.338675796312316,187 days 17:00:00,134,0.0,67,44.776119402985074,20.26143790849673,-16.093469143199506,7.191752203206544,-4.583529031192478,3 days 22:02:00,2 days 03:08:06.486486486,1.1318554005733061,0.4584793479010876,0.6305655560135566,0.4707468207724436,1.0359371536341853,0.9955263258794789,long
1068,"{'window_k': 72, 'window_d': 42, 'window_ma': 192}","open_time
2022-01-01 00:00:00    100.000000
2022-01-01 01:00:00    100.000000
2022-01-01 02:00:00    100.000000
2022-01-01 03:00:00    100.000000
2022-01-01 04:00:00    100.000000
                          ...    
2023-05-01 19:00:00    132.263678
2023-05-01 20:00:00    132.263678
2023-05-01 21:00:00    132.263678
2023-05-01 22:00:00    132.263678
2023-05-01 23:00:00    132.263678
Freq: H, Length: 11664, dtype: float64",2022-01-01,2023-05-01 23:00:00,486 days,100.0,65.67921708647512,172.01938614899544,132.26367807919723,32.26367807919725,-70.17976286600607,44.718792866941016,100.0,49.6902263453723,195 days 10:00:00,146,0.0,73,45.20547945205479,20.18511925952296,-16.08715117146694,7.417371297994692,-4.886068746457449,3 days 20:03:38.181818181,2 days 06:27:00,1.153529524661622,0.44196819286571554,0.6463670915321951,0.47028992568532024,1.0339455867297485,1.0065177075662821,long
1069,"{'window_k': 72, 'window_d': 42, 'window_ma': 207}","open_time
2022-01-01 00:00:00    100.000000
2022-01-01 01:00:00    100.000000
2022-01-01 02:00:00    100.000000
2022-01-01 03:00:00    100.000000
2022-01-01 04:00:00    100.000000
                          ...    
2023-05-01 19:00:00    132.263678
2023-05-01 20:00:00    132.263678
2023-05-01 21:00:00    132.263678
2023-05-01 22:00:00    132.263678
2023-05-01 23:00:00    132.263678
Freq: H, Length: 11664, dtype: float64",2022-01-01,2023-05-01 23:00:00,486 days,100.0,65.67921708647512,172.01938614899544,132.26367807919723,32.26367807919725,-70.17976286600607,44.718792866941016,100.0,49.6902263453723,195 days 10:00:00,146,0.0,73,45.20547945205479,20.18511925952296,-16.08715117146694,7.417371297994692,-4.886068746457449,3 days 20:03:38.181818181,2 days 06:27:00,1.153529524661622,0.44196819286571554,0.6463670915321951,0.47028992568532024,1.0339455867297485,1.0065177075662821,long
1070,"{'window_k': 72, 'window_d': 42, 'window_ma': 222}","open_time
2022-01-01 00:00:00    100.000000
2022-01-01 01:00:00    100.000000
2022-01-01 02:00:00    100.000000
2022-01-01 03:00:00    100.000000
2022-01-01 04:00:00    100.000000
                          ...    
2023-05-01 19:00:00    132.263678
2023-05-01 20:00:00    132.263678
2023-05-01 21:00:00    132.263678
2023-05-01 22:00:00    132.263678
2023-05-01 23:00:00    132.263678
Freq: H, Length: 11664, dtype: float64",2022-01-01,2023-05-01 23:00:00,486 days,100.0,65.67921708647512,172.01938614899544,132.26367807919723,32.26367807919725,-70.17976286600607,44.718792866941016,100.0,49.6902263453723,195 days 10:00:00,146,0.0,73,45.20547945205479,20.18511925952296,-16.08715117146694,7.417371297994692,-4.886068746457449,3 days 20:03:38.181818181,2 days 06:27:00,1.153529524661622,0.44196819286571554,0.6463670915321951,0.47028992568532024,1.0339455867297485,1.0065177075662821,long
2066,"{'window_k': 132, 'window_d': 27, 'window_ma': 42}","open_time
2022-01-01 00:00:00    100.000000
2022-01-01 01:00:00    100.000000
2022-01-01 02:00:00    100.000000
2022-01-01 03:00:00    100.000000
2022-01-01 04:00:00    100.000000
                          ...    
2023-05-01 19:00:00    132.553675
2023-05-01 20:00:00    132.553675
2023-05-01 21:00:00    132.553675
2023-05-01 22:00:00    132.553675
2023-05-01 23:00:00    132.553675
Freq: H, Length: 11664, dtype: float64",2022-01-01,2023-05-01 23:00:00,486 days,100.0,52.215455662988305,146.65335007781374,132.55367468457024,32.553674684570225,-70.17976286600607,32.20164609053498,100.0,50.163309882289845,122 days 02:00:00,194,0.0,97,35.051546391752574,26.596980255516844,-14.461569764484466,7.401139705321276,-3.165915780639067,2 days 12:08:49.411764705,1 days 03:09:31.428571428,1.1722293784269657,0.33560489365536306,0.6416402921178986,0.46990332836758136,1.0410788541260083,1.0252313831977735,long
329,"{'window_k': 27, 'window_d': 72, 'window_ma': 147}","open_time
2022-01-01 00:00:00    100.0000
2022-01-01 01:00:00    100.0000
2022-01-01 02:00:00    100.0000
2022-01-01 03:00:00    100.0000
2022-01-01 04:00:00    100.0000
                         ...   
2023-05-01 19:00:00    130.4329
2023-05-01 20:00:00    130.4329
2023-05-01 21:00:00    130.4329
2023-05-01 22:00:00    130.4329
2023-05-01 23:00:00    130.4329
Freq: H, Length: 11664, dtype: float64",2022-01-01,2023-05-01 23:00:00,486 days,100.0,90.72088318483978,195.14442993964002,130.43290018214662,30.43290018214661,-70.17976286600607,40.39780521262003,100.0,47.338675796312344,187 days 17:00:00,134,0.0,67,44.776119402985074,20.26143790849672,-16.093469143199513,7.191752203206543,-4.589128311684938,3 days 22:02:00,2 days 03:06:29.189189189,1.130611432647196,0.45422239077830895,0.6282934712992122,0.46651265006393566,1.035807545672379,0.9919359430869187,long
438,"{'window_k': 27, 'window_d': 177, 'window_ma': 102}","open_time
2022-01-01 00:00:00    100.000000
2022-01-01 01:00:00    100.000000
2022-01-01 02:00:00    100.000000
2022-01-01 03:00:00    100.000000
2022-01-01 04:00:00    100.000000
                          ...    
2023-05-01 19:00:00    123.142445
2023-05-01 20:00:00    122.859644
2023-05-01 21:00:00    123.478272
2023-05-01 22:00:00    124.026201
2023-05-01 23:00:00    124.026201
Freq: H, Length: 11664, dtype: float64",2022-01-01,2023-05-01 23:00:00,486 days,100.0,85.20842203415516,138.2493155122644,124.02620058175548,24.026200581755475,-70.17976286600607,34.17352537722908,100.0,37.98060514334319,286 days 02:00:00,69,0.0,35,35.294117647058826,33.81668218704271,-12.437112437112436,13.488326002063419,-5.462035145964356,7 days 20:45:00,3 days 02:35:27.272727272,1.1667084753032386,0.6853388630063391,0.5694024917409024,0.4621396160262141,1.0299291788942004,0.8138174940944376,long
66,"{'window_k': 12, 'window_d': 72, 'window_ma': 42}","open_time
2022-01-01 00:00:00    100.000000
2022-01-01 01:00:00    100.000000
2022-01-01 02:00:00    100.000000
2022-01-01 03:00:00    100.000000
2022-01-01 04:00:00    100.000000
                          ...    
2023-05-01 19:00:00    129.386626
2023-05-01 20:00:00    129.386626
2023-05-01 21:00:00    129.386626
2023-05-01 22:00:00    129.386626
2023-05-01 23:00:00    129.386626
Freq: H, Length: 11664, dtype: float64",2022-01-01,2023-05-01 23:00:00,486 days,100.0,85.44063984489955,219.10986842749514,129.3866262351351,29.386626235135125,-70.17976286600607,31.31858710562414,100.0,46.60437918940055,172 days 03:00:00,178,0.0,89,39.325842696629216,21.550041817674934,-11.648157496214019,5.5778810511234775,-2.9156196132442775,2 days 11:13:42.857142857,1 days 05:32:49.811320754,1.1332782546005724,0.3301868116307314,0.6130421682657201,0.45806573086455743,1.0414346582824345,1.001511750588352,long
1065,"{'window_k': 72, 'window_d': 42, 'window_ma': 147}","open_time
2022-01-01 00:00:00    100.000000
2022-01-01 01:00:00    100.000000
2022-01-01 02:00:00    100.000000
2022-01-01 03:00:00    100.000000
2022-01-01 04:00:00    100.000000
                          ...    
2023-05-01 19:00:00    131.366001
2023-05-01 20:00:00    131.366001
2023-05-01 21:00:00    131.366001
2023-05-01 22:00:00    131.366001
2023-05-01 23:00:00    131.366001
Freq: H, Length: 11664, dtype: float64",2022-01-01,2023-05-01 23:00:00,486 days,100.0,65.67921708647512,170.85188658235384,131.36600142601966,31.366001426019665,-70.17976286600607,44.70164609053498,100.0,49.6902263453723,195 days 10:00:00,146,0.0,73,45.20547945205479,20.18511925952296,-16.08715117146694,7.417371297994695,-4.902323622920388,3 days 20:03:38.181818181,2 days 06:24:00,1.1491591671465329,0.42967125241122694,0.6395182558959133,0.4576239644392203,1.0335853259074983,0.9958356445392306,long
889,"{'window_k': 57, 'window_d': 117, 'window_ma': 147}","open_time
2022-01-01 00:00:00    100.000000
2022-01-01 01:00:00    100.000000
2022-01-01 02:00:00    100.000000
2022-01-01 03:00:00    100.000000
2022-01-01 04:00:00    100.000000
                          ...    
2023-05-01 19:00:00    129.384956
2023-05-01 20:00:00    129.087818
2023-05-01 21:00:00    129.737807
2023-05-01 22:00:00    130.313511
2023-05-01 23:00:00    130.313511
Freq: H, Length: 11664, dtype: float64",2022-01-01,2023-05-01 23:00:00,486 days,100.0,90.88011912091318,224.6845249154773,130.31351147470508,30.313511474705095,-70.17976286600607,41.88100137174211,100.0,49.17915638228518,194 days 16:00:00,77,0.0,39,44.73684210526316,31.88046457001174,-22.404978884196478,10.922498102682571,-6.5842641796291055,6 days 10:21:10.588235294,4 days 05:51:25.714285714,1.1262197232806883,0.7361460797169004,0.6304222455455553,0.4473471703702175,1.0309347974077687,0.9009905965689573,long
552,"{'window_k': 42, 'window_d': 42, 'window_ma': 132}","open_time
2022-01-01 00:00:00    100.000000
2022-01-01 01:00:00    100.000000
2022-01-01 02:00:00    100.000000
2022-01-01 03:00:00    100.000000
2022-01-01 04:00:00    100.000000
                          ...    
2023-05-01 19:00:00    127.722542
2023-05-01 20:00:00    127.722542
2023-05-01 21:00:00    127.722542
2023-05-01 22:00:00    127.722542
2023-05-01 23:00:00    127.722542
Freq: H, Length: 11664, dtype: float64",2022-01-01,2023-05-01 23:00:00,486 days,100.0,55.96254650142031,145.93687039702155,127.72254237828463,27.722542378284633,-70.17976286600607,39.4718792866941,100.0,45.12004683180905,280 days 12:00:00,172,0.0,86,39.53488372093023,26.36842671254975,-18.872870249017033,7.768190470881915,-4.135501954310898,3 days 05:56:28.235294117,1 days 13:34:36.923076923,1.1430350755627998,0.32235514393354325,0.6050661404061373,0.4471151284471103,1.0345077997818826,0.9453941800697893,long
1938,"{'window_k': 117, 'window_d': 147, 'window_ma': 42}","open_time
2022-01-01 00:00:00    100.000000
2022-01-01 01:00:00    100.000000
2022-01-01 02:00:00    100.000000
2022-01-01 03:00:00    100.000000
2022-01-01 04:00:00    100.000000
                          ...    
2023-05-01 19:00:00    121.817914
2023-05-01 20:00:00    121.817914
2023-05-01 21:00:00    121.817914
2023-05-01 22:00:00    121.817914
2023-05-01 23:00:00    121.817914
Freq: H, Length: 11664, dtype: float64",2022-01-01,2023-05-01 23:00:00,486 days,100.0,92.55982310921165,144.14366788438866,121.81791392201316,21.81791392201316,-70.17976286600607,27.340534979423868,100.0,35.786410552942336,314 days 09:00:00,58,0.0,29,34.48275862068966,35.82771896053896,-12.134443541835918,14.292875768800005,-5.367176932132117,5 days 05:06:00,4 days 06:00:00,1.1780975744979059,0.752341859379765,0.5469917667912018,0.44645198620784016,1.0326336083240997,0.7849684429274376,long
3602,"{'window_k': 222, 'window_d': 27, 'window_ma': 42}","open_time
2022-01-01 00:00:00    100.000000
2022-01-01 01:00:00    100.000000
2022-01-01 02:00:00    100.000000
2022-01-01 03:00:00    100.000000
2022-01-01 04:00:00    100.000000
                          ...    
2023-05-01 19:00:00    135.096332
2023-05-01 20:00:00    135.096332
2023-05-01 21:00:00    135.096332
2023-05-01 22:00:00    135.096332
2023-05-01 23:00:00    135.096332
Freq: H, Length: 11664, dtype: float64",2022-01-01,2023-05-01 23:00:00,486 days,100.0,55.69739773634623,147.84945075554262,135.09633169339156,35.096331693391576,-70.17976286600607,32.36454046639231,100.0,56.79681003146636,158 days 23:00:00,186,0.0,93,34.40860215053764,22.02630842429331,-10.099497164865749,7.413325753118012,-3.048798752754478,2 days 14:03:45,1 days 05:19:40.327868852,1.184829863619294,0.37737991068163,0.6634131796916101,0.4462909703536013,1.0421608564256735,1.0513267374356228,long
1222,"{'window_k': 72, 'window_d': 192, 'window_ma': 102}","open_time
2022-01-01 00:00:00    100.000000
2022-01-01 01:00:00    100.000000
2022-01-01 02:00:00    100.000000
2022-01-01 03:00:00    100.000000
2022-01-01 04:00:00    100.000000
                          ...    
2023-05-01 19:00:00    129.508228
2023-05-01 20:00:00    129.210807
2023-05-01 21:00:00    129.861415
2023-05-01 22:00:00    130.437668
2023-05-01 23:00:00    130.437668
Freq: H, Length: 11664, dtype: float64",2022-01-01,2023-05-01 23:00:00,486 days,100.0,77.3685182857207,153.68847552742912,130.43766804993047,30.437668049930465,-70.17976286600607,33.101851851851855,100.0,49.65886803144679,391 days 18:00:00,53,0.0,27,30.76923076923077,48.51515617787354,-13.041463979615472,19.907935799485273,-6.051942977373064,9 days 23:45:00,4 days 09:16:40,1.26204585004391,1.1735393570480577,0.6426474532450264,0.44478345078644144,1.0345756140129663,0.9125672149624917,long
3936,"{'window_k': 237, 'window_d': 102, 'window_ma': 12}","open_time
2022-01-01 00:00:00    100.000000
2022-01-01 01:00:00    100.000000
2022-01-01 02:00:00    100.000000
2022-01-01 03:00:00    100.000000
2022-01-01 04:00:00    100.000000
                          ...    
2023-05-01 19:00:00    121.435618
2023-05-01 20:00:00    121.435618
2023-05-01 21:00:00    121.435618
2023-05-01 22:00:00    121.435618
2023-05-01 23:00:00    121.435618
Freq: H, Length: 11664, dtype: float64",2022-01-01,2023-05-01 23:00:00,486 days,100.0,94.85467813628071,147.59335195620935,121.43561769992989,21.435617699929892,-70.17976286600607,16.349451303155007,100.0,35.33791475525989,355 days 14:00:00,64,0.0,32,50.0,20.79113319319704,-19.187514344732598,6.791849287142296,-5.2369457959934165,2 days 14:18:45,2 days 09:56:00,1.2297568726401742,0.6698630531228091,0.5367170077293221,0.4443798838724325,1.0501123317098044,0.8645989379336421,long
1122,"{'window_k': 72, 'window_d': 102, 'window_ma': 42}","open_time
2022-01-01 00:00:00    100.000000
2022-01-01 01:00:00    100.000000
2022-01-01 02:00:00    100.000000
2022-01-01 03:00:00    100.000000
2022-01-01 04:00:00    100.000000
                          ...    
2023-05-01 19:00:00    127.684649
2023-05-01 20:00:00    127.684649
2023-05-01 21:00:00    127.684649
2023-05-01 22:00:00    127.684649
2023-05-01 23:00:00    127.684649
Freq: H, Length: 11664, dtype: float64",2022-01-01,2023-05-01 23:00:00,486 days,100.0,83.94222054493623,195.2509371229046,127.6846488499497,27.684648849949696,-70.17976286600607,30.872770919067214,100.0,46.15878756223377,194 days 16:00:00,84,0.0,42,50.0,24.14260802170121,-22.120518688024408,7.533725774240038,-5.640875282349808,3 days 22:20:00,3 days 05:08:34.285714285,1.1602503041016519,0.6591583059511823,0.6069285846080114,0.43647328009227637,1.036282166108466,0.8738241591638958,long
1139,"{'window_k': 72, 'window_d': 117, 'window_ma': 57}","open_time
2022-01-01 00:00:00    100.000000
2022-01-01 01:00:00    100.000000
2022-01-01 02:00:00    100.000000
2022-01-01 03:00:00    100.000000
2022-01-01 04:00:00    100.000000
                          ...    
2023-05-01 19:00:00    119.522579
2023-05-01 20:00:00    119.248090
2023-05-01 21:00:00    119.848534
2023-05-01 22:00:00    120.380355
2023-05-01 23:00:00    120.380355
Freq: H, Length: 11664, dtype: float64",2022-01-01,2023-05-01 23:00:00,486 days,100.0,88.61843911249387,154.32025345164962,120.38035525533624,20.38035525533624,-70.17976286600607,34.43072702331962,100.0,34.49591354920083,202 days 22:00:00,79,0.0,40,46.15384615384615,24.00388726919338,-20.031796502384726,8.477455762296799,-5.615657290768757,5 days 03:00:00,3 days 08:17:08.571428571,1.1337428646014838,0.5177344723944626,0.528191896599831,0.43331266573124416,1.0281849387650106,0.7403927710741064,long
325,"{'window_k': 27, 'window_d': 72, 'window_ma': 87}","open_time
2022-01-01 00:00:00    100.00000
2022-01-01 01:00:00    100.00000
2022-01-01 02:00:00    100.00000
2022-01-01 03:00:00    100.00000
2022-01-01 04:00:00    100.00000
                         ...    
2023-05-01 19:00:00    126.65298
2023-05-01 20:00:00    126.65298
2023-05-01 21:00:00    126.65298
2023-05-01 22:00:00    126.65298
2023-05-01 23:00:00    126.65298
Freq: H, Length: 11664, dtype: float64",2022-01-01,2023-05-01 23:00:00,486 days,100.0,82.98696841005858,181.85092219117936,126.6529795193915,26.652979519391494,-70.17976286600607,39.50617283950617,100.0,44.82603056448429,187 days 17:00:00,134,0.0,67,46.26865671641791,20.26143790849673,-16.093469143199503,6.656991655116314,-4.557075224472803,3 days 19:00:00,2 days 01:38:20,1.1261823811870761,0.3978056644685286,0.5968899801972969,0.43316946253846755,1.0344457003726133,0.9435448789843436,long
3888,"{'window_k': 237, 'window_d': 57, 'window_ma': 12}","open_time
2022-01-01 00:00:00    100.00000
2022-01-01 01:00:00    100.00000
2022-01-01 02:00:00    100.00000
2022-01-01 03:00:00    100.00000
2022-01-01 04:00:00    100.00000
                         ...    
2023-05-01 19:00:00    125.35566
2023-05-01 20:00:00    125.35566
2023-05-01 21:00:00    125.35566
2023-05-01 22:00:00    125.35566
2023-05-01 23:00:00    125.35566
Freq: H, Length: 11664, dtype: float64",2022-01-01,2023-05-01 23:00:00,486 days,100.0,90.54302617522654,196.62295543061774,125.35565981433409,25.355659814334093,-70.17976286600607,15.534979423868311,100.0,42.87365488984683,172 days 03:00:00,100,0.0,50,48.0,18.377198023215733,-16.375946752352533,5.4425424231381445,-3.733392798297945,1 days 10:35:00,1 days 13:46:09.230769230,1.1696900581247622,0.5071131962866815,0.5798398531856428,0.43144047515732603,1.0573464209785113,0.9556835463513507,long
2610,"{'window_k': 162, 'window_d': 57, 'window_ma': 42}","open_time
2022-01-01 00:00:00    100.000000
2022-01-01 01:00:00    100.000000
2022-01-01 02:00:00    100.000000
2022-01-01 03:00:00    100.000000
2022-01-01 04:00:00    100.000000
                          ...    
2023-05-01 19:00:00    126.266609
2023-05-01 20:00:00    126.266609
2023-05-01 21:00:00    126.266609
2023-05-01 22:00:00    126.266609
2023-05-01 23:00:00    126.266609
Freq: H, Length: 11664, dtype: float64",2022-01-01,2023-05-01 23:00:00,486 days,100.0,69.51361242868157,173.9183547252551,126.26660895867829,26.26660895867829,-70.17976286600607,27.863511659807955,100.0,44.8260305644843,194 days 16:00:00,102,0.0,51,43.13725490196079,21.473927265730204,-20.093245394587207,7.3863334700009124,-4.32392389522416,3 days 14:32:43.636363636,1 days 22:24:49.655172413,1.168942627568219,0.5150315482093788,0.5838347519271991,0.4270635980054775,1.0410693397742754,0.9288448260927213,long
894,"{'window_k': 57, 'window_d': 117, 'window_ma': 222}","open_time
2022-01-01 00:00:00    100.000000
2022-01-01 01:00:00    100.000000
2022-01-01 02:00:00    100.000000
2022-01-01 03:00:00    100.000000
2022-01-01 04:00:00    100.000000
                          ...    
2023-05-01 19:00:00    127.553977
2023-05-01 20:00:00    127.261044
2023-05-01 21:00:00    127.901835
2023-05-01 22:00:00    128.469392
2023-05-01 23:00:00    128.469392
Freq: H, Length: 11664, dtype: float64",2022-01-01,2023-05-01 23:00:00,486 days,100.0,88.98263609131124,219.99334408115138,128.46939202786513,28.469392027865116,-70.17976286600607,41.76954732510288,100.0,48.64370280837679,194 days 16:00:00,77,0.0,39,47.368421052631575,31.880464570011757,-22.40497888419648,10.217542955675645,-6.901417727611925,6 days 08:39:59.999999999,4 days 04:06:00,1.120389313577352,0.6884880345627478,0.6130593482318324,0.42556848960286653,1.0301041746002735,0.8766428713482254,long
895,"{'window_k': 57, 'window_d': 117, 'window_ma': 237}","open_time
2022-01-01 00:00:00    100.000000
2022-01-01 01:00:00    100.000000
2022-01-01 02:00:00    100.000000
2022-01-01 03:00:00    100.000000
2022-01-01 04:00:00    100.000000
                          ...    
2023-05-01 19:00:00    127.869480
2023-05-01 20:00:00    127.575822
2023-05-01 21:00:00    128.218198
2023-05-01 22:00:00    128.787159
2023-05-01 23:00:00    128.787159
Freq: H, Length: 11664, dtype: float64",2022-01-01,2023-05-01 23:00:00,486 days,100.0,88.98263609131124,222.8611003129618,128.78715945350285,28.787159453502852,-70.17976286600607,42.10390946502058,100.0,49.17915638228519,194 days 16:00:00,77,0.0,39,44.73684210526316,31.880464570011764,-22.404978884196478,10.878849637848717,-6.601381019175852,6 days 11:28:14.117647058,4 days 06:11:25.714285714,1.1204756451718165,0.696700178491664,0.6160837370665875,0.4254928628520042,1.0301547299107705,0.880485553803193,long
3616,"{'window_k': 222, 'window_d': 42, 'window_ma': 12}","open_time
2022-01-01 00:00:00    100.000000
2022-01-01 01:00:00    100.000000
2022-01-01 02:00:00    100.000000
2022-01-01 03:00:00    100.000000
2022-01-01 04:00:00    100.000000
                          ...    
2023-05-01 19:00:00    123.294081
2023-05-01 20:00:00    123.294081
2023-05-01 21:00:00    123.294081
2023-05-01 22:00:00    123.294081
2023-05-01 23:00:00    123.294081
Freq: H, Length: 11664, dtype: float64",2022-01-01,2023-05-01 23:00:00,486 days,100.0,97.90145224270573,186.22485755378656,123.29408051534993,23.294080515349933,-70.17976286600607,19.444444444444446,100.0,40.18495512920007,276 days 01:00:00,126,0.0,63,49.2063492063492,16.322517207472938,-14.461651018168514,5.303789146011454,-4.121110440020352,1 days 09:50:19.354838709,1 days 14:05:37.500000,1.1232021708608613,0.3697473097674586,0.5525383803947159,0.42381073993832885,1.0464778789425035,0.8905138347881539,long
1839,"{'window_k': 117, 'window_d': 42, 'window_ma': 237}","open_time
2022-01-01 00:00:00    100.000000
2022-01-01 01:00:00    100.000000
2022-01-01 02:00:00    100.000000
2022-01-01 03:00:00    100.000000
2022-01-01 04:00:00    100.000000
                          ...    
2023-05-01 19:00:00    129.044451
2023-05-01 20:00:00    129.044451
2023-05-01 21:00:00    129.044451
2023-05-01 22:00:00    129.044451
2023-05-01 23:00:00    129.044451
Freq: H, Length: 11664, dtype: float64",2022-01-01,2023-05-01 23:00:00,486 days,100.0,69.57640957978481,175.8509684925369,129.04445055480278,29.04445055480278,-70.17976286600607,42.901234567901234,100.0,49.87347389308378,266 days 11:00:00,122,0.0,61,34.42622950819672,25.472047389855618,-16.333133612941868,10.275395644857456,-4.244118580975038,4 days 14:34:17.142857142,2 days 19:03:00,1.142384673207668,0.47613853368529124,0.6199282794100144,0.4232063755806655,1.0332016355353455,0.9670259389354935,long
1872,"{'window_k': 117, 'window_d': 87, 'window_ma': 12}","open_time
2022-01-01 00:00:00    100.00000
2022-01-01 01:00:00    100.00000
2022-01-01 02:00:00    100.00000
2022-01-01 03:00:00    100.00000
2022-01-01 04:00:00    100.00000
                         ...    
2023-05-01 19:00:00    124.75946
2023-05-01 20:00:00    124.75946
2023-05-01 21:00:00    124.75946
2023-05-01 22:00:00    124.75946
2023-05-01 23:00:00    124.75946
Freq: H, Length: 11664, dtype: float64",2022-01-01,2023-05-01 23:00:00,486 days,100.0,90.7879097879282,200.6967082092265,124.7594595522523,24.759459552252295,-70.17976286600607,15.157750342935527,100.0,42.83504294387397,249 days 17:00:00,80,0.0,40,50.0,24.58030568779754,-21.896286530432885,6.378490109503381,-4.64887356226102,1 days 08:06:00,2 days 08:18:00,1.171124643724651,0.6189864888063066,0.5813184224293247,0.4219422077966043,1.0586679438368514,0.9796174468125183,long
327,"{'window_k': 27, 'window_d': 72, 'window_ma': 117}","open_time
2022-01-01 00:00:00    100.000000
2022-01-01 01:00:00    100.000000
2022-01-01 02:00:00    100.000000
2022-01-01 03:00:00    100.000000
2022-01-01 04:00:00    100.000000
                          ...    
2023-05-01 19:00:00    128.064789
2023-05-01 20:00:00    128.064789
2023-05-01 21:00:00    128.064789
2023-05-01 22:00:00    128.064789
2023-05-01 23:00:00    128.064789
Freq: H, Length: 11664, dtype: float64",2022-01-01,2023-05-01 23:00:00,486 days,100.0,90.72088318483978,195.57115002697557,128.0647890372309,28.0647890372309,-70.17976286600607,40.38065843621399,100.0,48.40759976524453,187 days 17:00:00,134,0.0,67,44.776119402985074,20.26143790849673,-16.093469143199506,7.191752203206544,-4.637841353632964,3 days 22:02:00,2 days 03:03:14.594594594,1.119487632398965,0.41887744831687845,0.6092233681872083,0.42174412044726356,1.034716321461468,0.9617069928351204,long
3892,"{'window_k': 237, 'window_d': 57, 'window_ma': 72}","open_time
2022-01-01 00:00:00    100.000000
2022-01-01 01:00:00    100.000000
2022-01-01 02:00:00    100.000000
2022-01-01 03:00:00    100.000000
2022-01-01 04:00:00    100.000000
                          ...    
2023-05-01 19:00:00    125.918321
2023-05-01 20:00:00    125.918321
2023-05-01 21:00:00    125.918321
2023-05-01 22:00:00    125.918321
2023-05-01 23:00:00    125.918321
Freq: H, Length: 11664, dtype: float64",2022-01-01,2023-05-01 23:00:00,486 days,100.0,75.37864477684828,175.1131694498117,125.91832056153756,25.918320561537556,-70.17976286600607,38.10871056241427,100.0,44.8260305644843,194 days 16:00:00,102,0.0,51,45.09803921568628,31.94125159642401,-16.375946752352537,7.871435467961094,-4.982141344585216,5 days 00:13:02.608695652,2 days 12:00:00,1.151082123625017,0.5082023639517175,0.5903350086136169,0.4215555633006985,1.033670470644364,0.9096718315931002,long
1424,"{'window_k': 87, 'window_d': 147, 'window_ma': 12}","open_time
2022-01-01 00:00:00    100.000000
2022-01-01 01:00:00    100.000000
2022-01-01 02:00:00    100.000000
2022-01-01 03:00:00    100.000000
2022-01-01 04:00:00    100.000000
                          ...    
2023-05-01 19:00:00    119.293042
2023-05-01 20:00:00    119.293042
2023-05-01 21:00:00    119.293042
2023-05-01 22:00:00    119.293042
2023-05-01 23:00:00    119.293042
Freq: H, Length: 11664, dtype: float64",2022-01-01,2023-05-01 23:00:00,486 days,100.0,70.1688120004754,123.40369553434856,119.29304245949885,19.29304245949885,-70.17976286600607,16.89814814814815,100.0,33.68377462066299,214 days 14:00:00,68,0.0,34,58.82352941176471,19.943074003795054,-16.10582844755383,5.135805507962705,-5.414093745319902,2 days 07:27:00,2 days 13:34:17.142857142,1.2575649428833457,0.5674424252793782,0.5340932024753086,0.4205848937535067,1.0405592368481469,0.7575935092232897,long
1832,"{'window_k': 117, 'window_d': 42, 'window_ma': 132}","open_time
2022-01-01 00:00:00    100.000000
2022-01-01 01:00:00    100.000000
2022-01-01 02:00:00    100.000000
2022-01-01 03:00:00    100.000000
2022-01-01 04:00:00    100.000000
                          ...    
2023-05-01 19:00:00    128.809243
2023-05-01 20:00:00    128.809243
2023-05-01 21:00:00    128.809243
2023-05-01 22:00:00    128.809243
2023-05-01 23:00:00    128.809243
Freq: H, Length: 11664, dtype: float64",2022-01-01,2023-05-01 23:00:00,486 days,100.0,69.19702578973349,174.89209453922675,128.80924284600965,28.809242846009653,-70.17976286600607,42.65260631001372,100.0,50.14680204513138,266 days 11:00:00,122,0.0,61,32.78688524590164,25.47204738985563,-16.33313361294188,10.846749654314063,-4.165997212930666,4 days 19:39:00,2 days 16:55:36.585365853,1.1406128013098515,0.4722826696067175,0.6186067731932856,0.41759298052960986,1.0331737142212043,0.9613983812207306,long
549,"{'window_k': 42, 'window_d': 42, 'window_ma': 87}","open_time
2022-01-01 00:00:00    100.000000
2022-01-01 01:00:00    100.000000
2022-01-01 02:00:00    100.000000
2022-01-01 03:00:00    100.000000
2022-01-01 04:00:00    100.000000
                          ...    
2023-05-01 19:00:00    125.947684
2023-05-01 20:00:00    125.947684
2023-05-01 21:00:00    125.947684
2023-05-01 22:00:00    125.947684
2023-05-01 23:00:00    125.947684
Freq: H, Length: 11664, dtype: float64",2022-01-01,2023-05-01 23:00:00,486 days,100.0,55.77692063907261,143.9089024806373,125.94768440416519,25.947684404165187,-70.17976286600607,39.52331961591221,100.0,45.30208176891094,280 days 12:00:00,172,0.0,86,39.53488372093023,26.36842671254974,-18.872870249017033,7.736318747833719,-4.144861597873,3 days 05:22:56.470588235,1 days 14:03:27.692307692,1.1342141326340105,0.30171726051354897,0.5901207885630669,0.41758534164634437,1.0336105202062813,0.9227682787373159,long
1063,"{'window_k': 72, 'window_d': 42, 'window_ma': 117}","open_time
2022-01-01 00:00:00    100.000000
2022-01-01 01:00:00    100.000000
2022-01-01 02:00:00    100.000000
2022-01-01 03:00:00    100.000000
2022-01-01 04:00:00    100.000000
                          ...    
2023-05-01 19:00:00    128.458141
2023-05-01 20:00:00    128.458141
2023-05-01 21:00:00    128.458141
2023-05-01 22:00:00    128.458141
2023-05-01 23:00:00    128.458141
Freq: H, Length: 11664, dtype: float64",2022-01-01,2023-05-01 23:00:00,486 days,100.0,65.67921708647512,167.0699837504328,128.45814092328112,28.458140923281107,-70.17976286600607,44.59019204389575,100.0,49.6902263453723,195 days 10:00:00,146,0.0,73,45.20547945205479,20.185119259522953,-16.08715117146694,7.389587601384304,-4.936047776235167,3 days 19:41:49.090909090,2 days 06:22:30,1.1351322495176763,0.38983754689426275,0.6168282172731903,0.4164458406679284,1.0324412462458243,0.9609050014662732,long
1224,"{'window_k': 72, 'window_d': 192, 'window_ma': 132}","open_time
2022-01-01 00:00:00    100.000000
2022-01-01 01:00:00    100.000000
2022-01-01 02:00:00    100.000000
2022-01-01 03:00:00    100.000000
2022-01-01 04:00:00    100.000000
                          ...    
2023-05-01 19:00:00    127.414607
2023-05-01 20:00:00    127.121994
2023-05-01 21:00:00    127.762084
2023-05-01 22:00:00    128.329022
2023-05-01 23:00:00    128.329022
Freq: H, Length: 11664, dtype: float64",2022-01-01,2023-05-01 23:00:00,486 days,100.0,75.80552331225587,150.09141755874475,128.32902186273748,28.329021862737463,-70.17976286600607,35.348079561042525,100.0,49.49376550289019,391 days 18:00:00,53,0.0,27,30.76923076923077,48.515156177873536,-13.957558521111357,21.227264316659188,-6.568567810452775,10 days 07:15:00,4 days 20:30:00,1.2231207201914949,1.0923913490220425,0.616608581879125,0.4162578047361392,1.0319307738717567,0.8755487022637151,long
1830,"{'window_k': 117, 'window_d': 42, 'window_ma': 102}","open_time
2022-01-01 00:00:00    100.000000
2022-01-01 01:00:00    100.000000
2022-01-01 02:00:00    100.000000
2022-01-01 03:00:00    100.000000
2022-01-01 04:00:00    100.000000
                          ...    
2023-05-01 19:00:00    129.525859
2023-05-01 20:00:00    129.525859
2023-05-01 21:00:00    129.525859
2023-05-01 22:00:00    129.525859
2023-05-01 23:00:00    129.525859
Freq: H, Length: 11664, dtype: float64",2022-01-01,2023-05-01 23:00:00,486 days,100.0,66.41683098332365,167.8652882947272,129.52585915506404,29.525859155064055,-70.17976286600607,43.22702331961592,100.0,51.8906046542098,266 days 11:00:00,122,0.0,61,34.42622950819672,25.472047389855618,-16.33313361294188,10.304856163620212,-4.2493839701145415,4 days 17:54:17.142857142,2 days 18:15:00,1.1466930797575234,0.4840304779518698,0.6242938950479406,0.41329113779870313,1.0333163090818287,0.9706142897589418,long
1061,"{'window_k': 72, 'window_d': 42, 'window_ma': 87}","open_time
2022-01-01 00:00:00    100.000000
2022-01-01 01:00:00    100.000000
2022-01-01 02:00:00    100.000000
2022-01-01 03:00:00    100.000000
2022-01-01 04:00:00    100.000000
                          ...    
2023-05-01 19:00:00    128.171778
2023-05-01 20:00:00    128.171778
2023-05-01 21:00:00    128.171778
2023-05-01 22:00:00    128.171778
2023-05-01 23:00:00    128.171778
Freq: H, Length: 11664, dtype: float64",2022-01-01,2023-05-01 23:00:00,486 days,100.0,62.7528616556354,166.6975467371764,128.17177849443567,28.171778494435674,-70.17976286600607,44.135802469135804,100.0,49.83314568687817,195 days 10:00:00,146,0.0,73,45.20547945205479,20.185119259522956,-16.08715117146694,7.275202051463781,-4.851751403284017,3 days 19:12:43.636363636,2 days 05:27:00,1.1401769947719385,0.3859147738963782,0.6143435695751084,0.41119550586482256,1.032458759498493,0.9571628670659337,long
1842,"{'window_k': 117, 'window_d': 57, 'window_ma': 42}","open_time
2022-01-01 00:00:00    100.000000
2022-01-01 01:00:00    100.000000
2022-01-01 02:00:00    100.000000
2022-01-01 03:00:00    100.000000
2022-01-01 04:00:00    100.000000
                          ...    
2023-05-01 19:00:00    125.999351
2023-05-01 20:00:00    125.999351
2023-05-01 21:00:00    125.999351
2023-05-01 22:00:00    125.999351
2023-05-01 23:00:00    125.999351
Freq: H, Length: 11664, dtype: float64",2022-01-01,2023-05-01 23:00:00,486 days,100.0,71.88649773755631,179.57856631638577,125.99935097720869,25.999350977208692,-70.17976286600607,31.009945130315504,100.0,46.3315262351238,194 days 16:00:00,110,0.0,55,41.81818181818181,29.245283018867923,-20.093245394587203,8.356245758166816,-4.692107013967501,3 days 14:15:39.130434782,2 days 03:01:52.500000,1.137166260399739,0.47271547231288524,0.5819674970435121,0.4090976948237943,1.0380126263337077,0.9187887533894833,long
662,"{'window_k': 42, 'window_d': 147, 'window_ma': 102}","open_time
2022-01-01 00:00:00    100.000000
2022-01-01 01:00:00    100.000000
2022-01-01 02:00:00    100.000000
2022-01-01 03:00:00    100.000000
2022-01-01 04:00:00    100.000000
                          ...    
2023-05-01 19:00:00    123.962544
2023-05-01 20:00:00    123.677859
2023-05-01 21:00:00    124.300607
2023-05-01 22:00:00    124.852185
2023-05-01 23:00:00    124.852185
Freq: H, Length: 11664, dtype: float64",2022-01-01,2023-05-01 23:00:00,486 days,100.0,68.52527441058834,145.17365701033336,124.85218453104109,24.85218453104109,-70.17976286600607,36.86556927297668,100.0,44.70783772098521,202 days 18:00:00,77,0.0,39,34.21052631578947,35.681024447031426,-15.670458784035818,13.359402399913067,-5.089232882024244,7 days 07:27:41.538461538,3 days 04:48:00,1.1856493607753165,0.6699247433990037,0.5777049349930058,0.4057412472427521,1.0294807012083995,0.8150644568206069,long
1829,"{'window_k': 117, 'window_d': 42, 'window_ma': 87}","open_time
2022-01-01 00:00:00    100.000000
2022-01-01 01:00:00    100.000000
2022-01-01 02:00:00    100.000000
2022-01-01 03:00:00    100.000000
2022-01-01 04:00:00    100.000000
                          ...    
2023-05-01 19:00:00    128.741298
2023-05-01 20:00:00    128.741298
2023-05-01 21:00:00    128.741298
2023-05-01 22:00:00    128.741298
2023-05-01 23:00:00    128.741298
Freq: H, Length: 11664, dtype: float64",2022-01-01,2023-05-01 23:00:00,486 days,100.0,66.13446373860384,167.1516189094507,128.7412983115322,28.74129831153222,-70.17976286600607,42.301097393689986,100.0,51.890604654209795,266 days 11:00:00,122,0.0,61,36.0655737704918,25.47204738985563,-16.333133612941868,9.56054579053775,-4.227420714552147,4 days 16:21:49.090909090,2 days 15:07:41.538461538,1.150088305268175,0.47116882477921607,0.6174054544833077,0.4026362435926373,1.033341177146001,0.962389062643818,long
551,"{'window_k': 42, 'window_d': 42, 'window_ma': 117}","open_time
2022-01-01 00:00:00    100.000000
2022-01-01 01:00:00    100.000000
2022-01-01 02:00:00    100.000000
2022-01-01 03:00:00    100.000000
2022-01-01 04:00:00    100.000000
                          ...    
2023-05-01 19:00:00    125.560018
2023-05-01 20:00:00    125.560018
2023-05-01 21:00:00    125.560018
2023-05-01 22:00:00    125.560018
2023-05-01 23:00:00    125.560018
Freq: H, Length: 11664, dtype: float64",2022-01-01,2023-05-01 23:00:00,486 days,100.0,54.676248968247464,143.4659519344103,125.5600183554275,25.5600183554275,-70.17976286600607,39.73765432098765,100.0,46.38146098813401,280 days 13:00:00,172,0.0,86,39.53488372093023,26.36842671254972,-18.872870249017044,7.768190470881913,-4.1682231429437975,3 days 05:56:28.235294117,1 days 14:10:23.076923076,1.1325838846866803,0.29720951576078436,0.5870126227757135,0.4019382420814773,1.033355093092136,0.9168718469942752,long
892,"{'window_k': 57, 'window_d': 117, 'window_ma': 192}","open_time
2022-01-01 00:00:00    100.000000
2022-01-01 01:00:00    100.000000
2022-01-01 02:00:00    100.000000
2022-01-01 03:00:00    100.000000
2022-01-01 04:00:00    100.000000
                          ...    
2023-05-01 19:00:00    126.224067
2023-05-01 20:00:00    125.934188
2023-05-01 21:00:00    126.568298
2023-05-01 22:00:00    127.129938
2023-05-01 23:00:00    127.129938
Freq: H, Length: 11664, dtype: float64",2022-01-01,2023-05-01 23:00:00,486 days,100.0,88.98263609131124,219.99334408115138,127.12993807847921,27.129938078479217,-70.17976286600607,42.129629629629626,100.0,49.17915638228516,194 days 16:00:00,77,0.0,39,44.73684210526316,31.880464570011757,-22.40497888419648,10.792302256743783,-6.60138101917585,6 days 11:38:49.411764705,4 days 06:11:25.714285714,1.1142820497807304,0.6538721874650291,0.6003340893454991,0.40169161001429593,1.0293615451956866,0.8577855399511635,long
890,"{'window_k': 57, 'window_d': 117, 'window_ma': 162}","open_time
2022-01-01 00:00:00    100.000000
2022-01-01 01:00:00    100.000000
2022-01-01 02:00:00    100.000000
2022-01-01 03:00:00    100.000000
2022-01-01 04:00:00    100.000000
                          ...    
2023-05-01 19:00:00    126.172215
2023-05-01 20:00:00    125.882456
2023-05-01 21:00:00    126.516305
2023-05-01 22:00:00    127.077714
2023-05-01 23:00:00    127.077714
Freq: H, Length: 11664, dtype: float64",2022-01-01,2023-05-01 23:00:00,486 days,100.0,88.98263609131124,219.99334408115138,127.07771436024898,27.07771436024898,-70.17976286600607,41.94101508916324,100.0,49.20003308101898,194 days 16:00:00,77,0.0,39,44.73684210526316,31.880464570011757,-22.40497888419648,10.792302256743783,-6.603236065830273,6 days 11:38:49.411764705,4 days 05:08:34.285714285,1.1140239839848807,0.6525225567099282,0.5998255997905195,0.4007701863276532,1.0293979570137066,0.8571477344690527,long
3958,"{'window_k': 237, 'window_d': 117, 'window_ma': 102}","open_time
2022-01-01 00:00:00    100.000000
2022-01-01 01:00:00    100.000000
2022-01-01 02:00:00    100.000000
2022-01-01 03:00:00    100.000000
2022-01-01 04:00:00    100.000000
                          ...    
2023-05-01 19:00:00    123.577596
2023-05-01 20:00:00    123.293795
2023-05-01 21:00:00    123.914610
2023-05-01 22:00:00    124.464474
2023-05-01 23:00:00    124.464474
Freq: H, Length: 11664, dtype: float64",2022-01-01,2023-05-01 23:00:00,486 days,100.0,76.81991415649148,140.65756707102562,124.4644740150597,24.464474015059693,-70.17976286600607,33.470507544581615,100.0,44.82603056448429,272 days 14:00:00,59,0.0,30,37.93103448275862,41.55562441896498,-14.771937948599213,14.044992947584836,-6.041264733015458,9 days 02:27:16.363636363,3 days 08:33:20,1.217573089359065,0.9004850793249615,0.5709704501127811,0.3985224627291172,1.03509398095817,0.8921276038315307,long
556,"{'window_k': 42, 'window_d': 42, 'window_ma': 192}","open_time
2022-01-01 00:00:00    100.000000
2022-01-01 01:00:00    100.000000
2022-01-01 02:00:00    100.000000
2022-01-01 03:00:00    100.000000
2022-01-01 04:00:00    100.000000
                          ...    
2023-05-01 19:00:00    125.229234
2023-05-01 20:00:00    125.229234
2023-05-01 21:00:00    125.229234
2023-05-01 22:00:00    125.229234
2023-05-01 23:00:00    125.229234
Freq: H, Length: 11664, dtype: float64",2022-01-01,2023-05-01 23:00:00,486 days,100.0,54.87008556814754,143.08799486150969,125.22923396811403,25.22923396811403,-70.17976286600607,39.74622770919068,100.0,46.19137414988537,280 days 13:00:00,172,0.0,86,39.53488372093023,26.368426712549713,-18.87287024901704,7.768190470881915,-4.172965714241619,3 days 05:56:28.235294117,1 days 14:11:32.307692307,1.130937218152754,0.29336318567574393,0.5842258476788306,0.39850869023502816,1.033191216992185,0.9123802182994402,long
2163,"{'window_k': 132, 'window_d': 117, 'window_ma': 57}","open_time
2022-01-01 00:00:00    100.000000
2022-01-01 01:00:00    100.000000
2022-01-01 02:00:00    100.000000
2022-01-01 03:00:00    100.000000
2022-01-01 04:00:00    100.000000
                          ...    
2023-05-01 19:00:00    119.127207
2023-05-01 20:00:00    118.853626
2023-05-01 21:00:00    119.452083
2023-05-01 22:00:00    119.982146
2023-05-01 23:00:00    119.982146
Freq: H, Length: 11664, dtype: float64",2022-01-01,2023-05-01 23:00:00,486 days,100.0,82.80303824034311,141.53125374454703,119.98214565272511,19.98214565272511,-70.17976286600607,32.5960219478738,100.0,36.83819058082754,275 days 07:00:00,71,0.0,36,42.857142857142854,27.920604914933854,-15.021791767554479,9.42872136043003,-5.57648455954863,5 days 01:52:00,4 days 01:09:28.421052631,1.168179529028595,0.5787350327800458,0.5227753718454904,0.39800621195930086,1.029162203655007,0.75364081496876,long
1883,"{'window_k': 117, 'window_d': 87, 'window_ma': 177}","open_time
2022-01-01 00:00:00    100.000000
2022-01-01 01:00:00    100.000000
2022-01-01 02:00:00    100.000000
2022-01-01 03:00:00    100.000000
2022-01-01 04:00:00    100.000000
                          ...    
2023-05-01 19:00:00    122.812364
2023-05-01 20:00:00    122.530320
2023-05-01 21:00:00    123.147290
2023-05-01 22:00:00    123.693750
2023-05-01 23:00:00    123.693750
Freq: H, Length: 11664, dtype: float64",2022-01-01,2023-05-01 23:00:00,486 days,100.0,74.8293964748877,188.93803582595086,123.69374983233546,23.693749832335456,-70.17976286600607,36.43689986282579,100.0,44.826030564484284,194 days 16:00:00,79,0.0,40,41.02564102564102,37.21609775534599,-21.896286530432878,11.54729423316477,-6.062991225888847,5 days 20:41:15,3 days 09:41:44.347826086,1.1269007867396716,0.6147639343675069,0.5682276324594946,0.3862848348239484,1.0331416718865647,0.878805392441185,long
3376,"{'window_k': 207, 'window_d': 57, 'window_ma': 12}","open_time
2022-01-01 00:00:00    100.00000
2022-01-01 01:00:00    100.00000
2022-01-01 02:00:00    100.00000
2022-01-01 03:00:00    100.00000
2022-01-01 04:00:00    100.00000
                         ...    
2023-05-01 19:00:00    118.52613
2023-05-01 20:00:00    118.52613
2023-05-01 21:00:00    118.52613
2023-05-01 22:00:00    118.52613
2023-05-01 23:00:00    118.52613
Freq: H, Length: 11664, dtype: float64",2022-01-01,2023-05-01 23:00:00,486 days,100.0,87.08044200526932,164.3520472276362,118.526130082495,18.526130082495,-70.17976286600607,14.943415637860083,100.0,35.38943272103956,177 days 23:00:00,90,0.0,45,48.888888888888886,16.417066968070074,-16.957264957264954,5.159858734550151,-3.779955863938079,1 days 12:30:00,1 days 16:52:10.434782608,1.154479561215147,0.411691779611,0.4958486105865541,0.3847256180088041,1.0500184983773233,0.8158378695945687,long
2960,"{'window_k': 177, 'window_d': 147, 'window_ma': 12}","open_time
2022-01-01 00:00:00    100.000000
2022-01-01 01:00:00    100.000000
2022-01-01 02:00:00    100.000000
2022-01-01 03:00:00    100.000000
2022-01-01 04:00:00    100.000000
                          ...    
2023-05-01 19:00:00    117.907423
2023-05-01 20:00:00    117.636644
2023-05-01 21:00:00    118.228973
2023-05-01 22:00:00    118.228973
2023-05-01 23:00:00    118.228973
Freq: H, Length: 11664, dtype: float64",2022-01-01,2023-05-01 23:00:00,486 days,100.0,94.82273751455176,146.1518336946119,118.22897337401731,18.228973374017315,-70.17976286600607,15.080589849108367,100.0,35.12039150142559,353 days 18:00:00,54,0.0,27,51.85185185185185,21.847304658915327,-11.324074074074073,6.069261654566859,-4.681223567914986,2 days 07:00:00,3 days 04:04:36.923076923,1.2450885285481366,0.6751471620006413,0.5275278966650694,0.38157968873003184,1.0439722704911742,0.7785550346548176,long
1624,"{'window_k': 102, 'window_d': 87, 'window_ma': 132}","open_time
2022-01-01 00:00:00    100.000000
2022-01-01 01:00:00    100.000000
2022-01-01 02:00:00    100.000000
2022-01-01 03:00:00    100.000000
2022-01-01 04:00:00    100.000000
                          ...    
2023-05-01 19:00:00    123.317275
2023-05-01 20:00:00    123.034072
2023-05-01 21:00:00    123.653579
2023-05-01 22:00:00    124.202285
2023-05-01 23:00:00    124.202285
Freq: H, Length: 11664, dtype: float64",2022-01-01,2023-05-01 23:00:00,486 days,100.0,69.440908798249,215.36659830883875,124.20228517437609,24.202285174376087,-70.17976286600607,37.114197530864196,100.0,46.494171154571376,194 days 16:00:00,81,0.0,41,45.0,38.86128642406335,-21.94174757281553,10.131253604193777,-6.215523135637495,5 days 17:20:00,3 days 06:35:27.272727272,1.130519407731703,0.6568302067621463,0.5722942105391551,0.3802124322707245,1.0332384099639373,0.8826795871125643,long
1831,"{'window_k': 117, 'window_d': 42, 'window_ma': 117}","open_time
2022-01-01 00:00:00    100.00000
2022-01-01 01:00:00    100.00000
2022-01-01 02:00:00    100.00000
2022-01-01 03:00:00    100.00000
2022-01-01 04:00:00    100.00000
                         ...    
2023-05-01 19:00:00    126.16634
2023-05-01 20:00:00    126.16634
2023-05-01 21:00:00    126.16634
2023-05-01 22:00:00    126.16634
2023-05-01 23:00:00    126.16634
Freq: H, Length: 11664, dtype: float64",2022-01-01,2023-05-01 23:00:00,486 days,100.0,69.48328605726674,175.61560334904723,126.16634049998841,26.166340499988404,-70.17976286600607,42.98696844993141,100.0,50.316293139845534,266 days 11:00:00,122,0.0,61,32.78688524590164,25.472047389855625,-16.33313361294188,10.865980511346322,-4.225031817087936,4 days 18:39:00,2 days 18:21:57.073170731,1.1258889247520143,0.42895640163915427,0.5973067037553936,0.3790522177100592,1.032004364287813,0.9289767327353334,long
558,"{'window_k': 42, 'window_d': 42, 'window_ma': 222}","open_time
2022-01-01 00:00:00    100.000000
2022-01-01 01:00:00    100.000000
2022-01-01 02:00:00    100.000000
2022-01-01 03:00:00    100.000000
2022-01-01 04:00:00    100.000000
                          ...    
2023-05-01 19:00:00    124.144907
2023-05-01 20:00:00    124.144907
2023-05-01 21:00:00    124.144907
2023-05-01 22:00:00    124.144907
2023-05-01 23:00:00    124.144907
Freq: H, Length: 11664, dtype: float64",2022-01-01,2023-05-01 23:00:00,486 days,100.0,54.39498000279203,141.8490337410677,124.14490713706577,24.144907137065772,-70.17976286600607,39.771947873799725,100.0,46.65728881615231,280 days 15:00:00,172,0.0,86,39.53488372093023,26.36842671254973,-18.872870249017037,7.768190470881914,-4.189046770538674,3 days 05:56:28.235294117,1 days 14:15:00,1.125553974944533,0.28075473415192675,0.5750280412781059,0.37800804953615275,1.0326419548335943,0.8978657376294377,long
3893,"{'window_k': 237, 'window_d': 57, 'window_ma': 87}","open_time
2022-01-01 00:00:00    100.000000
2022-01-01 01:00:00    100.000000
2022-01-01 02:00:00    100.000000
2022-01-01 03:00:00    100.000000
2022-01-01 04:00:00    100.000000
                          ...    
2023-05-01 19:00:00    123.152337
2023-05-01 20:00:00    123.152337
2023-05-01 21:00:00    123.152337
2023-05-01 22:00:00    123.152337
2023-05-01 23:00:00    123.152337
Freq: H, Length: 11664, dtype: float64",2022-01-01,2023-05-01 23:00:00,486 days,100.0,75.21031943483565,160.90824604853864,123.15233726423484,23.152337264234845,-70.17976286600607,39.57475994513032,100.0,44.82603056448429,194 days 16:00:00,102,0.0,51,47.05882352941176,29.808429118773944,-16.375946752352537,7.5088600546539555,-5.2161769529428845,4 days 17:07:30,2 days 22:24:26.666666666,1.1394039076995492,0.4539673973379377,0.5677433059595197,0.3776768851397028,1.0317871200093172,0.8754130040539875,long
424,"{'window_k': 27, 'window_d': 162, 'window_ma': 132}","open_time
2022-01-01 00:00:00    100.000000
2022-01-01 01:00:00    100.000000
2022-01-01 02:00:00    100.000000
2022-01-01 03:00:00    100.000000
2022-01-01 04:00:00    100.000000
                          ...    
2023-05-01 19:00:00    121.993573
2023-05-01 20:00:00    121.713410
2023-05-01 21:00:00    122.326267
2023-05-01 22:00:00    122.869083
2023-05-01 23:00:00    122.869083
Freq: H, Length: 11664, dtype: float64",2022-01-01,2023-05-01 23:00:00,486 days,100.0,72.11837801758007,141.60306543217553,122.86908319607285,22.86908319607285,-70.17976286600607,33.30761316872428,100.0,44.29412467043396,192 days 03:00:00,73,0.0,37,33.33333333333333,37.28304841445909,-13.11149974003875,14.702307930028654,-5.512239316796024,7 days 02:15:00,3 days 00:52:30,1.151394872504551,0.6230924489214331,0.5561355175115819,0.37765086649271806,1.0294337903612851,0.7957773877006369,long
1643,"{'window_k': 102, 'window_d': 102, 'window_ma': 177}","open_time
2022-01-01 00:00:00    100.000000
2022-01-01 01:00:00    100.000000
2022-01-01 02:00:00    100.000000
2022-01-01 03:00:00    100.000000
2022-01-01 04:00:00    100.000000
                          ...    
2023-05-01 19:00:00    124.433980
2023-05-01 20:00:00    124.148212
2023-05-01 21:00:00    124.773329
2023-05-01 22:00:00    125.327004
2023-05-01 23:00:00    125.327004
Freq: H, Length: 11664, dtype: float64",2022-01-01,2023-05-01 23:00:00,486 days,100.0,66.37815092069611,146.79065466763635,125.32700379474937,25.327003794749377,-70.17976286600607,39.78052126200274,100.0,48.93302702793136,224 days 14:00:00,77,0.0,39,42.10526315789473,29.835683788329675,-15.52607076350094,10.41647960777016,-5.70854563405292,6 days 23:11:15,3 days 12:05:27.272727272,1.169010778349087,0.6533397445358391,0.5829748352936237,0.37759947686155626,1.0299546067383119,0.8394755810555731,long
2372,"{'window_k': 147, 'window_d': 72, 'window_ma': 72}","open_time
2022-01-01 00:00:00    100.000000
2022-01-01 01:00:00    100.000000
2022-01-01 02:00:00    100.000000
2022-01-01 03:00:00    100.000000
2022-01-01 04:00:00    100.000000
                          ...    
2023-05-01 19:00:00    123.107526
2023-05-01 20:00:00    123.107526
2023-05-01 21:00:00    123.107526
2023-05-01 22:00:00    123.107526
2023-05-01 23:00:00    123.107526
Freq: H, Length: 11664, dtype: float64",2022-01-01,2023-05-01 23:00:00,486 days,100.0,68.73502000442575,180.52498442075003,123.10752648483036,23.10752648483036,-70.17976286600607,37.114197530864196,100.0,44.8260305644843,194 days 16:00:00,84,0.0,42,38.095238095238095,24.688463911165947,-24.500212675457252,11.320117016090506,-5.340491862545645,5 days 18:07:30,3 days 09:30:00,1.1302910667917254,0.5501792020197707,0.5645734315955474,0.3769640142710589,1.0323728382572845,0.8734912345779697,long
801,"{'window_k': 57, 'window_d': 42, 'window_ma': 27}","open_time
2022-01-01 00:00:00    100.000000
2022-01-01 01:00:00    100.000000
2022-01-01 02:00:00    100.000000
2022-01-01 03:00:00    100.000000
2022-01-01 04:00:00    100.000000
                          ...    
2023-05-01 19:00:00    120.993335
2023-05-01 20:00:00    120.993335
2023-05-01 21:00:00    120.993335
2023-05-01 22:00:00    120.993335
2023-05-01 23:00:00    120.993335
Freq: H, Length: 11664, dtype: float64",2022-01-01,2023-05-01 23:00:00,486 days,100.0,92.91317485124642,169.19974288410052,120.99333470091473,20.99333470091473,-70.17976286600607,27.674897119341562,100.0,41.255618994839914,172 days 03:00:00,148,0.0,74,40.54054054054054,20.14374514374516,-9.839377714920694,5.220383793388688,-2.884741063777576,2 days 10:04:00,1 days 09:46:21.818181818,1.1288869944591298,0.2836937121745242,0.5356388079541429,0.3729631800584801,1.0321911840504683,0.7784560382376987,long
1616,"{'window_k': 102, 'window_d': 87, 'window_ma': 12}","open_time
2022-01-01 00:00:00    100.000000
2022-01-01 01:00:00    100.000000
2022-01-01 02:00:00    100.000000
2022-01-01 03:00:00    100.000000
2022-01-01 04:00:00    100.000000
                          ...    
2023-05-01 19:00:00    122.320497
2023-05-01 20:00:00    122.320497
2023-05-01 21:00:00    122.320497
2023-05-01 22:00:00    122.320497
2023-05-01 23:00:00    122.320497
Freq: H, Length: 11664, dtype: float64",2022-01-01,2023-05-01 23:00:00,486 days,100.0,94.34181127336679,200.9591072273652,122.3204970513492,22.320497051349193,-70.17976286600607,15.157750342935527,100.0,43.968410706607806,249 days 17:00:00,78,0.0,39,58.97435897435898,14.443549315226157,-21.941747572815533,4.513091778913865,-4.663052041074887,1 days 15:46:57.391304347,2 days 05:18:45,1.1875222553456604,0.5723204372140813,0.5488117201666064,0.37154142157991066,1.0553511674065505,0.9099453102933709,long
1939,"{'window_k': 117, 'window_d': 147, 'window_ma': 57}","open_time
2022-01-01 00:00:00    100.000000
2022-01-01 01:00:00    100.000000
2022-01-01 02:00:00    100.000000
2022-01-01 03:00:00    100.000000
2022-01-01 04:00:00    100.000000
                          ...    
2023-05-01 19:00:00    118.707665
2023-05-01 20:00:00    118.435048
2023-05-01 21:00:00    119.031397
2023-05-01 22:00:00    119.559593
2023-05-01 23:00:00    119.559593
Freq: H, Length: 11664, dtype: float64",2022-01-01,2023-05-01 23:00:00,486 days,100.0,87.61297169973861,142.88889396061123,119.55959266291134,19.559592662911342,-70.17976286600607,28.7980109739369,100.0,38.68454764308694,314 days 09:00:00,59,0.0,30,37.93103448275862,36.23676612127045,-12.134443541835898,11.970096650480802,-5.63463845950898,5 days 21:00:00,4 days 03:42:21.176470588,1.17516825591715,0.6821066887817606,0.5184550194975235,0.3711667585950991,1.029970584861676,0.7360647573666775,long
2593,"{'window_k': 162, 'window_d': 42, 'window_ma': 27}","open_time
2022-01-01 00:00:00    100.000000
2022-01-01 01:00:00    100.000000
2022-01-01 02:00:00    100.000000
2022-01-01 03:00:00    100.000000
2022-01-01 04:00:00    100.000000
                          ...    
2023-05-01 19:00:00    119.711867
2023-05-01 20:00:00    119.711867
2023-05-01 21:00:00    119.711867
2023-05-01 22:00:00    119.711867
2023-05-01 23:00:00    119.711867
Freq: H, Length: 11664, dtype: float64",2022-01-01,2023-05-01 23:00:00,486 days,100.0,83.80112958085945,153.4655071246716,119.71186709960799,19.711867099607986,-70.17976286600607,28.352194787379975,100.0,39.166387721862776,216 days 10:00:00,136,0.0,68,44.11764705882353,20.54180471642953,-15.937687237866992,5.829086934116919,-3.773634901310021,2 days 18:28:00,1 days 10:33:09.473684210,1.123623897009835,0.28988039852364667,0.5179982852094942,0.36939296847024783,1.0316984828373807,0.7753810383979404,long
3942,"{'window_k': 237, 'window_d': 102, 'window_ma': 102}","open_time
2022-01-01 00:00:00    100.000000
2022-01-01 01:00:00    100.000000
2022-01-01 02:00:00    100.000000
2022-01-01 03:00:00    100.000000
2022-01-01 04:00:00    100.000000
                          ...    
2023-05-01 19:00:00    121.482043
2023-05-01 20:00:00    121.203054
2023-05-01 21:00:00    121.813341
2023-05-01 22:00:00    122.353881
2023-05-01 23:00:00    122.353881
Freq: H, Length: 11664, dtype: float64",2022-01-01,2023-05-01 23:00:00,486 days,100.0,75.31605831365619,142.885919306457,122.35388148899409,22.35388148899409,-70.17976286600607,35.54526748971193,100.0,44.82603056448429,247 days 20:00:00,63,0.0,32,35.483870967741936,41.424148606811144,-19.187514344732605,14.852123700095701,-5.956102070674528,8 days 17:05:27.272727272,3 days 17:09:00,1.1633821121648724,0.7295301026107399,0.5555203934046367,0.3649649728209425,1.0330591729049023,0.8550548498297186,long
548,"{'window_k': 42, 'window_d': 42, 'window_ma': 72}","open_time
2022-01-01 00:00:00    100.000000
2022-01-01 01:00:00    100.000000
2022-01-01 02:00:00    100.000000
2022-01-01 03:00:00    100.000000
2022-01-01 04:00:00    100.000000
                          ...    
2023-05-01 19:00:00    123.425031
2023-05-01 20:00:00    123.425031
2023-05-01 21:00:00    123.425031
2023-05-01 22:00:00    123.425031
2023-05-01 23:00:00    123.425031
Freq: H, Length: 11664, dtype: float64",2022-01-01,2023-05-01 23:00:00,486 days,100.0,54.07956107371904,141.02649698656657,123.42503089743798,23.425030897437978,-70.17976286600607,39.78052126200274,100.0,46.96660597804106,280 days 15:00:00,172,0.0,86,39.53488372093023,26.368426712549738,-18.872870249017044,7.768190470881916,-4.200075168663848,3 days 05:56:28.235294117,1 days 14:16:09.230769230,1.1220937684603356,0.27238408020276816,0.5688630329273671,0.36460277231054644,1.032281548536871,0.8882077049705113,long
557,"{'window_k': 42, 'window_d': 42, 'window_ma': 207}","open_time
2022-01-01 00:00:00    100.000000
2022-01-01 01:00:00    100.000000
2022-01-01 02:00:00    100.000000
2022-01-01 03:00:00    100.000000
2022-01-01 04:00:00    100.000000
                          ...    
2023-05-01 19:00:00    123.425031
2023-05-01 20:00:00    123.425031
2023-05-01 21:00:00    123.425031
2023-05-01 22:00:00    123.425031
2023-05-01 23:00:00    123.425031
Freq: H, Length: 11664, dtype: float64",2022-01-01,2023-05-01 23:00:00,486 days,100.0,54.07956107371904,141.02649698656657,123.42503089743798,23.425030897437978,-70.17976286600607,39.78052126200274,100.0,46.96660597804106,280 days 15:00:00,172,0.0,86,39.53488372093023,26.368426712549738,-18.872870249017044,7.768190470881916,-4.200075168663848,3 days 05:56:28.235294117,1 days 14:16:09.230769230,1.1220937684603356,0.27238408020276816,0.5688630329273671,0.36460277231054644,1.032281548536871,0.8882077049705113,long
563,"{'window_k': 42, 'window_d': 57, 'window_ma': 57}","open_time
2022-01-01 00:00:00    100.000000
2022-01-01 01:00:00    100.000000
2022-01-01 02:00:00    100.000000
2022-01-01 03:00:00    100.000000
2022-01-01 04:00:00    100.000000
                          ...    
2023-05-01 19:00:00    122.308931
2023-05-01 20:00:00    122.308931
2023-05-01 21:00:00    122.308931
2023-05-01 22:00:00    122.308931
2023-05-01 23:00:00    122.308931
Freq: H, Length: 11664, dtype: float64",2022-01-01,2023-05-01 23:00:00,486 days,100.0,79.14901681927844,150.34330366515516,122.3089311257738,22.308931125773796,-70.17976286600607,37.96296296296296,100.0,44.82603056448429,305 days 14:00:00,134,0.0,67,43.28358208955223,21.91621974199162,-15.315205462748443,7.18560214307923,-4.468027857033475,3 days 06:47:35.172413793,2 days 08:23:41.052631578,1.1200360864313614,0.3329691212802066,0.5568418678831787,0.3642487220771308,1.0325441900737882,0.8769772781619143,long
3683,"{'window_k': 222, 'window_d': 102, 'window_ma': 57}","open_time
2022-01-01 00:00:00    100.000000
2022-01-01 01:00:00    100.000000
2022-01-01 02:00:00    100.000000
2022-01-01 03:00:00    100.000000
2022-01-01 04:00:00    100.000000
                          ...    
2023-05-01 19:00:00    121.383745
2023-05-01 20:00:00    121.104982
2023-05-01 21:00:00    121.714776
2023-05-01 22:00:00    122.254879
2023-05-01 23:00:00    122.254879
Freq: H, Length: 11664, dtype: float64",2022-01-01,2023-05-01 23:00:00,486 days,100.0,87.66893295069806,165.42187291096397,122.25487859607794,22.254878596077944,-70.17976286600607,29.106652949245543,100.0,44.8260305644843,314 days 09:00:00,63,0.0,32,41.935483870967744,30.945558739255024,-19.50160036579789,11.295108436759783,-5.975057223792259,5 days 07:50:46.153846153,3 days 20:23:20,1.1642862871740274,0.7257676123378891,0.5471599834468809,0.3633873482583159,1.0367495480637896,0.8537131873307447,long
2694,"{'window_k': 162, 'window_d': 132, 'window_ma': 102}","open_time
2022-01-01 00:00:00    100.000000
2022-01-01 01:00:00    100.000000
2022-01-01 02:00:00    100.000000
2022-01-01 03:00:00    100.000000
2022-01-01 04:00:00    100.000000
                          ...    
2023-05-01 19:00:00    121.213705
2023-05-01 20:00:00    120.935333
2023-05-01 21:00:00    121.544272
2023-05-01 22:00:00    122.083618
2023-05-01 23:00:00    122.083618
Freq: H, Length: 11664, dtype: float64",2022-01-01,2023-05-01 23:00:00,486 days,100.0,80.09153803734169,153.08849692926918,122.08361846826591,22.08361846826591,-70.17976286600607,37.32853223593964,100.0,44.51343818238092,187 days 17:00:00,59,0.0,30,37.93103448275862,41.022078122587594,-14.595021037868166,12.39839092943002,-5.367521197479924,8 days 11:05:27.272727272,4 days 18:06:40,1.1898443944037365,0.7699032470422944,0.5500112908930435,0.36319023491843894,1.0293775440849144,0.7952605241163424,long
2640,"{'window_k': 162, 'window_d': 87, 'window_ma': 12}","open_time
2022-01-01 00:00:00    100.000000
2022-01-01 01:00:00    100.000000
2022-01-01 02:00:00    100.000000
2022-01-01 03:00:00    100.000000
2022-01-01 04:00:00    100.000000
                          ...    
2023-05-01 19:00:00    118.535133
2023-05-01 20:00:00    118.535133
2023-05-01 21:00:00    118.535133
2023-05-01 22:00:00    118.535133
2023-05-01 23:00:00    118.535133
Freq: H, Length: 11664, dtype: float64",2022-01-01,2023-05-01 23:00:00,486 days,100.0,85.1582826519831,168.51216822026998,118.53513282653394,18.53513282653394,-70.17976286600607,13.168724279835391,100.0,37.574922490072495,355 days 14:00:00,70,0.0,35,51.42857142857142,22.263056092843332,-16.875493848064107,5.7366481878970195,-4.47848190722509,1 days 16:03:20,1 days 23:56:28.235294117,1.1900498952486673,0.5295752236152551,0.50082776008204,0.36252110684592687,1.055289144784513,0.8500265588767363,long
553,"{'window_k': 42, 'window_d': 42, 'window_ma': 147}","open_time
2022-01-01 00:00:00    100.000000
2022-01-01 01:00:00    100.000000
2022-01-01 02:00:00    100.000000
2022-01-01 03:00:00    100.000000
2022-01-01 04:00:00    100.000000
                          ...    
2023-05-01 19:00:00    123.292872
2023-05-01 20:00:00    123.292872
2023-05-01 21:00:00    123.292872
2023-05-01 22:00:00    123.292872
2023-05-01 23:00:00    123.292872
Freq: H, Length: 11664, dtype: float64",2022-01-01,2023-05-01 23:00:00,486 days,100.0,54.02165465357492,140.8754909609292,123.2928718792517,23.292871879251706,-70.17976286600607,39.771947873799725,100.0,47.02339220069028,280 days 15:00:00,172,0.0,86,39.53488372093023,26.36842671254972,-18.872870249017037,7.768190470881916,-4.202062443194592,3 days 05:56:28.235294117,1 days 14:15:00,1.1214672141203492,0.2708473474331603,0.567726570229215,0.36215919696075444,1.032217031783061,0.8864325646680911,long
2370,"{'window_k': 147, 'window_d': 72, 'window_ma': 42}","open_time
2022-01-01 00:00:00    100.000000
2022-01-01 01:00:00    100.000000
2022-01-01 02:00:00    100.000000
2022-01-01 03:00:00    100.000000
2022-01-01 04:00:00    100.000000
                          ...    
2023-05-01 19:00:00    122.121575
2023-05-01 20:00:00    122.121575
2023-05-01 21:00:00    122.121575
2023-05-01 22:00:00    122.121575
2023-05-01 23:00:00    122.121575
Freq: H, Length: 11664, dtype: float64",2022-01-01,2023-05-01 23:00:00,486 days,100.0,71.18490450130808,176.59133890692107,122.12157476284642,22.12157476284642,-70.17976286600607,26.560356652949245,100.0,44.826030564484306,194 days 16:00:00,82,0.0,41,43.90243902439025,24.581967213114766,-17.608297742525934,7.827576154464556,-4.637666509275216,3 days 18:23:20,2 days 15:57:23.478260869,1.1615207381292372,0.5395506039718643,0.540671394473957,0.3612626309641028,1.0388139196578234,0.8651744442669145,long
571,"{'window_k': 42, 'window_d': 57, 'window_ma': 177}","open_time
2022-01-01 00:00:00    100.000000
2022-01-01 01:00:00    100.000000
2022-01-01 02:00:00    100.000000
2022-01-01 03:00:00    100.000000
2022-01-01 04:00:00    100.000000
                          ...    
2023-05-01 19:00:00    121.935305
2023-05-01 20:00:00    121.935305
2023-05-01 21:00:00    121.935305
2023-05-01 22:00:00    121.935305
2023-05-01 23:00:00    121.935305
Freq: H, Length: 11664, dtype: float64",2022-01-01,2023-05-01 23:00:00,486 days,100.0,78.31260159867439,149.8840393483927,121.93530538842455,21.935305388424553,-70.17976286600607,41.28086419753087,100.0,44.8260305644843,159 days 10:00:00,134,0.0,67,43.28358208955223,21.916219741991615,-15.315205462748446,7.549631489274238,-4.721363674679759,3 days 15:26:53.793103448,2 days 11:58:25.263157894,1.1089399043039259,0.327392617737678,0.5578850051785109,0.35829273341333334,1.0308018360938285,0.8722955348932135,long
3187,"{'window_k': 192, 'window_d': 117, 'window_ma': 57}","open_time
2022-01-01 00:00:00    100.000000
2022-01-01 01:00:00    100.000000
2022-01-01 02:00:00    100.000000
2022-01-01 03:00:00    100.000000
2022-01-01 04:00:00    100.000000
                          ...    
2023-05-01 19:00:00    122.850337
2023-05-01 20:00:00    122.568207
2023-05-01 21:00:00    123.185368
2023-05-01 22:00:00    123.731996
2023-05-01 23:00:00    123.731996
Freq: H, Length: 11664, dtype: float64",2022-01-01,2023-05-01 23:00:00,486 days,100.0,78.73776279331426,157.70188598212243,123.73199624099364,23.731996240993638,-70.17976286600607,28.240740740740737,100.0,48.41555723061394,314 days 09:00:00,57,0.0,29,42.857142857142854,30.745756246423817,-13.83403151805307,10.47432560544412,-5.631914724544722,5 days 16:54:59.999999999,4 days 02:52:30,1.212425187951406,0.8437927565993113,0.5604285010079254,0.35820836897739405,1.038052981915652,0.8658430859806807,long
1142,"{'window_k': 72, 'window_d': 117, 'window_ma': 102}","open_time
2022-01-01 00:00:00    100.000000
2022-01-01 01:00:00    100.000000
2022-01-01 02:00:00    100.000000
2022-01-01 03:00:00    100.000000
2022-01-01 04:00:00    100.000000
                          ...    
2023-05-01 19:00:00    123.021223
2023-05-01 20:00:00    122.738700
2023-05-01 21:00:00    123.356720
2023-05-01 22:00:00    123.904108
2023-05-01 23:00:00    123.904108
Freq: H, Length: 11664, dtype: float64",2022-01-01,2023-05-01 23:00:00,486 days,100.0,77.91508594573006,153.93948728107938,123.90410841384397,23.90410841384397,-70.17976286600607,41.28086419753087,100.0,48.86896045722441,197 days 01:00:00,79,0.0,40,41.02564102564102,32.84249276886666,-20.031796502384733,11.329104937280016,-5.998908647133734,6 days 12:52:30,3 days 23:10:26.086956521,1.1354848560793114,0.6079454787362231,0.5683983795688355,0.35739297420607924,1.0274665490764638,0.7977675019522321,long
554,"{'window_k': 42, 'window_d': 42, 'window_ma': 162}","open_time
2022-01-01 00:00:00    100.000000
2022-01-01 01:00:00    100.000000
2022-01-01 02:00:00    100.000000
2022-01-01 03:00:00    100.000000
2022-01-01 04:00:00    100.000000
                          ...    
2023-05-01 19:00:00    122.914854
2023-05-01 20:00:00    122.914854
2023-05-01 21:00:00    122.914854
2023-05-01 22:00:00    122.914854
2023-05-01 23:00:00    122.914854
Freq: H, Length: 11664, dtype: float64",2022-01-01,2023-05-01 23:00:00,486 days,100.0,54.07956107371904,140.44356443625477,122.91485394792319,22.91485394792319,-70.17976286600607,39.343278463648836,100.0,46.96660597804106,280 days 15:00:00,172,0.0,86,39.53488372093023,26.368426712549738,-18.872870249017044,7.755954451666833,-4.2000751686638464,3 days 04:26:28.235294117,1 days 14:16:09.230769230,1.1195377480208564,0.2664517900921304,0.564318997825176,0.35685716857946237,1.032167949937727,0.8810405974131824,long
1625,"{'window_k': 102, 'window_d': 87, 'window_ma': 147}","open_time
2022-01-01 00:00:00    100.000000
2022-01-01 01:00:00    100.000000
2022-01-01 02:00:00    100.000000
2022-01-01 03:00:00    100.000000
2022-01-01 04:00:00    100.000000
                          ...    
2023-05-01 19:00:00    122.522902
2023-05-01 20:00:00    122.241523
2023-05-01 21:00:00    122.857039
2023-05-01 22:00:00    123.402211
2023-05-01 23:00:00    123.402211
Freq: H, Length: 11664, dtype: float64",2022-01-01,2023-05-01 23:00:00,486 days,100.0,71.16557195797049,220.71553230705223,123.40221097832428,23.402210978324277,-70.17976286600607,37.57716049382716,100.0,48.074052297770486,194 days 16:00:00,81,0.0,41,45.0,38.86128642406336,-21.941747572815533,10.171409680297888,-6.276531002083861,5 days 16:30:00,3 days 09:43:38.181818181,1.1243172577677998,0.6364948450882322,0.565246686010999,0.3558653797016842,1.0327005721279339,0.8718002646681029,long
3808,"{'window_k': 222, 'window_d': 222, 'window_ma': 12}","open_time
2022-01-01 00:00:00    100.00000
2022-01-01 01:00:00    100.00000
2022-01-01 02:00:00    100.00000
2022-01-01 03:00:00    100.00000
2022-01-01 04:00:00    100.00000
                         ...    
2023-05-01 19:00:00    113.34795
2023-05-01 20:00:00    113.34795
2023-05-01 21:00:00    113.34795
2023-05-01 22:00:00    113.34795
2023-05-01 23:00:00    113.34795
Freq: H, Length: 11664, dtype: float64",2022-01-01,2023-05-01 23:00:00,486 days,100.0,95.3033178105351,135.46010760903224,113.3479497849195,13.347949784919507,-70.17976286600607,10.588134430727024,100.0,27.85381543553819,180 days 10:00:00,36,0.0,18,50.0,16.990560799555816,-13.655287260616142,6.85551756628705,-4.884554693499504,2 days 20:00:00,2 days 21:13:20,1.2594019615843945,0.7415527658288616,0.4542479424035275,0.35423293094419567,1.0435487162495638,0.6552809247441143,long
2354,"{'window_k': 147, 'window_d': 57, 'window_ma': 42}","open_time
2022-01-01 00:00:00    100.000000
2022-01-01 01:00:00    100.000000
2022-01-01 02:00:00    100.000000
2022-01-01 03:00:00    100.000000
2022-01-01 04:00:00    100.000000
                          ...    
2023-05-01 19:00:00    121.987902
2023-05-01 20:00:00    121.987902
2023-05-01 21:00:00    121.987902
2023-05-01 22:00:00    121.987902
2023-05-01 23:00:00    121.987902
Freq: H, Length: 11664, dtype: float64",2022-01-01,2023-05-01 23:00:00,486 days,100.0,76.80619017450695,185.60849351378923,121.98790164348682,21.987901643486822,-70.17976286600607,26.920438957475994,100.0,46.436124259432816,194 days 16:00:00,96,0.0,48,39.58333333333333,24.051876596580858,-20.09324539458721,8.261702345980755,-4.237806545235784,3 days 05:15:47.368421052,2 days 09:39:18.620689655,1.1361264903817458,0.4580812842393085,0.5418143068412936,0.3466791750991798,1.0391122697162574,0.8628678482675709,long
3448,"{'window_k': 207, 'window_d': 117, 'window_ma': 132}","open_time
2022-01-01 00:00:00    100.000000
2022-01-01 01:00:00    100.000000
2022-01-01 02:00:00    100.000000
2022-01-01 03:00:00    100.000000
2022-01-01 04:00:00    100.000000
                          ...    
2023-05-01 19:00:00    121.114918
2023-05-01 20:00:00    120.836773
2023-05-01 21:00:00    121.445216
2023-05-01 22:00:00    121.984123
2023-05-01 23:00:00    121.984123
Freq: H, Length: 11664, dtype: float64",2022-01-01,2023-05-01 23:00:00,486 days,100.0,76.44842945844518,154.55130034021303,121.9841225349421,21.984122534942102,-70.17976286600607,38.96604938271605,100.0,46.75013756178228,309 days 12:00:00,57,0.0,29,35.714285714285715,43.01476301476303,-21.560299541745835,17.521093507660584,-7.058658152838528,9 days 04:48:00,5 days 06:23:20,1.145151343849211,0.7913558350792869,0.5553017159563681,0.3442928061683747,1.0315129878696978,0.8498076746014868,long
694,"{'window_k': 42, 'window_d': 177, 'window_ma': 102}","open_time
2022-01-01 00:00:00    100.000000
2022-01-01 01:00:00    100.000000
2022-01-01 02:00:00    100.000000
2022-01-01 03:00:00    100.000000
2022-01-01 04:00:00    100.000000
                          ...    
2023-05-01 19:00:00    121.478572
2023-05-01 20:00:00    121.199591
2023-05-01 21:00:00    121.809861
2023-05-01 22:00:00    122.350386
2023-05-01 23:00:00    122.350386
Freq: H, Length: 11664, dtype: float64",2022-01-01,2023-05-01 23:00:00,486 days,100.0,86.42450605160116,164.97450859090026,122.35038560197579,22.350385601975788,-70.17976286600607,36.44547325102881,100.0,47.61341810332981,286 days 02:00:00,69,0.0,35,35.294117647058826,37.362023194075725,-11.770211770211768,12.399612797782007,-4.998915717269672,7 days 00:40:00,4 days 01:51:49.090909090,1.1614975445280673,0.6389023375474387,0.5504587125101363,0.3435467306854879,1.0276832852199491,0.7790715460428096,long
1920,"{'window_k': 117, 'window_d': 132, 'window_ma': 12}","open_time
2022-01-01 00:00:00    100.000000
2022-01-01 01:00:00    100.000000
2022-01-01 02:00:00    100.000000
2022-01-01 03:00:00    100.000000
2022-01-01 04:00:00    100.000000
                          ...    
2023-05-01 19:00:00    117.535163
2023-05-01 20:00:00    117.535163
2023-05-01 21:00:00    117.535163
2023-05-01 22:00:00    117.535163
2023-05-01 23:00:00    117.535163
Freq: H, Length: 11664, dtype: float64",2022-01-01,2023-05-01 23:00:00,486 days,100.0,74.9995206716779,120.40832565894007,117.53516338047918,17.535163380479176,-70.17976286600607,17.206790123456788,100.0,37.71234649992881,391 days 18:00:00,64,0.0,32,50.0,26.282853566958696,-17.38808979701573,6.09663887805839,-4.5221035879542235,2 days 07:48:45,2 days 21:37:30,1.2400471936263249,0.5479738556399742,0.5057014830985759,0.34209136549783065,1.0376442799867456,0.7242997041338379,long
1834,"{'window_k': 117, 'window_d': 42, 'window_ma': 162}","open_time
2022-01-01 00:00:00    100.000000
2022-01-01 01:00:00    100.000000
2022-01-01 02:00:00    100.000000
2022-01-01 03:00:00    100.000000
2022-01-01 04:00:00    100.000000
                          ...    
2023-05-01 19:00:00    123.851601
2023-05-01 20:00:00    123.851601
2023-05-01 21:00:00    123.851601
2023-05-01 22:00:00    123.851601
2023-05-01 23:00:00    123.851601
Freq: H, Length: 11664, dtype: float64",2022-01-01,2023-05-01 23:00:00,486 days,100.0,66.77660023906287,168.77458747296419,123.85160056133827,23.851600561338273,-70.17976286600607,43.372770919067214,100.0,51.890604654209795,266 days 11:00:00,122,0.0,61,32.78688524590164,25.47204738985563,-16.333133612941868,10.653217603959556,-4.175104346858879,4 days 19:57:00,2 days 18:49:45.365853658,1.1192795910818072,0.39100984526784055,0.5789269417116915,0.33586109847106244,1.0308140071766507,0.8992316040887975,long
1838,"{'window_k': 117, 'window_d': 42, 'window_ma': 222}","open_time
2022-01-01 00:00:00    100.000000
2022-01-01 01:00:00    100.000000
2022-01-01 02:00:00    100.000000
2022-01-01 03:00:00    100.000000
2022-01-01 04:00:00    100.000000
                          ...    
2023-05-01 19:00:00    123.851601
2023-05-01 20:00:00    123.851601
2023-05-01 21:00:00    123.851601
2023-05-01 22:00:00    123.851601
2023-05-01 23:00:00    123.851601
Freq: H, Length: 11664, dtype: float64",2022-01-01,2023-05-01 23:00:00,486 days,100.0,66.77660023906287,168.77458747296419,123.85160056133827,23.851600561338273,-70.17976286600607,43.372770919067214,100.0,51.890604654209795,266 days 11:00:00,122,0.0,61,32.78688524590164,25.47204738985563,-16.333133612941868,10.653217603959556,-4.175104346858879,4 days 19:57:00,2 days 18:49:45.365853658,1.1192795910818072,0.39100984526784055,0.5789269417116915,0.33586109847106244,1.0308140071766507,0.8992316040887975,long
1837,"{'window_k': 117, 'window_d': 42, 'window_ma': 207}","open_time
2022-01-01 00:00:00    100.000000
2022-01-01 01:00:00    100.000000
2022-01-01 02:00:00    100.000000
2022-01-01 03:00:00    100.000000
2022-01-01 04:00:00    100.000000
                          ...    
2023-05-01 19:00:00    123.851601
2023-05-01 20:00:00    123.851601
2023-05-01 21:00:00    123.851601
2023-05-01 22:00:00    123.851601
2023-05-01 23:00:00    123.851601
Freq: H, Length: 11664, dtype: float64",2022-01-01,2023-05-01 23:00:00,486 days,100.0,66.77660023906287,168.77458747296419,123.85160056133827,23.851600561338273,-70.17976286600607,43.372770919067214,100.0,51.890604654209795,266 days 11:00:00,122,0.0,61,32.78688524590164,25.47204738985563,-16.333133612941868,10.653217603959556,-4.175104346858879,4 days 19:57:00,2 days 18:49:45.365853658,1.1192795910818072,0.39100984526784055,0.5789269417116915,0.33586109847106244,1.0308140071766507,0.8992316040887975,long
1836,"{'window_k': 117, 'window_d': 42, 'window_ma': 192}","open_time
2022-01-01 00:00:00    100.000000
2022-01-01 01:00:00    100.000000
2022-01-01 02:00:00    100.000000
2022-01-01 03:00:00    100.000000
2022-01-01 04:00:00    100.000000
                          ...    
2023-05-01 19:00:00    123.851601
2023-05-01 20:00:00    123.851601
2023-05-01 21:00:00    123.851601
2023-05-01 22:00:00    123.851601
2023-05-01 23:00:00    123.851601
Freq: H, Length: 11664, dtype: float64",2022-01-01,2023-05-01 23:00:00,486 days,100.0,66.77660023906287,168.77458747296419,123.85160056133827,23.851600561338273,-70.17976286600607,43.372770919067214,100.0,51.890604654209795,266 days 11:00:00,122,0.0,61,32.78688524590164,25.47204738985563,-16.333133612941868,10.653217603959556,-4.175104346858879,4 days 19:57:00,2 days 18:49:45.365853658,1.1192795910818072,0.39100984526784055,0.5789269417116915,0.33586109847106244,1.0308140071766507,0.8992316040887975,long
2851,"{'window_k': 177, 'window_d': 42, 'window_ma': 57}","open_time
2022-01-01 00:00:00    100.000000
2022-01-01 01:00:00    100.000000
2022-01-01 02:00:00    100.000000
2022-01-01 03:00:00    100.000000
2022-01-01 04:00:00    100.000000
                          ...    
2023-05-01 19:00:00    121.075965
2023-05-01 20:00:00    121.075965
2023-05-01 21:00:00    121.075965
2023-05-01 22:00:00    121.075965
2023-05-01 23:00:00    121.075965
Freq: H, Length: 11664, dtype: float64",2022-01-01,2023-05-01 23:00:00,486 days,100.0,69.257375982634,147.50523796538346,121.07596517887839,21.07596517887839,-70.17976286600607,35.999657064471876,100.0,46.23909170718126,235 days 08:00:00,136,0.0,68,38.23529411764706,20.704252453338444,-15.937687237866985,7.852776467779263,-4.011604714555631,3 days 14:57:41.538461538,1 days 22:08:34.285714285,1.1216313989240683,0.30994066439527046,0.5476697717123117,0.3340464427121003,1.0326123040605686,0.8584818611009563,long
3155,"{'window_k': 192, 'window_d': 87, 'window_ma': 57}","open_time
2022-01-01 00:00:00    100.000000
2022-01-01 01:00:00    100.000000
2022-01-01 02:00:00    100.000000
2022-01-01 03:00:00    100.000000
2022-01-01 04:00:00    100.000000
                          ...    
2023-05-01 19:00:00    122.198428
2023-05-01 20:00:00    121.917794
2023-05-01 21:00:00    122.531681
2023-05-01 22:00:00    123.075408
2023-05-01 23:00:00    123.075408
Freq: H, Length: 11664, dtype: float64",2022-01-01,2023-05-01 23:00:00,486 days,100.0,84.29164839496711,188.8071075440141,123.07540826613904,23.075408266139036,-70.17976286600607,29.801097393689986,100.0,51.10913896183774,286 days 02:00:00,69,0.0,35,41.17647058823529,32.50868055555555,-16.535433070866155,11.210197190195721,-6.121625569415418,5 days 23:00:00,2 days 22:00:00,1.1530616467869983,0.6864265394440796,0.5568410940365475,0.3301737233581109,1.036781899688651,0.8699682221305508,long
1298,"{'window_k': 87, 'window_d': 27, 'window_ma': 42}","open_time
2022-01-01 00:00:00    100.000000
2022-01-01 01:00:00    100.000000
2022-01-01 02:00:00    100.000000
2022-01-01 03:00:00    100.000000
2022-01-01 04:00:00    100.000000
                          ...    
2023-05-01 19:00:00    122.684542
2023-05-01 20:00:00    122.684542
2023-05-01 21:00:00    122.684542
2023-05-01 22:00:00    122.684542
2023-05-01 23:00:00    122.684542
Freq: H, Length: 11664, dtype: float64",2022-01-01,2023-05-01 23:00:00,486 days,100.0,50.0570130494153,135.7600631613123,122.68454164824323,22.684541648243226,-70.17976286600607,34.945130315500684,100.0,50.39581296397474,304 days 09:00:00,202,0.0,101,40.5940594059406,29.223473621813895,-14.50820528901432,6.243769290653022,-3.5236391775033287,2 days 07:10:14.634146341,1 days 06:14:00,1.130721691822024,0.22459942225983398,0.5574430687139936,0.3293134961589884,1.0342551639074185,0.882662606177762,long
893,"{'window_k': 57, 'window_d': 117, 'window_ma': 207}","open_time
2022-01-01 00:00:00    100.000000
2022-01-01 01:00:00    100.000000
2022-01-01 02:00:00    100.000000
2022-01-01 03:00:00    100.000000
2022-01-01 04:00:00    100.000000
                          ...    
2023-05-01 19:00:00    121.329622
2023-05-01 20:00:00    121.050983
2023-05-01 21:00:00    121.660505
2023-05-01 22:00:00    122.200367
2023-05-01 23:00:00    122.200367
Freq: H, Length: 11664, dtype: float64",2022-01-01,2023-05-01 23:00:00,486 days,100.0,88.98263609131124,212.27679302806294,122.20036665259525,22.20036665259525,-70.17976286600607,42.03532235939643,100.0,49.37400557046754,194 days 16:00:00,77,0.0,39,44.73684210526316,31.880464570011746,-22.40497888419648,10.575788021076363,-6.618694787950467,6 days 11:28:14.117647058,4 days 05:48:34.285714285,1.0948234358567241,0.5264760266534427,0.5522027050045507,0.32912597913868985,1.0270120423734759,0.78865290988119,long
998,"{'window_k': 57, 'window_d': 222, 'window_ma': 102}","open_time
2022-01-01 00:00:00    100.000000
2022-01-01 01:00:00    100.000000
2022-01-01 02:00:00    100.000000
2022-01-01 03:00:00    100.000000
2022-01-01 04:00:00    100.000000
                          ...    
2023-05-01 19:00:00    124.333198
2023-05-01 20:00:00    124.047661
2023-05-01 21:00:00    124.672272
2023-05-01 22:00:00    125.225498
2023-05-01 23:00:00    125.225498
Freq: H, Length: 11664, dtype: float64",2022-01-01,2023-05-01 23:00:00,486 days,100.0,65.37870020701084,152.54845229603262,125.22549842124442,25.225498421244424,-70.17976286600607,32.72462277091906,100.0,57.14233791101454,391 days 18:00:00,55,0.0,28,37.03703703703704,43.77218934911243,-20.128649898814686,14.57658681523924,-5.979208596327096,8 days 21:12:00,4 days 01:21:10.588235294,1.2538230127020875,0.9660039710232384,0.5754156295419032,0.32209062484229106,1.0347944919396674,0.8633816362663694,long
2388,"{'window_k': 147, 'window_d': 87, 'window_ma': 72}","open_time
2022-01-01 00:00:00    100.000000
2022-01-01 01:00:00    100.000000
2022-01-01 02:00:00    100.000000
2022-01-01 03:00:00    100.000000
2022-01-01 04:00:00    100.000000
                          ...    
2023-05-01 19:00:00    120.514973
2023-05-01 20:00:00    120.514973
2023-05-01 21:00:00    120.514973
2023-05-01 22:00:00    120.514973
2023-05-01 23:00:00    120.514973
Freq: H, Length: 11664, dtype: float64",2022-01-01,2023-05-01 23:00:00,486 days,100.0,78.31978124332602,173.77117807345635,120.51497261051142,20.51497261051142,-70.17976286600607,37.825788751714676,100.0,46.75604702856937,204 days 00:00:00,80,0.0,40,42.5,35.52295059900391,-19.661168078466353,11.437760074780044,-6.612107342952886,5 days 17:42:21.176470588,3 days 18:02:36.521739130,1.104800540580755,0.5128743152627866,0.541010001023675,0.32175606191693523,1.0310537795962644,0.8331839821435797,long
1174,"{'window_k': 72, 'window_d': 147, 'window_ma': 102}","open_time
2022-01-01 00:00:00    100.000000
2022-01-01 01:00:00    100.000000
2022-01-01 02:00:00    100.000000
2022-01-01 03:00:00    100.000000
2022-01-01 04:00:00    100.000000
                          ...    
2023-05-01 19:00:00    122.673734
2023-05-01 20:00:00    122.392009
2023-05-01 21:00:00    123.008283
2023-05-01 22:00:00    123.554125
2023-05-01 23:00:00    123.554125
Freq: H, Length: 11664, dtype: float64",2022-01-01,2023-05-01 23:00:00,486 days,100.0,67.59096131398005,147.87983673409065,123.55412534119316,23.554125341193156,-70.17976286600607,36.66838134430727,100.0,54.29332165444679,391 days 18:00:00,69,0.0,35,41.17647058823529,31.716223265519044,-15.100558283446553,11.284969761853148,-5.878743958897522,6 days 12:38:34.285714285,4 days 03:51:00,1.1803397130134274,0.6730890558064306,0.5637900968118755,0.3170951120151737,1.0284965572779248,0.7958686552652855,long
315,"{'window_k': 27, 'window_d': 57, 'window_ma': 177}","open_time
2022-01-01 00:00:00    100.000000
2022-01-01 01:00:00    100.000000
2022-01-01 02:00:00    100.000000
2022-01-01 03:00:00    100.000000
2022-01-01 04:00:00    100.000000
                          ...    
2023-05-01 19:00:00    119.324117
2023-05-01 20:00:00    119.324117
2023-05-01 21:00:00    119.324117
2023-05-01 22:00:00    119.324117
2023-05-01 23:00:00    119.324117
Freq: H, Length: 11664, dtype: float64",2022-01-01,2023-05-01 23:00:00,486 days,100.0,75.9396922419617,144.84719428993787,119.32411679404002,19.324116794040023,-70.17976286600607,40.586419753086425,100.0,44.8260305644843,172 days 03:00:00,166,0.0,83,37.34939759036144,24.710648148148138,-11.31261889663919,6.883086003671386,-3.407466062032171,3 days 06:25:09.677419354,1 days 20:17:18.461538461,1.09873384271682,0.23282068426554225,0.5308995746925127,0.3165397591441224,1.0300228760194219,0.8361043379526638,long
2641,"{'window_k': 162, 'window_d': 87, 'window_ma': 27}","open_time
2022-01-01 00:00:00    100.000000
2022-01-01 01:00:00    100.000000
2022-01-01 02:00:00    100.000000
2022-01-01 03:00:00    100.000000
2022-01-01 04:00:00    100.000000
                          ...    
2023-05-01 19:00:00    114.433782
2023-05-01 20:00:00    114.170980
2023-05-01 21:00:00    114.745859
2023-05-01 22:00:00    115.255037
2023-05-01 23:00:00    115.255037
Freq: H, Length: 11664, dtype: float64",2022-01-01,2023-05-01 23:00:00,486 days,100.0,83.00049227831066,143.1612993665784,115.25503732633103,15.255037326331033,-70.17976286600607,24.819958847736626,100.0,35.71898178111469,224 days 07:00:00,71,0.0,36,45.714285714285715,22.415398944427185,-16.875493848064107,8.172962767904455,-5.453504896974524,3 days 20:00:00,2 days 21:15:47.368421052,1.1160360667051912,0.39127575224602884,0.461754862506825,0.31501849302046586,1.028802332426591,0.658168347092566,long
1626,"{'window_k': 102, 'window_d': 87, 'window_ma': 162}","open_time
2022-01-01 00:00:00    100.000000
2022-01-01 01:00:00    100.000000
2022-01-01 02:00:00    100.000000
2022-01-01 03:00:00    100.000000
2022-01-01 04:00:00    100.000000
                          ...    
2023-05-01 19:00:00    119.764542
2023-05-01 20:00:00    119.489498
2023-05-01 21:00:00    120.091157
2023-05-01 22:00:00    120.624055
2023-05-01 23:00:00    120.624055
Freq: H, Length: 11664, dtype: float64",2022-01-01,2023-05-01 23:00:00,486 days,100.0,69.440908798249,215.36659830883875,120.62405522641104,20.624055226411045,-70.17976286600607,37.74862825788752,100.0,48.035657761654385,194 days 16:00:00,81,0.0,41,45.0,38.86128642406335,-21.941747572815533,10.028945488124656,-6.268308645229653,5 days 17:33:19.999999999,3 days 09:46:21.818181818,1.1133486777024089,0.5658828914964245,0.5402560000794263,0.31481275770099953,1.0311896680784536,0.8330914104240279,long
2600,"{'window_k': 162, 'window_d': 42, 'window_ma': 132}","open_time
2022-01-01 00:00:00    100.000000
2022-01-01 01:00:00    100.000000
2022-01-01 02:00:00    100.000000
2022-01-01 03:00:00    100.000000
2022-01-01 04:00:00    100.000000
                          ...    
2023-05-01 19:00:00    120.309904
2023-05-01 20:00:00    120.309904
2023-05-01 21:00:00    120.309904
2023-05-01 22:00:00    120.309904
2023-05-01 23:00:00    120.309904
Freq: H, Length: 11664, dtype: float64",2022-01-01,2023-05-01 23:00:00,486 days,100.0,67.33378983733493,145.20046064016947,120.30990370105562,20.309903701055617,-70.17976286600607,41.6838134430727,100.0,47.80792934284388,216 days 10:00:00,138,0.0,69,39.130434782608695,32.01605821101492,-15.937687237866996,8.43471264543774,-4.472546223356404,4 days 01:44:26.666666666,2 days 04:55:42.857142857,1.109491146322989,0.29434643045008135,0.5510060537873628,0.3116008065092838,1.0298455977623893,0.8515155327580296,long
643,"{'window_k': 42, 'window_d': 132, 'window_ma': 57}","open_time
2022-01-01 00:00:00    100.000000
2022-01-01 01:00:00    100.000000
2022-01-01 02:00:00    100.000000
2022-01-01 03:00:00    100.000000
2022-01-01 04:00:00    100.000000
                          ...    
2023-05-01 19:00:00    114.067381
2023-05-01 20:00:00    113.805420
2023-05-01 21:00:00    114.378459
2023-05-01 22:00:00    114.886007
2023-05-01 23:00:00    114.886007
Freq: H, Length: 11664, dtype: float64",2022-01-01,2023-05-01 23:00:00,486 days,100.0,83.26889053710026,149.20070378758527,114.8860068489729,14.886006848972896,-70.17976286600607,33.050411522633745,100.0,35.46053810745043,202 days 22:00:00,83,0.0,42,48.78048780487805,24.16609938733832,-18.897364771151178,7.337473983152881,-5.642958410298235,4 days 19:18:00,2 days 20:19:59.999999999,1.1014722428832697,0.33352292708098696,0.4612657834963364,0.3097670489237816,1.0250169850540285,0.6518955261984033,long
550,"{'window_k': 42, 'window_d': 42, 'window_ma': 102}","open_time
2022-01-01 00:00:00    100.000000
2022-01-01 01:00:00    100.000000
2022-01-01 02:00:00    100.000000
2022-01-01 03:00:00    100.000000
2022-01-01 04:00:00    100.000000
                          ...    
2023-05-01 19:00:00    119.717888
2023-05-01 20:00:00    119.717888
2023-05-01 21:00:00    119.717888
2023-05-01 22:00:00    119.717888
2023-05-01 23:00:00    119.717888
Freq: H, Length: 11664, dtype: float64",2022-01-01,2023-05-01 23:00:00,486 days,100.0,54.07956107371904,141.02649698656657,119.71788762066085,19.717887620660846,-70.17976286600607,39.26611796982167,100.0,46.96660597804106,280 days 15:00:00,170,0.0,85,38.82352941176471,26.368426712549738,-18.872870249017044,7.9097548520071825,-4.200075168663848,3 days 06:29:05.454545454,1 days 14:16:09.230769230,1.10282689066327,0.23197514847836365,0.536236309850204,0.3081362046356639,1.030588104519805,0.8370601498023206,long
1891,"{'window_k': 117, 'window_d': 102, 'window_ma': 57}","open_time
2022-01-01 00:00:00    100.000000
2022-01-01 01:00:00    100.000000
2022-01-01 02:00:00    100.000000
2022-01-01 03:00:00    100.000000
2022-01-01 04:00:00    100.000000
                          ...    
2023-05-01 19:00:00    119.682214
2023-05-01 20:00:00    119.407359
2023-05-01 21:00:00    120.008604
2023-05-01 22:00:00    120.541136
2023-05-01 23:00:00    120.541136
Freq: H, Length: 11664, dtype: float64",2022-01-01,2023-05-01 23:00:00,486 days,100.0,68.50701438708523,163.4570054307023,120.54113621482058,20.541136214820582,-70.17976286600607,33.63340192043896,100.0,48.94356303212967,178 days 08:00:00,75,0.0,38,35.13513513513514,34.08123791102515,-22.86787450287229,12.638261795913216,-5.288006624667002,5 days 09:00:00,3 days 17:07:30,1.1183339571729378,0.5110590299195694,0.53198742657831,0.30775852274683685,1.0304029160212187,0.7671751752035993,long
1059,"{'window_k': 72, 'window_d': 42, 'window_ma': 57}","open_time
2022-01-01 00:00:00    100.000000
2022-01-01 01:00:00    100.000000
2022-01-01 02:00:00    100.000000
2022-01-01 03:00:00    100.000000
2022-01-01 04:00:00    100.000000
                          ...    
2023-05-01 19:00:00    119.748485
2023-05-01 20:00:00    119.748485
2023-05-01 21:00:00    119.748485
2023-05-01 22:00:00    119.748485
2023-05-01 23:00:00    119.748485
Freq: H, Length: 11664, dtype: float64",2022-01-01,2023-05-01 23:00:00,486 days,100.0,61.00797112719754,155.74238601684766,119.74848456659662,19.748484566596616,-70.17976286600607,40.723593964334704,100.0,47.291484182652376,195 days 12:00:00,146,0.0,73,43.83561643835616,20.185119259522942,-16.08715117146694,7.1335740742025475,-4.651986418629293,3 days 10:48:45,2 days 03:13:10.243902439,1.1055539050899907,0.2705271858437883,0.5409597452178841,0.306484001343374,1.0300928423329134,0.8445061005006637,long
1629,"{'window_k': 102, 'window_d': 87, 'window_ma': 207}","open_time
2022-01-01 00:00:00    100.000000
2022-01-01 01:00:00    100.000000
2022-01-01 02:00:00    100.000000
2022-01-01 03:00:00    100.000000
2022-01-01 04:00:00    100.000000
                          ...    
2023-05-01 19:00:00    119.206735
2023-05-01 20:00:00    118.932972
2023-05-01 21:00:00    119.531828
2023-05-01 22:00:00    120.062245
2023-05-01 23:00:00    120.062245
Freq: H, Length: 11664, dtype: float64",2022-01-01,2023-05-01 23:00:00,486 days,100.0,69.440908798249,215.36659830883875,120.06224455823325,20.062244558233246,-70.17976286600607,37.86008230452675,100.0,48.27768346523024,194 days 16:00:00,81,0.0,41,45.0,38.86128642406335,-21.94174757281553,10.028945488124656,-6.289224256888261,5 days 17:33:19.999999999,3 days 10:21:49.090909090,1.1102332512276463,0.5516034369332896,0.535170489226083,0.30488855188056146,1.0308447520284048,0.8251141771584088,long
1628,"{'window_k': 102, 'window_d': 87, 'window_ma': 192}","open_time
2022-01-01 00:00:00    100.000000
2022-01-01 01:00:00    100.000000
2022-01-01 02:00:00    100.000000
2022-01-01 03:00:00    100.000000
2022-01-01 04:00:00    100.000000
                          ...    
2023-05-01 19:00:00    119.206735
2023-05-01 20:00:00    118.932972
2023-05-01 21:00:00    119.531828
2023-05-01 22:00:00    120.062245
2023-05-01 23:00:00    120.062245
Freq: H, Length: 11664, dtype: float64",2022-01-01,2023-05-01 23:00:00,486 days,100.0,69.440908798249,215.36659830883875,120.06224455823325,20.062244558233246,-70.17976286600607,37.86008230452675,100.0,48.27768346523024,194 days 16:00:00,81,0.0,41,45.0,38.86128642406335,-21.94174757281553,10.028945488124656,-6.289224256888261,5 days 17:33:19.999999999,3 days 10:21:49.090909090,1.1102332512276463,0.5516034369332896,0.535170489226083,0.30488855188056146,1.0308447520284048,0.8251141771584088,long
1631,"{'window_k': 102, 'window_d': 87, 'window_ma': 237}","open_time
2022-01-01 00:00:00    100.000000
2022-01-01 01:00:00    100.000000
2022-01-01 02:00:00    100.000000
2022-01-01 03:00:00    100.000000
2022-01-01 04:00:00    100.000000
                          ...    
2023-05-01 19:00:00    119.206735
2023-05-01 20:00:00    118.932972
2023-05-01 21:00:00    119.531828
2023-05-01 22:00:00    120.062245
2023-05-01 23:00:00    120.062245
Freq: H, Length: 11664, dtype: float64",2022-01-01,2023-05-01 23:00:00,486 days,100.0,69.440908798249,215.36659830883875,120.06224455823325,20.062244558233246,-70.17976286600607,37.86008230452675,100.0,48.27768346523024,194 days 16:00:00,81,0.0,41,45.0,38.86128642406335,-21.94174757281553,10.028945488124656,-6.289224256888261,5 days 17:33:19.999999999,3 days 10:21:49.090909090,1.1102332512276463,0.5516034369332896,0.535170489226083,0.30488855188056146,1.0308447520284048,0.8251141771584088,long
1630,"{'window_k': 102, 'window_d': 87, 'window_ma': 222}","open_time
2022-01-01 00:00:00    100.000000
2022-01-01 01:00:00    100.000000
2022-01-01 02:00:00    100.000000
2022-01-01 03:00:00    100.000000
2022-01-01 04:00:00    100.000000
                          ...    
2023-05-01 19:00:00    119.115417
2023-05-01 20:00:00    118.841863
2023-05-01 21:00:00    119.440261
2023-05-01 22:00:00    119.970271
2023-05-01 23:00:00    119.970271
Freq: H, Length: 11664, dtype: float64",2022-01-01,2023-05-01 23:00:00,486 days,100.0,69.440908798249,215.36659830883875,119.97027102938532,19.970271029385316,-70.17976286600607,37.73148148148148,100.0,48.31730527964322,194 days 16:00:00,81,0.0,41,45.0,38.86128642406335,-21.941747572815522,10.028945488124657,-6.292661533465281,5 days 17:33:19.999999999,3 days 09:40:54.545454545,1.1097381068058663,0.5492657600243511,0.5343115124615958,0.3032724149189609,1.0308291018853741,0.8237940015935933,long
3458,"{'window_k': 207, 'window_d': 132, 'window_ma': 42}","open_time
2022-01-01 00:00:00    100.000000
2022-01-01 01:00:00    100.000000
2022-01-01 02:00:00    100.000000
2022-01-01 03:00:00    100.000000
2022-01-01 04:00:00    100.000000
                          ...    
2023-05-01 19:00:00    118.012955
2023-05-01 20:00:00    118.012955
2023-05-01 21:00:00    118.012955
2023-05-01 22:00:00    118.012955
2023-05-01 23:00:00    118.012955
Freq: H, Length: 11664, dtype: float64",2022-01-01,2023-05-01 23:00:00,486 days,100.0,81.62821897210938,145.90132791703803,118.01295503446762,18.012955034467623,-70.17976286600607,26.474622770919066,100.0,43.81286303639914,314 days 09:00:00,54,0.0,27,40.74074074074074,33.4605112552461,-15.062349595274569,11.174609853263554,-5.675610375556279,5 days 05:49:05.454545454,4 days 10:30:00,1.1696175729401512,0.66714648275806,0.5001085476648988,0.3023217485605984,1.032437901666869,0.7341670891035431,long
1408,"{'window_k': 87, 'window_d': 132, 'window_ma': 12}","open_time
2022-01-01 00:00:00    100.00000
2022-01-01 01:00:00    100.00000
2022-01-01 02:00:00    100.00000
2022-01-01 03:00:00    100.00000
2022-01-01 04:00:00    100.00000
                         ...    
2023-05-01 19:00:00    113.02631
2023-05-01 20:00:00    113.02631
2023-05-01 21:00:00    113.02631
2023-05-01 22:00:00    113.02631
2023-05-01 23:00:00    113.02631
Freq: H, Length: 11664, dtype: float64",2022-01-01,2023-05-01 23:00:00,486 days,100.0,74.51000107998549,127.94275635801861,113.02630973380505,13.02630973380505,-70.17976286600607,18.167009602194785,100.0,31.915126050347816,173 days 18:00:00,74,0.0,37,51.35135135135135,21.347667498560206,-16.153083856354108,5.838692284700387,-4.931029016047309,2 days 01:03:09.473684210,2 days 17:56:40,1.1436825746819128,0.3520624252379738,0.42930398367635575,0.30181657061273603,1.0317177915413422,0.6121166989403769,long
3216,"{'window_k': 192, 'window_d': 147, 'window_ma': 12}","open_time
2022-01-01 00:00:00    100.000000
2022-01-01 01:00:00    100.000000
2022-01-01 02:00:00    100.000000
2022-01-01 03:00:00    100.000000
2022-01-01 04:00:00    100.000000
                          ...    
2023-05-01 19:00:00    112.343403
2023-05-01 20:00:00    112.085402
2023-05-01 21:00:00    112.649779
2023-05-01 22:00:00    112.649779
2023-05-01 23:00:00    112.649779
Freq: H, Length: 11664, dtype: float64",2022-01-01,2023-05-01 23:00:00,486 days,100.0,96.75360252238266,140.34887201594915,112.64977920949133,12.649779209491326,-70.17976286600607,13.717421124828533,100.0,31.06207329447746,353 days 18:00:00,52,0.0,26,42.30769230769231,20.971908298353238,-10.115473441108543,6.929131973229009,-3.829303714609101,2 days 12:21:49.090909090,2 days 14:24:00,1.1846635874875133,0.4865299695958205,0.4305587553382783,0.30127112595193545,1.0376482468597472,0.6440004789703049,long
2392,"{'window_k': 147, 'window_d': 87, 'window_ma': 132}","open_time
2022-01-01 00:00:00    100.000000
2022-01-01 01:00:00    100.000000
2022-01-01 02:00:00    100.000000
2022-01-01 03:00:00    100.000000
2022-01-01 04:00:00    100.000000
                          ...    
2023-05-01 19:00:00    117.753000
2023-05-01 20:00:00    117.482575
2023-05-01 21:00:00    118.074129
2023-05-01 22:00:00    118.598077
2023-05-01 23:00:00    118.598077
Freq: H, Length: 11664, dtype: float64",2022-01-01,2023-05-01 23:00:00,486 days,100.0,79.37037490602495,172.63950164273285,118.59807664417494,18.598076644174938,-70.17976286600607,40.6721536351166,100.0,45.94736494944405,286 days 02:00:00,79,0.0,40,38.46153846153847,35.52295059900389,-19.66116807846635,12.911005135926715,-6.396298985281591,6 days 18:52:00,3 days 19:12:30,1.0857840570779396,0.43787021597439235,0.5262249128373605,0.2974493231934474,1.0290892777275302,0.8068201115228595,long
1568,"{'window_k': 102, 'window_d': 42, 'window_ma': 12}","open_time
2022-01-01 00:00:00    100.000000
2022-01-01 01:00:00    100.000000
2022-01-01 02:00:00    100.000000
2022-01-01 03:00:00    100.000000
2022-01-01 04:00:00    100.000000
                          ...    
2023-05-01 19:00:00    117.809945
2023-05-01 20:00:00    117.809945
2023-05-01 21:00:00    117.809945
2023-05-01 22:00:00    117.809945
2023-05-01 23:00:00    117.809945
Freq: H, Length: 11664, dtype: float64",2022-01-01,2023-05-01 23:00:00,486 days,100.0,76.64148543330147,152.30678898115633,117.80994529310634,17.80994529310634,-70.17976286600607,18.218449931412895,100.0,44.13033442325961,355 days 14:00:00,132,0.0,66,40.909090909090914,26.211072664359854,-14.864040970613335,5.985535129218241,-3.3616835434343786,1 days 14:31:06.666666666,1 days 03:49:13.846153846,1.1219258801902707,0.269847655956156,0.48728126423796897,0.2968308125914577,1.0449383971650923,0.8231588636589092,long
3876,"{'window_k': 237, 'window_d': 42, 'window_ma': 72}","open_time
2022-01-01 00:00:00    100.000000
2022-01-01 01:00:00    100.000000
2022-01-01 02:00:00    100.000000
2022-01-01 03:00:00    100.000000
2022-01-01 04:00:00    100.000000
                          ...    
2023-05-01 19:00:00    119.535239
2023-05-01 20:00:00    119.535239
2023-05-01 21:00:00    119.535239
2023-05-01 22:00:00    119.535239
2023-05-01 23:00:00    119.535239
Freq: H, Length: 11664, dtype: float64",2022-01-01,2023-05-01 23:00:00,486 days,100.0,79.39105253964762,168.48733123820446,119.53523903472589,19.53523903472589,-70.17976286600607,38.897462277091904,100.0,48.672250007761,275 days 07:00:00,130,0.0,65,41.53846153846154,25.896555805420775,-17.286531690140833,7.163166084341851,-4.170313548050754,3 days 21:35:33.333333333,2 days 04:53:41.052631578,1.101731057649359,0.3005421389957825,0.5375649820700997,0.29464269911497165,1.02959296232246,0.8218862947063335,long
1833,"{'window_k': 117, 'window_d': 42, 'window_ma': 147}","open_time
2022-01-01 00:00:00    100.000000
2022-01-01 01:00:00    100.000000
2022-01-01 02:00:00    100.000000
2022-01-01 03:00:00    100.000000
2022-01-01 04:00:00    100.000000
                          ...    
2023-05-01 19:00:00    120.801268
2023-05-01 20:00:00    120.801268
2023-05-01 21:00:00    120.801268
2023-05-01 22:00:00    120.801268
2023-05-01 23:00:00    120.801268
Freq: H, Length: 11664, dtype: float64",2022-01-01,2023-05-01 23:00:00,486 days,100.0,66.47608385123745,168.01504701713802,120.80126771177697,20.801267711776973,-70.17976286600607,43.32133058984911,100.0,51.89060465420978,266 days 11:00:00,122,0.0,61,32.78688524590164,25.472047389855618,-16.333133612941875,10.630579441151491,-4.223923631446209,4 days 19:51:00,2 days 18:43:54.146341463,1.1040588653885581,0.3410043887176535,0.5535775488984462,0.2938727727897594,1.0294631873477753,0.8596721033660083,long
3378,"{'window_k': 207, 'window_d': 57, 'window_ma': 42}","open_time
2022-01-01 00:00:00    100.000000
2022-01-01 01:00:00    100.000000
2022-01-01 02:00:00    100.000000
2022-01-01 03:00:00    100.000000
2022-01-01 04:00:00    100.000000
                          ...    
2023-05-01 19:00:00    117.383754
2023-05-01 20:00:00    117.383754
2023-05-01 21:00:00    117.383754
2023-05-01 22:00:00    117.383754
2023-05-01 23:00:00    117.383754
Freq: H, Length: 11664, dtype: float64",2022-01-01,2023-05-01 23:00:00,486 days,100.0,73.18415884135807,142.83254984069436,117.38375441514555,17.383754415145546,-70.17976286600607,27.357681755829905,100.0,44.82603056448429,194 days 16:00:00,94,0.0,47,38.297872340425535,20.77538527627127,-16.95726495726495,7.74857849525234,-3.829403564353964,4 days 03:53:20,2 days 00:02:04.137931034,1.140907279335875,0.36986711521586235,0.4952026419957837,0.2853659203531313,1.0351955794476257,0.7860170402240173,long
2391,"{'window_k': 147, 'window_d': 87, 'window_ma': 117}","open_time
2022-01-01 00:00:00    100.000000
2022-01-01 01:00:00    100.000000
2022-01-01 02:00:00    100.000000
2022-01-01 03:00:00    100.000000
2022-01-01 04:00:00    100.000000
                          ...    
2023-05-01 19:00:00    117.188718
2023-05-01 20:00:00    116.919589
2023-05-01 21:00:00    117.508308
2023-05-01 22:00:00    118.029745
2023-05-01 23:00:00    118.029745
Freq: H, Length: 11664, dtype: float64",2022-01-01,2023-05-01 23:00:00,486 days,100.0,82.7618263965464,184.15298741925605,118.02974521986302,18.029745219863017,-70.17976286600607,38.91460905349795,100.0,46.756047028569355,204 days 00:00:00,79,0.0,40,38.46153846153847,35.52295059900389,-19.66116807846635,12.263768897396385,-6.075970147352554,6 days 08:28:00,3 days 17:10:00,1.0835949475030888,0.42348452343937915,0.5184815583422975,0.2835500967392481,1.029479756243441,0.7974744208788915,long
2648,"{'window_k': 162, 'window_d': 87, 'window_ma': 132}","open_time
2022-01-01 00:00:00    100.000000
2022-01-01 01:00:00    100.000000
2022-01-01 02:00:00    100.000000
2022-01-01 03:00:00    100.000000
2022-01-01 04:00:00    100.000000
                          ...    
2023-05-01 19:00:00    119.271437
2023-05-01 20:00:00    118.997525
2023-05-01 21:00:00    119.596707
2023-05-01 22:00:00    120.127411
2023-05-01 23:00:00    120.127411
Freq: H, Length: 11664, dtype: float64",2022-01-01,2023-05-01 23:00:00,486 days,100.0,82.94147120895607,189.03274984515403,120.12741119751657,20.127411197516565,-70.17976286600607,37.5514403292181,100.0,52.65677548982121,286 days 02:00:00,71,0.0,36,37.142857142857146,37.3387644263408,-16.87549384806412,14.20373148663253,-6.4913947253294815,6 days 23:46:09.230769230,3 days 23:05:27.272727272,1.0995657020882097,0.5286017236067897,0.5374635306467167,0.2804211564585281,1.0306816224853685,0.8264232383120482,long
2849,"{'window_k': 177, 'window_d': 42, 'window_ma': 27}","open_time
2022-01-01 00:00:00    100.000000
2022-01-01 01:00:00    100.000000
2022-01-01 02:00:00    100.000000
2022-01-01 03:00:00    100.000000
2022-01-01 04:00:00    100.000000
                          ...    
2023-05-01 19:00:00    116.155692
2023-05-01 20:00:00    116.155692
2023-05-01 21:00:00    116.155692
2023-05-01 22:00:00    116.155692
2023-05-01 23:00:00    116.155692
Freq: H, Length: 11664, dtype: float64",2022-01-01,2023-05-01 23:00:00,486 days,100.0,82.08349383157659,147.18893506505907,116.15569156643835,16.15569156643835,-70.17976286600607,27.786351165980793,100.0,42.506405820388665,216 days 11:00:00,134,0.0,67,37.3134328358209,19.010967866076584,-15.937687237866996,6.605029712321375,-3.2812373328686264,2 days 22:50:24,1 days 11:00:00,1.1049343467415078,0.24112972487221418,0.4752310294453879,0.2800620580085986,1.0292234303903474,0.7174141895852061,long
2691,"{'window_k': 162, 'window_d': 132, 'window_ma': 57}","open_time
2022-01-01 00:00:00    100.000000
2022-01-01 01:00:00    100.000000
2022-01-01 02:00:00    100.000000
2022-01-01 03:00:00    100.000000
2022-01-01 04:00:00    100.000000
                          ...    
2023-05-01 19:00:00    114.810677
2023-05-01 20:00:00    114.547010
2023-05-01 21:00:00    115.123782
2023-05-01 22:00:00    115.634638
2023-05-01 23:00:00    115.634638
Freq: H, Length: 11664, dtype: float64",2022-01-01,2023-05-01 23:00:00,486 days,100.0,80.77287375002932,152.3624955343555,115.63463757439013,15.634637574390126,-70.17976286600607,29.689643347050755,100.0,41.25865805460797,314 days 09:00:00,59,0.0,30,44.827586206896555,30.720823798627006,-13.748003194888186,8.94434999902268,-5.497934825710957,5 days 07:13:50.769230769,4 days 12:56:15,1.1502684057916392,0.5470809157343837,0.4727220005414408,0.27938902961253953,1.028625985693144,0.685661504491532,long
3896,"{'window_k': 237, 'window_d': 57, 'window_ma': 132}","open_time
2022-01-01 00:00:00    100.000000
2022-01-01 01:00:00    100.000000
2022-01-01 02:00:00    100.000000
2022-01-01 03:00:00    100.000000
2022-01-01 04:00:00    100.000000
                          ...    
2023-05-01 19:00:00    116.166984
2023-05-01 20:00:00    115.900202
2023-05-01 21:00:00    116.483788
2023-05-01 22:00:00    117.000678
2023-05-01 23:00:00    117.000678
Freq: H, Length: 11664, dtype: float64",2022-01-01,2023-05-01 23:00:00,486 days,100.0,73.40854418183208,157.9009502557945,117.0006782338417,17.000678233841697,-70.17976286600607,39.74622770919068,100.0,44.8260305644843,194 days 16:00:00,101,0.0,51,42.0,31.941251596424003,-16.375946752352537,8.565365952202916,-5.014621657890845,5 days 01:20:00,2 days 20:02:04.137931034,1.097879061281042,0.3306761869069952,0.5145343871718083,0.2791963103292007,1.0285808329222885,0.790130247492028,long
3878,"{'window_k': 237, 'window_d': 42, 'window_ma': 102}","open_time
2022-01-01 00:00:00    100.000000
2022-01-01 01:00:00    100.000000
2022-01-01 02:00:00    100.000000
2022-01-01 03:00:00    100.000000
2022-01-01 04:00:00    100.000000
                          ...    
2023-05-01 19:00:00    116.717768
2023-05-01 20:00:00    116.449721
2023-05-01 21:00:00    117.036074
2023-05-01 22:00:00    117.555415
2023-05-01 23:00:00    117.555415
Freq: H, Length: 11664, dtype: float64",2022-01-01,2023-05-01 23:00:00,486 days,100.0,74.15736214100427,157.4444493897455,117.55541531631576,17.55541531631576,-70.17976286600607,40.07201646090535,100.0,46.42075708135866,275 days 07:00:00,129,0.0,65,40.625,25.89655580542076,-17.28653169014083,7.475398251046918,-4.1873639018982916,3 days 22:11:32.307692307,2 days 07:09:28.421052631,1.1084218560571213,0.3117357258818334,0.5206990149760513,0.2782306604889788,1.028290063388859,0.7956119835055084,long
3478,"{'window_k': 207, 'window_d': 147, 'window_ma': 102}","open_time
2022-01-01 00:00:00    100.000000
2022-01-01 01:00:00    100.000000
2022-01-01 02:00:00    100.000000
2022-01-01 03:00:00    100.000000
2022-01-01 04:00:00    100.000000
                          ...    
2023-05-01 19:00:00    114.983645
2023-05-01 20:00:00    114.719580
2023-05-01 21:00:00    115.297221
2023-05-01 22:00:00    115.808847
2023-05-01 23:00:00    115.808847
Freq: H, Length: 11664, dtype: float64",2022-01-01,2023-05-01 23:00:00,486 days,100.0,85.9597574623416,148.17739547243752,115.80884659088909,15.80884659088909,-70.17976286600607,31.378600823045268,100.0,41.9886162877448,349 days 17:00:00,47,0.0,24,34.78260869565217,34.714264727486395,-12.294865007940706,14.995208329051298,-5.836556829891868,10 days 07:45:00,4 days 13:20:00,1.1653508040390776,0.700974928053582,0.4740761639779639,0.2775366854757136,1.0272747820191699,0.7043165203916583,long
3618,"{'window_k': 222, 'window_d': 42, 'window_ma': 42}","open_time
2022-01-01 00:00:00    100.0000
2022-01-01 01:00:00    100.0000
2022-01-01 02:00:00    100.0000
2022-01-01 03:00:00    100.0000
2022-01-01 04:00:00    100.0000
                         ...   
2023-05-01 19:00:00    116.8915
2023-05-01 20:00:00    116.8915
2023-05-01 21:00:00    116.8915
2023-05-01 22:00:00    116.8915
2023-05-01 23:00:00    116.8915
Freq: H, Length: 11664, dtype: float64",2022-01-01,2023-05-01 23:00:00,486 days,100.0,75.21152227983887,148.97509654671947,116.8915000697186,16.891500069718603,-70.17976286600607,32.12448559670782,100.0,44.826030564484284,177 days 23:00:00,128,0.0,64,37.5,20.705103233346335,-14.461651018168514,7.789214961330583,-3.898337522810476,3 days 05:22:30,1 days 23:15:00,1.093248705013911,0.2639296885893545,0.49695904049914896,0.2774370276668138,1.0306966508059223,0.770745198678285,long
1040,"{'window_k': 72, 'window_d': 27, 'window_ma': 12}","open_time
2022-01-01 00:00:00    100.000000
2022-01-01 01:00:00    100.000000
2022-01-01 02:00:00    100.000000
2022-01-01 03:00:00    100.000000
2022-01-01 04:00:00    100.000000
                          ...    
2023-05-01 19:00:00    119.065504
2023-05-01 20:00:00    119.065504
2023-05-01 21:00:00    119.065504
2023-05-01 22:00:00    119.065504
2023-05-01 23:00:00    119.065504
Freq: H, Length: 11664, dtype: float64",2022-01-01,2023-05-01 23:00:00,486 days,100.0,50.319490159107346,129.6534128122815,119.0655039601775,19.065503960177494,-70.17976286600607,23.199588477366255,100.0,50.6539384638444,304 days 04:00:00,204,0.0,102,39.21568627450981,27.421236872812138,-13.878066757923557,5.541613615419822,-3.0010546207589432,1 days 08:42:00,0 days 22:32:54.193548387,1.1232030866101386,0.18691670549193606,0.5071191766435224,0.2764504323094254,1.0392001938774666,0.8118935999311759,long
1144,"{'window_k': 72, 'window_d': 117, 'window_ma': 132}","open_time
2022-01-01 00:00:00    100.000000
2022-01-01 01:00:00    100.000000
2022-01-01 02:00:00    100.000000
2022-01-01 03:00:00    100.000000
2022-01-01 04:00:00    100.000000
                          ...    
2023-05-01 19:00:00    116.058501
2023-05-01 20:00:00    115.791968
2023-05-01 21:00:00    116.375009
2023-05-01 22:00:00    116.891416
2023-05-01 23:00:00    116.891416
Freq: H, Length: 11664, dtype: float64",2022-01-01,2023-05-01 23:00:00,486 days,100.0,79.38268657426528,146.01251193898906,116.89141648403975,16.891416484039752,-70.17976286600607,42.301097393689986,100.0,45.13090227974794,308 days 22:00:00,79,0.0,40,41.02564102564102,32.84249276886669,-20.031796502384744,11.119224417533312,-6.118959937482951,6 days 17:41:15,4 days 01:00:00,1.0973802912561528,0.42841474326884654,0.49599135252166515,0.2755615259390732,1.023523355359836,0.6948653135019107,long
891,"{'window_k': 57, 'window_d': 117, 'window_ma': 177}","open_time
2022-01-01 00:00:00    100.000000
2022-01-01 01:00:00    100.000000
2022-01-01 02:00:00    100.000000
2022-01-01 03:00:00    100.000000
2022-01-01 04:00:00    100.000000
                          ...    
2023-05-01 19:00:00    117.595031
2023-05-01 20:00:00    117.324969
2023-05-01 21:00:00    117.915729
2023-05-01 22:00:00    118.438974
2023-05-01 23:00:00    118.438974
Freq: H, Length: 11664, dtype: float64",2022-01-01,2023-05-01 23:00:00,486 days,100.0,88.98263609131124,205.12249771826245,118.43897379353064,18.438973793530636,-70.17976286600607,40.92078189300412,100.0,49.220909779752816,194 days 16:00:00,77,0.0,39,42.10526315789473,31.880464570011757,-22.404978884196485,11.29998692362862,-6.477733741563384,6 days 12:11:15,4 days 01:49:05.454545454,1.0783203217956,0.42926939992056656,0.5127888046733883,0.27533970602881763,1.0253892499586246,0.7302319727318775,long
3430,"{'window_k': 207, 'window_d': 102, 'window_ma': 102}","open_time
2022-01-01 00:00:00    100.000000
2022-01-01 01:00:00    100.000000
2022-01-01 02:00:00    100.000000
2022-01-01 03:00:00    100.000000
2022-01-01 04:00:00    100.000000
                          ...    
2023-05-01 19:00:00    115.852444
2023-05-01 20:00:00    115.586385
2023-05-01 21:00:00    116.168391
2023-05-01 22:00:00    116.683882
2023-05-01 23:00:00    116.683882
Freq: H, Length: 11664, dtype: float64",2022-01-01,2023-05-01 23:00:00,486 days,100.0,77.92154483096249,149.90779793197672,116.68388151439366,16.68388151439366,-70.17976286600607,37.74862825788752,100.0,44.82603056448429,204 days 00:00:00,65,0.0,33,40.625,38.16243807236149,-18.92700897996776,13.107848428476984,-6.890304132087686,8 days 07:36:55.384615384,3 days 19:09:28.421052631,1.1034261385773867,0.5078604445771244,0.5074425032750488,0.27409036017217,1.0289539099762572,0.7765351020692199,long
970,"{'window_k': 57, 'window_d': 192, 'window_ma': 162}","open_time
2022-01-01 00:00:00    100.000000
2022-01-01 01:00:00    100.000000
2022-01-01 02:00:00    100.000000
2022-01-01 03:00:00    100.000000
2022-01-01 04:00:00    100.000000
                          ...    
2023-05-01 19:00:00    117.084348
2023-05-01 20:00:00    116.815459
2023-05-01 21:00:00    117.403654
2023-05-01 22:00:00    117.924626
2023-05-01 23:00:00    117.924626
Freq: H, Length: 11664, dtype: float64",2022-01-01,2023-05-01 23:00:00,486 days,100.0,73.41897308829736,142.28568774947516,117.92462604727008,17.92462604727008,-70.17976286600607,39.49759945130316,100.0,48.400310495341316,391 days 18:00:00,57,0.0,29,35.714285714285715,44.426155918000916,-12.90031121373356,16.00503127873813,-6.604176896627399,10 days 09:18:00,4 days 18:20:00,1.1546264643467816,0.6875809077517268,0.5013119182572788,0.2723519234445018,1.0244311008250897,0.7119722304336243,long
2662,"{'window_k': 162, 'window_d': 102, 'window_ma': 102}","open_time
2022-01-01 00:00:00    100.000000
2022-01-01 01:00:00    100.000000
2022-01-01 02:00:00    100.000000
2022-01-01 03:00:00    100.000000
2022-01-01 04:00:00    100.000000
                          ...    
2023-05-01 19:00:00    117.000398
2023-05-01 20:00:00    116.731702
2023-05-01 21:00:00    117.319475
2023-05-01 22:00:00    117.840074
2023-05-01 23:00:00    117.840074
Freq: H, Length: 11664, dtype: float64",2022-01-01,2023-05-01 23:00:00,486 days,100.0,65.79963781968104,139.1324636222034,117.84007362669668,17.84007362669668,-70.17976286600607,37.92009602194788,100.0,48.32000413847883,224 days 13:00:00,67,0.0,34,39.39393939393939,32.74034822104467,-17.351805587099708,12.928540289034524,-6.52186482457491,7 days 14:50:46.153846153,4 days 01:33:00,1.1232205133130304,0.537046031599206,0.5162796655786621,0.27154312280132276,1.0291865454131999,0.7911924570363174,long
696,"{'window_k': 42, 'window_d': 177, 'window_ma': 132}","open_time
2022-01-01 00:00:00    100.000000
2022-01-01 01:00:00    100.000000
2022-01-01 02:00:00    100.000000
2022-01-01 03:00:00    100.000000
2022-01-01 04:00:00    100.000000
                          ...    
2023-05-01 19:00:00    118.196929
2023-05-01 20:00:00    117.925485
2023-05-01 21:00:00    118.519269
2023-05-01 22:00:00    119.045192
2023-05-01 23:00:00    119.045192
Freq: H, Length: 11664, dtype: float64",2022-01-01,2023-05-01 23:00:00,486 days,100.0,81.65763701918999,170.33268616325546,119.04519185787166,19.045191857871657,-70.17976286600607,37.80006858710562,100.0,52.05991353830633,309 days 12:00:00,69,0.0,35,35.294117647058826,39.97484979740115,-11.770211770211771,12.918848812796558,-5.3641111400143275,7 days 21:35:00,3 days 21:38:10.909090909,1.1296104800208906,0.542189490899422,0.5137279087295682,0.2687037978660718,1.0252562904498574,0.728294910795235,long
1172,"{'window_k': 72, 'window_d': 147, 'window_ma': 72}","open_time
2022-01-01 00:00:00    100.000000
2022-01-01 01:00:00    100.000000
2022-01-01 02:00:00    100.000000
2022-01-01 03:00:00    100.000000
2022-01-01 04:00:00    100.000000
                          ...    
2023-05-01 19:00:00    118.980973
2023-05-01 20:00:00    118.980973
2023-05-01 21:00:00    118.980973
2023-05-01 22:00:00    118.980973
2023-05-01 23:00:00    118.980973
Freq: H, Length: 11664, dtype: float64",2022-01-01,2023-05-01 23:00:00,486 days,100.0,70.73019888044237,147.14678835941098,118.98097260608021,18.980972606080215,-70.17976286600607,35.296639231824415,100.0,51.932217026931305,391 days 18:00:00,70,0.0,35,42.857142857142854,31.71622326551905,-15.100558283446563,10.369419491615051,-5.978813564824509,5 days 15:36:00,4 days 08:09:00,1.1462826984752708,0.5423135030308641,0.515708470041701,0.2684751833046039,1.0266395653790388,0.7312091595298785,long
2595,"{'window_k': 162, 'window_d': 42, 'window_ma': 57}","open_time
2022-01-01 00:00:00    100.000000
2022-01-01 01:00:00    100.000000
2022-01-01 02:00:00    100.000000
2022-01-01 03:00:00    100.000000
2022-01-01 04:00:00    100.000000
                          ...    
2023-05-01 19:00:00    117.184949
2023-05-01 20:00:00    117.184949
2023-05-01 21:00:00    117.184949
2023-05-01 22:00:00    117.184949
2023-05-01 23:00:00    117.184949
Freq: H, Length: 11664, dtype: float64",2022-01-01,2023-05-01 23:00:00,486 days,100.0,69.44840374069992,141.42899397632593,117.18494948852586,17.18494948852586,-70.17976286600607,35.92249657064472,100.0,47.127665654092326,380 days 00:00:00,138,0.0,69,40.57971014492754,22.256870005846803,-15.937687237866976,7.328596632152509,-4.193192838170065,3 days 11:25:42.857142857,1 days 21:13:10.243902439,1.1041681575083582,0.24905723896414367,0.5136456577112957,0.26838426181914793,1.0307736544653339,0.8014722477644278,long
975,"{'window_k': 57, 'window_d': 192, 'window_ma': 237}","open_time
2022-01-01 00:00:00    100.000000
2022-01-01 01:00:00    100.000000
2022-01-01 02:00:00    100.000000
2022-01-01 03:00:00    100.000000
2022-01-01 04:00:00    100.000000
                          ...    
2023-05-01 19:00:00    116.773835
2023-05-01 20:00:00    116.505659
2023-05-01 21:00:00    117.092294
2023-05-01 22:00:00    117.611885
2023-05-01 23:00:00    117.611885
Freq: H, Length: 11664, dtype: float64",2022-01-01,2023-05-01 23:00:00,486 days,100.0,73.22426268225097,142.28568774947516,117.6118846555739,17.611884655573903,-70.17976286600607,40.38065843621399,100.0,48.53715518374682,391 days 18:00:00,57,0.0,29,39.285714285714285,44.4261559180009,-12.900311213733568,14.729345523914676,-7.100287402985018,10 days 09:27:16.363636363,4 days 16:21:10.588235294,1.1479400298118327,0.6762858237950296,0.4979243632479632,0.2669380118282895,1.0240063356652074,0.7085256959303838,long
2386,"{'window_k': 147, 'window_d': 87, 'window_ma': 42}","open_time
2022-01-01 00:00:00    100.000000
2022-01-01 01:00:00    100.000000
2022-01-01 02:00:00    100.000000
2022-01-01 03:00:00    100.000000
2022-01-01 04:00:00    100.000000
                          ...    
2023-05-01 19:00:00    116.790966
2023-05-01 20:00:00    116.790966
2023-05-01 21:00:00    116.790966
2023-05-01 22:00:00    116.790966
2023-05-01 23:00:00    116.790966
Freq: H, Length: 11664, dtype: float64",2022-01-01,2023-05-01 23:00:00,486 days,100.0,89.29453271609101,170.8120914961346,116.79096564298293,16.790965642982925,-70.17976286600607,29.86111111111111,100.0,46.4473360418338,286 days 02:00:00,80,0.0,40,45.0,23.02352487466254,-12.198406463921009,8.202423856800085,-5.340278744119667,4 days 04:33:20,3 days 04:02:43.636363636,1.1106850080406083,0.41977414107457367,0.48722835338450704,0.2661889229546014,1.032507817296422,0.7618154866591793,long
440,"{'window_k': 27, 'window_d': 177, 'window_ma': 132}","open_time
2022-01-01 00:00:00    100.000000
2022-01-01 01:00:00    100.000000
2022-01-01 02:00:00    100.000000
2022-01-01 03:00:00    100.000000
2022-01-01 04:00:00    100.000000
                          ...    
2023-05-01 19:00:00    114.135935
2023-05-01 20:00:00    113.873817
2023-05-01 21:00:00    114.447200
2023-05-01 22:00:00    114.955053
2023-05-01 23:00:00    114.955053
Freq: H, Length: 11664, dtype: float64",2022-01-01,2023-05-01 23:00:00,486 days,100.0,82.82565576116018,142.53670246727597,114.95505340985157,14.955053409851574,-70.17976286600607,35.68244170096022,100.0,41.891699241340625,309 days 12:00:00,69,0.0,35,35.294117647058826,33.8166821870427,-12.437112437112441,13.621759804328153,-5.874052994474861,8 days 03:50:00,3 days 06:43:38.181818181,1.098232890297777,0.42009930751001345,0.4644082273573752,0.26340773079952384,1.0237687969680016,0.6640285748699091,long
422,"{'window_k': 27, 'window_d': 162, 'window_ma': 102}","open_time
2022-01-01 00:00:00    100.000000
2022-01-01 01:00:00    100.000000
2022-01-01 02:00:00    100.000000
2022-01-01 03:00:00    100.000000
2022-01-01 04:00:00    100.000000
                          ...    
2023-05-01 19:00:00    116.612788
2023-05-01 20:00:00    116.344982
2023-05-01 21:00:00    116.930807
2023-05-01 22:00:00    117.449681
2023-05-01 23:00:00    117.449681
Freq: H, Length: 11664, dtype: float64",2022-01-01,2023-05-01 23:00:00,486 days,100.0,65.33061579946445,142.3677811000755,117.44968144898378,17.44968144898378,-70.17976286600607,32.0216049382716,100.0,49.53714657806636,355 days 21:00:00,73,0.0,37,36.11111111111111,37.28304841445909,-13.11149974003875,13.459548658347998,-5.890098523275069,6 days 09:27:41.538461538,2 days 23:36:31.304347826,1.1147213052936358,0.4730898480329282,0.49312058074805803,0.2591872004872359,1.026702236568843,0.7041191597364808,long
333,"{'window_k': 27, 'window_d': 72, 'window_ma': 207}","open_time
2022-01-01 00:00:00    100.000000
2022-01-01 01:00:00    100.000000
2022-01-01 02:00:00    100.000000
2022-01-01 03:00:00    100.000000
2022-01-01 04:00:00    100.000000
                          ...    
2023-05-01 19:00:00    116.750876
2023-05-01 20:00:00    116.750876
2023-05-01 21:00:00    116.750876
2023-05-01 22:00:00    116.750876
2023-05-01 23:00:00    116.750876
Freq: H, Length: 11664, dtype: float64",2022-01-01,2023-05-01 23:00:00,486 days,100.0,82.41957239212871,177.67563532884333,116.75087559491095,16.75087559491095,-70.17976286600607,38.26303155006859,100.0,47.66602939867803,187 days 17:00:00,134,0.0,67,41.7910447761194,20.261437908496717,-16.093469143199517,7.302667516117232,-4.360464851535633,3 days 19:04:17.142857142,2 days 01:03:04.615384615,1.0785943874030808,0.25001306858076067,0.5102703112516357,0.2587754387426386,1.0299234993305701,0.8058507204201634,long
2856,"{'window_k': 177, 'window_d': 42, 'window_ma': 132}","open_time
2022-01-01 00:00:00    100.000000
2022-01-01 01:00:00    100.000000
2022-01-01 02:00:00    100.000000
2022-01-01 03:00:00    100.000000
2022-01-01 04:00:00    100.000000
                          ...    
2023-05-01 19:00:00    116.669172
2023-05-01 20:00:00    116.669172
2023-05-01 21:00:00    116.669172
2023-05-01 22:00:00    116.669172
2023-05-01 23:00:00    116.669172
Freq: H, Length: 11664, dtype: float64",2022-01-01,2023-05-01 23:00:00,486 days,100.0,69.22875126144694,142.136500777164,116.66917226886697,16.669172268866973,-70.17976286600607,40.85219478737997,100.0,48.172381669246974,216 days 11:00:00,136,0.0,68,35.294117647058826,29.82059967381759,-15.937687237866985,9.032768590340508,-4.126995728399888,4 days 08:35:00,2 days 03:15:00,1.0907901271941893,0.24513488630686764,0.5179993221955987,0.2548296666502315,1.0282779094456678,0.8040648076056602,long
3704,"{'window_k': 222, 'window_d': 117, 'window_ma': 132}","open_time
2022-01-01 00:00:00    100.000000
2022-01-01 01:00:00    100.000000
2022-01-01 02:00:00    100.000000
2022-01-01 03:00:00    100.000000
2022-01-01 04:00:00    100.000000
                          ...    
2023-05-01 19:00:00    115.541228
2023-05-01 20:00:00    115.275883
2023-05-01 21:00:00    115.856325
2023-05-01 22:00:00    116.370431
2023-05-01 23:00:00    116.370431
Freq: H, Length: 11664, dtype: float64",2022-01-01,2023-05-01 23:00:00,486 days,100.0,79.37242349743477,154.52958827982596,116.37043137237113,16.37043137237113,-70.17976286600607,38.04012345679013,100.0,48.114272014230465,309 days 12:00:00,59,0.0,30,37.93103448275862,40.575473149715364,-24.955752212389385,15.667257524530106,-7.09096185272346,8 days 17:38:10.909090909,4 days 19:13:20,1.1168314910944306,0.605671880599032,0.502507115323576,0.2506484749212814,1.0289534087885661,0.773308269521961,long
3638,"{'window_k': 222, 'window_d': 57, 'window_ma': 102}","open_time
2022-01-01 00:00:00    100.000000
2022-01-01 01:00:00    100.000000
2022-01-01 02:00:00    100.000000
2022-01-01 03:00:00    100.000000
2022-01-01 04:00:00    100.000000
                          ...    
2023-05-01 19:00:00    114.374123
2023-05-01 20:00:00    114.111458
2023-05-01 21:00:00    114.686038
2023-05-01 22:00:00    115.194951
2023-05-01 23:00:00    115.194951
Freq: H, Length: 11664, dtype: float64",2022-01-01,2023-05-01 23:00:00,486 days,100.0,73.70071037465962,151.41374654705675,115.19495065387952,15.194950653879516,-70.17976286600607,38.425925925925924,100.0,44.82603056448429,194 days 16:00:00,99,0.0,50,44.89795918367347,30.95238095238095,-17.21199727334696,8.848536767399116,-5.91698075471076,4 days 08:43:38.181818181,3 days 04:19:59.999999999,1.0787662812900496,0.29401951269042215,0.49705023942900656,0.25004617433379894,1.0281963564184928,0.7651854871417875,long
3895,"{'window_k': 237, 'window_d': 57, 'window_ma': 117}","open_time
2022-01-01 00:00:00    100.000000
2022-01-01 01:00:00    100.000000
2022-01-01 02:00:00    100.000000
2022-01-01 03:00:00    100.000000
2022-01-01 04:00:00    100.000000
                          ...    
2023-05-01 19:00:00    114.355780
2023-05-01 20:00:00    114.093157
2023-05-01 21:00:00    114.667644
2023-05-01 22:00:00    115.176476
2023-05-01 23:00:00    115.176476
Freq: H, Length: 11664, dtype: float64",2022-01-01,2023-05-01 23:00:00,486 days,100.0,74.00358877015523,155.37602965102687,115.17647583137817,15.17647583137817,-70.17976286600607,39.98628257887517,100.0,44.82603056448429,194 days 16:00:00,101,0.0,51,42.0,31.941251596423996,-16.375946752352526,8.355580216966446,-4.929937612047667,5 days 00:31:25.714285714,2 days 21:35:10.344827586,1.0895796657195738,0.29433772149209636,0.4975237549677179,0.24974734715113997,1.0276528648608763,0.7650627672091199,long
3860,"{'window_k': 237, 'window_d': 27, 'window_ma': 72}","open_time
2022-01-01 00:00:00    100.00000
2022-01-01 01:00:00    100.00000
2022-01-01 02:00:00    100.00000
2022-01-01 03:00:00    100.00000
2022-01-01 04:00:00    100.00000
                         ...    
2023-05-01 19:00:00    120.38481
2023-05-01 20:00:00    120.38481
2023-05-01 21:00:00    120.38481
2023-05-01 22:00:00    120.38481
2023-05-01 23:00:00    120.38481
Freq: H, Length: 11664, dtype: float64",2022-01-01,2023-05-01 23:00:00,486 days,100.0,47.15724696182974,143.36973355730828,120.38481022776509,20.384810227765087,-70.17976286600607,35.871056241426615,100.0,59.88732759323607,266 days 10:00:00,186,0.0,93,35.483870967741936,29.846743295019152,-13.6717533478667,7.825324972510991,-3.569072321741958,2 days 22:27:16.363636363,1 days 06:59:00,1.1055943621597915,0.21919150782543095,0.5395904424630205,0.2496473236829967,1.032146028562774,0.8425332459193018,long
2899,"{'window_k': 177, 'window_d': 87, 'window_ma': 57}","open_time
2022-01-01 00:00:00    100.000000
2022-01-01 01:00:00    100.000000
2022-01-01 02:00:00    100.000000
2022-01-01 03:00:00    100.000000
2022-01-01 04:00:00    100.000000
                          ...    
2023-05-01 19:00:00    115.165283
2023-05-01 20:00:00    114.900801
2023-05-01 21:00:00    115.479355
2023-05-01 22:00:00    115.991788
2023-05-01 23:00:00    115.991788
Freq: H, Length: 11664, dtype: float64",2022-01-01,2023-05-01 23:00:00,486 days,100.0,79.12050771448482,182.01393056256512,115.99178832052608,15.991788320526085,-70.17976286600607,30.709876543209873,100.0,48.29904382245273,286 days 02:00:00,71,0.0,36,42.857142857142854,32.48936992655585,-19.10213243546578,10.631149977874225,-6.185331853841392,5 days 21:20:00,2 days 20:03:00,1.103491519756825,0.467298593164287,0.48836777328893044,0.24401766437488367,1.0317332570979336,0.7633420679552664,long
3955,"{'window_k': 237, 'window_d': 117, 'window_ma': 57}","open_time
2022-01-01 00:00:00    100.000000
2022-01-01 01:00:00    100.000000
2022-01-01 02:00:00    100.000000
2022-01-01 03:00:00    100.000000
2022-01-01 04:00:00    100.000000
                          ...    
2023-05-01 19:00:00    113.897830
2023-05-01 20:00:00    113.636259
2023-05-01 21:00:00    114.208445
2023-05-01 22:00:00    114.715239
2023-05-01 23:00:00    114.715239
Freq: H, Length: 11664, dtype: float64",2022-01-01,2023-05-01 23:00:00,486 days,100.0,79.07998808230637,147.6757944105598,114.71523931896455,14.71523931896455,-70.17976286600607,25.454389574759944,100.0,44.82603056448429,314 days 09:00:00,59,0.0,30,41.37931034482759,28.853383458646608,-14.771937948599204,10.80287960395131,-5.813813345358978,5 days 21:45:00,2 days 23:35:17.647058823,1.1440140029365307,0.559848995089943,0.46317071170322277,0.24228304884785523,1.0337589592259586,0.7392965744431078,long
2393,"{'window_k': 147, 'window_d': 87, 'window_ma': 147}","open_time
2022-01-01 00:00:00    100.000000
2022-01-01 01:00:00    100.000000
2022-01-01 02:00:00    100.000000
2022-01-01 03:00:00    100.000000
2022-01-01 04:00:00    100.000000
                          ...    
2023-05-01 19:00:00    114.762912
2023-05-01 20:00:00    114.499354
2023-05-01 21:00:00    115.075887
2023-05-01 22:00:00    115.586530
2023-05-01 23:00:00    115.586530
Freq: H, Length: 11664, dtype: float64",2022-01-01,2023-05-01 23:00:00,486 days,100.0,84.20496259590911,172.31803828576628,115.58652988989762,15.58652988989762,-70.17976286600607,40.90363511659808,100.0,47.459002065967226,286 days 02:00:00,79,0.0,40,38.46153846153847,35.52295059900391,-19.661168078466357,12.854099929500206,-6.490515323929906,6 days 20:44:00,3 days 19:10:00,1.0699687838910361,0.3616414807530468,0.5000658841721884,0.24215359038656023,1.0274364498416717,0.7655952938663153,long
441,"{'window_k': 27, 'window_d': 177, 'window_ma': 147}","open_time
2022-01-01 00:00:00    100.000000
2022-01-01 01:00:00    100.000000
2022-01-01 02:00:00    100.000000
2022-01-01 03:00:00    100.000000
2022-01-01 04:00:00    100.000000
                          ...    
2023-05-01 19:00:00    112.805339
2023-05-01 20:00:00    112.546277
2023-05-01 21:00:00    113.112976
2023-05-01 22:00:00    113.614908
2023-05-01 23:00:00    113.614908
Freq: H, Length: 11664, dtype: float64",2022-01-01,2023-05-01 23:00:00,486 days,100.0,81.8600749772907,140.1260582700311,113.61490838399966,13.614908383999664,-70.17976286600607,36.07681755829904,100.0,41.58111918088673,376 days 12:00:00,69,0.0,35,35.294117647058826,33.81668218704269,-12.437112437112436,13.807092495291512,-6.005024763113854,8 days 01:55:00,3 days 09:51:49.090909090,1.0857074205041441,0.38091358334289804,0.4492813291673551,0.24196120434446552,1.0228169443755386,0.642388088909615,long
1944,"{'window_k': 117, 'window_d': 147, 'window_ma': 132}","open_time
2022-01-01 00:00:00    100.000000
2022-01-01 01:00:00    100.000000
2022-01-01 02:00:00    100.000000
2022-01-01 03:00:00    100.000000
2022-01-01 04:00:00    100.000000
                          ...    
2023-05-01 19:00:00    112.846942
2023-05-01 20:00:00    112.587784
2023-05-01 21:00:00    113.154692
2023-05-01 22:00:00    113.656809
2023-05-01 23:00:00    113.656809
Freq: H, Length: 11664, dtype: float64",2022-01-01,2023-05-01 23:00:00,486 days,100.0,81.50770721483636,139.8941289701636,113.6568093893869,13.656809389386893,-70.17976286600607,40.26063100137174,100.0,41.736148747014106,451 days 16:00:00,59,0.0,30,37.93103448275862,37.51142247943954,-12.134443541835903,15.653078478148352,-7.27808650172499,8 days 17:16:21.818181818,5 days 09:23:20,1.0962907849560954,0.4781853430210852,0.46008064406488686,0.2417928124697507,1.022669044068551,0.6560546054405368,long
3158,"{'window_k': 192, 'window_d': 87, 'window_ma': 102}","open_time
2022-01-01 00:00:00    100.000000
2022-01-01 01:00:00    100.000000
2022-01-01 02:00:00    100.000000
2022-01-01 03:00:00    100.000000
2022-01-01 04:00:00    100.000000
                          ...    
2023-05-01 19:00:00    116.310480
2023-05-01 20:00:00    116.043369
2023-05-01 21:00:00    116.627676
2023-05-01 22:00:00    117.145205
2023-05-01 23:00:00    117.145205
Freq: H, Length: 11664, dtype: float64",2022-01-01,2023-05-01 23:00:00,486 days,100.0,86.73506779039941,187.1499696573493,117.14520455806725,17.14520455806725,-70.17976286600607,36.79698216735254,100.0,52.993073115331335,286 days 02:00:00,69,0.0,35,38.23529411764706,34.612476370510386,-16.53543307086615,13.567747903230673,-6.54689508958085,7 days 22:18:27.692307692,3 days 10:00:00,1.0981767428940912,0.511635936474983,0.5115314149806383,0.2381373223913855,1.0295352886921583,0.7858790207858248,long
2599,"{'window_k': 162, 'window_d': 42, 'window_ma': 117}","open_time
2022-01-01 00:00:00    100.000000
2022-01-01 01:00:00    100.000000
2022-01-01 02:00:00    100.000000
2022-01-01 03:00:00    100.000000
2022-01-01 04:00:00    100.000000
                          ...    
2023-05-01 19:00:00    115.478451
2023-05-01 20:00:00    115.478451
2023-05-01 21:00:00    115.478451
2023-05-01 22:00:00    115.478451
2023-05-01 23:00:00    115.478451
Freq: H, Length: 11664, dtype: float64",2022-01-01,2023-05-01 23:00:00,486 days,100.0,68.51511150949702,139.36944274079474,115.47845069560407,15.478450695604067,-70.17976286600607,42.11248285322359,100.0,48.14374968661475,216 days 11:00:00,138,0.0,69,39.130434782608695,32.01605821101493,-15.937687237866992,8.50070827666204,-4.605767676115895,4 days 00:48:53.333333333,2 days 06:42:51.428571428,1.0800058671309123,0.22432537240006,0.5094394000169282,0.23708297003824888,1.0275276805556344,0.787620175463566,long
1306,"{'window_k': 87, 'window_d': 27, 'window_ma': 162}","open_time
2022-01-01 00:00:00    100.000000
2022-01-01 01:00:00    100.000000
2022-01-01 02:00:00    100.000000
2022-01-01 03:00:00    100.000000
2022-01-01 04:00:00    100.000000
                          ...    
2023-05-01 19:00:00    116.553186
2023-05-01 20:00:00    116.553186
2023-05-01 21:00:00    116.553186
2023-05-01 22:00:00    116.553186
2023-05-01 23:00:00    116.553186
Freq: H, Length: 11664, dtype: float64",2022-01-01,2023-05-01 23:00:00,486 days,100.0,48.89485432429862,133.15067993872705,116.55318588469477,16.55318588469477,-70.17976286600607,37.705761316872426,100.0,51.54745856275083,304 days 09:00:00,202,0.0,101,41.584158415841586,28.71962062833433,-14.508205289014326,6.348381544715147,-3.841187845923814,2 days 11:51:25.714285714,1 days 07:55:55.932203389,1.0892476658511947,0.16389292955143508,0.5061602341935382,0.23651821220616398,1.0295402187306641,0.7958183724026009,long
1826,"{'window_k': 117, 'window_d': 42, 'window_ma': 42}","open_time
2022-01-01 00:00:00    100.000000
2022-01-01 01:00:00    100.000000
2022-01-01 02:00:00    100.000000
2022-01-01 03:00:00    100.000000
2022-01-01 04:00:00    100.000000
                          ...    
2023-05-01 19:00:00    115.638991
2023-05-01 20:00:00    115.638991
2023-05-01 21:00:00    115.638991
2023-05-01 22:00:00    115.638991
2023-05-01 23:00:00    115.638991
Freq: H, Length: 11664, dtype: float64",2022-01-01,2023-05-01 23:00:00,486 days,100.0,79.75948716511185,167.07400260889955,115.63899137132547,15.638991371325476,-70.17976286600607,31.944444444444443,100.0,48.85295213916924,194 days 16:00:00,122,0.0,61,32.78688524590164,26.15740740740739,-16.33313361294188,9.42441373544548,-3.7991318289170795,3 days 07:27:00,2 days 04:07:19.024390243,1.0880319808873258,0.256376907726648,0.4849386485506804,0.23602197201512,1.0310497174429245,0.7742061491468268,long
1138,"{'window_k': 72, 'window_d': 117, 'window_ma': 42}","open_time
2022-01-01 00:00:00    100.000000
2022-01-01 01:00:00    100.000000
2022-01-01 02:00:00    100.000000
2022-01-01 03:00:00    100.000000
2022-01-01 04:00:00    100.000000
                          ...    
2023-05-01 19:00:00    110.834321
2023-05-01 20:00:00    110.834321
2023-05-01 21:00:00    110.834321
2023-05-01 22:00:00    110.834321
2023-05-01 23:00:00    110.834321
Freq: H, Length: 11664, dtype: float64",2022-01-01,2023-05-01 23:00:00,486 days,100.0,94.59887291052866,150.48045101902815,110.83432065714034,10.834320657140339,-70.17976286600607,31.078532235939644,100.0,34.04188885418914,194 days 16:00:00,80,0.0,40,42.5,24.00388726919339,-20.031796502384726,8.52413377716778,-5.216309683397563,4 days 20:10:35.294117647,2 days 23:44:20.869565217,1.0691280942475263,0.27085801642850926,0.4034160449909178,0.2359390703731978,1.0223652762644235,0.5589741621531823,long
3902,"{'window_k': 237, 'window_d': 57, 'window_ma': 222}","open_time
2022-01-01 00:00:00    100.000000
2022-01-01 01:00:00    100.000000
2022-01-01 02:00:00    100.000000
2022-01-01 03:00:00    100.000000
2022-01-01 04:00:00    100.000000
                          ...    
2023-05-01 19:00:00    113.481756
2023-05-01 20:00:00    113.221140
2023-05-01 21:00:00    113.791237
2023-05-01 22:00:00    114.296179
2023-05-01 23:00:00    114.296179
Freq: H, Length: 11664, dtype: float64",2022-01-01,2023-05-01 23:00:00,486 days,100.0,73.40854418183208,157.9009502557945,114.29617929627253,14.296179296272527,-70.17976286600607,39.343278463648836,100.0,44.8260305644843,194 days 16:00:00,101,0.0,51,44.0,31.941251596424003,-16.37594675235253,8.122996618983848,-5.236888801957222,5 days 00:49:05.454545454,2 days 16:51:25.714285714,1.0819909936873713,0.27680204389810026,0.4893574563057384,0.2354948218568013,1.0273185367609103,0.751890502076282,long
2596,"{'window_k': 162, 'window_d': 42, 'window_ma': 72}","open_time
2022-01-01 00:00:00    100.00000
2022-01-01 01:00:00    100.00000
2022-01-01 02:00:00    100.00000
2022-01-01 03:00:00    100.00000
2022-01-01 04:00:00    100.00000
                         ...    
2023-05-01 19:00:00    116.36235
2023-05-01 20:00:00    116.36235
2023-05-01 21:00:00    116.36235
2023-05-01 22:00:00    116.36235
2023-05-01 23:00:00    116.36235
Freq: H, Length: 11664, dtype: float64",2022-01-01,2023-05-01 23:00:00,486 days,100.0,66.82632788576936,138.4184476496593,116.36234995254324,16.36234995254324,-70.17976286600607,41.09224965706447,100.0,51.48986750819673,305 days 14:00:00,138,0.0,69,39.130434782608695,32.01605821101492,-15.937687237866976,8.139468637115705,-4.376400805874645,3 days 22:28:53.333333333,2 days 05:22:51.428571428,1.091048829399271,0.2371355065585976,0.5175092824281704,0.23410284161861733,1.0281591514569188,0.7999559763331385,long
678,"{'window_k': 42, 'window_d': 162, 'window_ma': 102}","open_time
2022-01-01 00:00:00    100.000000
2022-01-01 01:00:00    100.000000
2022-01-01 02:00:00    100.000000
2022-01-01 03:00:00    100.000000
2022-01-01 04:00:00    100.000000
                          ...    
2023-05-01 19:00:00    116.843321
2023-05-01 20:00:00    116.574985
2023-05-01 21:00:00    117.161969
2023-05-01 22:00:00    117.681869
2023-05-01 23:00:00    117.681869
Freq: H, Length: 11664, dtype: float64",2022-01-01,2023-05-01 23:00:00,486 days,100.0,70.8171193510439,160.7320175406929,117.68186893816035,17.68186893816035,-70.17976286600607,36.882716049382715,100.0,55.94087572930828,395 days 04:00:00,79,0.0,40,30.76923076923077,33.81668218704269,-16.30898513251454,14.422704725394068,-4.9825828003735895,7 days 01:45:00,3 days 08:40:00,1.1102408638259817,0.43704031352218253,0.4991132254491443,0.2325113345001016,1.0253209104635639,0.7019532546781855,long
1311,"{'window_k': 87, 'window_d': 27, 'window_ma': 237}","open_time
2022-01-01 00:00:00    100.000000
2022-01-01 01:00:00    100.000000
2022-01-01 02:00:00    100.000000
2022-01-01 03:00:00    100.000000
2022-01-01 04:00:00    100.000000
                          ...    
2023-05-01 19:00:00    115.402645
2023-05-01 20:00:00    115.402645
2023-05-01 21:00:00    115.402645
2023-05-01 22:00:00    115.402645
2023-05-01 23:00:00    115.402645
Freq: H, Length: 11664, dtype: float64",2022-01-01,2023-05-01 23:00:00,486 days,100.0,51.52932114284952,131.8362989879997,115.40264510379961,15.402645103799614,-70.17976286600607,38.168724279835395,100.0,48.936823671719765,304 days 09:00:00,202,0.0,101,41.584158415841586,28.71962062833433,-14.508205289014322,6.410325187814195,-3.8991794744595514,2 days 13:57:08.571428571,1 days 07:21:21.355932203,1.0817764310657736,0.1525014366712829,0.4954253037208212,0.2321182583631561,1.0287317809539787,0.7806812721792281,long
442,"{'window_k': 27, 'window_d': 177, 'window_ma': 162}","open_time
2022-01-01 00:00:00    100.000000
2022-01-01 01:00:00    100.000000
2022-01-01 02:00:00    100.000000
2022-01-01 03:00:00    100.000000
2022-01-01 04:00:00    100.000000
                          ...    
2023-05-01 19:00:00    111.529633
2023-05-01 20:00:00    111.273501
2023-05-01 21:00:00    111.833790
2023-05-01 22:00:00    112.330047
2023-05-01 23:00:00    112.330047
Freq: H, Length: 11664, dtype: float64",2022-01-01,2023-05-01 23:00:00,486 days,100.0,80.93432606732506,133.7065254705046,112.33004665352226,12.33004665352226,-70.17976286600607,35.879629629629626,100.0,39.46867904724739,376 days 12:00:00,69,0.0,35,35.294117647058826,33.8166821870427,-12.437112437112443,13.33590003691241,-5.817017491304217,8 days 05:35:00,3 days 06:49:05.454545454,1.0826120350743988,0.34334433793129016,0.43347512537631616,0.2311937426036713,1.0221020121845314,0.6195818174821612,long
3898,"{'window_k': 237, 'window_d': 57, 'window_ma': 162}","open_time
2022-01-01 00:00:00    100.000000
2022-01-01 01:00:00    100.000000
2022-01-01 02:00:00    100.000000
2022-01-01 03:00:00    100.000000
2022-01-01 04:00:00    100.000000
                          ...    
2023-05-01 19:00:00    113.185959
2023-05-01 20:00:00    112.926022
2023-05-01 21:00:00    113.494633
2023-05-01 22:00:00    113.998259
2023-05-01 23:00:00    113.998259
Freq: H, Length: 11664, dtype: float64",2022-01-01,2023-05-01 23:00:00,486 days,100.0,73.40854418183208,157.9009502557945,113.99825917237851,13.99825917237851,-70.17976286600607,39.76337448559671,100.0,44.8260305644843,194 days 16:00:00,101,0.0,51,44.0,31.941251596424003,-16.37594675235253,8.11109569071144,-5.236888801957223,5 days 03:02:43.636363636,2 days 16:51:25.714285714,1.0802922047498162,0.2708674172887382,0.48705213106049405,0.23066513495564844,1.0270547129274596,0.7476603946680626,long
972,"{'window_k': 57, 'window_d': 192, 'window_ma': 192}","open_time
2022-01-01 00:00:00    100.000000
2022-01-01 01:00:00    100.000000
2022-01-01 02:00:00    100.000000
2022-01-01 03:00:00    100.000000
2022-01-01 04:00:00    100.000000
                          ...    
2023-05-01 19:00:00    114.649832
2023-05-01 20:00:00    114.386534
2023-05-01 21:00:00    114.962498
2023-05-01 22:00:00    115.472638
2023-05-01 23:00:00    115.472638
Freq: H, Length: 11664, dtype: float64",2022-01-01,2023-05-01 23:00:00,486 days,100.0,71.89238405264008,142.28568774947516,115.47263804491483,15.472638044914829,-70.17976286600607,41.289437585733886,100.0,49.47321463616057,391 days 18:00:00,57,0.0,29,35.714285714285715,44.4261559180009,-12.900311213733563,16.1908352705116,-6.785998065672809,10 days 16:48:00,5 days 01:46:40,1.1313660871163913,0.5990240007263772,0.47456304874719285,0.2306268432566268,1.0226096896353722,0.6730714930952333,long
1456,"{'window_k': 87, 'window_d': 177, 'window_ma': 12}","open_time
2022-01-01 00:00:00    100.000000
2022-01-01 01:00:00    100.000000
2022-01-01 02:00:00    100.000000
2022-01-01 03:00:00    100.000000
2022-01-01 04:00:00    100.000000
                          ...    
2023-05-01 19:00:00    112.073251
2023-05-01 20:00:00    112.073251
2023-05-01 21:00:00    112.073251
2023-05-01 22:00:00    112.073251
2023-05-01 23:00:00    112.073251
Freq: H, Length: 11664, dtype: float64",2022-01-01,2023-05-01 23:00:00,486 days,100.0,90.55645252146184,148.15148351566413,112.0732506744399,12.073250674439905,-70.17976286600607,15.869341563786007,100.0,38.87577068245337,391 days 18:00:00,56,0.0,28,39.285714285714285,19.376770538243633,-9.017816354499779,7.689092111253021,-3.8417689951512695,2 days 10:05:27.272727272,2 days 23:17:38.823529411,1.1579055228860247,0.43118752408713945,0.4170008602503835,0.22989897988650165,1.03244055633634,0.5802384639637723,long
1827,"{'window_k': 117, 'window_d': 42, 'window_ma': 57}","open_time
2022-01-01 00:00:00    100.000000
2022-01-01 01:00:00    100.000000
2022-01-01 02:00:00    100.000000
2022-01-01 03:00:00    100.000000
2022-01-01 04:00:00    100.000000
                          ...    
2023-05-01 19:00:00    114.279284
2023-05-01 20:00:00    114.279284
2023-05-01 21:00:00    114.279284
2023-05-01 22:00:00    114.279284
2023-05-01 23:00:00    114.279284
Freq: H, Length: 11664, dtype: float64",2022-01-01,2023-05-01 23:00:00,486 days,100.0,68.75606582510576,141.8040858748103,114.27928393211498,14.279283932114978,-70.17976286600607,37.954389574759944,100.0,46.61914961778503,144 days 16:00:00,122,0.0,61,39.34426229508197,19.746588693957122,-16.333133612941886,7.951133349796573,-4.3428718862663835,3 days 16:27:30,2 days 14:16:12.972972973,1.081903387106508,0.23408662183795137,0.4872837705992321,0.22617366963882832,1.02823985316349,0.7614926350303014,long
2147,"{'window_k': 132, 'window_d': 102, 'window_ma': 57}","open_time
2022-01-01 00:00:00    100.000000
2022-01-01 01:00:00    100.000000
2022-01-01 02:00:00    100.000000
2022-01-01 03:00:00    100.000000
2022-01-01 04:00:00    100.000000
                          ...    
2023-05-01 19:00:00    114.400266
2023-05-01 20:00:00    114.137541
2023-05-01 21:00:00    114.712252
2023-05-01 22:00:00    115.221281
2023-05-01 23:00:00    115.221281
Freq: H, Length: 11664, dtype: float64",2022-01-01,2023-05-01 23:00:00,486 days,100.0,69.98472669688704,158.04031719639391,115.22128125476523,15.221281254765232,-70.17976286600607,33.23045267489712,100.0,49.89891368722521,224 days 13:00:00,75,0.0,38,40.54054054054054,31.848723363409476,-20.92687263836408,9.683061433072208,-5.1837636625702554,5 days 05:20:00,3 days 14:05:27.272727272,1.1077145821294911,0.42203698860605865,0.47384494356726004,0.2250082576151746,1.0273594600347173,0.6824011186368981,long
1792,"{'window_k': 117, 'window_d': 12, 'window_ma': 12}","open_time
2022-01-01 00:00:00    100.000000
2022-01-01 01:00:00    100.000000
2022-01-01 02:00:00    100.000000
2022-01-01 03:00:00    100.000000
2022-01-01 04:00:00    100.000000
                          ...    
2023-05-01 19:00:00    113.307982
2023-05-01 20:00:00    113.047765
2023-05-01 21:00:00    113.616988
2023-05-01 22:00:00    113.616988
2023-05-01 23:00:00    113.616988
Freq: H, Length: 11664, dtype: float64",2022-01-01,2023-05-01 23:00:00,486 days,100.0,67.34911769176887,122.54050176286472,113.61698848575062,13.616988485750625,-70.17976286600607,30.624142661179697,100.0,45.039299886253055,353 days 18:00:00,452,0.0,226,37.610619469026545,35.122786978869236,-12.692913385826762,3.962518671671769,-2.1355446150825608,0 days 21:58:35.294117647,0 days 12:08:34.285714285,1.050075463201908,0.060252161441374685,0.4666026824529832,0.22341668380606342,1.0303569122088014,0.7438358741168316,long
3576,"{'window_k': 207, 'window_d': 237, 'window_ma': 132}","open_time
2022-01-01 00:00:00    100.000000
2022-01-01 01:00:00    100.000000
2022-01-01 02:00:00    100.000000
2022-01-01 03:00:00    100.000000
2022-01-01 04:00:00    100.000000
                          ...    
2023-05-01 19:00:00    112.018334
2023-05-01 20:00:00    112.018334
2023-05-01 21:00:00    112.018334
2023-05-01 22:00:00    112.018334
2023-05-01 23:00:00    112.018334
Freq: H, Length: 11664, dtype: float64",2022-01-01,2023-05-01 23:00:00,486 days,100.0,73.25327268265352,131.75960675614084,112.01833357138017,12.018333571380168,-70.17976286600607,30.169753086419753,100.0,39.856223568020226,137 days 07:00:00,34,0.0,17,47.05882352941176,40.20245842371658,-23.423197492163006,13.149114942418086,-8.557380714241427,9 days 05:22:30,8 days 02:13:20,1.147032388259182,0.7069607983164801,0.42081865471621027,0.22323758871021182,1.0244018655689227,0.6041793380558764,long
692,"{'window_k': 42, 'window_d': 177, 'window_ma': 72}","open_time
2022-01-01 00:00:00    100.000000
2022-01-01 01:00:00    100.000000
2022-01-01 02:00:00    100.000000
2022-01-01 03:00:00    100.000000
2022-01-01 04:00:00    100.000000
                          ...    
2023-05-01 19:00:00    115.237653
2023-05-01 20:00:00    115.237653
2023-05-01 21:00:00    115.237653
2023-05-01 22:00:00    115.237653
2023-05-01 23:00:00    115.237653
Freq: H, Length: 11664, dtype: float64",2022-01-01,2023-05-01 23:00:00,486 days,100.0,79.6083783311635,160.5861825711929,115.23765294981459,15.23765294981459,-70.17976286600607,33.521947873799725,100.0,50.426383480489925,286 days 02:00:00,70,0.0,35,40.0,37.36202319407574,-11.770211770211764,10.292556337787854,-5.322145072935963,6 days 04:38:34.285714285,3 days 15:05:42.857142857,1.1160972029673695,0.4353615128518453,0.4670525327157233,0.2228900048714087,1.0242990439938984,0.6624228435392358,long
1127,"{'window_k': 72, 'window_d': 102, 'window_ma': 117}","open_time
2022-01-01 00:00:00    100.000000
2022-01-01 01:00:00    100.000000
2022-01-01 02:00:00    100.000000
2022-01-01 03:00:00    100.000000
2022-01-01 04:00:00    100.000000
                          ...    
2023-05-01 19:00:00    113.784748
2023-05-01 20:00:00    113.523437
2023-05-01 21:00:00    114.095055
2023-05-01 22:00:00    114.601346
2023-05-01 23:00:00    114.601346
Freq: H, Length: 11664, dtype: float64",2022-01-01,2023-05-01 23:00:00,486 days,100.0,77.22865714768584,207.70544589537926,114.6013460059805,14.601346005980503,-70.17976286600607,39.81481481481482,100.0,48.6233493930182,194 days 16:00:00,83,0.0,42,48.78048780487805,33.96101312823232,-22.12051868802442,8.74624820189062,-6.582231604393028,5 days 18:03:00,3 days 11:31:25.714285714,1.083553565438411,0.4130930715399188,0.4799839670863048,0.22166128660841772,1.0247697721874953,0.6898869049693366,long
2398,"{'window_k': 147, 'window_d': 87, 'window_ma': 222}","open_time
2022-01-01 00:00:00    100.000000
2022-01-01 01:00:00    100.000000
2022-01-01 02:00:00    100.000000
2022-01-01 03:00:00    100.000000
2022-01-01 04:00:00    100.000000
                          ...    
2023-05-01 19:00:00    112.982349
2023-05-01 20:00:00    112.722880
2023-05-01 21:00:00    113.290468
2023-05-01 22:00:00    113.793188
2023-05-01 23:00:00    113.793188
Freq: H, Length: 11664, dtype: float64",2022-01-01,2023-05-01 23:00:00,486 days,100.0,81.38334875863187,166.54385412547057,113.79318812344796,13.79318812344796,-70.17976286600607,41.117969821673526,100.0,46.23903537405683,286 days 02:00:00,79,0.0,40,38.46153846153847,35.522950599003885,-19.661168078466353,12.620027591706803,-6.414901209122396,6 days 22:48:00,3 days 18:55:00,1.063496861988018,0.3162481377867099,0.48336298555218793,0.220391651633101,1.0264472022501652,0.7404559611431796,long
2928,"{'window_k': 177, 'window_d': 117, 'window_ma': 12}","open_time
2022-01-01 00:00:00    100.000000
2022-01-01 01:00:00    100.000000
2022-01-01 02:00:00    100.000000
2022-01-01 03:00:00    100.000000
2022-01-01 04:00:00    100.000000
                          ...    
2023-05-01 19:00:00    110.178597
2023-05-01 20:00:00    110.178597
2023-05-01 21:00:00    110.178597
2023-05-01 22:00:00    110.178597
2023-05-01 23:00:00    110.178597
Freq: H, Length: 11664, dtype: float64",2022-01-01,2023-05-01 23:00:00,486 days,100.0,90.39946356508611,137.84819050304694,110.17859716368048,10.178597163680479,-70.17976286600607,15.929355281207133,100.0,34.281542752902396,286 days 02:00:00,58,0.0,29,48.275862068965516,26.989232275206266,-12.885619364024667,7.038669802071169,-5.220173722930311,2 days 10:17:08.571428571,2 days 21:28:00,1.117493124751149,0.35098610909243044,0.3814895769595693,0.22027720128835515,1.035304321751018,0.6084577299905117,long
3154,"{'window_k': 192, 'window_d': 87, 'window_ma': 42}","open_time
2022-01-01 00:00:00    100.000000
2022-01-01 01:00:00    100.000000
2022-01-01 02:00:00    100.000000
2022-01-01 03:00:00    100.000000
2022-01-01 04:00:00    100.000000
                          ...    
2023-05-01 19:00:00    114.561161
2023-05-01 20:00:00    114.561161
2023-05-01 21:00:00    114.561161
2023-05-01 22:00:00    114.561161
2023-05-01 23:00:00    114.561161
Freq: H, Length: 11664, dtype: float64",2022-01-01,2023-05-01 23:00:00,486 days,100.0,83.7668320239997,163.93938547830132,114.56116124162988,14.561161241629875,-70.17976286600607,27.426268861454044,100.0,48.90377819850563,286 days 02:00:00,70,0.0,35,37.142857142857146,32.24952741020795,-12.424106138970084,11.239420729501669,-5.184464018241837,5 days 12:23:04.615384615,2 days 19:10:54.545454545,1.1054271293998166,0.4160331783322828,0.4645735047529573,0.21979364952023042,1.0321803794034545,0.730989841781954,long
2902,"{'window_k': 177, 'window_d': 87, 'window_ma': 102}","open_time
2022-01-01 00:00:00    100.000000
2022-01-01 01:00:00    100.000000
2022-01-01 02:00:00    100.000000
2022-01-01 03:00:00    100.000000
2022-01-01 04:00:00    100.000000
                          ...    
2023-05-01 19:00:00    114.057246
2023-05-01 20:00:00    113.795309
2023-05-01 21:00:00    114.368297
2023-05-01 22:00:00    114.875800
2023-05-01 23:00:00    114.875800
Freq: H, Length: 11664, dtype: float64",2022-01-01,2023-05-01 23:00:00,486 days,100.0,85.72980804056502,188.0060923367527,114.87579976954811,14.87579976954811,-70.17976286600607,37.22565157750343,100.0,50.12142269137936,286 days 02:00:00,71,0.0,36,37.142857142857146,35.92964824120604,-19.102132435465773,14.11336414800934,-6.585206709476907,7 days 17:18:27.692307692,3 days 11:16:21.818181818,1.0806141362134314,0.43531323755715245,0.4895723458921992,0.219010157529827,1.0281511836442334,0.7537482380732595,long
2642,"{'window_k': 162, 'window_d': 87, 'window_ma': 42}","open_time
2022-01-01 00:00:00    100.000000
2022-01-01 01:00:00    100.000000
2022-01-01 02:00:00    100.000000
2022-01-01 03:00:00    100.000000
2022-01-01 04:00:00    100.000000
                          ...    
2023-05-01 19:00:00    113.332723
2023-05-01 20:00:00    113.332723
2023-05-01 21:00:00    113.332723
2023-05-01 22:00:00    113.332723
2023-05-01 23:00:00    113.332723
Freq: H, Length: 11664, dtype: float64",2022-01-01,2023-05-01 23:00:00,486 days,100.0,84.37239200376304,166.27199191208277,113.33272293191885,13.332722931918854,-70.17976286600607,27.134773662551442,100.0,45.32119000537203,286 days 02:00:00,72,0.0,36,47.22222222222222,25.95508411369854,-13.079682295669992,8.081311092524592,-6.099868097645505,4 days 10:31:45.882352941,3 days 00:30:00,1.097771909307977,0.3703534147755234,0.44833554708037476,0.21746238153331385,1.0313814330349436,0.7055231842620286,long
1143,"{'window_k': 72, 'window_d': 117, 'window_ma': 117}","open_time
2022-01-01 00:00:00    100.000000
2022-01-01 01:00:00    100.000000
2022-01-01 02:00:00    100.000000
2022-01-01 03:00:00    100.000000
2022-01-01 04:00:00    100.000000
                          ...    
2023-05-01 19:00:00    110.911185
2023-05-01 20:00:00    110.656473
2023-05-01 21:00:00    111.213655
2023-05-01 22:00:00    111.707160
2023-05-01 23:00:00    111.707160
Freq: H, Length: 11664, dtype: float64",2022-01-01,2023-05-01 23:00:00,486 days,100.0,81.02252555137905,151.34203799635623,111.70715986870553,11.707159868705531,-70.17976286600607,40.15775034293553,100.0,40.031179476169925,194 days 16:00:00,79,0.0,40,38.46153846153847,32.84249276886669,-20.031796502384726,10.903630312224042,-5.550673534168798,6 days 09:36:00,3 days 22:20:00,1.0700790636272461,0.29569346985215716,0.4334512596985034,0.21658465680298142,1.0212104080880986,0.6066981896149551,long
1067,"{'window_k': 72, 'window_d': 42, 'window_ma': 177}","open_time
2022-01-01 00:00:00    100.000000
2022-01-01 01:00:00    100.000000
2022-01-01 02:00:00    100.000000
2022-01-01 03:00:00    100.000000
2022-01-01 04:00:00    100.000000
                          ...    
2023-05-01 19:00:00    114.520596
2023-05-01 20:00:00    114.520596
2023-05-01 21:00:00    114.520596
2023-05-01 22:00:00    114.520596
2023-05-01 23:00:00    114.520596
Freq: H, Length: 11664, dtype: float64",2022-01-01,2023-05-01 23:00:00,486 days,100.0,56.86839511325169,148.94310335307782,114.52059628293885,14.520596282938856,-70.17976286600607,43.955761316872426,100.0,49.69022634537231,195 days 10:00:00,146,0.0,73,45.20547945205479,20.18511925952296,-16.08715117146694,6.938159776014722,-4.886068746457451,3 days 17:21:49.090909090,2 days 06:27:00,1.07816027768883,0.19891227784847754,0.5002316159495186,0.2157222409117028,1.0264325829954561,0.7770584928595525,long
426,"{'window_k': 27, 'window_d': 162, 'window_ma': 162}","open_time
2022-01-01 00:00:00    100.000000
2022-01-01 01:00:00    100.000000
2022-01-01 02:00:00    100.000000
2022-01-01 03:00:00    100.000000
2022-01-01 04:00:00    100.000000
                          ...    
2023-05-01 19:00:00    113.264098
2023-05-01 20:00:00    113.003982
2023-05-01 21:00:00    113.572985
2023-05-01 22:00:00    114.076959
2023-05-01 23:00:00    114.076959
Freq: H, Length: 11664, dtype: float64",2022-01-01,2023-05-01 23:00:00,486 days,100.0,67.0307199671735,131.4703970349088,114.07695943447038,14.076959434470382,-70.17976286600607,33.453360768175585,100.0,48.223947454389595,369 days 10:00:00,73,0.0,37,33.33333333333333,37.28304841445911,-13.11149974003875,14.168633603770257,-5.573333009160464,7 days 03:00:00,3 days 01:12:29.999999999,1.0952589766710514,0.3797369102252346,0.4544207126341303,0.215598418202178,1.023945744628366,0.6493311279284167,long
2644,"{'window_k': 162, 'window_d': 87, 'window_ma': 72}","open_time
2022-01-01 00:00:00    100.00000
2022-01-01 01:00:00    100.00000
2022-01-01 02:00:00    100.00000
2022-01-01 03:00:00    100.00000
2022-01-01 04:00:00    100.00000
                         ...    
2023-05-01 19:00:00    114.72436
2023-05-01 20:00:00    114.72436
2023-05-01 21:00:00    114.72436
2023-05-01 22:00:00    114.72436
2023-05-01 23:00:00    114.72436
Freq: H, Length: 11664, dtype: float64",2022-01-01,2023-05-01 23:00:00,486 days,100.0,79.78217427663064,172.1684048342727,114.72435951779141,14.724359517791413,-70.17976286600607,35.588134430727024,100.0,50.43799853740468,286 days 02:00:00,72,0.0,36,41.66666666666667,37.33876442634079,-16.87549384806412,11.793431192634415,-6.704045009268504,6 days 00:56:00,3 days 22:08:34.285714285,1.0850328640678903,0.4090099866053185,0.48522396835605464,0.2154567385138234,1.028387706825379,0.7474651757478847,long
964,"{'window_k': 57, 'window_d': 192, 'window_ma': 72}","open_time
2022-01-01 00:00:00    100.000000
2022-01-01 01:00:00    100.000000
2022-01-01 02:00:00    100.000000
2022-01-01 03:00:00    100.000000
2022-01-01 04:00:00    100.000000
                          ...    
2023-05-01 19:00:00    114.467098
2023-05-01 20:00:00    114.204219
2023-05-01 21:00:00    114.779266
2023-05-01 22:00:00    115.288593
2023-05-01 23:00:00    115.288593
Freq: H, Length: 11664, dtype: float64",2022-01-01,2023-05-01 23:00:00,486 days,100.0,70.61357764872942,148.3999781319414,115.28859268463323,15.28859268463323,-70.17976286600607,33.521947873799725,100.0,52.41671963998043,391 days 18:00:00,57,0.0,29,42.857142857142854,32.079057392626375,-12.238739242204083,10.831395795400251,-6.204959150296151,7 days 05:35:00,4 days 14:41:15,1.1539849748533577,0.5923769503153431,0.4651675994238738,0.2151310650055954,1.0243890654792613,0.6566466496363682,long
544,"{'window_k': 42, 'window_d': 42, 'window_ma': 12}","open_time
2022-01-01 00:00:00    100.000000
2022-01-01 01:00:00    100.000000
2022-01-01 02:00:00    100.000000
2022-01-01 03:00:00    100.000000
2022-01-01 04:00:00    100.000000
                          ...    
2023-05-01 19:00:00    112.121304
2023-05-01 20:00:00    112.121304
2023-05-01 21:00:00    112.121304
2023-05-01 22:00:00    112.121304
2023-05-01 23:00:00    112.121304
Freq: H, Length: 11664, dtype: float64",2022-01-01,2023-05-01 23:00:00,486 days,100.0,59.40208007057522,149.5369182350483,112.1213037935984,12.1213037935984,-70.17976286600607,25.55727023319616,100.0,41.74705090870803,199 days 19:00:00,172,0.0,86,43.02325581395349,22.851919561243157,-9.821157926644444,5.409443482294384,-3.552701035995737,1 days 18:16:12.972972973,1 days 04:55:06.122448979,1.0704759545741849,0.14094539294881803,0.42839334030292175,0.21492722174600792,1.031146436140021,0.6769796083504721,long
1923,"{'window_k': 117, 'window_d': 132, 'window_ma': 57}","open_time
2022-01-01 00:00:00    100.000000
2022-01-01 01:00:00    100.000000
2022-01-01 02:00:00    100.000000
2022-01-01 03:00:00    100.000000
2022-01-01 04:00:00    100.000000
                          ...    
2023-05-01 19:00:00    110.693293
2023-05-01 20:00:00    110.439081
2023-05-01 21:00:00    110.995169
2023-05-01 22:00:00    111.487704
2023-05-01 23:00:00    111.487704
Freq: H, Length: 11664, dtype: float64",2022-01-01,2023-05-01 23:00:00,486 days,100.0,79.1838145006807,131.54949295668038,111.48770414195887,11.487704141958872,-70.17976286600607,29.45816186556927,100.0,39.80682652516483,430 days 01:00:00,63,0.0,32,41.935483870967744,28.18715665845806,-17.388089797015727,8.596914122494528,-4.8450553216060035,4 days 21:46:09.230769230,4 days 05:26:40,1.1154724299477856,0.35058268400055637,0.41326083826706184,0.21377648373482427,1.0235183011611102,0.5877012563835707,long
704,"{'window_k': 42, 'window_d': 192, 'window_ma': 12}","open_time
2022-01-01 00:00:00    100.000000
2022-01-01 01:00:00    100.000000
2022-01-01 02:00:00    100.000000
2022-01-01 03:00:00    100.000000
2022-01-01 04:00:00    100.000000
                          ...    
2023-05-01 19:00:00    111.503553
2023-05-01 20:00:00    111.503553
2023-05-01 21:00:00    111.503553
2023-05-01 22:00:00    111.503553
2023-05-01 23:00:00    111.503553
Freq: H, Length: 11664, dtype: float64",2022-01-01,2023-05-01 23:00:00,486 days,100.0,91.56964095057239,152.60861482832397,111.50355250472273,11.503552504722734,-70.17976286600607,13.357338820301784,100.0,39.997069592969545,315 days 13:00:00,60,0.0,30,43.333333333333336,20.744985673352435,-11.267140261027581,6.175432012866004,-3.675785039967573,2 days 03:41:32.307692307,2 days 04:07:03.529411764,1.1507612872428632,0.38345175015742505,0.4149255626514675,0.21304930418506288,1.0353927069845983,0.5931745942585075,long
2385,"{'window_k': 147, 'window_d': 87, 'window_ma': 27}","open_time
2022-01-01 00:00:00    100.000000
2022-01-01 01:00:00    100.000000
2022-01-01 02:00:00    100.000000
2022-01-01 03:00:00    100.000000
2022-01-01 04:00:00    100.000000
                          ...    
2023-05-01 19:00:00    108.695793
2023-05-01 20:00:00    108.446169
2023-05-01 21:00:00    108.992222
2023-05-01 22:00:00    109.475869
2023-05-01 23:00:00    109.475869
Freq: H, Length: 11664, dtype: float64",2022-01-01,2023-05-01 23:00:00,486 days,100.0,81.66368203283099,139.97873976339224,109.4758690744341,9.475869074434101,-70.17976286600607,27.18621399176955,100.0,33.08275865506396,202 days 22:00:00,79,0.0,40,46.15384615384615,19.571947772243906,-19.661168078466346,7.640136491101726,-5.487697145114757,4 days 00:06:40,2 days 15:17:08.571428571,1.0630674281066606,0.20696749315254603,0.37928871291861227,0.21267414811715582,1.0225618724655707,0.5362030226230178,long
427,"{'window_k': 27, 'window_d': 162, 'window_ma': 177}","open_time
2022-01-01 00:00:00    100.000000
2022-01-01 01:00:00    100.000000
2022-01-01 02:00:00    100.000000
2022-01-01 03:00:00    100.000000
2022-01-01 04:00:00    100.000000
                          ...    
2023-05-01 19:00:00    112.696383
2023-05-01 20:00:00    112.437572
2023-05-01 21:00:00    113.003722
2023-05-01 22:00:00    113.505170
2023-05-01 23:00:00    113.505170
Freq: H, Length: 11664, dtype: float64",2022-01-01,2023-05-01 23:00:00,486 days,100.0,68.5389633244933,130.81142674263847,113.50517043105023,13.505170431050232,-70.17976286600607,33.50480109739369,100.0,47.05894598404286,369 days 10:00:00,73,0.0,37,33.33333333333333,37.283048414459095,-13.11149974003875,14.241357864842504,-5.624820775052508,7 days 02:20:00,3 days 01:47:30,1.090230998101847,0.36391047002479304,0.44695544097579953,0.21209930428187082,1.0234996311425992,0.6385925976788103,long
3900,"{'window_k': 237, 'window_d': 57, 'window_ma': 192}","open_time
2022-01-01 00:00:00    100.000000
2022-01-01 01:00:00    100.000000
2022-01-01 02:00:00    100.000000
2022-01-01 03:00:00    100.000000
2022-01-01 04:00:00    100.000000
                          ...    
2023-05-01 19:00:00    112.002770
2023-05-01 20:00:00    111.745551
2023-05-01 21:00:00    112.308217
2023-05-01 22:00:00    112.806579
2023-05-01 23:00:00    112.806579
Freq: H, Length: 11664, dtype: float64",2022-01-01,2023-05-01 23:00:00,486 days,100.0,73.40854418183208,157.9009502557945,112.80657867680256,12.80657867680256,-70.17976286600607,40.49211248285322,100.0,44.8260305644843,194 days 16:00:00,101,0.0,51,42.0,31.941251596424003,-16.37594675235253,8.488537656196538,-5.08604668024998,5 days 01:42:51.428571428,2 days 22:45:31.034482758,1.0730463184336798,0.24712891085128286,0.47630965917698376,0.21131484927796101,1.0262706298591124,0.7311580591678146,long
3901,"{'window_k': 237, 'window_d': 57, 'window_ma': 207}","open_time
2022-01-01 00:00:00    100.000000
2022-01-01 01:00:00    100.000000
2022-01-01 02:00:00    100.000000
2022-01-01 03:00:00    100.000000
2022-01-01 04:00:00    100.000000
                          ...    
2023-05-01 19:00:00    112.002770
2023-05-01 20:00:00    111.745551
2023-05-01 21:00:00    112.308217
2023-05-01 22:00:00    112.806579
2023-05-01 23:00:00    112.806579
Freq: H, Length: 11664, dtype: float64",2022-01-01,2023-05-01 23:00:00,486 days,100.0,73.40854418183208,157.9009502557945,112.80657867680256,12.80657867680256,-70.17976286600607,40.49211248285322,100.0,44.8260305644843,194 days 16:00:00,101,0.0,51,42.0,31.941251596424003,-16.37594675235253,8.488537656196538,-5.08604668024998,5 days 01:42:51.428571428,2 days 22:45:31.034482758,1.0730463184336798,0.24712891085128286,0.47630965917698376,0.21131484927796101,1.0262706298591124,0.7311580591678146,long
3903,"{'window_k': 237, 'window_d': 57, 'window_ma': 237}","open_time
2022-01-01 00:00:00    100.000000
2022-01-01 01:00:00    100.000000
2022-01-01 02:00:00    100.000000
2022-01-01 03:00:00    100.000000
2022-01-01 04:00:00    100.000000
                          ...    
2023-05-01 19:00:00    112.002770
2023-05-01 20:00:00    111.745551
2023-05-01 21:00:00    112.308217
2023-05-01 22:00:00    112.806579
2023-05-01 23:00:00    112.806579
Freq: H, Length: 11664, dtype: float64",2022-01-01,2023-05-01 23:00:00,486 days,100.0,73.40854418183208,157.9009502557945,112.80657867680256,12.80657867680256,-70.17976286600607,40.49211248285322,100.0,44.8260305644843,194 days 16:00:00,101,0.0,51,42.0,31.941251596424003,-16.37594675235253,8.488537656196538,-5.08604668024998,5 days 01:42:51.428571428,2 days 22:45:31.034482758,1.0730463184336798,0.24712891085128286,0.47630965917698376,0.21131484927796101,1.0262706298591124,0.7311580591678146,long
2598,"{'window_k': 162, 'window_d': 42, 'window_ma': 102}","open_time
2022-01-01 00:00:00    100.000000
2022-01-01 01:00:00    100.000000
2022-01-01 02:00:00    100.000000
2022-01-01 03:00:00    100.000000
2022-01-01 04:00:00    100.000000
                          ...    
2023-05-01 19:00:00    114.682592
2023-05-01 20:00:00    114.682592
2023-05-01 21:00:00    114.682592
2023-05-01 22:00:00    114.682592
2023-05-01 23:00:00    114.682592
Freq: H, Length: 11664, dtype: float64",2022-01-01,2023-05-01 23:00:00,486 days,100.0,63.56458905692459,138.4089315928321,114.68259231329803,14.682592313298032,-70.17976286600607,42.66975308641975,100.0,51.48986750819673,305 days 13:00:00,138,0.0,69,40.57971014492754,32.01605821101491,-15.93768723786699,7.964233030157089,-4.59452086176557,4 days 02:08:34.285714285,2 days 06:21:57.073170731,1.0810722329298668,0.21279119294634796,0.5040988577126113,0.21046648741162644,1.0269767507323344,0.7782224384542209,long
626,"{'window_k': 42, 'window_d': 117, 'window_ma': 42}","open_time
2022-01-01 00:00:00    100.000000
2022-01-01 01:00:00    100.000000
2022-01-01 02:00:00    100.000000
2022-01-01 03:00:00    100.000000
2022-01-01 04:00:00    100.000000
                          ...    
2023-05-01 19:00:00    114.445972
2023-05-01 20:00:00    114.445972
2023-05-01 21:00:00    114.445972
2023-05-01 22:00:00    114.445972
2023-05-01 23:00:00    114.445972
Freq: H, Length: 11664, dtype: float64",2022-01-01,2023-05-01 23:00:00,486 days,100.0,67.73322118511521,145.3818269423033,114.44597217405732,14.445972174057317,-70.17976286600607,33.30761316872428,100.0,50.936583307004625,233 days 17:00:00,88,0.0,44,52.27272727272727,20.941176470588225,-13.451327433628324,6.5106442429762446,-5.864654932330795,4 days 09:26:05.217391304,2 days 21:31:25.714285714,1.1000224042707845,0.3283175494103947,0.4615216553998892,0.20937992586945903,1.0263588808088109,0.6611167682186305,long
1184,"{'window_k': 72, 'window_d': 162, 'window_ma': 12}","open_time
2022-01-01 00:00:00    100.000000
2022-01-01 01:00:00    100.000000
2022-01-01 02:00:00    100.000000
2022-01-01 03:00:00    100.000000
2022-01-01 04:00:00    100.000000
                          ...    
2023-05-01 19:00:00    111.030387
2023-05-01 20:00:00    111.030387
2023-05-01 21:00:00    111.030387
2023-05-01 22:00:00    111.030387
2023-05-01 23:00:00    111.030387
Freq: H, Length: 11664, dtype: float64",2022-01-01,2023-05-01 23:00:00,486 days,100.0,77.54737711395705,127.39068156077215,111.03038737483918,11.03038737483918,-70.17976286600607,16.520919067215363,100.0,39.12633470214788,286 days 02:00:00,68,0.0,34,50.0,24.09128177097568,-12.414782920703272,6.153338252177945,-4.943330435991276,2 days 10:45:52.941176470,2 days 06:35:17.647058823,1.1308242219425166,0.3244231580835053,0.3970539005699514,0.20894644225308984,1.0309201462690454,0.5605742647725321,long
3939,"{'window_k': 237, 'window_d': 102, 'window_ma': 57}","open_time
2022-01-01 00:00:00    100.000000
2022-01-01 01:00:00    100.000000
2022-01-01 02:00:00    100.000000
2022-01-01 03:00:00    100.000000
2022-01-01 04:00:00    100.000000
                          ...    
2023-05-01 19:00:00    111.808537
2023-05-01 20:00:00    111.551764
2023-05-01 21:00:00    112.113455
2023-05-01 22:00:00    112.610953
2023-05-01 23:00:00    112.610953
Freq: H, Length: 11664, dtype: float64",2022-01-01,2023-05-01 23:00:00,486 days,100.0,75.34499161824444,147.56664387987553,112.6109525824189,12.610952582418902,-70.17976286600607,28.48079561042524,100.0,44.826030564484306,314 days 09:00:00,63,0.0,32,38.70967741935484,30.99560481559337,-19.187514344732605,11.658631532287442,-5.76269295461395,5 days 14:35:00,3 days 14:31:34.736842105,1.1017813201067705,0.41457023063605813,0.44825917862979475,0.20813345757040203,1.03051705267836,0.6993189569034406,long
2161,"{'window_k': 132, 'window_d': 117, 'window_ma': 27}","open_time
2022-01-01 00:00:00    100.000000
2022-01-01 01:00:00    100.000000
2022-01-01 02:00:00    100.000000
2022-01-01 03:00:00    100.000000
2022-01-01 04:00:00    100.000000
                          ...    
2023-05-01 19:00:00    107.857580
2023-05-01 20:00:00    107.609881
2023-05-01 21:00:00    108.151723
2023-05-01 22:00:00    108.631640
2023-05-01 23:00:00    108.631640
Freq: H, Length: 11664, dtype: float64",2022-01-01,2023-05-01 23:00:00,486 days,100.0,86.1965503401707,128.81714848135476,108.63164029087484,8.631640290874842,-70.17976286600607,29.01234567901235,100.0,30.864787944911487,275 days 07:00:00,71,0.0,36,40.0,25.08554668404757,-15.021791767554477,9.16882104943598,-5.0206434189076345,3 days 14:34:17.142857142,4 days 03:11:25.714285714,1.0760316170484134,0.25369541792676076,0.38057762986894467,0.20785310416348035,1.0223388538224656,0.5495921420917518,long
2597,"{'window_k': 162, 'window_d': 42, 'window_ma': 87}","open_time
2022-01-01 00:00:00    100.000000
2022-01-01 01:00:00    100.000000
2022-01-01 02:00:00    100.000000
2022-01-01 03:00:00    100.000000
2022-01-01 04:00:00    100.000000
                          ...    
2023-05-01 19:00:00    114.474888
2023-05-01 20:00:00    114.474888
2023-05-01 21:00:00    114.474888
2023-05-01 22:00:00    114.474888
2023-05-01 23:00:00    114.474888
Freq: H, Length: 11664, dtype: float64",2022-01-01,2023-05-01 23:00:00,486 days,100.0,62.66748195243721,135.31776586909692,114.47488755342539,14.47488755342539,-70.17976286600607,41.4437585733882,100.0,51.48986750819672,305 days 14:00:00,138,0.0,69,39.130434782608695,32.0160582110149,-15.93768723786698,8.098097733331569,-4.388885252666318,3 days 23:46:40,2 days 05:31:25.714285714,1.0839029967750156,0.2097809790351497,0.49996272265463865,0.20753784677139825,1.0271826771263304,0.7747716119799809,long
899,"{'window_k': 57, 'window_d': 132, 'window_ma': 57}","open_time
2022-01-01 00:00:00    100.000000
2022-01-01 01:00:00    100.000000
2022-01-01 02:00:00    100.000000
2022-01-01 03:00:00    100.000000
2022-01-01 04:00:00    100.000000
                          ...    
2023-05-01 19:00:00    110.517730
2023-05-01 20:00:00    110.263922
2023-05-01 21:00:00    110.819128
2023-05-01 22:00:00    111.310882
2023-05-01 23:00:00    111.310882
Freq: H, Length: 11664, dtype: float64",2022-01-01,2023-05-01 23:00:00,486 days,100.0,78.1233495289204,132.84256260310408,111.3108816361497,11.310881636149702,-70.17976286600607,31.17283950617284,100.0,40.58491190780965,224 days 16:00:00,73,0.0,37,55.55555555555556,27.15257531584064,-19.06721536351166,6.497420861857749,-6.64223955373751,5 days 00:21:00,2 days 22:07:30,1.0855837032780873,0.27233038290116207,0.4139289177402458,0.20649265595626562,1.0230835563254816,0.581094496568296,long
2374,"{'window_k': 147, 'window_d': 72, 'window_ma': 102}","open_time
2022-01-01 00:00:00    100.000000
2022-01-01 01:00:00    100.000000
2022-01-01 02:00:00    100.000000
2022-01-01 03:00:00    100.000000
2022-01-01 04:00:00    100.000000
                          ...    
2023-05-01 19:00:00    111.703576
2023-05-01 20:00:00    111.447044
2023-05-01 21:00:00    112.008208
2023-05-01 22:00:00    112.505238
2023-05-01 23:00:00    112.505238
Freq: H, Length: 11664, dtype: float64",2022-01-01,2023-05-01 23:00:00,486 days,100.0,63.02407349522517,166.24428075202377,112.50523819340997,12.505238193409966,-70.17976286600607,37.78292181069959,100.0,44.82603056448429,194 days 16:00:00,83,0.0,42,39.02439024390244,24.688463911165954,-24.500212675457245,10.721199307107973,-5.66109068604774,5 days 20:41:15,3 days 09:16:48,1.0579275344831525,0.2369623074189322,0.4673026738716334,0.20641369261791453,1.026580685797075,0.721819647559145,long
2100,"{'window_k': 132, 'window_d': 57, 'window_ma': 72}","open_time
2022-01-01 00:00:00    100.000000
2022-01-01 01:00:00    100.000000
2022-01-01 02:00:00    100.000000
2022-01-01 03:00:00    100.000000
2022-01-01 04:00:00    100.000000
                          ...    
2023-05-01 19:00:00    113.762942
2023-05-01 20:00:00    113.762942
2023-05-01 21:00:00    113.762942
2023-05-01 22:00:00    113.762942
2023-05-01 23:00:00    113.762942
Freq: H, Length: 11664, dtype: float64",2022-01-01,2023-05-01 23:00:00,486 days,100.0,69.61295719704351,182.11528251027022,113.76294202043717,13.762942020437166,-70.17976286600607,37.834362139917694,100.0,49.4265450374291,275 days 07:00:00,100,0.0,50,42.0,49.97108155002895,-20.093245394587214,9.498886003292647,-5.525736883763948,4 days 15:45:42.857142857,2 days 23:14:28.965517241,1.0700695348349534,0.2752588404087448,0.4839924172710817,0.20573358069854203,1.027885244593371,0.742894701245396,long
1254,"{'window_k': 72, 'window_d': 222, 'window_ma': 102}","open_time
2022-01-01 00:00:00    100.000000
2022-01-01 01:00:00    100.000000
2022-01-01 02:00:00    100.000000
2022-01-01 03:00:00    100.000000
2022-01-01 04:00:00    100.000000
                          ...    
2023-05-01 19:00:00    115.257846
2023-05-01 20:00:00    114.993151
2023-05-01 21:00:00    115.572170
2023-05-01 22:00:00    116.085015
2023-05-01 23:00:00    116.085015
Freq: H, Length: 11664, dtype: float64",2022-01-01,2023-05-01 23:00:00,486 days,100.0,66.77730449625109,160.337845980842,116.08501547457921,16.085015474579208,-70.17976286600607,32.44170096021948,100.0,58.35212573316596,391 days 18:00:00,49,0.0,25,41.66666666666667,40.3702071397091,-14.172777268560942,13.260156536872596,-7.068379271354272,8 days 19:24:00,4 days 22:30:00,1.1560899051923175,0.6591800468952123,0.47574292592292705,0.2031338257334528,1.0256542182829034,0.6705148510290553,long
3891,"{'window_k': 237, 'window_d': 57, 'window_ma': 57}","open_time
2022-01-01 00:00:00    100.000000
2022-01-01 01:00:00    100.000000
2022-01-01 02:00:00    100.000000
2022-01-01 03:00:00    100.000000
2022-01-01 04:00:00    100.000000
                          ...    
2023-05-01 19:00:00    111.494025
2023-05-01 20:00:00    111.237974
2023-05-01 21:00:00    111.798085
2023-05-01 22:00:00    112.294183
2023-05-01 23:00:00    112.294183
Freq: H, Length: 11664, dtype: float64",2022-01-01,2023-05-01 23:00:00,486 days,100.0,72.43749747520978,137.71588668390646,112.29418308067591,12.294183080675907,-70.17976286600607,33.8477366255144,100.0,44.826030564484306,194 days 16:00:00,101,0.0,51,46.0,21.340811965811966,-16.37594675235253,6.839424240177165,-4.877933612917606,4 days 02:13:02.608695652,2 days 10:17:46.666666666,1.0801624134828385,0.23692189126647945,0.4596933705698876,0.20297903747139975,1.02819714345,0.7129946521553842,long
1155,"{'window_k': 72, 'window_d': 132, 'window_ma': 57}","open_time
2022-01-01 00:00:00    100.000000
2022-01-01 01:00:00    100.000000
2022-01-01 02:00:00    100.000000
2022-01-01 03:00:00    100.000000
2022-01-01 04:00:00    100.000000
                          ...    
2023-05-01 19:00:00    111.574192
2023-05-01 20:00:00    111.317957
2023-05-01 21:00:00    111.878470
2023-05-01 22:00:00    112.374925
2023-05-01 23:00:00    112.374925
Freq: H, Length: 11664, dtype: float64",2022-01-01,2023-05-01 23:00:00,486 days,100.0,75.2867597830907,137.3319900170787,112.37492501004567,12.374925010045672,-70.17976286600607,31.20713305898491,100.0,45.17900761961726,409 days 07:00:00,73,0.0,37,44.44444444444444,36.904530429710306,-17.940288493794032,8.75245680657986,-5.528193467122154,5 days 06:07:30,3 days 04:05:59.999999999,1.1044156907544718,0.35664862168377454,0.42757766509559675,0.2026970867186628,1.0238331192651469,0.6056219233592034,long
307,"{'window_k': 27, 'window_d': 57, 'window_ma': 57}","open_time
2022-01-01 00:00:00    100.000000
2022-01-01 01:00:00    100.000000
2022-01-01 02:00:00    100.000000
2022-01-01 03:00:00    100.000000
2022-01-01 04:00:00    100.000000
                          ...    
2023-05-01 19:00:00    112.615096
2023-05-01 20:00:00    112.615096
2023-05-01 21:00:00    112.615096
2023-05-01 22:00:00    112.615096
2023-05-01 23:00:00    112.615096
Freq: H, Length: 11664, dtype: float64",2022-01-01,2023-05-01 23:00:00,486 days,100.0,75.30692652691393,139.6186451224245,112.61509552236592,12.615095522365918,-70.17976286600607,38.760288065843625,100.0,46.062414184809555,430 days 01:00:00,166,0.0,83,36.144578313253014,24.710648148148138,-11.312618896639194,6.788541223178111,-3.2868381268165816,3 days 04:24:00,1 days 18:03:23.773584905,1.0695288690486031,0.15198910267910737,0.46610851614295556,0.20261242685619668,1.0271577758540582,0.7365034679342495,long
676,"{'window_k': 42, 'window_d': 162, 'window_ma': 72}","open_time
2022-01-01 00:00:00    100.000000
2022-01-01 01:00:00    100.000000
2022-01-01 02:00:00    100.000000
2022-01-01 03:00:00    100.000000
2022-01-01 04:00:00    100.000000
                          ...    
2023-05-01 19:00:00    114.440667
2023-05-01 20:00:00    114.440667
2023-05-01 21:00:00    114.440667
2023-05-01 22:00:00    114.440667
2023-05-01 23:00:00    114.440667
Freq: H, Length: 11664, dtype: float64",2022-01-01,2023-05-01 23:00:00,486 days,100.0,76.00297941022193,163.1617527692379,114.44066663732865,14.440666637328647,-70.17976286600607,34.48216735253772,100.0,53.418630211876874,395 days 04:00:00,80,0.0,40,35.0,33.81668218704269,-16.308985132514547,12.093280998675606,-5.162346897338735,6 days 00:08:34.285714285,3 days 05:04:36.923076923,1.0920726340843947,0.36101666593321413,0.46056225253503436,0.1995791542822841,1.024018319958584,0.6479900248152208,long
3880,"{'window_k': 237, 'window_d': 42, 'window_ma': 132}","open_time
2022-01-01 00:00:00    100.000000
2022-01-01 01:00:00    100.000000
2022-01-01 02:00:00    100.000000
2022-01-01 03:00:00    100.000000
2022-01-01 04:00:00    100.000000
                          ...    
2023-05-01 19:00:00    112.399785
2023-05-01 20:00:00    112.141654
2023-05-01 21:00:00    112.706315
2023-05-01 22:00:00    113.206443
2023-05-01 23:00:00    113.206443
Freq: H, Length: 11664, dtype: float64",2022-01-01,2023-05-01 23:00:00,486 days,100.0,74.15736214100427,154.97001504757134,113.20644316997873,13.206443169978726,-70.17976286600607,39.49759945130316,100.0,49.05344045417233,275 days 07:00:00,129,0.0,65,39.0625,25.896555805420775,-17.286531690140844,7.562114910499316,-4.042466957817421,3 days 23:02:24,2 days 05:53:50.769230769,1.0875798666198497,0.2423982228361652,0.4811359864209711,0.1990423307067385,1.026230595462253,0.7344520275891486,long
417,"{'window_k': 27, 'window_d': 162, 'window_ma': 27}","open_time
2022-01-01 00:00:00    100.000000
2022-01-01 01:00:00    100.000000
2022-01-01 02:00:00    100.000000
2022-01-01 03:00:00    100.000000
2022-01-01 04:00:00    100.000000
                          ...    
2023-05-01 19:00:00    110.549263
2023-05-01 20:00:00    110.295382
2023-05-01 21:00:00    110.850747
2023-05-01 22:00:00    111.342641
2023-05-01 23:00:00    111.342641
Freq: H, Length: 11664, dtype: float64",2022-01-01,2023-05-01 23:00:00,486 days,100.0,74.23026381374855,129.4771582338469,111.3426410275994,11.342641027599399,-70.17976286600607,23.473936899862828,100.0,42.662856052011,370 days 03:00:00,73,0.0,37,41.66666666666667,26.403809945730426,-13.11149974003875,8.72740849194277,-5.0691421679047295,4 days 06:56:00,2 days 04:25:42.857142857,1.0945280252449845,0.30405422570968454,0.40538606833573493,0.19697953872443527,1.025501479469609,0.5843216536836768,long
3456,"{'window_k': 207, 'window_d': 132, 'window_ma': 12}","open_time
2022-01-01 00:00:00    100.000000
2022-01-01 01:00:00    100.000000
2022-01-01 02:00:00    100.000000
2022-01-01 03:00:00    100.000000
2022-01-01 04:00:00    100.000000
                          ...    
2023-05-01 19:00:00    110.243068
2023-05-01 20:00:00    110.243068
2023-05-01 21:00:00    110.243068
2023-05-01 22:00:00    110.243068
2023-05-01 23:00:00    110.243068
Freq: H, Length: 11664, dtype: float64",2022-01-01,2023-05-01 23:00:00,486 days,100.0,80.55479287250738,131.57967937124948,110.24306804667887,10.243068046678871,-70.17976286600607,14.694787379972565,100.0,38.77869800455767,391 days 18:00:00,54,0.0,27,44.44444444444444,20.583746661579546,-13.165829145728642,6.275261556838781,-3.9356747935360565,2 days 16:49:59.999999999,2 days 14:24:00,1.169892420621894,0.37937289061773516,0.38480751093071625,0.19595046233126157,1.0315020911747779,0.5438898016691892,long
2853,"{'window_k': 177, 'window_d': 42, 'window_ma': 87}","open_time
2022-01-01 00:00:00    100.000000
2022-01-01 01:00:00    100.000000
2022-01-01 02:00:00    100.000000
2022-01-01 03:00:00    100.000000
2022-01-01 04:00:00    100.000000
                          ...    
2023-05-01 19:00:00    112.871873
2023-05-01 20:00:00    112.871873
2023-05-01 21:00:00    112.871873
2023-05-01 22:00:00    112.871873
2023-05-01 23:00:00    112.871873
Freq: H, Length: 11664, dtype: float64",2022-01-01,2023-05-01 23:00:00,486 days,100.0,64.84764936925015,135.50772473273187,112.87187329579031,12.871873295790309,-70.17976286600607,40.85219478737997,100.0,49.042639177264704,216 days 10:00:00,134,0.0,67,34.32835820895522,29.820599673817583,-15.937687237866996,9.01346230565834,-4.005319959142811,4 days 11:31:18.260869565,2 days 04:05:27.272727272,1.0754395799120824,0.19211751187746717,0.48360851470490074,0.1941166170044456,1.0264318067805749,0.7525346755139236,long
2852,"{'window_k': 177, 'window_d': 42, 'window_ma': 72}","open_time
2022-01-01 00:00:00    100.000000
2022-01-01 01:00:00    100.000000
2022-01-01 02:00:00    100.000000
2022-01-01 03:00:00    100.000000
2022-01-01 04:00:00    100.000000
                          ...    
2023-05-01 19:00:00    112.787295
2023-05-01 20:00:00    112.787295
2023-05-01 21:00:00    112.787295
2023-05-01 22:00:00    112.787295
2023-05-01 23:00:00    112.787295
Freq: H, Length: 11664, dtype: float64",2022-01-01,2023-05-01 23:00:00,486 days,100.0,68.52512178490488,136.26220038574112,112.78729463920837,12.787294639208369,-70.17976286600607,40.46639231824417,100.0,48.78919105673115,216 days 11:00:00,136,0.0,68,35.294117647058826,29.820599673817583,-15.937687237866987,8.647406377795058,-4.010084665623324,4 days 06:35:00,2 days 03:19:05.454545454,1.0725152168951095,0.18804845057659358,0.48396548643966925,0.19386160303722852,1.0264748682854206,0.7510518536474462,long
625,"{'window_k': 42, 'window_d': 117, 'window_ma': 27}","open_time
2022-01-01 00:00:00    100.000000
2022-01-01 01:00:00    100.000000
2022-01-01 02:00:00    100.000000
2022-01-01 03:00:00    100.000000
2022-01-01 04:00:00    100.000000
                          ...    
2023-05-01 19:00:00    112.751173
2023-05-01 20:00:00    112.492236
2023-05-01 21:00:00    113.058662
2023-05-01 22:00:00    113.560354
2023-05-01 23:00:00    113.560354
Freq: H, Length: 11664, dtype: float64",2022-01-01,2023-05-01 23:00:00,486 days,100.0,59.457004214170844,140.33536563971322,113.56035372232694,13.560353722326937,-70.17976286600607,30.204046639231823,100.0,51.889332224822894,317 days 10:00:00,83,0.0,42,41.46341463414634,21.27450980392157,-17.114404817044935,7.9092860727876095,-4.4767226497374075,4 days 16:10:35.294117647,2 days 14:00:00,1.1312345758060702,0.37692281620969403,0.4527982761375176,0.19312880632327012,1.0272472138649684,0.6541003483197416,long
2645,"{'window_k': 162, 'window_d': 87, 'window_ma': 87}","open_time
2022-01-01 00:00:00    100.00000
2022-01-01 01:00:00    100.00000
2022-01-01 02:00:00    100.00000
2022-01-01 03:00:00    100.00000
2022-01-01 04:00:00    100.00000
                         ...    
2023-05-01 19:00:00    112.97336
2023-05-01 20:00:00    112.97336
2023-05-01 21:00:00    112.97336
2023-05-01 22:00:00    112.97336
2023-05-01 23:00:00    112.97336
Freq: H, Length: 11664, dtype: float64",2022-01-01,2023-05-01 23:00:00,486 days,100.0,84.14585280888718,174.52586717921162,112.9733599933091,12.973359993309103,-70.17976286600607,36.74554183813443,100.0,49.78026944602917,286 days 02:00:00,72,0.0,36,41.66666666666667,38.0040733197556,-16.875493848064103,10.784889813671716,-6.13718549117346,6 days 10:39:59.999999999,3 days 21:37:08.571428571,1.0796740405485599,0.36037111092525187,0.4694557963526739,0.1927257331637215,1.0270740163377332,0.7219560629920998,long
2194,"{'window_k': 132, 'window_d': 147, 'window_ma': 42}","open_time
2022-01-01 00:00:00    100.000000
2022-01-01 01:00:00    100.000000
2022-01-01 02:00:00    100.000000
2022-01-01 03:00:00    100.000000
2022-01-01 04:00:00    100.000000
                          ...    
2023-05-01 19:00:00    110.312756
2023-05-01 20:00:00    110.312756
2023-05-01 21:00:00    110.312756
2023-05-01 22:00:00    110.312756
2023-05-01 23:00:00    110.312756
Freq: H, Length: 11664, dtype: float64",2022-01-01,2023-05-01 23:00:00,486 days,100.0,89.71763772328936,149.09379228485147,110.31275614043929,10.31275614043929,-70.17976286600607,26.774691358024693,100.0,39.82469937321124,314 days 09:00:00,56,0.0,28,35.714285714285715,33.84350487851539,-13.254342805502558,12.383331287363013,-5.28839684893113,4 days 20:18:00,4 days 12:53:20,1.0902991277243868,0.36831271930140286,0.3949295532097898,0.19208637507421034,1.0237572747621941,0.5620351457182675,long
912,"{'window_k': 57, 'window_d': 147, 'window_ma': 12}","open_time
2022-01-01 00:00:00    100.000000
2022-01-01 01:00:00    100.000000
2022-01-01 02:00:00    100.000000
2022-01-01 03:00:00    100.000000
2022-01-01 04:00:00    100.000000
                          ...    
2023-05-01 19:00:00    110.319278
2023-05-01 20:00:00    110.319278
2023-05-01 21:00:00    110.319278
2023-05-01 22:00:00    110.319278
2023-05-01 23:00:00    110.319278
Freq: H, Length: 11664, dtype: float64",2022-01-01,2023-05-01 23:00:00,486 days,100.0,68.56645543163674,116.1151851100202,110.31927765548919,10.319277655489188,-70.17976286600607,17.738340192043896,100.0,39.968912354701885,346 days 05:00:00,70,0.0,35,51.42857142857142,22.26305609284332,-14.774641245031331,6.249074524563417,-5.370882458599985,2 days 17:56:40,2 days 03:52:56.470588235,1.1216272873382767,0.2948365044425483,0.3850835731646046,0.19151288502719738,1.0282297625729477,0.5482898686188715,long
1304,"{'window_k': 87, 'window_d': 27, 'window_ma': 132}","open_time
2022-01-01 00:00:00    100.000000
2022-01-01 01:00:00    100.000000
2022-01-01 02:00:00    100.000000
2022-01-01 03:00:00    100.000000
2022-01-01 04:00:00    100.000000
                          ...    
2023-05-01 19:00:00    112.963629
2023-05-01 20:00:00    112.963629
2023-05-01 21:00:00    112.963629
2023-05-01 22:00:00    112.963629
2023-05-01 23:00:00    112.963629
Freq: H, Length: 11664, dtype: float64",2022-01-01,2023-05-01 23:00:00,486 days,100.0,50.34434068803595,129.04995991363785,112.96362867353176,12.963628673531758,-70.17976286600607,38.2201646090535,100.0,50.11108455014214,304 days 17:00:00,202,0.0,101,40.5940594059406,28.719620628334326,-14.50820528901432,6.4501468030324025,-3.7925158659118408,2 days 14:40:58.536585365,1 days 07:28:00,1.0701135634197845,0.1283527591438791,0.4731037695841866,0.19131194339539298,1.0274171158727021,0.7433794892844809,long
2198,"{'window_k': 132, 'window_d': 147, 'window_ma': 102}","open_time
2022-01-01 00:00:00    100.000000
2022-01-01 01:00:00    100.000000
2022-01-01 02:00:00    100.000000
2022-01-01 03:00:00    100.000000
2022-01-01 04:00:00    100.000000
                          ...    
2023-05-01 19:00:00    109.748042
2023-05-01 20:00:00    109.496001
2023-05-01 21:00:00    110.047341
2023-05-01 22:00:00    110.535670
2023-05-01 23:00:00    110.535670
Freq: H, Length: 11664, dtype: float64",2022-01-01,2023-05-01 23:00:00,486 days,100.0,82.44957954492504,142.2455832107413,110.53566974628168,10.535669746281684,-70.17976286600607,35.02229080932784,100.0,41.08868426594906,308 days 18:00:00,55,0.0,28,25.925925925925924,44.25043259399088,-12.592714686006271,19.289914403452507,-5.108592208163695,9 days 15:17:08.571428571,5 days 00:18:00,1.0972126739075565,0.40887968395029795,0.4116603056908666,0.1901524552066065,1.0215514143926987,0.5812460653443811,long
2855,"{'window_k': 177, 'window_d': 42, 'window_ma': 117}","open_time
2022-01-01 00:00:00    100.000000
2022-01-01 01:00:00    100.000000
2022-01-01 02:00:00    100.000000
2022-01-01 03:00:00    100.000000
2022-01-01 04:00:00    100.000000
                          ...    
2023-05-01 19:00:00    112.472186
2023-05-01 20:00:00    112.472186
2023-05-01 21:00:00    112.472186
2023-05-01 22:00:00    112.472186
2023-05-01 23:00:00    112.472186
Freq: H, Length: 11664, dtype: float64",2022-01-01,2023-05-01 23:00:00,486 days,100.0,70.15587665420956,137.675647877958,112.4721860141955,12.4721860141955,-70.17976286600607,41.315157750342934,100.0,49.04263917726471,266 days 11:00:00,136,0.0,68,35.294117647058826,29.820599673817572,-15.937687237866992,9.093843356029822,-4.240325795265374,4 days 07:27:30,2 days 05:05:27.272727272,1.065571228238499,0.1834145002087566,0.48042994718949644,0.18817503027442928,1.0261645678765703,0.7461609053162434,long
3604,"{'window_k': 222, 'window_d': 27, 'window_ma': 72}","open_time
2022-01-01 00:00:00    100.000000
2022-01-01 01:00:00    100.000000
2022-01-01 02:00:00    100.000000
2022-01-01 03:00:00    100.000000
2022-01-01 04:00:00    100.000000
                          ...    
2023-05-01 19:00:00    115.033183
2023-05-01 20:00:00    115.033183
2023-05-01 21:00:00    115.033183
2023-05-01 22:00:00    115.033183
2023-05-01 23:00:00    115.033183
Freq: H, Length: 11664, dtype: float64",2022-01-01,2023-05-01 23:00:00,486 days,100.0,45.25715693274259,129.90401699923893,115.03318306409162,15.033183064091615,-70.17976286600607,36.50548696844993,100.0,58.98820951394491,242 days 20:00:00,186,0.0,93,35.483870967741936,29.846743295019166,-11.895365881159092,7.581249595884075,-3.5255835462884924,2 days 20:54:32.727272727,1 days 09:04:00,1.0821974288859106,0.16164712972141526,0.48981485730802876,0.18802518670580146,1.028766504765927,0.7619307400041111,long
3606,"{'window_k': 222, 'window_d': 27, 'window_ma': 102}","open_time
2022-01-01 00:00:00    100.000000
2022-01-01 01:00:00    100.000000
2022-01-01 02:00:00    100.000000
2022-01-01 03:00:00    100.000000
2022-01-01 04:00:00    100.000000
                          ...    
2023-05-01 19:00:00    114.956345
2023-05-01 20:00:00    114.956345
2023-05-01 21:00:00    114.956345
2023-05-01 22:00:00    114.956345
2023-05-01 23:00:00    114.956345
Freq: H, Length: 11664, dtype: float64",2022-01-01,2023-05-01 23:00:00,486 days,100.0,46.56373192547907,131.9019024922424,114.95634521159539,14.95634521159539,-70.17976286600607,37.39711934156379,100.0,58.766817740564626,242 days 20:00:00,186,0.0,93,33.33333333333333,29.846743295019163,-11.895365881159092,8.218550584492547,-3.4871103815769895,3 days 00:58:03.870967741,1 days 09:52:15.483870967,1.0769148661269408,0.1608209162537131,0.48934178014708246,0.18778513032564167,1.0284835577590639,0.7613243474575879,long
2647,"{'window_k': 162, 'window_d': 87, 'window_ma': 117}","open_time
2022-01-01 00:00:00    100.000000
2022-01-01 01:00:00    100.000000
2022-01-01 02:00:00    100.000000
2022-01-01 03:00:00    100.000000
2022-01-01 04:00:00    100.000000
                          ...    
2023-05-01 19:00:00    112.159222
2023-05-01 20:00:00    111.901644
2023-05-01 21:00:00    112.465097
2023-05-01 22:00:00    112.964154
2023-05-01 23:00:00    112.964154
Freq: H, Length: 11664, dtype: float64",2022-01-01,2023-05-01 23:00:00,486 days,100.0,82.58675608020923,187.58438923860095,112.96415440377007,12.964154403770067,-70.17976286600607,36.0082304526749,100.0,51.76228903441413,286 days 02:00:00,71,0.0,36,37.142857142857146,37.338764426340795,-16.875493848064117,12.706302742548031,-6.0215615191769984,6 days 13:32:18.461538461,3 days 20:57:16.363636363,1.0667215145732238,0.32670810392270333,0.4672380061350851,0.18521653862978749,1.0273593817735327,0.7198309646891992,long
965,"{'window_k': 57, 'window_d': 192, 'window_ma': 87}","open_time
2022-01-01 00:00:00    100.000000
2022-01-01 01:00:00    100.000000
2022-01-01 02:00:00    100.000000
2022-01-01 03:00:00    100.000000
2022-01-01 04:00:00    100.000000
                          ...    
2023-05-01 19:00:00    112.605294
2023-05-01 20:00:00    112.605294
2023-05-01 21:00:00    112.605294
2023-05-01 22:00:00    112.605294
2023-05-01 23:00:00    112.605294
Freq: H, Length: 11664, dtype: float64",2022-01-01,2023-05-01 23:00:00,486 days,100.0,70.60885547205582,144.1566595263577,112.60529417839528,12.605294178395281,-70.17976286600607,37.7400548696845,100.0,51.019359283123755,309 days 12:00:00,58,0.0,29,34.48275862068966,32.07905739262637,-12.90031121373357,15.371312569325553,-6.372397836312639,9 days 15:06:00,4 days 14:03:09.473684210,1.0953157648634837,0.43466531649638807,0.43398549961143085,0.1827869074220651,1.0213585408202384,0.613091791506996,long
1632,"{'window_k': 102, 'window_d': 102, 'window_ma': 12}","open_time
2022-01-01 00:00:00    100.000000
2022-01-01 01:00:00    100.000000
2022-01-01 02:00:00    100.000000
2022-01-01 03:00:00    100.000000
2022-01-01 04:00:00    100.000000
                          ...    
2023-05-01 19:00:00    106.133779
2023-05-01 20:00:00    106.133779
2023-05-01 21:00:00    106.133779
2023-05-01 22:00:00    106.133779
2023-05-01 23:00:00    106.133779
Freq: H, Length: 11664, dtype: float64",2022-01-01,2023-05-01 23:00:00,486 days,100.0,90.56791035338595,128.62853844772135,106.13377863276266,6.133778632762656,-70.17976286600607,15.157750342935527,100.0,25.024642845127687,284 days 15:00:00,76,0.0,38,47.368421052631575,21.744992295839747,-15.52607076350094,4.610173654531939,-3.4951174371025817,1 days 21:50:00,1 days 23:09:00,1.0802956595376672,0.1614152271779643,0.3011676627880255,0.18271341961572818,1.0244075487364468,0.424282100252702,long
3450,"{'window_k': 207, 'window_d': 117, 'window_ma': 162}","open_time
2022-01-01 00:00:00    100.000000
2022-01-01 01:00:00    100.000000
2022-01-01 02:00:00    100.000000
2022-01-01 03:00:00    100.000000
2022-01-01 04:00:00    100.000000
                          ...    
2023-05-01 19:00:00    110.671596
2023-05-01 20:00:00    110.417434
2023-05-01 21:00:00    110.973413
2023-05-01 22:00:00    111.465852
2023-05-01 23:00:00    111.465852
Freq: H, Length: 11664, dtype: float64",2022-01-01,2023-05-01 23:00:00,486 days,100.0,76.80578946486489,144.23659695642883,111.46585170829312,11.465851708293116,-70.17976286600607,38.93175582990398,100.0,46.750137561782275,391 days 18:00:00,57,0.0,29,35.714285714285715,43.014763014763,-21.56029954174585,16.37827445666352,-7.065711287084506,9 days 19:54:00,4 days 21:46:40,1.0806233868778532,0.41516795921219884,0.4604504124269997,0.18168480402240098,1.0257996413471397,0.7022791162751076,long
2376,"{'window_k': 147, 'window_d': 72, 'window_ma': 132}","open_time
2022-01-01 00:00:00    100.000000
2022-01-01 01:00:00    100.000000
2022-01-01 02:00:00    100.000000
2022-01-01 03:00:00    100.000000
2022-01-01 04:00:00    100.000000
                          ...    
2023-05-01 19:00:00    110.168804
2023-05-01 20:00:00    109.915797
2023-05-01 21:00:00    110.469250
2023-05-01 22:00:00    110.959451
2023-05-01 23:00:00    110.959451
Freq: H, Length: 11664, dtype: float64",2022-01-01,2023-05-01 23:00:00,486 days,100.0,63.79318649519694,170.38697425515142,110.95945104597439,10.95945104597439,-70.17976286600607,37.997256515775035,100.0,44.82603056448429,194 days 16:00:00,83,0.0,42,39.02439024390244,25.368852459016406,-24.50021267545724,11.130005227832374,-5.91135697110087,5 days 19:48:45,3 days 10:50:24,1.04636038676519,0.2001950785291573,0.45265736113686045,0.18122057466421113,1.0255561001365003,0.6986626404700403,long
974,"{'window_k': 57, 'window_d': 192, 'window_ma': 222}","open_time
2022-01-01 00:00:00    100.000000
2022-01-01 01:00:00    100.000000
2022-01-01 02:00:00    100.000000
2022-01-01 03:00:00    100.000000
2022-01-01 04:00:00    100.000000
                          ...    
2023-05-01 19:00:00    111.619874
2023-05-01 20:00:00    111.363534
2023-05-01 21:00:00    111.924277
2023-05-01 22:00:00    112.420935
2023-05-01 23:00:00    112.420935
Freq: H, Length: 11664, dtype: float64",2022-01-01,2023-05-01 23:00:00,486 days,100.0,69.99241686784731,142.28568774947516,112.42093478151837,12.420934781518369,-70.17976286600607,40.174897119341566,100.0,50.80853318776225,391 days 18:00:00,57,0.0,29,35.714285714285715,44.42615591800092,-12.90031121373356,16.031585480550063,-6.864087179131699,10 days 04:24:00,5 days 01:26:40,1.1077473606385968,0.4888075551703741,0.4386754611373022,0.18089907952063872,1.021108184466037,0.6221829781773421,long
1176,"{'window_k': 72, 'window_d': 147, 'window_ma': 132}","open_time
2022-01-01 00:00:00    100.000000
2022-01-01 01:00:00    100.000000
2022-01-01 02:00:00    100.000000
2022-01-01 03:00:00    100.000000
2022-01-01 04:00:00    100.000000
                          ...    
2023-05-01 19:00:00    111.781978
2023-05-01 20:00:00    111.525266
2023-05-01 21:00:00    112.086824
2023-05-01 22:00:00    112.584203
2023-05-01 23:00:00    112.584203
Freq: H, Length: 11664, dtype: float64",2022-01-01,2023-05-01 23:00:00,486 days,100.0,70.86628197069005,146.26175327656796,112.58420282102088,12.584202821020881,-70.17976286600607,40.22633744855967,100.0,51.54831636901807,391 days 18:00:00,69,0.0,35,41.17647058823529,31.71622326551905,-15.100558283446569,10.856606106457656,-6.044111037787453,6 days 23:34:17.142857142,4 days 16:57:00,1.0933079646766495,0.35219153269750203,0.4497271859313365,0.18061291479018746,1.021837376126241,0.6369721827722253,long
1907,"{'window_k': 117, 'window_d': 117, 'window_ma': 57}","open_time
2022-01-01 00:00:00    100.000000
2022-01-01 01:00:00    100.000000
2022-01-01 02:00:00    100.000000
2022-01-01 03:00:00    100.000000
2022-01-01 04:00:00    100.000000
                          ...    
2023-05-01 19:00:00    108.942707
2023-05-01 20:00:00    108.692516
2023-05-01 21:00:00    109.239810
2023-05-01 22:00:00    109.724556
2023-05-01 23:00:00    109.724556
Freq: H, Length: 11664, dtype: float64",2022-01-01,2023-05-01 23:00:00,486 days,100.0,79.65855412693298,133.79282309515818,109.72455553862616,9.724555538626163,-70.17976286600607,32.75891632373114,100.0,40.4612651978522,286 days 02:00:00,71,0.0,36,42.857142857142854,30.99071793900362,-15.6058179877235,8.825735929235117,-5.415117430115526,4 days 22:40:00,4 days 01:21:00,1.0767594752320695,0.26712195639818637,0.39725682314419364,0.17840282063925003,1.0216965543946699,0.5595352475124264,long
1702,"{'window_k': 102, 'window_d': 162, 'window_ma': 102}","open_time
2022-01-01 00:00:00    100.000000
2022-01-01 01:00:00    100.000000
2022-01-01 02:00:00    100.000000
2022-01-01 03:00:00    100.000000
2022-01-01 04:00:00    100.000000
                          ...    
2023-05-01 19:00:00    112.280649
2023-05-01 20:00:00    112.022792
2023-05-01 21:00:00    112.586854
2023-05-01 22:00:00    113.086452
2023-05-01 23:00:00    113.086452
Freq: H, Length: 11664, dtype: float64",2022-01-01,2023-05-01 23:00:00,486 days,100.0,76.7752402891583,167.88197286968057,113.08645214301457,13.086452143014569,-70.17976286600607,35.63100137174211,100.0,54.26832376531841,355 days 14:00:00,63,0.0,32,32.25806451612903,42.3529411764706,-12.261086348870586,14.728112285706832,-5.350184150344884,8 days 18:06:00,3 days 23:02:51.428571428,1.1226190234273563,0.4699719496186243,0.45262964373696335,0.17830518324823733,1.0261697506621714,0.6849667526587498,long
641,"{'window_k': 42, 'window_d': 132, 'window_ma': 27}","open_time
2022-01-01 00:00:00    100.000000
2022-01-01 01:00:00    100.000000
2022-01-01 02:00:00    100.000000
2022-01-01 03:00:00    100.000000
2022-01-01 04:00:00    100.000000
                          ...    
2023-05-01 19:00:00    108.219455
2023-05-01 20:00:00    107.970925
2023-05-01 21:00:00    108.514585
2023-05-01 22:00:00    108.996112
2023-05-01 23:00:00    108.996112
Freq: H, Length: 11664, dtype: float64",2022-01-01,2023-05-01 23:00:00,486 days,100.0,76.39952240102798,139.6311706275914,108.99611241891955,8.996112418919552,-70.17976286600607,29.843964334705074,100.0,37.64582796100286,356 days 00:00:00,81,0.0,41,45.0,22.081178498667928,-18.897364771151175,7.8858744824391955,-5.413790340933251,4 days 11:53:20,2 days 16:46:21.818181818,1.0614459433949823,0.19616648327119224,0.3827426049025665,0.17753294230960645,1.0217735169970652,0.5417818679527839,long
1300,"{'window_k': 87, 'window_d': 27, 'window_ma': 72}","open_time
2022-01-01 00:00:00    100.000000
2022-01-01 01:00:00    100.000000
2022-01-01 02:00:00    100.000000
2022-01-01 03:00:00    100.000000
2022-01-01 04:00:00    100.000000
                          ...    
2023-05-01 19:00:00    112.458171
2023-05-01 20:00:00    112.458171
2023-05-01 21:00:00    112.458171
2023-05-01 22:00:00    112.458171
2023-05-01 23:00:00    112.458171
Freq: H, Length: 11664, dtype: float64",2022-01-01,2023-05-01 23:00:00,486 days,100.0,48.49202739946769,128.47252423057094,112.45817148370801,12.458171483708014,-70.17976286600607,38.10013717421125,100.0,51.946641432546414,304 days 18:00:00,202,0.0,101,40.5940594059406,28.719620628334336,-14.508205289014334,6.468734200195294,-3.8124805883305126,2 days 14:00:00,1 days 07:42:00,1.0688649895840594,0.12334823251196103,0.4683114770137764,0.17745859833617822,1.0271456548551434,0.7357210267858652,long
2394,"{'window_k': 147, 'window_d': 87, 'window_ma': 162}","open_time
2022-01-01 00:00:00    100.000000
2022-01-01 01:00:00    100.000000
2022-01-01 02:00:00    100.000000
2022-01-01 03:00:00    100.000000
2022-01-01 04:00:00    100.000000
                          ...    
2023-05-01 19:00:00    110.329786
2023-05-01 20:00:00    110.076409
2023-05-01 21:00:00    110.630671
2023-05-01 22:00:00    111.121589
2023-05-01 23:00:00    111.121589
Freq: H, Length: 11664, dtype: float64",2022-01-01,2023-05-01 23:00:00,486 days,100.0,81.38334875863187,166.54385412547057,111.12158875207248,11.121588752072483,-70.17976286600607,40.86934156378601,100.0,46.76767314578258,286 days 02:00:00,79,0.0,40,38.46153846153847,35.522950599003885,-19.661168078466343,12.620027591706803,-6.512986706500731,6 days 22:48:00,3 days 17:42:30,1.0495137675695558,0.24862420307314625,0.45769401474945554,0.17623359505340783,1.0251138928025074,0.7001136540000682,long
2395,"{'window_k': 147, 'window_d': 87, 'window_ma': 177}","open_time
2022-01-01 00:00:00    100.000000
2022-01-01 01:00:00    100.000000
2022-01-01 02:00:00    100.000000
2022-01-01 03:00:00    100.000000
2022-01-01 04:00:00    100.000000
                          ...    
2023-05-01 19:00:00    110.463404
2023-05-01 20:00:00    110.209720
2023-05-01 21:00:00    110.764653
2023-05-01 22:00:00    111.256165
2023-05-01 23:00:00    111.256165
Freq: H, Length: 11664, dtype: float64",2022-01-01,2023-05-01 23:00:00,486 days,100.0,81.38334875863187,169.0090272268414,111.25616521675727,11.256165216757267,-70.17976286600607,40.74931412894376,100.0,47.459002065967205,286 days 02:00:00,79,0.0,40,38.46153846153847,35.52295059900389,-19.661168078466353,12.733084916547565,-6.565831631746104,6 days 20:12:00,3 days 18:45:00,1.0494503287585104,0.25203062327197134,0.45777226383516784,0.17574056916516814,1.0251933600337213,0.700647216109925,long
2396,"{'window_k': 147, 'window_d': 87, 'window_ma': 192}","open_time
2022-01-01 00:00:00    100.000000
2022-01-01 01:00:00    100.000000
2022-01-01 02:00:00    100.000000
2022-01-01 03:00:00    100.000000
2022-01-01 04:00:00    100.000000
                          ...    
2023-05-01 19:00:00    110.418505
2023-05-01 20:00:00    110.164925
2023-05-01 21:00:00    110.719632
2023-05-01 22:00:00    111.210945
2023-05-01 23:00:00    111.210945
Freq: H, Length: 11664, dtype: float64",2022-01-01,2023-05-01 23:00:00,486 days,100.0,81.38334875863187,166.54385412547057,111.21094466403824,11.210944664038237,-70.17976286600607,41.33230452674897,100.0,47.45900206596723,286 days 02:00:00,79,0.0,40,38.46153846153847,35.522950599003885,-19.66116807846634,12.620027591706803,-6.508250689392857,6 days 22:48:00,3 days 19:57:30,1.0501088031947732,0.2508859936776,0.4593570647980065,0.17504368198735615,1.0250578221968556,0.7029279572639227,long
1364,"{'window_k': 87, 'window_d': 87, 'window_ma': 72}","open_time
2022-01-01 00:00:00    100.000000
2022-01-01 01:00:00    100.000000
2022-01-01 02:00:00    100.000000
2022-01-01 03:00:00    100.000000
2022-01-01 04:00:00    100.000000
                          ...    
2023-05-01 19:00:00    110.630871
2023-05-01 20:00:00    110.630871
2023-05-01 21:00:00    110.630871
2023-05-01 22:00:00    110.630871
2023-05-01 23:00:00    110.630871
Freq: H, Length: 11664, dtype: float64",2022-01-01,2023-05-01 23:00:00,486 days,100.0,67.23890011533194,190.00546201864807,110.63087108554491,10.63087108554491,-70.17976286600607,35.79389574759945,100.0,45.491944834383176,194 days 16:00:00,92,0.0,46,43.47826086956522,35.098275170477336,-24.31428259206644,9.357214580855535,-5.8960124764209745,4 days 15:48:00,3 days 02:34:36.923076923,1.053547532459198,0.23110589316402042,0.4442020231539482,0.1732800089718566,1.02623384121431,0.6819615917448569,long
1844,"{'window_k': 117, 'window_d': 57, 'window_ma': 72}","open_time
2022-01-01 00:00:00    100.000000
2022-01-01 01:00:00    100.000000
2022-01-01 02:00:00    100.000000
2022-01-01 03:00:00    100.000000
2022-01-01 04:00:00    100.000000
                          ...    
2023-05-01 19:00:00    111.143875
2023-05-01 20:00:00    111.143875
2023-05-01 21:00:00    111.143875
2023-05-01 22:00:00    111.143875
2023-05-01 23:00:00    111.143875
Freq: H, Length: 11664, dtype: float64",2022-01-01,2023-05-01 23:00:00,486 days,100.0,65.3774614114494,178.0873691285106,111.14387547233574,11.143875472335736,-70.17976286600607,39.3261316872428,100.0,48.005323463250065,275 days 07:00:00,112,0.0,56,39.285714285714285,48.279352226720626,-20.09324539458721,10.641239749431849,-5.659002643769043,4 days 08:05:27.272727272,2 days 19:33:31.764705882,1.0487262072865629,0.19899777629171034,0.45907034092953397,0.17202964998184098,1.025412979072708,0.7039271346702588,long
3615,"{'window_k': 222, 'window_d': 27, 'window_ma': 237}","open_time
2022-01-01 00:00:00    100.000000
2022-01-01 01:00:00    100.000000
2022-01-01 02:00:00    100.000000
2022-01-01 03:00:00    100.000000
2022-01-01 04:00:00    100.000000
                          ...    
2023-05-01 19:00:00    113.404532
2023-05-01 20:00:00    113.404532
2023-05-01 21:00:00    113.404532
2023-05-01 22:00:00    113.404532
2023-05-01 23:00:00    113.404532
Freq: H, Length: 11664, dtype: float64",2022-01-01,2023-05-01 23:00:00,486 days,100.0,47.843704133247435,130.12133881661848,113.40453216948794,13.404532169487936,-70.17976286600607,37.294238683127574,100.0,57.63337492686597,242 days 15:00:00,186,0.0,93,33.33333333333333,29.846743295019174,-11.895365881159092,8.278939322328098,-3.5340443405347455,2 days 22:38:42.580645161,1 days 10:50:19.354838709,1.068096306550705,0.1441347545106222,0.4742263657060654,0.17191299315121739,1.027600545595744,0.739095486138215,long
1120,"{'window_k': 72, 'window_d': 102, 'window_ma': 12}","open_time
2022-01-01 00:00:00    100.000000
2022-01-01 01:00:00    100.000000
2022-01-01 02:00:00    100.000000
2022-01-01 03:00:00    100.000000
2022-01-01 04:00:00    100.000000
                          ...    
2023-05-01 19:00:00    108.810398
2023-05-01 20:00:00    108.810398
2023-05-01 21:00:00    108.810398
2023-05-01 22:00:00    108.810398
2023-05-01 23:00:00    108.810398
Freq: H, Length: 11664, dtype: float64",2022-01-01,2023-05-01 23:00:00,486 days,100.0,85.03927292133866,160.51205603870582,108.81039829720228,8.810398297202283,-70.17976286600607,16.606652949245543,100.0,38.177251892590434,196 days 03:00:00,84,0.0,42,52.38095238095239,14.443549315226157,-19.10213243546577,4.345452674107088,-3.960218293513752,1 days 19:05:27.272727272,2 days 01:27:00,1.086690704461145,0.20977138802862605,0.35681214804488937,0.1714850634199602,1.0280648190498867,0.5009436788655811,long
1074,"{'window_k': 72, 'window_d': 57, 'window_ma': 42}","open_time
2022-01-01 00:00:00    100.000000
2022-01-01 01:00:00    100.000000
2022-01-01 02:00:00    100.000000
2022-01-01 03:00:00    100.000000
2022-01-01 04:00:00    100.000000
                          ...    
2023-05-01 19:00:00    112.485038
2023-05-01 20:00:00    112.485038
2023-05-01 21:00:00    112.485038
2023-05-01 22:00:00    112.485038
2023-05-01 23:00:00    112.485038
Freq: H, Length: 11664, dtype: float64",2022-01-01,2023-05-01 23:00:00,486 days,100.0,77.53736683931938,177.46042763458857,112.48503767696229,12.485037676962293,-70.17976286600607,33.341906721536354,100.0,53.91642691677694,194 days 16:00:00,130,0.0,65,35.38461538461539,22.99802761341225,-18.946522836814324,8.054626535288726,-3.71738240721904,3 days 11:36:31.304347826,1 days 22:48:34.285714285,1.0664601084118748,0.19207750272249724,0.4554769800281633,0.17133875745557725,1.0288057007058091,0.72774443001905,long
1698,"{'window_k': 102, 'window_d': 162, 'window_ma': 42}","open_time
2022-01-01 00:00:00    100.000000
2022-01-01 01:00:00    100.000000
2022-01-01 02:00:00    100.000000
2022-01-01 03:00:00    100.000000
2022-01-01 04:00:00    100.000000
                          ...    
2023-05-01 19:00:00    113.185363
2023-05-01 20:00:00    113.185363
2023-05-01 21:00:00    113.185363
2023-05-01 22:00:00    113.185363
2023-05-01 23:00:00    113.185363
Freq: H, Length: 11664, dtype: float64",2022-01-01,2023-05-01 23:00:00,486 days,100.0,84.1898458188636,195.36466147404107,113.18536258160906,13.185362581609056,-70.17976286600607,27.066186556927295,100.0,56.906307832929,355 days 14:00:00,64,0.0,32,40.625,32.675896074341,-20.916676191564758,11.621726838587866,-6.212316190065695,4 days 18:23:04.615384615,3 days 15:53:41.052631578,1.0890271895441295,0.41204258067528254,0.44013201510752525,0.17130544004387144,1.0300196924822966,0.6808940288192555,long
2384,"{'window_k': 147, 'window_d': 87, 'window_ma': 12}","open_time
2022-01-01 00:00:00    100.000000
2022-01-01 01:00:00    100.000000
2022-01-01 02:00:00    100.000000
2022-01-01 03:00:00    100.000000
2022-01-01 04:00:00    100.000000
                          ...    
2023-05-01 19:00:00    108.566539
2023-05-01 20:00:00    108.566539
2023-05-01 21:00:00    108.566539
2023-05-01 22:00:00    108.566539
2023-05-01 23:00:00    108.566539
Freq: H, Length: 11664, dtype: float64",2022-01-01,2023-05-01 23:00:00,486 days,100.0,84.45260343449011,153.98208823395498,108.56653944941192,8.56653944941192,-70.17976286600607,13.194444444444445,100.0,37.48476003055898,355 days 14:00:00,80,0.0,40,45.0,21.88584650983418,-19.66116807846636,5.596754540913079,-3.7523842389599484,1 days 15:13:20,1 days 13:51:49.090909090,1.0893088901920827,0.2141634862352979,0.34778304781132896,0.16986752222147267,1.0380914053273966,0.5924081221334141,long
428,"{'window_k': 27, 'window_d': 162, 'window_ma': 192}","open_time
2022-01-01 00:00:00    100.000000
2022-01-01 01:00:00    100.000000
2022-01-01 02:00:00    100.000000
2022-01-01 03:00:00    100.000000
2022-01-01 04:00:00    100.000000
                          ...    
2023-05-01 19:00:00    110.216428
2023-05-01 20:00:00    109.963311
2023-05-01 21:00:00    110.517004
2023-05-01 22:00:00    111.007417
2023-05-01 23:00:00    111.007417
Freq: H, Length: 11664, dtype: float64",2022-01-01,2023-05-01 23:00:00,486 days,100.0,67.0307199671735,129.46278573115438,111.00741716750025,11.00741716750025,-70.17976286600607,33.78772290809328,100.0,48.223947454389595,439 days 04:00:00,73,0.0,37,33.33333333333333,37.28304841445911,-13.11149974003875,14.044589645582262,-5.62482077505251,7 days 05:05:00,3 days 01:47:30,1.0740260198720866,0.29477562758365305,0.41749859973346404,0.16917943783431266,1.0218438544965933,0.596335301949134,long
425,"{'window_k': 27, 'window_d': 162, 'window_ma': 147}","open_time
2022-01-01 00:00:00    100.000000
2022-01-01 01:00:00    100.000000
2022-01-01 02:00:00    100.000000
2022-01-01 03:00:00    100.000000
2022-01-01 04:00:00    100.000000
                          ...    
2023-05-01 19:00:00    110.216428
2023-05-01 20:00:00    109.963311
2023-05-01 21:00:00    110.517004
2023-05-01 22:00:00    111.007417
2023-05-01 23:00:00    111.007417
Freq: H, Length: 11664, dtype: float64",2022-01-01,2023-05-01 23:00:00,486 days,100.0,67.0307199671735,129.46278573115438,111.00741716750025,11.00741716750025,-70.17976286600607,33.78772290809328,100.0,48.223947454389595,439 days 04:00:00,73,0.0,37,33.33333333333333,37.28304841445911,-13.11149974003875,14.044589645582262,-5.62482077505251,7 days 05:05:00,3 days 01:47:30,1.0740260198720866,0.29477562758365305,0.41749859973346404,0.16917943783431266,1.0218438544965933,0.596335301949134,long
680,"{'window_k': 42, 'window_d': 162, 'window_ma': 132}","open_time
2022-01-01 00:00:00    100.000000
2022-01-01 01:00:00    100.000000
2022-01-01 02:00:00    100.000000
2022-01-01 03:00:00    100.000000
2022-01-01 04:00:00    100.000000
                          ...    
2023-05-01 19:00:00    111.622397
2023-05-01 20:00:00    111.366052
2023-05-01 21:00:00    111.926807
2023-05-01 22:00:00    112.423477
2023-05-01 23:00:00    112.423477
Freq: H, Length: 11664, dtype: float64",2022-01-01,2023-05-01 23:00:00,486 days,100.0,74.7805646844208,164.2569904332432,112.4234765526148,12.423476552614801,-70.17976286600607,38.64883401920439,100.0,54.47343550665329,395 days 04:00:00,79,0.0,40,28.205128205128204,33.8166821870427,-16.30898513251454,15.459208018468534,-4.859475977070248,7 days 18:38:10.909090909,3 days 12:34:17.142857142,1.0755274905397771,0.30293990367970114,0.44064990175079344,0.16876246002132148,1.0217245150147085,0.6203654197673377,long
1552,"{'window_k': 102, 'window_d': 27, 'window_ma': 12}","open_time
2022-01-01 00:00:00    100.000000
2022-01-01 01:00:00    100.000000
2022-01-01 02:00:00    100.000000
2022-01-01 03:00:00    100.000000
2022-01-01 04:00:00    100.000000
                          ...    
2023-05-01 19:00:00    109.777787
2023-05-01 20:00:00    109.777787
2023-05-01 21:00:00    109.777787
2023-05-01 22:00:00    109.777787
2023-05-01 23:00:00    109.777787
Freq: H, Length: 11664, dtype: float64",2022-01-01,2023-05-01 23:00:00,486 days,100.0,60.18465043003584,113.22309189523156,109.7777873065063,9.777787306506298,-70.17976286600607,21.39917695473251,100.0,43.08949530665964,278 days 09:00:00,196,0.0,98,41.83673469387755,23.971785132935448,-12.435505949247121,4.791619751514625,-3.0106077041460386,1 days 05:51:13.170731707,0 days 22:18:56.842105263,1.068205087687807,0.09977333986230863,0.3948209519696752,0.16842775465219084,1.0318768967122813,0.633860461690949,long
1863,"{'window_k': 117, 'window_d': 72, 'window_ma': 117}","open_time
2022-01-01 00:00:00    100.000000
2022-01-01 01:00:00    100.000000
2022-01-01 02:00:00    100.000000
2022-01-01 03:00:00    100.000000
2022-01-01 04:00:00    100.000000
                          ...    
2023-05-01 19:00:00    110.035822
2023-05-01 20:00:00    109.783120
2023-05-01 21:00:00    110.335905
2023-05-01 22:00:00    110.825515
2023-05-01 23:00:00    110.825515
Freq: H, Length: 11664, dtype: float64",2022-01-01,2023-05-01 23:00:00,486 days,100.0,69.53103927803683,178.24114047467737,110.82551476315558,10.825514763155581,-70.17976286600607,41.62379972565158,100.0,47.96795426934851,194 days 16:00:00,95,0.0,48,42.5531914893617,29.50356352912265,-17.91282576533516,9.940610726655672,-6.039326307983634,5 days 14:03:00,3 days 03:42:13.333333333,1.0671854597222314,0.28812890770537614,0.45490720448214494,0.1673068075146536,1.0248997882144544,0.6929655237778535,long
2368,"{'window_k': 147, 'window_d': 72, 'window_ma': 12}","open_time
2022-01-01 00:00:00    100.000000
2022-01-01 01:00:00    100.000000
2022-01-01 02:00:00    100.000000
2022-01-01 03:00:00    100.000000
2022-01-01 04:00:00    100.000000
                          ...    
2023-05-01 19:00:00    110.016353
2023-05-01 20:00:00    110.016353
2023-05-01 21:00:00    110.016353
2023-05-01 22:00:00    110.016353
2023-05-01 23:00:00    110.016353
Freq: H, Length: 11664, dtype: float64",2022-01-01,2023-05-01 23:00:00,486 days,100.0,78.55951416337207,174.63701637391247,110.01635326599123,10.016353265991228,-70.17976286600607,15.500685871056241,100.0,44.731312214494245,177 days 23:00:00,84,0.0,42,47.61904761904761,17.365542388331807,-24.50021267545725,5.8344812876562235,-4.286662943930719,1 days 12:15:00,2 days 01:13:38.181818181,1.0769809971903845,0.23848460157121965,0.37683955080674325,0.16615823943771832,1.0366872500107691,0.6267341583105909,long
547,"{'window_k': 42, 'window_d': 42, 'window_ma': 57}","open_time
2022-01-01 00:00:00    100.000000
2022-01-01 01:00:00    100.000000
2022-01-01 02:00:00    100.000000
2022-01-01 03:00:00    100.000000
2022-01-01 04:00:00    100.000000
                          ...    
2023-05-01 19:00:00    111.523714
2023-05-01 20:00:00    111.523714
2023-05-01 21:00:00    111.523714
2023-05-01 22:00:00    111.523714
2023-05-01 23:00:00    111.523714
Freq: H, Length: 11664, dtype: float64",2022-01-01,2023-05-01 23:00:00,486 days,100.0,48.999150188686734,127.42795022240199,111.52371383723221,11.523713837232208,-70.17976286600607,38.185871056241425,100.0,51.94873650776355,304 days 17:00:00,172,0.0,86,39.53488372093023,26.368426712549724,-18.872870249017033,7.352808697304757,-4.147484010835122,3 days 02:30:00,1 days 12:56:32.307692307,1.0648751630452986,0.1339966725259556,0.45842382935524595,0.1643174571370516,1.0265687202310192,0.7147114965957018,long
3411,"{'window_k': 207, 'window_d': 87, 'window_ma': 57}","open_time
2022-01-01 00:00:00    100.000000
2022-01-01 01:00:00    100.000000
2022-01-01 02:00:00    100.000000
2022-01-01 03:00:00    100.000000
2022-01-01 04:00:00    100.000000
                          ...    
2023-05-01 19:00:00    110.392112
2023-05-01 20:00:00    110.138592
2023-05-01 21:00:00    110.693167
2023-05-01 22:00:00    111.184362
2023-05-01 23:00:00    111.184362
Freq: H, Length: 11664, dtype: float64",2022-01-01,2023-05-01 23:00:00,486 days,100.0,82.88033111192618,172.94105649193642,111.18436222679038,11.184362226790384,-70.17976286600607,29.921124828532236,100.0,50.633355231087705,286 days 02:00:00,67,0.0,34,48.484848484848484,29.854139041485134,-17.213687150838002,9.253163143384342,-7.045698367419528,5 days 08:41:15,3 days 06:52:56.470588235,1.074248909869572,0.33315824944039196,0.44119225669173734,0.16368567530975217,1.0289333303958703,0.6851688967438057,long
331,"{'window_k': 27, 'window_d': 72, 'window_ma': 177}","open_time
2022-01-01 00:00:00    100.000000
2022-01-01 01:00:00    100.000000
2022-01-01 02:00:00    100.000000
2022-01-01 03:00:00    100.000000
2022-01-01 04:00:00    100.000000
                          ...    
2023-05-01 19:00:00    110.443692
2023-05-01 20:00:00    110.443692
2023-05-01 21:00:00    110.443692
2023-05-01 22:00:00    110.443692
2023-05-01 23:00:00    110.443692
Freq: H, Length: 11664, dtype: float64",2022-01-01,2023-05-01 23:00:00,486 days,100.0,77.73198869999587,167.57039713743072,110.44369216122163,10.443692161221634,-70.17976286600607,38.83744855967078,100.0,47.50776859411046,187 days 17:00:00,134,0.0,67,44.776119402985074,20.261437908496717,-16.093469143199513,6.578782114800148,-4.583529031192478,3 days 15:56:00,2 days 03:08:06.486486486,1.0519300133913008,0.15587600240629396,0.45216161382912323,0.16304135200161146,1.026242312985003,0.7120854914435307,long
1890,"{'window_k': 117, 'window_d': 102, 'window_ma': 42}","open_time
2022-01-01 00:00:00    100.000000
2022-01-01 01:00:00    100.000000
2022-01-01 02:00:00    100.000000
2022-01-01 03:00:00    100.000000
2022-01-01 04:00:00    100.000000
                          ...    
2023-05-01 19:00:00    110.978277
2023-05-01 20:00:00    110.978277
2023-05-01 21:00:00    110.978277
2023-05-01 22:00:00    110.978277
2023-05-01 23:00:00    110.978277
Freq: H, Length: 11664, dtype: float64",2022-01-01,2023-05-01 23:00:00,486 days,100.0,60.50986002345147,121.75916230366492,110.97827740230626,10.978277402306261,-70.17976286600607,29.286694101508914,100.0,50.30364953354304,451 days 16:00:00,76,0.0,38,34.21052631578947,34.08123791102516,-13.627593995576676,10.32684499840193,-4.3732496556321605,4 days 05:36:55.384615384,3 days 11:48:00,1.097333990623357,0.28890203690279614,0.4130013825468206,0.1617611555426271,1.0253294155951294,0.5934083062105585,long
2966,"{'window_k': 177, 'window_d': 147, 'window_ma': 102}","open_time
2022-01-01 00:00:00    100.000000
2022-01-01 01:00:00    100.000000
2022-01-01 02:00:00    100.000000
2022-01-01 03:00:00    100.000000
2022-01-01 04:00:00    100.000000
                          ...    
2023-05-01 19:00:00    108.683915
2023-05-01 20:00:00    108.434318
2023-05-01 21:00:00    108.980312
2023-05-01 22:00:00    109.463906
2023-05-01 23:00:00    109.463906
Freq: H, Length: 11664, dtype: float64",2022-01-01,2023-05-01 23:00:00,486 days,100.0,87.36790796903641,156.43272669072664,109.4639059214422,9.463905921442205,-70.17976286600607,32.7417695473251,100.0,44.14985290017604,349 days 17:00:00,53,0.0,27,34.61538461538461,36.68639053254438,-13.749714024250748,13.793748686646476,-5.682842399200154,9 days 06:06:40,4 days 08:10:35.294117647,1.0938379109900498,0.4047958992634264,0.3966492580347465,0.15916390458882743,1.0218442317607825,0.5729586037915574,long
3862,"{'window_k': 237, 'window_d': 27, 'window_ma': 102}","open_time
2022-01-01 00:00:00    100.000000
2022-01-01 01:00:00    100.000000
2022-01-01 02:00:00    100.000000
2022-01-01 03:00:00    100.000000
2022-01-01 04:00:00    100.000000
                          ...    
2023-05-01 19:00:00    113.067376
2023-05-01 20:00:00    113.067376
2023-05-01 21:00:00    113.067376
2023-05-01 22:00:00    113.067376
2023-05-01 23:00:00    113.067376
Freq: H, Length: 11664, dtype: float64",2022-01-01,2023-05-01 23:00:00,486 days,100.0,46.03291050010023,139.83971419134994,113.0673759148258,13.067375914825801,-70.17976286600607,36.22256515775034,100.0,60.84370530970542,266 days 09:00:00,184,0.0,92,33.69565217391305,29.846743295019156,-13.671753347866696,8.2851745184488,-3.591233759797588,3 days 01:03:52.258064516,1 days 08:07:52.131147540,1.066304345388383,0.14203669472636715,0.47185951882532945,0.1588073622586671,1.027948784333484,0.7360257921073404,long
2628,"{'window_k': 162, 'window_d': 72, 'window_ma': 72}","open_time
2022-01-01 00:00:00    100.000000
2022-01-01 01:00:00    100.000000
2022-01-01 02:00:00    100.000000
2022-01-01 03:00:00    100.000000
2022-01-01 04:00:00    100.000000
                          ...    
2023-05-01 19:00:00    109.480561
2023-05-01 20:00:00    109.480561
2023-05-01 21:00:00    109.480561
2023-05-01 22:00:00    109.480561
2023-05-01 23:00:00    109.480561
Freq: H, Length: 11664, dtype: float64",2022-01-01,2023-05-01 23:00:00,486 days,100.0,65.47711696170141,149.9348112517286,109.48056144200585,9.48056144200585,-70.17976286600607,37.285665294924556,100.0,44.82603056448429,275 days 07:00:00,82,0.0,41,43.90243902439025,26.88621282870485,-23.54904705502316,9.542050215151514,-6.151620415569539,6 days 02:23:20,3 days 02:31:18.260869565,1.0582291242130666,0.231233205902583,0.4409153236045215,0.15703583307632937,1.025148709170358,0.6808418640907172,long
3810,"{'window_k': 222, 'window_d': 222, 'window_ma': 42}","open_time
2022-01-01 00:00:00    100.000000
2022-01-01 01:00:00    100.000000
2022-01-01 02:00:00    100.000000
2022-01-01 03:00:00    100.000000
2022-01-01 04:00:00    100.000000
                          ...    
2023-05-01 19:00:00    109.443265
2023-05-01 20:00:00    109.443265
2023-05-01 21:00:00    109.443265
2023-05-01 22:00:00    109.443265
2023-05-01 23:00:00    109.443265
Freq: H, Length: 11664, dtype: float64",2022-01-01,2023-05-01 23:00:00,486 days,100.0,79.86467844723894,145.12285561415305,109.44326509776805,9.443265097768048,-70.17976286600607,20.7218792866941,100.0,44.96753932435011,351 days 13:00:00,36,0.0,18,50.0,29.483620210993905,-18.767692017361764,9.69135719402988,-7.339296174200498,5 days 05:20:00,5 days 23:13:20,1.1241790355126293,0.5246258387648917,0.3724528067324747,0.1559326119957697,1.0254451075059612,0.5346845123433313,long
2950,"{'window_k': 177, 'window_d': 132, 'window_ma': 102}","open_time
2022-01-01 00:00:00    100.000000
2022-01-01 01:00:00    100.000000
2022-01-01 02:00:00    100.000000
2022-01-01 03:00:00    100.000000
2022-01-01 04:00:00    100.000000
                          ...    
2023-05-01 19:00:00    109.227254
2023-05-01 20:00:00    108.976409
2023-05-01 21:00:00    109.525132
2023-05-01 22:00:00    110.011144
2023-05-01 23:00:00    110.011144
Freq: H, Length: 11664, dtype: float64",2022-01-01,2023-05-01 23:00:00,486 days,100.0,78.75999624336806,150.89426087025933,110.01114374992305,10.01114374992305,-70.17976286600607,36.102537722908096,100.0,47.804511722889956,391 days 18:00:00,57,0.0,29,32.142857142857146,39.96322402696902,-13.172389546466661,15.264782471754316,-5.558429273469989,9 days 01:40:00,4 days 19:18:56.842105263,1.0838011302722643,0.3698591220083287,0.4197989330897715,0.1553965345212043,1.0227799097223118,0.607743463621262,long
3635,"{'window_k': 222, 'window_d': 57, 'window_ma': 57}","open_time
2022-01-01 00:00:00    100.000000
2022-01-01 01:00:00    100.000000
2022-01-01 02:00:00    100.000000
2022-01-01 03:00:00    100.000000
2022-01-01 04:00:00    100.000000
                          ...    
2023-05-01 19:00:00    109.067979
2023-05-01 20:00:00    108.817500
2023-05-01 21:00:00    109.365423
2023-05-01 22:00:00    109.850726
2023-05-01 23:00:00    109.850726
Freq: H, Length: 11664, dtype: float64",2022-01-01,2023-05-01 23:00:00,486 days,100.0,67.34919677348803,130.77428514807534,109.85072648280486,9.850726482804859,-70.17976286600607,33.36762688614541,100.0,47.52890730913159,235 days 07:00:00,99,0.0,50,46.93877551020408,23.65509761388286,-17.211997273346967,7.339548940501897,-5.709691308772666,3 days 18:05:13.043478260,2 days 20:02:24,1.0592868301320242,0.1856997811689589,0.43653730872342544,0.15382184669288973,1.0269036085784171,0.6781753510067803,long
3637,"{'window_k': 222, 'window_d': 57, 'window_ma': 87}","open_time
2022-01-01 00:00:00    100.000000
2022-01-01 01:00:00    100.000000
2022-01-01 02:00:00    100.000000
2022-01-01 03:00:00    100.000000
2022-01-01 04:00:00    100.000000
                          ...    
2023-05-01 19:00:00    109.223485
2023-05-01 20:00:00    109.223485
2023-05-01 21:00:00    109.223485
2023-05-01 22:00:00    109.223485
2023-05-01 23:00:00    109.223485
Freq: H, Length: 11664, dtype: float64",2022-01-01,2023-05-01 23:00:00,486 days,100.0,70.05619948617452,140.18865304590224,109.2234850121407,9.2234850121407,-70.17976286600607,40.32921810699588,100.0,44.826030564484284,194 days 16:00:00,100,0.0,50,44.0,30.10752688172042,-17.211997273346977,8.50857068311382,-5.824818072854019,4 days 10:35:27.272727272,3 days 13:28:53.333333333,1.0548525531293014,0.1844697002428144,0.44364033535113473,0.15282350835348102,1.024471557589766,0.6831883001562754,long
657,"{'window_k': 42, 'window_d': 147, 'window_ma': 27}","open_time
2022-01-01 00:00:00    100.000000
2022-01-01 01:00:00    100.000000
2022-01-01 02:00:00    100.000000
2022-01-01 03:00:00    100.000000
2022-01-01 04:00:00    100.000000
                          ...    
2023-05-01 19:00:00    107.343193
2023-05-01 20:00:00    107.096675
2023-05-01 21:00:00    107.635933
2023-05-01 22:00:00    108.113561
2023-05-01 23:00:00    108.113561
Freq: H, Length: 11664, dtype: float64",2022-01-01,2023-05-01 23:00:00,486 days,100.0,74.82590343812434,127.59485116789597,108.1135614399586,8.113561439958602,-70.17976286600607,28.009259259259263,100.0,39.623941222256825,368 days 21:00:00,77,0.0,39,39.473684210526315,26.994382022471907,-15.670458784035818,8.85544759368146,-4.791105663003158,4 days 09:16:00,2 days 21:05:13.043478260,1.0746324521803563,0.22730032219927576,0.36562019880551094,0.1522806959960096,1.0213318377325065,0.5171422072174964,long
2032,"{'window_k': 117, 'window_d': 237, 'window_ma': 12}","open_time
2022-01-01 00:00:00    100.000000
2022-01-01 01:00:00    100.000000
2022-01-01 02:00:00    100.000000
2022-01-01 03:00:00    100.000000
2022-01-01 04:00:00    100.000000
                          ...    
2023-05-01 19:00:00    105.997775
2023-05-01 20:00:00    105.997775
2023-05-01 21:00:00    105.997775
2023-05-01 22:00:00    105.997775
2023-05-01 23:00:00    105.997775
Freq: H, Length: 11664, dtype: float64",2022-01-01,2023-05-01 23:00:00,486 days,100.0,89.23433534679968,126.50214196195626,105.99777504989135,5.997775049891345,-70.17976286600607,12.054183813443073,100.0,29.460217856520043,212 days 13:00:00,44,0.0,22,50.0,16.580597565473983,-22.227191413237914,4.96348566363115,-3.8779970843602305,3 days 06:00:00,2 days 01:49:05.454545454,1.1198900557416769,0.2726261386314248,0.29756769222946744,0.15178713687459502,1.0261058187318102,0.41924623039490166,long
430,"{'window_k': 27, 'window_d': 162, 'window_ma': 222}","open_time
2022-01-01 00:00:00    100.000000
2022-01-01 01:00:00    100.000000
2022-01-01 02:00:00    100.000000
2022-01-01 03:00:00    100.000000
2022-01-01 04:00:00    100.000000
                          ...    
2023-05-01 19:00:00    109.069242
2023-05-01 20:00:00    108.818760
2023-05-01 21:00:00    109.366689
2023-05-01 22:00:00    109.851998
2023-05-01 23:00:00    109.851998
Freq: H, Length: 11664, dtype: float64",2022-01-01,2023-05-01 23:00:00,486 days,100.0,67.0307199671735,129.46278573115438,109.85199825354157,9.851998253541566,-70.17976286600607,33.77057613168724,100.0,48.223947454389595,439 days 04:00:00,73,0.0,37,33.33333333333333,37.28304841445911,-13.11149974003875,14.044589645582262,-5.665549903295473,7 days 05:05:00,3 days 01:42:29.999999999,1.0657059153315755,0.26279500494340047,0.40320896194171973,0.15162419776850225,1.0210946656599893,0.5758825127601699,long
2099,"{'window_k': 132, 'window_d': 57, 'window_ma': 57}","open_time
2022-01-01 00:00:00    100.000000
2022-01-01 01:00:00    100.000000
2022-01-01 02:00:00    100.000000
2022-01-01 03:00:00    100.000000
2022-01-01 04:00:00    100.000000
                          ...    
2023-05-01 19:00:00    108.286185
2023-05-01 20:00:00    108.037501
2023-05-01 21:00:00    108.581497
2023-05-01 22:00:00    109.063322
2023-05-01 23:00:00    109.063322
Freq: H, Length: 11664, dtype: float64",2022-01-01,2023-05-01 23:00:00,486 days,100.0,65.81858886058507,162.06199123847077,109.06332150546514,9.06332150546514,-70.17976286600607,35.30521262002744,100.0,44.82603056448429,275 days 07:00:00,99,0.0,50,44.89795918367347,31.868131868131872,-20.093245394587207,8.114717735957095,-5.551226703987127,4 days 03:24:32.727272727,2 days 18:31:06.666666666,1.0517713746893722,0.18686893617797562,0.43030952226474256,0.15019790201348598,1.0262173076708385,0.6633383429259153,long
431,"{'window_k': 27, 'window_d': 162, 'window_ma': 237}","open_time
2022-01-01 00:00:00    100.000000
2022-01-01 01:00:00    100.000000
2022-01-01 02:00:00    100.000000
2022-01-01 03:00:00    100.000000
2022-01-01 04:00:00    100.000000
                          ...    
2023-05-01 19:00:00    109.053480
2023-05-01 20:00:00    108.803035
2023-05-01 21:00:00    109.350885
2023-05-01 22:00:00    109.836123
2023-05-01 23:00:00    109.836123
Freq: H, Length: 11664, dtype: float64",2022-01-01,2023-05-01 23:00:00,486 days,100.0,66.32344591011973,129.46278573115438,109.83612337352689,9.836123373526888,-70.17976286600607,33.67626886145405,100.0,48.77026202120459,439 days 04:00:00,73,0.0,37,33.33333333333333,37.28304841445909,-13.11149974003875,13.953155222350603,-5.624820775052509,7 days 04:00:00,3 days 01:47:30,1.0663143933966266,0.2623556071275295,0.4027528681361592,0.14968692031990843,1.0211126928778342,0.5750244656238453,long
3688,"{'window_k': 222, 'window_d': 102, 'window_ma': 132}","open_time
2022-01-01 00:00:00    100.000000
2022-01-01 01:00:00    100.000000
2022-01-01 02:00:00    100.000000
2022-01-01 03:00:00    100.000000
2022-01-01 04:00:00    100.000000
                          ...    
2023-05-01 19:00:00    108.940766
2023-05-01 20:00:00    108.690579
2023-05-01 21:00:00    109.237863
2023-05-01 22:00:00    109.722600
2023-05-01 23:00:00    109.722600
Freq: H, Length: 11664, dtype: float64",2022-01-01,2023-05-01 23:00:00,486 days,100.0,83.7218494369304,163.23570123684695,109.7226003272536,9.722600327253602,-70.17976286600607,38.57167352537723,100.0,48.71106700154145,309 days 12:00:00,63,0.0,32,35.483870967741936,37.70761633996708,-25.072951739618404,17.535149733049206,-7.570207560085911,8 days 12:32:43.636363636,4 days 12:57:00,1.0535264465631888,0.3206939961518369,0.44372482462095014,0.14815871214115697,1.0250214618302058,0.6762899409269939,long
3108,"{'window_k': 192, 'window_d': 42, 'window_ma': 72}","open_time
2022-01-01 00:00:00    100.000000
2022-01-01 01:00:00    100.000000
2022-01-01 02:00:00    100.000000
2022-01-01 03:00:00    100.000000
2022-01-01 04:00:00    100.000000
                          ...    
2023-05-01 19:00:00    109.651036
2023-05-01 20:00:00    109.651036
2023-05-01 21:00:00    109.651036
2023-05-01 22:00:00    109.651036
2023-05-01 23:00:00    109.651036
Freq: H, Length: 11664, dtype: float64",2022-01-01,2023-05-01 23:00:00,486 days,100.0,63.78480618344917,132.05389861590223,109.65103587976087,9.651035879760869,-70.17976286600607,39.463305898491086,100.0,48.44031429072373,216 days 11:00:00,132,0.0,66,34.84848484848485,33.14176245210728,-15.937687237866996,8.934101555855603,-4.102473308475144,4 days 07:23:28.695652173,2 days 03:44:39.069767441,1.0562064407515146,0.14622781636001392,0.453146110681025,0.14790253119680602,1.0249785906853213,0.7053207046791967,long
2101,"{'window_k': 132, 'window_d': 57, 'window_ma': 87}","open_time
2022-01-01 00:00:00    100.000000
2022-01-01 01:00:00    100.000000
2022-01-01 02:00:00    100.000000
2022-01-01 03:00:00    100.000000
2022-01-01 04:00:00    100.000000
                          ...    
2023-05-01 19:00:00    110.281299
2023-05-01 20:00:00    110.281299
2023-05-01 21:00:00    110.281299
2023-05-01 22:00:00    110.281299
2023-05-01 23:00:00    110.281299
Freq: H, Length: 11664, dtype: float64",2022-01-01,2023-05-01 23:00:00,486 days,100.0,64.50570850083366,171.62325909647635,110.28129899483687,10.281298994836874,-70.17976286600607,38.97462277091906,100.0,51.91730825462534,266 days 11:00:00,100,0.0,50,42.0,49.97108155002893,-20.093245394587218,9.401750092960125,-5.570895614312462,4 days 13:37:08.571428571,3 days 05:22:45.517241379,1.0549472056222526,0.2056259798967366,0.4502655576790069,0.14690142217320193,1.025698439232093,0.6927104887168696,long
2397,"{'window_k': 147, 'window_d': 87, 'window_ma': 207}","open_time
2022-01-01 00:00:00    100.000000
2022-01-01 01:00:00    100.000000
2022-01-01 02:00:00    100.000000
2022-01-01 03:00:00    100.000000
2022-01-01 04:00:00    100.000000
                          ...    
2023-05-01 19:00:00    108.523997
2023-05-01 20:00:00    108.274767
2023-05-01 21:00:00    108.819957
2023-05-01 22:00:00    109.302840
2023-05-01 23:00:00    109.302840
Freq: H, Length: 11664, dtype: float64",2022-01-01,2023-05-01 23:00:00,486 days,100.0,81.38334875863187,166.54385412547057,109.3028401014426,9.302840101442598,-70.17976286600607,41.075102880658434,100.0,47.45900206596723,286 days 02:00:00,79,0.0,40,38.46153846153847,35.522950599003885,-19.661168078466353,12.620027591706803,-6.577896210143932,6 days 22:48:00,3 days 18:42:30,1.0401725311663756,0.2025877571417869,0.4403425587828978,0.14557341713129748,1.02407661468693,0.6733142190630172,long
1728,"{'window_k': 102, 'window_d': 192, 'window_ma': 12}","open_time
2022-01-01 00:00:00    100.000000
2022-01-01 01:00:00    100.000000
2022-01-01 02:00:00    100.000000
2022-01-01 03:00:00    100.000000
2022-01-01 04:00:00    100.000000
                          ...    
2023-05-01 19:00:00    106.878915
2023-05-01 20:00:00    106.633463
2023-05-01 21:00:00    107.170389
2023-05-01 22:00:00    107.170389
2023-05-01 23:00:00    107.170389
Freq: H, Length: 11664, dtype: float64",2022-01-01,2023-05-01 23:00:00,486 days,100.0,83.00036131306058,131.7440969510625,107.17038896397781,7.170388963977814,-70.17976286600607,14.266117969821673,100.0,36.99880052774448,391 days 18:00:00,52,0.0,26,38.46153846153847,21.115156160183947,-8.520105471324985,6.0341437467545775,-3.0190860810431346,2 days 09:54:00,2 days 19:48:45,1.1434349700766617,0.2757841909222236,0.32275262386836695,0.14428791442107278,1.0257061204546007,0.44832540408248756,long
3344,"{'window_k': 207, 'window_d': 27, 'window_ma': 12}","open_time
2022-01-01 00:00:00    100.000000
2022-01-01 01:00:00    100.000000
2022-01-01 02:00:00    100.000000
2022-01-01 03:00:00    100.000000
2022-01-01 04:00:00    100.000000
                          ...    
2023-05-01 19:00:00    109.283524
2023-05-01 20:00:00    109.283524
2023-05-01 21:00:00    109.283524
2023-05-01 22:00:00    109.283524
2023-05-01 23:00:00    109.283524
Freq: H, Length: 11664, dtype: float64",2022-01-01,2023-05-01 23:00:00,486 days,100.0,60.900179900070654,117.59947163370994,109.28352396283573,9.28352396283573,-70.17976286600607,18.51851851851852,100.0,48.213900067716295,355 days 14:00:00,184,0.0,92,38.04347826086957,25.814977973568286,-14.131233595800524,5.703287735948485,-3.0544229469165183,1 days 09:20:34.285714285,0 days 17:25:15.789473684,1.0603126413646726,0.10090786916125793,0.3826526551473369,0.1429998310394236,1.033141360357083,0.6113651852960149,long
1145,"{'window_k': 72, 'window_d': 117, 'window_ma': 147}","open_time
2022-01-01 00:00:00    100.000000
2022-01-01 01:00:00    100.000000
2022-01-01 02:00:00    100.000000
2022-01-01 03:00:00    100.000000
2022-01-01 04:00:00    100.000000
                          ...    
2023-05-01 19:00:00    108.562033
2023-05-01 20:00:00    108.312716
2023-05-01 21:00:00    108.858097
2023-05-01 22:00:00    109.341149
2023-05-01 23:00:00    109.341149
Freq: H, Length: 11664, dtype: float64",2022-01-01,2023-05-01 23:00:00,486 days,100.0,75.84446132567413,148.33350153623144,109.34114927810481,9.341149278104808,-70.17976286600607,43.132716049382715,100.0,48.86896045722441,391 days 18:00:00,79,0.0,40,38.46153846153847,32.84249276886668,-20.031796502384736,12.020710253951334,-6.217670698105563,7 days 01:20:00,4 days 02:57:30,1.0524812619436554,0.23512163442775247,0.4141900134563637,0.14194918260043585,1.0194684772366511,0.5799325987960889,long
3222,"{'window_k': 192, 'window_d': 147, 'window_ma': 102}","open_time
2022-01-01 00:00:00    100.000000
2022-01-01 01:00:00    100.000000
2022-01-01 02:00:00    100.000000
2022-01-01 03:00:00    100.000000
2022-01-01 04:00:00    100.000000
                          ...    
2023-05-01 19:00:00    107.179140
2023-05-01 20:00:00    106.932999
2023-05-01 21:00:00    107.471433
2023-05-01 22:00:00    107.948332
2023-05-01 23:00:00    107.948332
Freq: H, Length: 11664, dtype: float64",2022-01-01,2023-05-01 23:00:00,486 days,100.0,87.98935576592498,151.06478279981792,107.94833151027218,7.948331510272183,-70.17976286600607,31.858710562414267,100.0,41.753892512113,349 days 17:00:00,51,0.0,26,28.000000000000004,36.84834123222748,-13.326434402667587,16.996416492177822,-5.254962703538438,10 days 12:17:08.571428571,4 days 09:53:20,1.0723271846590805,0.3130104349750473,0.37489281445922346,0.1415971624318258,1.0209027483075968,0.543805962919038,long
3453,"{'window_k': 207, 'window_d': 117, 'window_ma': 207}","open_time
2022-01-01 00:00:00    100.000000
2022-01-01 01:00:00    100.000000
2022-01-01 02:00:00    100.000000
2022-01-01 03:00:00    100.000000
2022-01-01 04:00:00    100.000000
                          ...    
2023-05-01 19:00:00    108.596176
2023-05-01 20:00:00    108.346780
2023-05-01 21:00:00    108.892333
2023-05-01 22:00:00    109.375537
2023-05-01 23:00:00    109.375537
Freq: H, Length: 11664, dtype: float64",2022-01-01,2023-05-01 23:00:00,486 days,100.0,75.7452733041699,149.05460392831688,109.3755369329674,9.375536932967407,-70.17976286600607,38.21159122085048,100.0,49.18286902389328,309 days 12:00:00,57,0.0,29,32.142857142857146,43.014763014763005,-21.560299541745838,18.32798002168975,-6.816770397530644,10 days 06:13:20,4 days 18:41:03.157894736,1.0650966689629044,0.3404074697569248,0.43601868822301837,0.14155673274903677,1.0249222163220923,0.6661589519677873,long
3445,"{'window_k': 207, 'window_d': 117, 'window_ma': 87}","open_time
2022-01-01 00:00:00    100.000000
2022-01-01 01:00:00    100.000000
2022-01-01 02:00:00    100.000000
2022-01-01 03:00:00    100.000000
2022-01-01 04:00:00    100.000000
                          ...    
2023-05-01 19:00:00    109.916801
2023-05-01 20:00:00    109.916801
2023-05-01 21:00:00    109.916801
2023-05-01 22:00:00    109.916801
2023-05-01 23:00:00    109.916801
Freq: H, Length: 11664, dtype: float64",2022-01-01,2023-05-01 23:00:00,486 days,100.0,76.80652678877618,160.2596101702454,109.91680077531491,9.916800775314911,-70.17976286600607,38.03155006858711,100.0,52.07368425070806,309 days 12:00:00,58,0.0,29,37.93103448275862,35.141603510171535,-21.56029954174584,14.364265510623225,-6.8905297977581865,8 days 18:16:21.818181818,4 days 21:56:40,1.0654099500364982,0.34195864742465076,0.4380273130206217,0.14132775836352762,1.024960978964472,0.6701488408492272,long
439,"{'window_k': 27, 'window_d': 177, 'window_ma': 117}","open_time
2022-01-01 00:00:00    100.000000
2022-01-01 01:00:00    100.000000
2022-01-01 02:00:00    100.000000
2022-01-01 03:00:00    100.000000
2022-01-01 04:00:00    100.000000
                          ...    
2023-05-01 19:00:00    107.616394
2023-05-01 20:00:00    107.369248
2023-05-01 21:00:00    107.909879
2023-05-01 22:00:00    108.388723
2023-05-01 23:00:00    108.388723
Freq: H, Length: 11664, dtype: float64",2022-01-01,2023-05-01 23:00:00,486 days,100.0,78.09458405986636,139.84654858929167,108.38872326600864,8.38872326600864,-70.17976286600607,33.239026063100134,100.0,44.156945703952665,451 days 16:00:00,69,0.0,35,35.294117647058826,33.81668218704271,-12.437112437112448,12.869979818249988,-5.77506556450359,7 days 06:50:00,3 days 05:13:38.181818181,1.055042623537576,0.22810038437607894,0.3783510283288142,0.1412365935176517,1.0201333122660357,0.540674096619223,long
1860,"{'window_k': 117, 'window_d': 72, 'window_ma': 72}","open_time
2022-01-01 00:00:00    100.000000
2022-01-01 01:00:00    100.000000
2022-01-01 02:00:00    100.000000
2022-01-01 03:00:00    100.000000
2022-01-01 04:00:00    100.000000
                          ...    
2023-05-01 19:00:00    108.727459
2023-05-01 20:00:00    108.727459
2023-05-01 21:00:00    108.727459
2023-05-01 22:00:00    108.727459
2023-05-01 23:00:00    108.727459
Freq: H, Length: 11664, dtype: float64",2022-01-01,2023-05-01 23:00:00,486 days,100.0,67.43394054498701,168.0532730055463,108.72745857754481,8.727458577544809,-70.17976286600607,39.02606310013718,100.0,46.0397494921587,194 days 16:00:00,96,0.0,48,43.75,29.50356352912265,-17.912825765335167,9.190725643993861,-6.013330240893336,4 days 22:08:34.285714285,3 days 04:42:13.333333333,1.0453556684407477,0.1818220536988493,0.4319844353228165,0.14087453644665385,1.0243074448099017,0.6589284767031538,long
2854,"{'window_k': 177, 'window_d': 42, 'window_ma': 102}","open_time
2022-01-01 00:00:00    100.000000
2022-01-01 01:00:00    100.000000
2022-01-01 02:00:00    100.000000
2022-01-01 03:00:00    100.000000
2022-01-01 04:00:00    100.000000
                          ...    
2023-05-01 19:00:00    109.022887
2023-05-01 20:00:00    109.022887
2023-05-01 21:00:00    109.022887
2023-05-01 22:00:00    109.022887
2023-05-01 23:00:00    109.022887
Freq: H, Length: 11664, dtype: float64",2022-01-01,2023-05-01 23:00:00,486 days,100.0,65.56392551867745,132.8211333257682,109.02288715566755,9.022887155667547,-70.17976286600607,42.03532235939643,100.0,47.746825463043464,216 days 10:00:00,136,0.0,68,36.76470588235294,29.820599673817565,-15.937687237866976,8.505291447991103,-4.295365668032202,4 days 08:55:12,2 days 05:01:23.720930232,1.0504147341035208,0.13268951699511167,0.45103730426932814,0.1403874678655967,1.0242435877952383,0.6988968723431044,long
973,"{'window_k': 57, 'window_d': 192, 'window_ma': 207}","open_time
2022-01-01 00:00:00    100.000000
2022-01-01 01:00:00    100.000000
2022-01-01 02:00:00    100.000000
2022-01-01 03:00:00    100.000000
2022-01-01 04:00:00    100.000000
                          ...    
2023-05-01 19:00:00    108.262445
2023-05-01 20:00:00    108.013816
2023-05-01 21:00:00    108.557692
2023-05-01 22:00:00    109.039411
2023-05-01 23:00:00    109.039411
Freq: H, Length: 11664, dtype: float64",2022-01-01,2023-05-01 23:00:00,486 days,100.0,67.91552257804747,131.3090017397287,109.03941115787651,9.039411157876515,-70.17976286600607,39.78909465020576,100.0,48.27809085574745,309 days 12:00:00,57,0.0,29,32.142857142857146,44.42615591800091,-12.90031121373356,17.58064496717862,-6.561000041199917,10 days 23:19:59.999999999,4 days 20:34:44.210526315,1.0819039726669446,0.3666791953026918,0.39543969362863857,0.13909418359412584,1.019191821391041,0.5609304748457176,long
3636,"{'window_k': 222, 'window_d': 57, 'window_ma': 72}","open_time
2022-01-01 00:00:00    100.000000
2022-01-01 01:00:00    100.000000
2022-01-01 02:00:00    100.000000
2022-01-01 03:00:00    100.000000
2022-01-01 04:00:00    100.000000
                          ...    
2023-05-01 19:00:00    108.384763
2023-05-01 20:00:00    108.384763
2023-05-01 21:00:00    108.384763
2023-05-01 22:00:00    108.384763
2023-05-01 23:00:00    108.384763
Freq: H, Length: 11664, dtype: float64",2022-01-01,2023-05-01 23:00:00,486 days,100.0,69.48110411222778,149.29735608578125,108.38476290206499,8.384762902064992,-70.17976286600607,39.07750342935528,100.0,44.8260305644843,194 days 16:00:00,100,0.0,50,46.0,30.95238095238094,-17.21199727334696,8.128065547594458,-5.8597194162733715,4 days 18:05:13.043478260,2 days 23:37:46.666666666,1.048690426193704,0.16769525804130092,0.4336433918048906,0.13906342387007722,1.0242597584571809,0.667103926005113,long
2655,"{'window_k': 162, 'window_d': 87, 'window_ma': 237}","open_time
2022-01-01 00:00:00    100.000000
2022-01-01 01:00:00    100.000000
2022-01-01 02:00:00    100.000000
2022-01-01 03:00:00    100.000000
2022-01-01 04:00:00    100.000000
                          ...    
2023-05-01 19:00:00    109.187956
2023-05-01 20:00:00    108.937201
2023-05-01 21:00:00    109.485727
2023-05-01 22:00:00    109.971564
2023-05-01 23:00:00    109.971564
Freq: H, Length: 11664, dtype: float64",2022-01-01,2023-05-01 23:00:00,486 days,100.0,81.92815416162229,176.36774637014412,109.97156414982872,9.971564149828723,-70.17976286600607,38.14300411522634,100.0,53.54697451898084,286 days 02:00:00,71,0.0,36,37.142857142857146,37.338764426340795,-16.875493848064103,13.543066118857244,-6.57307442481453,7 days 03:13:50.769230769,4 days 00:10:54.545454545,1.0480240381371326,0.24236310611011902,0.44316476980908737,0.13818944208399417,1.0249840359830973,0.67983635849559,long
1305,"{'window_k': 87, 'window_d': 27, 'window_ma': 147}","open_time
2022-01-01 00:00:00    100.000000
2022-01-01 01:00:00    100.000000
2022-01-01 02:00:00    100.000000
2022-01-01 03:00:00    100.000000
2022-01-01 04:00:00    100.000000
                          ...    
2023-05-01 19:00:00    109.502617
2023-05-01 20:00:00    109.502617
2023-05-01 21:00:00    109.502617
2023-05-01 22:00:00    109.502617
2023-05-01 23:00:00    109.502617
Freq: H, Length: 11664, dtype: float64",2022-01-01,2023-05-01 23:00:00,486 days,100.0,48.89485432429862,125.0960907441998,109.50261707012616,9.502617070126163,-70.17976286600607,38.425925925925924,100.0,51.54745856275083,304 days 18:00:00,202,0.0,101,40.5940594059406,28.71962062833434,-14.508205289014326,6.461131803191865,-3.8509687864991307,2 days 14:42:26.341463414,1 days 07:51:00,1.0517042134746148,0.09408531752600147,0.440046986810127,0.13687362853370677,1.0254007101945202,0.6910223551597926,long
1308,"{'window_k': 87, 'window_d': 27, 'window_ma': 192}","open_time
2022-01-01 00:00:00    100.000000
2022-01-01 01:00:00    100.000000
2022-01-01 02:00:00    100.000000
2022-01-01 03:00:00    100.000000
2022-01-01 04:00:00    100.000000
                          ...    
2023-05-01 19:00:00    109.502617
2023-05-01 20:00:00    109.502617
2023-05-01 21:00:00    109.502617
2023-05-01 22:00:00    109.502617
2023-05-01 23:00:00    109.502617
Freq: H, Length: 11664, dtype: float64",2022-01-01,2023-05-01 23:00:00,486 days,100.0,48.89485432429862,125.0960907441998,109.50261707012616,9.502617070126163,-70.17976286600607,38.425925925925924,100.0,51.54745856275083,304 days 18:00:00,202,0.0,101,40.5940594059406,28.71962062833434,-14.508205289014326,6.461131803191865,-3.8509687864991307,2 days 14:42:26.341463414,1 days 07:51:00,1.0517042134746148,0.09408531752600147,0.440046986810127,0.13687362853370677,1.0254007101945202,0.6910223551597926,long
1310,"{'window_k': 87, 'window_d': 27, 'window_ma': 222}","open_time
2022-01-01 00:00:00    100.000000
2022-01-01 01:00:00    100.000000
2022-01-01 02:00:00    100.000000
2022-01-01 03:00:00    100.000000
2022-01-01 04:00:00    100.000000
                          ...    
2023-05-01 19:00:00    109.502617
2023-05-01 20:00:00    109.502617
2023-05-01 21:00:00    109.502617
2023-05-01 22:00:00    109.502617
2023-05-01 23:00:00    109.502617
Freq: H, Length: 11664, dtype: float64",2022-01-01,2023-05-01 23:00:00,486 days,100.0,48.89485432429862,125.0960907441998,109.50261707012616,9.502617070126163,-70.17976286600607,38.425925925925924,100.0,51.54745856275083,304 days 18:00:00,202,0.0,101,40.5940594059406,28.71962062833434,-14.508205289014326,6.461131803191865,-3.8509687864991307,2 days 14:42:26.341463414,1 days 07:51:00,1.0517042134746148,0.09408531752600147,0.440046986810127,0.13687362853370677,1.0254007101945202,0.6910223551597926,long
3442,"{'window_k': 207, 'window_d': 117, 'window_ma': 42}","open_time
2022-01-01 00:00:00    100.000000
2022-01-01 01:00:00    100.000000
2022-01-01 02:00:00    100.000000
2022-01-01 03:00:00    100.000000
2022-01-01 04:00:00    100.000000
                          ...    
2023-05-01 19:00:00    109.189565
2023-05-01 20:00:00    109.189565
2023-05-01 21:00:00    109.189565
2023-05-01 22:00:00    109.189565
2023-05-01 23:00:00    109.189565
Freq: H, Length: 11664, dtype: float64",2022-01-01,2023-05-01 23:00:00,486 days,100.0,81.64645644114681,163.37341668310916,109.1895653765807,9.189565376580703,-70.17976286600607,26.577503429355282,100.0,50.02463797429532,355 days 14:00:00,58,0.0,29,37.93103448275862,32.124645892351275,-21.560299541745838,11.772590419877679,-5.624783572785927,5 days 02:00:00,4 days 01:40:00,1.0760338891684893,0.31688156470967943,0.4022757936787254,0.13644374878433996,1.0285065872599473,0.6272305644017768,long
2399,"{'window_k': 147, 'window_d': 87, 'window_ma': 237}","open_time
2022-01-01 00:00:00    100.000000
2022-01-01 01:00:00    100.000000
2022-01-01 02:00:00    100.000000
2022-01-01 03:00:00    100.000000
2022-01-01 04:00:00    100.000000
                          ...    
2023-05-01 19:00:00    107.932362
2023-05-01 20:00:00    107.684491
2023-05-01 21:00:00    108.226709
2023-05-01 22:00:00    108.706960
2023-05-01 23:00:00    108.706960
Freq: H, Length: 11664, dtype: float64",2022-01-01,2023-05-01 23:00:00,486 days,100.0,81.38334875863187,162.79401335155453,108.7069595305325,8.706959530532501,-70.17976286600607,41.14368998628258,100.0,47.45900206596719,286 days 02:00:00,79,0.0,40,38.46153846153847,35.522950599003906,-19.66116807846635,12.448053069413811,-6.508250689392855,6 days 21:20:00,3 days 19:57:30,1.0381394325595619,0.18750473636552378,0.4348097770316683,0.1363439972044782,1.023786311755434,0.6652081155956332,long
1861,"{'window_k': 117, 'window_d': 72, 'window_ma': 87}","open_time
2022-01-01 00:00:00    100.000000
2022-01-01 01:00:00    100.000000
2022-01-01 02:00:00    100.000000
2022-01-01 03:00:00    100.000000
2022-01-01 04:00:00    100.000000
                          ...    
2023-05-01 19:00:00    108.556373
2023-05-01 20:00:00    108.556373
2023-05-01 21:00:00    108.556373
2023-05-01 22:00:00    108.556373
2023-05-01 23:00:00    108.556373
Freq: H, Length: 11664, dtype: float64",2022-01-01,2023-05-01 23:00:00,486 days,100.0,66.14821971133871,169.09817821597107,108.5563731158335,8.556373115833495,-70.17976286600607,40.75788751714678,100.0,46.763838561939565,194 days 16:00:00,96,0.0,48,41.66666666666667,29.503563529122655,-17.91282576533516,9.76654084998953,-5.867267918207497,5 days 11:15:00,3 days 04:02:08.571428571,1.043940409735076,0.17825777324653203,0.4303744080647554,0.1360017240524336,1.0238431363167562,0.6576300752334414,long
2102,"{'window_k': 132, 'window_d': 57, 'window_ma': 102}","open_time
2022-01-01 00:00:00    100.000000
2022-01-01 01:00:00    100.000000
2022-01-01 02:00:00    100.000000
2022-01-01 03:00:00    100.000000
2022-01-01 04:00:00    100.000000
                          ...    
2023-05-01 19:00:00    108.259697
2023-05-01 20:00:00    108.011075
2023-05-01 21:00:00    108.554937
2023-05-01 22:00:00    109.036644
2023-05-01 23:00:00    109.036644
Freq: H, Length: 11664, dtype: float64",2022-01-01,2023-05-01 23:00:00,486 days,100.0,66.0357075205068,173.59748580206093,109.03664365982551,9.036643659825515,-70.17976286600607,39.90912208504801,100.0,49.562330960391584,266 days 11:00:00,99,0.0,50,42.857142857142854,49.971081550028906,-20.093245394587218,9.370788073704047,-5.785122439576642,4 days 17:51:25.714285714,3 days 04:02:08.571428571,1.0478940966075478,0.1863240248113316,0.44069731927451095,0.13544898573281391,1.024805042074996,0.6753398731660692,long
3864,"{'window_k': 237, 'window_d': 27, 'window_ma': 132}","open_time
2022-01-01 00:00:00    100.000000
2022-01-01 01:00:00    100.000000
2022-01-01 02:00:00    100.000000
2022-01-01 03:00:00    100.000000
2022-01-01 04:00:00    100.000000
                          ...    
2023-05-01 19:00:00    111.003774
2023-05-01 20:00:00    111.003774
2023-05-01 21:00:00    111.003774
2023-05-01 22:00:00    111.003774
2023-05-01 23:00:00    111.003774
Freq: H, Length: 11664, dtype: float64",2022-01-01,2023-05-01 23:00:00,486 days,100.0,45.700593070545466,133.75421002471808,111.00377408344133,11.003774083441328,-70.17976286600607,36.762688614540465,100.0,61.12637957602928,266 days 20:00:00,186,0.0,93,33.33333333333333,29.846743295019174,-13.6717533478667,8.172099257669442,-3.5100222271105914,3 days 00:27:05.806451612,1 days 08:56:07.741935483,1.0583008131428895,0.1183201514348533,0.45196529865390245,0.13342577335538544,1.0265220366811927,0.7064530160633707,long
2166,"{'window_k': 132, 'window_d': 117, 'window_ma': 102}","open_time
2022-01-01 00:00:00    100.000000
2022-01-01 01:00:00    100.000000
2022-01-01 02:00:00    100.000000
2022-01-01 03:00:00    100.000000
2022-01-01 04:00:00    100.000000
                          ...    
2023-05-01 19:00:00    106.532929
2023-05-01 20:00:00    106.288272
2023-05-01 21:00:00    106.823460
2023-05-01 22:00:00    107.297483
2023-05-01 23:00:00    107.297483
Freq: H, Length: 11664, dtype: float64",2022-01-01,2023-05-01 23:00:00,486 days,100.0,73.1071399796019,130.29140326782527,107.29748290993165,7.297482909931645,-70.17976286600607,40.003429355281206,100.0,41.3716253388414,275 days 07:00:00,71,0.0,36,40.0,35.87288924345166,-15.021791767554477,10.723338064557366,-5.857924369873549,7 days 01:00:00,4 days 09:17:08.571428571,1.0577171899548574,0.21548971805431538,0.3885138966632168,0.13130462007131405,1.019218442679184,0.5546592932448583,long
2069,"{'window_k': 132, 'window_d': 27, 'window_ma': 87}","open_time
2022-01-01 00:00:00    100.000000
2022-01-01 01:00:00    100.000000
2022-01-01 02:00:00    100.000000
2022-01-01 03:00:00    100.000000
2022-01-01 04:00:00    100.000000
                          ...    
2023-05-01 19:00:00    110.486048
2023-05-01 20:00:00    110.486048
2023-05-01 21:00:00    110.486048
2023-05-01 22:00:00    110.486048
2023-05-01 23:00:00    110.486048
Freq: H, Length: 11664, dtype: float64",2022-01-01,2023-05-01 23:00:00,486 days,100.0,42.149698425443084,123.3803283128837,110.4860481610897,10.486048161089698,-70.17976286600607,36.574074074074076,100.0,59.635443493546944,395 days 11:00:00,194,0.0,97,37.11340206185567,25.406504065040657,-14.461569764484466,7.194256142892836,-3.6729625787797406,2 days 19:41:40,1 days 05:59:00.983606557,1.0576675371668809,0.10810358928958563,0.4418958103618579,0.13040504740459985,1.0260831336007405,0.695239114329769,long
1177,"{'window_k': 72, 'window_d': 147, 'window_ma': 147}","open_time
2022-01-01 00:00:00    100.000000
2022-01-01 01:00:00    100.000000
2022-01-01 02:00:00    100.000000
2022-01-01 03:00:00    100.000000
2022-01-01 04:00:00    100.000000
                          ...    
2023-05-01 19:00:00    108.879896
2023-05-01 20:00:00    108.629848
2023-05-01 21:00:00    109.176826
2023-05-01 22:00:00    109.661293
2023-05-01 23:00:00    109.661293
Freq: H, Length: 11664, dtype: float64",2022-01-01,2023-05-01 23:00:00,486 days,100.0,69.02645221257467,157.1687307774698,109.6612927870292,9.661292787029197,-70.17976286600607,40.74074074074074,100.0,56.08130709517084,391 days 18:00:00,69,0.0,35,41.17647058823529,31.716223265519044,-15.100558283446563,11.245898917159135,-6.418927224611163,7 days 02:42:51.428571428,4 days 17:45:00,1.0656162998079823,0.26668914300847746,0.41885225994839165,0.12788527806495245,1.0201636972493848,0.5929609769030523,long
3614,"{'window_k': 222, 'window_d': 27, 'window_ma': 222}","open_time
2022-01-01 00:00:00    100.000000
2022-01-01 01:00:00    100.000000
2022-01-01 02:00:00    100.000000
2022-01-01 03:00:00    100.000000
2022-01-01 04:00:00    100.000000
                          ...    
2023-05-01 19:00:00    110.169034
2023-05-01 20:00:00    110.169034
2023-05-01 21:00:00    110.169034
2023-05-01 22:00:00    110.169034
2023-05-01 23:00:00    110.169034
Freq: H, Length: 11664, dtype: float64",2022-01-01,2023-05-01 23:00:00,486 days,100.0,44.89662348778394,126.40890012776684,110.16903385271713,10.169033852717135,-70.17976286600607,37.337105624142666,100.0,60.2430779803525,244 days 00:00:00,186,0.0,93,33.33333333333333,29.846743295019174,-11.895365881159092,8.163887347944485,-3.524890608211821,2 days 22:52:15.483870967,1 days 10:48:23.225806451,1.053443721909691,0.10934445002921489,0.4432458867541553,0.12523316217509323,1.025760438424682,0.689295533966561,long
3871,"{'window_k': 237, 'window_d': 27, 'window_ma': 237}","open_time
2022-01-01 00:00:00    100.000000
2022-01-01 01:00:00    100.000000
2022-01-01 02:00:00    100.000000
2022-01-01 03:00:00    100.000000
2022-01-01 04:00:00    100.000000
                          ...    
2023-05-01 19:00:00    110.013442
2023-05-01 20:00:00    110.013442
2023-05-01 21:00:00    110.013442
2023-05-01 22:00:00    110.013442
2023-05-01 23:00:00    110.013442
Freq: H, Length: 11664, dtype: float64",2022-01-01,2023-05-01 23:00:00,486 days,100.0,47.29829116540244,132.5609076037869,110.01344209821409,10.013442098214085,-70.17976286600607,36.71124828532236,100.0,59.767353245764866,266 days 17:00:00,186,0.0,93,34.40860215053764,29.846743295019156,-13.671753347866703,8.038540467039306,-3.6404928126423903,2 days 22:41:15,1 days 09:06:53.114754098,1.0512190620878923,0.1076714204109046,0.44240023411378016,0.12432106582694372,1.0259847138957978,0.6909423731443249,long
642,"{'window_k': 42, 'window_d': 132, 'window_ma': 42}","open_time
2022-01-01 00:00:00    100.000000
2022-01-01 01:00:00    100.000000
2022-01-01 02:00:00    100.000000
2022-01-01 03:00:00    100.000000
2022-01-01 04:00:00    100.000000
                          ...    
2023-05-01 19:00:00    105.712396
2023-05-01 20:00:00    105.712396
2023-05-01 21:00:00    105.712396
2023-05-01 22:00:00    105.712396
2023-05-01 23:00:00    105.712396
Freq: H, Length: 11664, dtype: float64",2022-01-01,2023-05-01 23:00:00,486 days,100.0,87.27659426507603,136.60720877570157,105.71239594940756,5.712395949407565,-70.17976286600607,28.077846364883403,100.0,34.37365712893568,368 days 13:00:00,82,0.0,41,51.21951219512195,23.135792778649922,-18.897364771151178,5.918479782572747,-5.3470234097163285,4 days 02:08:34.285714285,2 days 12:42:00,1.0465523879337255,0.1393267304733552,0.32522707316788996,0.12394285154943513,1.0187932043273964,0.45323785777629094,long
2659,"{'window_k': 162, 'window_d': 102, 'window_ma': 57}","open_time
2022-01-01 00:00:00    100.000000
2022-01-01 01:00:00    100.000000
2022-01-01 02:00:00    100.000000
2022-01-01 03:00:00    100.000000
2022-01-01 04:00:00    100.000000
                          ...    
2023-05-01 19:00:00    107.800457
2023-05-01 20:00:00    107.552889
2023-05-01 21:00:00    108.094444
2023-05-01 22:00:00    108.574107
2023-05-01 23:00:00    108.574107
Freq: H, Length: 11664, dtype: float64",2022-01-01,2023-05-01 23:00:00,486 days,100.0,59.11292785466225,132.24312718471404,108.57410719125369,8.574107191253688,-70.17976286600607,29.578189300411523,100.0,51.55515600352564,286 days 02:00:00,67,0.0,34,36.36363636363637,29.731264193792583,-17.351805587099708,12.132712323423515,-5.680901708043455,5 days 17:24:59.999999999,3 days 09:14:17.142857142,1.0677287716674289,0.25653927652190367,0.40658299523936403,0.12361540959034267,1.0268598817740093,0.6329457653810361,long
3877,"{'window_k': 237, 'window_d': 42, 'window_ma': 87}","open_time
2022-01-01 00:00:00    100.000000
2022-01-01 01:00:00    100.000000
2022-01-01 02:00:00    100.000000
2022-01-01 03:00:00    100.000000
2022-01-01 04:00:00    100.000000
                          ...    
2023-05-01 19:00:00    108.261735
2023-05-01 20:00:00    108.261735
2023-05-01 21:00:00    108.261735
2023-05-01 22:00:00    108.261735
2023-05-01 23:00:00    108.261735
Freq: H, Length: 11664, dtype: float64",2022-01-01,2023-05-01 23:00:00,486 days,100.0,75.94705054099882,155.68004284963757,108.26173503596628,8.261735035966282,-70.17976286600607,39.291838134430726,100.0,49.7223797386618,275 days 07:00:00,130,0.0,65,38.46153846153847,25.896555805420775,-17.286531690140837,7.473665209446905,-4.050626751061866,3 days 23:21:36,2 days 06:58:30,1.045405061097955,0.12710361593794284,0.4324074549474085,0.12354768315613408,1.023670236961207,0.661621052353342,long
1169,"{'window_k': 72, 'window_d': 147, 'window_ma': 27}","open_time
2022-01-01 00:00:00    100.000000
2022-01-01 01:00:00    100.000000
2022-01-01 02:00:00    100.000000
2022-01-01 03:00:00    100.000000
2022-01-01 04:00:00    100.000000
                          ...    
2023-05-01 19:00:00    106.815852
2023-05-01 20:00:00    106.570545
2023-05-01 21:00:00    107.107154
2023-05-01 22:00:00    107.582436
2023-05-01 23:00:00    107.582436
Freq: H, Length: 11664, dtype: float64",2022-01-01,2023-05-01 23:00:00,486 days,100.0,73.30672284173761,135.20698330078474,107.58243576693813,7.582435766938132,-70.17976286600607,28.21502057613169,100.0,45.781851608464855,397 days 07:00:00,69,0.0,35,47.05882352941176,25.960198450303807,-15.10055828344655,7.326010436722622,-5.460175152689003,3 days 23:33:45,3 days 21:03:20,1.0667040327247042,0.2058774036896156,0.35855276792737745,0.12324760839941776,1.020755495797722,0.5094798965915892,long
436,"{'window_k': 27, 'window_d': 177, 'window_ma': 72}","open_time
2022-01-01 00:00:00    100.000000
2022-01-01 01:00:00    100.000000
2022-01-01 02:00:00    100.000000
2022-01-01 03:00:00    100.000000
2022-01-01 04:00:00    100.000000
                          ...    
2023-05-01 19:00:00    106.955776
2023-05-01 20:00:00    106.955776
2023-05-01 21:00:00    106.955776
2023-05-01 22:00:00    106.955776
2023-05-01 23:00:00    106.955776
Freq: H, Length: 11664, dtype: float64",2022-01-01,2023-05-01 23:00:00,486 days,100.0,76.68472794874125,132.93874138077692,106.95577610232073,6.955776102320726,-70.17976286600607,32.53600823045267,100.0,42.31574095538267,453 days 11:00:00,70,0.0,35,34.285714285714285,33.816682187042694,-12.437112437112441,12.724407502687907,-5.502683985205619,6 days 17:05:00,3 days 08:57:23.478260869,1.05155696026158,0.19873646006630752,0.3615033709492189,0.12241342832751313,1.0192884474252124,0.5170557641174416,long
2649,"{'window_k': 162, 'window_d': 87, 'window_ma': 147}","open_time
2022-01-01 00:00:00    100.000000
2022-01-01 01:00:00    100.000000
2022-01-01 02:00:00    100.000000
2022-01-01 03:00:00    100.000000
2022-01-01 04:00:00    100.000000
                          ...    
2023-05-01 19:00:00    108.044028
2023-05-01 20:00:00    107.795901
2023-05-01 21:00:00    108.338680
2023-05-01 22:00:00    108.819427
2023-05-01 23:00:00    108.819427
Freq: H, Length: 11664, dtype: float64",2022-01-01,2023-05-01 23:00:00,486 days,100.0,80.68169994645183,173.6844890316534,108.81942699967773,8.81942699967773,-70.17976286600607,38.2716049382716,100.0,53.546974518980875,286 days 02:00:00,71,0.0,36,37.142857142857146,37.3387644263408,-16.875493848064114,13.406648297845075,-6.552183059912023,7 days 05:46:09.230769230,3 days 23:21:49.090909090,1.0422259545606338,0.2098905665496824,0.4324146077194436,0.12238727224888894,1.0242707643498952,0.6628501501891599,long
2103,"{'window_k': 132, 'window_d': 57, 'window_ma': 117}","open_time
2022-01-01 00:00:00    100.000000
2022-01-01 01:00:00    100.000000
2022-01-01 02:00:00    100.000000
2022-01-01 03:00:00    100.000000
2022-01-01 04:00:00    100.000000
                          ...    
2023-05-01 19:00:00    107.777041
2023-05-01 20:00:00    107.529526
2023-05-01 21:00:00    108.070964
2023-05-01 22:00:00    108.550523
2023-05-01 23:00:00    108.550523
Freq: H, Length: 11664, dtype: float64",2022-01-01,2023-05-01 23:00:00,486 days,100.0,66.39738717505126,173.70299165859598,108.55052306139174,8.550523061391743,-70.17976286600607,39.92626886145405,100.0,51.955331744141255,275 days 07:00:00,99,0.0,50,42.857142857142854,49.971081550028906,-20.093245394587214,9.375010630705168,-5.806373691812121,4 days 23:22:51.428571428,2 days 23:57:51.428571428,1.0454410997802241,0.1763947133060353,0.4360411069495863,0.12232927325349695,1.02452355852796,0.6684110028322912,long
1859,"{'window_k': 117, 'window_d': 72, 'window_ma': 57}","open_time
2022-01-01 00:00:00    100.000000
2022-01-01 01:00:00    100.000000
2022-01-01 02:00:00    100.000000
2022-01-01 03:00:00    100.000000
2022-01-01 04:00:00    100.000000
                          ...    
2023-05-01 19:00:00    106.906429
2023-05-01 20:00:00    106.660914
2023-05-01 21:00:00    107.197978
2023-05-01 22:00:00    107.673664
2023-05-01 23:00:00    107.673664
Freq: H, Length: 11664, dtype: float64",2022-01-01,2023-05-01 23:00:00,486 days,100.0,65.56759679016729,156.53649399935986,107.67366377024133,7.673663770241333,-70.17976286600607,35.44238683127572,100.0,46.688237967125914,194 days 16:00:00,95,0.0,48,46.808510638297875,24.17336537664706,-17.91282576533517,7.977246361050522,-5.871753359900568,4 days 15:49:05.454545454,2 days 13:45:36,1.0596903708924963,0.2194244641259222,0.4101415726034857,0.12229581288166654,1.0248757490988645,0.6296327509481326,long
2079,"{'window_k': 132, 'window_d': 27, 'window_ma': 237}","open_time
2022-01-01 00:00:00    100.000000
2022-01-01 01:00:00    100.000000
2022-01-01 02:00:00    100.000000
2022-01-01 03:00:00    100.000000
2022-01-01 04:00:00    100.000000
                          ...    
2023-05-01 19:00:00    109.461513
2023-05-01 20:00:00    109.461513
2023-05-01 21:00:00    109.461513
2023-05-01 22:00:00    109.461513
2023-05-01 23:00:00    109.461513
Freq: H, Length: 11664, dtype: float64",2022-01-01,2023-05-01 23:00:00,486 days,100.0,44.35520590119302,123.00898289411744,109.46151338311405,9.461513383114053,-70.17976286600607,36.74554183813443,100.0,57.523344606581375,273 days 06:00:00,194,0.0,97,37.11340206185567,25.406504065040647,-14.461569764484466,7.32239828960022,-3.757705865065939,2 days 19:03:20,1 days 06:41:18.688524590,1.049653903864069,0.09754137508365046,0.43144536477761253,0.12212965281820094,1.0253943934583565,0.679764260218585,long
1140,"{'window_k': 72, 'window_d': 117, 'window_ma': 72}","open_time
2022-01-01 00:00:00    100.000000
2022-01-01 01:00:00    100.000000
2022-01-01 02:00:00    100.000000
2022-01-01 03:00:00    100.000000
2022-01-01 04:00:00    100.000000
                          ...    
2023-05-01 19:00:00    108.018909
2023-05-01 20:00:00    108.018909
2023-05-01 21:00:00    108.018909
2023-05-01 22:00:00    108.018909
2023-05-01 23:00:00    108.018909
Freq: H, Length: 11664, dtype: float64",2022-01-01,2023-05-01 23:00:00,486 days,100.0,70.7465618577223,138.36323784994948,108.01890945472348,8.018909454723484,-70.17976286600607,40.063443072702334,100.0,48.86896045722442,391 days 18:00:00,80,0.0,40,37.5,32.84249276886668,-20.031796502384747,11.966003211863567,-6.0039038627380785,6 days 06:20:00,4 days 00:43:12,1.047577286185774,0.20047273636808605,0.39374158621208644,0.12204545979213341,1.019172620577645,0.5513146130425878,long
3875,"{'window_k': 237, 'window_d': 42, 'window_ma': 57}","open_time
2022-01-01 00:00:00    100.000000
2022-01-01 01:00:00    100.000000
2022-01-01 02:00:00    100.000000
2022-01-01 03:00:00    100.000000
2022-01-01 04:00:00    100.000000
                          ...    
2023-05-01 19:00:00    106.917174
2023-05-01 20:00:00    106.671634
2023-05-01 21:00:00    107.208752
2023-05-01 22:00:00    107.684485
2023-05-01 23:00:00    107.684485
Freq: H, Length: 11664, dtype: float64",2022-01-01,2023-05-01 23:00:00,486 days,100.0,70.21156611303377,135.23586780063613,107.68448500598308,7.684485005983078,-70.17976286600607,35.26234567901235,100.0,47.058236298572496,275 days 07:00:00,129,0.0,65,39.0625,20.222991157247193,-17.286531690140833,6.806133454430192,-3.7623336973739048,3 days 09:31:12,2 days 01:53:50.769230769,1.0637150168608087,0.15435930740264414,0.41554850100702917,0.12150380448450858,1.0244578730026033,0.6384492456926993,long
2653,"{'window_k': 162, 'window_d': 87, 'window_ma': 207}","open_time
2022-01-01 00:00:00    100.000000
2022-01-01 01:00:00    100.000000
2022-01-01 02:00:00    100.000000
2022-01-01 03:00:00    100.000000
2022-01-01 04:00:00    100.000000
                          ...    
2023-05-01 19:00:00    108.047974
2023-05-01 20:00:00    107.799837
2023-05-01 21:00:00    108.342636
2023-05-01 22:00:00    108.823400
2023-05-01 23:00:00    108.823400
Freq: H, Length: 11664, dtype: float64",2022-01-01,2023-05-01 23:00:00,486 days,100.0,83.0452714102347,181.13365919967077,108.82340037759833,8.823400377598333,-70.17976286600607,38.02297668038408,100.0,54.152490609881276,286 days 02:00:00,71,0.0,36,37.142857142857146,37.338764426340795,-16.87549384806412,13.799190521530457,-6.73344631806515,7 days 05:18:27.692307692,3 days 22:19:05.454545454,1.0401742669407983,0.21000255466819606,0.43150626114136753,0.12107273449531798,1.0243201103506465,0.6614718002150711,long
2369,"{'window_k': 147, 'window_d': 72, 'window_ma': 27}","open_time
2022-01-01 00:00:00    100.000000
2022-01-01 01:00:00    100.000000
2022-01-01 02:00:00    100.000000
2022-01-01 03:00:00    100.000000
2022-01-01 04:00:00    100.000000
                          ...    
2023-05-01 19:00:00    105.777185
2023-05-01 20:00:00    105.534263
2023-05-01 21:00:00    106.065654
2023-05-01 22:00:00    106.536315
2023-05-01 23:00:00    106.536315
Freq: H, Length: 11664, dtype: float64",2022-01-01,2023-05-01 23:00:00,486 days,100.0,63.601837973397366,140.97734441222644,106.53631468019142,6.536314680191424,-70.17976286600607,24.056927297668036,100.0,40.35371111713438,252 days 12:00:00,81,0.0,41,40.0,20.003880481179667,-24.50021267545725,7.520142746547899,-4.2627421753982295,3 days 22:45:00,2 days 00:35:00,1.035994797919702,0.09736355050787315,0.33181803523316206,0.12068446769552862,1.0209484622149525,0.4769266617743171,long
2601,"{'window_k': 162, 'window_d': 42, 'window_ma': 147}","open_time
2022-01-01 00:00:00    100.000000
2022-01-01 01:00:00    100.000000
2022-01-01 02:00:00    100.000000
2022-01-01 03:00:00    100.000000
2022-01-01 04:00:00    100.000000
                          ...    
2023-05-01 19:00:00    108.351239
2023-05-01 20:00:00    108.351239
2023-05-01 21:00:00    108.351239
2023-05-01 22:00:00    108.351239
2023-05-01 23:00:00    108.351239
Freq: H, Length: 11664, dtype: float64",2022-01-01,2023-05-01 23:00:00,486 days,100.0,63.133883409450505,130.7677033713574,108.35123890415416,8.351238904154158,-70.17976286600607,42.73834019204389,100.0,51.48986750819674,305 days 14:00:00,138,0.0,69,39.130434782608695,32.01605821101491,-15.937687237866982,8.173615057419468,-4.564256675700786,4 days 02:44:26.666666666,2 days 07:12:51.428571428,1.0461809327288536,0.12103244788629208,0.44746314913263385,0.12058649295332478,1.0238843495372774,0.6901214034672348,long
1586,"{'window_k': 102, 'window_d': 57, 'window_ma': 42}","open_time
2022-01-01 00:00:00    100.000000
2022-01-01 01:00:00    100.000000
2022-01-01 02:00:00    100.000000
2022-01-01 03:00:00    100.000000
2022-01-01 04:00:00    100.000000
                          ...    
2023-05-01 19:00:00    108.093573
2023-05-01 20:00:00    108.093573
2023-05-01 21:00:00    108.093573
2023-05-01 22:00:00    108.093573
2023-05-01 23:00:00    108.093573
Freq: H, Length: 11664, dtype: float64",2022-01-01,2023-05-01 23:00:00,486 days,100.0,78.65497967768104,185.78030162703013,108.09357299978535,8.093572999785351,-70.17976286600607,32.767489711934154,100.0,50.157317056313225,194 days 16:00:00,116,0.0,58,36.206896551724135,22.020674858591775,-20.093245394587207,8.443600020232902,-4.1299158268847,3 days 15:22:51.428571428,2 days 05:42:09.729729729,1.0424358339027946,0.1395443620652661,0.40648955916540414,0.12000717395170146,1.0253418200623834,0.6308655831734343,long
3578,"{'window_k': 207, 'window_d': 237, 'window_ma': 162}","open_time
2022-01-01 00:00:00    100.000000
2022-01-01 01:00:00    100.000000
2022-01-01 02:00:00    100.000000
2022-01-01 03:00:00    100.000000
2022-01-01 04:00:00    100.000000
                          ...    
2023-05-01 19:00:00    107.585328
2023-05-01 20:00:00    107.585328
2023-05-01 21:00:00    107.585328
2023-05-01 22:00:00    107.585328
2023-05-01 23:00:00    107.585328
Freq: H, Length: 11664, dtype: float64",2022-01-01,2023-05-01 23:00:00,486 days,100.0,70.7397702072615,133.95074039158862,107.58532800800072,7.585328008000715,-70.17976286600607,30.787037037037035,100.0,47.189713173318474,349 days 17:00:00,34,0.0,17,41.17647058823529,40.20245842371655,-23.423197492163006,12.929349568393771,-6.832233681012788,10 days 07:42:51.428571428,7 days 17:42:00,1.1070891685716293,0.4461957651765118,0.3666938135782846,0.11961582980781131,1.0206383376444734,0.5241579438834855,long
1303,"{'window_k': 87, 'window_d': 27, 'window_ma': 117}","open_time
2022-01-01 00:00:00    100.000000
2022-01-01 01:00:00    100.000000
2022-01-01 02:00:00    100.000000
2022-01-01 03:00:00    100.000000
2022-01-01 04:00:00    100.000000
                          ...    
2023-05-01 19:00:00    108.263438
2023-05-01 20:00:00    108.263438
2023-05-01 21:00:00    108.263438
2023-05-01 22:00:00    108.263438
2023-05-01 23:00:00    108.263438
Freq: H, Length: 11664, dtype: float64",2022-01-01,2023-05-01 23:00:00,486 days,100.0,48.89485432429862,123.68044955113403,108.263438335197,8.263438335196994,-70.17976286600607,38.41735253772291,100.0,51.54745856275083,304 days 18:00:00,202,0.0,101,40.5940594059406,28.719620628334326,-14.508205289014326,6.432117659715088,-3.8509687864991315,2 days 14:40:58.536585365,1 days 07:51:00,1.0450290925478545,0.08181622114056486,0.4278679736737588,0.11919770982467813,1.0246952631493236,0.6718307784330186,long
2742,"{'window_k': 162, 'window_d': 177, 'window_ma': 102}","open_time
2022-01-01 00:00:00    100.000000
2022-01-01 01:00:00    100.000000
2022-01-01 02:00:00    100.000000
2022-01-01 03:00:00    100.000000
2022-01-01 04:00:00    100.000000
                          ...    
2023-05-01 19:00:00    107.203672
2023-05-01 20:00:00    106.957474
2023-05-01 21:00:00    107.496031
2023-05-01 22:00:00    107.973039
2023-05-01 23:00:00    107.973039
Freq: H, Length: 11664, dtype: float64",2022-01-01,2023-05-01 23:00:00,486 days,100.0,68.57983133477556,137.27454259618793,107.97303929299433,7.973039292994328,-70.17976286600607,30.735596707818928,100.0,50.041843128545224,391 days 18:00:00,47,0.0,24,34.78260869565217,48.182086905113785,-13.340391741662252,14.248981883098407,-5.859845833466217,9 days 07:52:30,4 days 21:56:00,1.0762360322351427,0.2877805408056062,0.3676100019502874,0.118509592434727,1.0202295674429678,0.5229138663021802,long
2654,"{'window_k': 162, 'window_d': 87, 'window_ma': 222}","open_time
2022-01-01 00:00:00    100.000000
2022-01-01 01:00:00    100.000000
2022-01-01 02:00:00    100.000000
2022-01-01 03:00:00    100.000000
2022-01-01 04:00:00    100.000000
                          ...    
2023-05-01 19:00:00    107.709447
2023-05-01 20:00:00    107.462088
2023-05-01 21:00:00    108.003186
2023-05-01 22:00:00    108.482444
2023-05-01 23:00:00    108.482444
Freq: H, Length: 11664, dtype: float64",2022-01-01,2023-05-01 23:00:00,486 days,100.0,80.81876869824988,173.6844890316534,108.4824441287494,8.482444128749407,-70.17976286600607,38.15157750342936,100.0,53.468056273280155,286 days 02:00:00,71,0.0,36,37.142857142857146,37.3387644263408,-16.875493848064114,13.406648297845077,-6.561270924277764,7 days 05:46:09.230769230,3 days 22:43:38.181818181,1.0402212695981656,0.20039283478573644,0.4286693024733369,0.11793132353222979,1.02410181864716,0.6577335454342017,long
2064,"{'window_k': 132, 'window_d': 27, 'window_ma': 12}","open_time
2022-01-01 00:00:00    100.000000
2022-01-01 01:00:00    100.000000
2022-01-01 02:00:00    100.000000
2022-01-01 03:00:00    100.000000
2022-01-01 04:00:00    100.000000
                          ...    
2023-05-01 19:00:00    107.488366
2023-05-01 20:00:00    107.488366
2023-05-01 21:00:00    107.488366
2023-05-01 22:00:00    107.488366
2023-05-01 23:00:00    107.488366
Freq: H, Length: 11664, dtype: float64",2022-01-01,2023-05-01 23:00:00,486 days,100.0,52.52583501637705,114.69060825294265,107.48836550841355,7.488365508413551,-70.17976286600607,20.301783264746227,100.0,48.15157183714646,388 days 16:00:00,190,0.0,95,43.15789473684211,23.823975720789065,-13.109529374269624,4.77088419013961,-3.190270401747218,1 days 08:24:52.682926829,0 days 19:14:26.666666666,1.0541024869400388,0.07882490008856324,0.35785218489016585,0.11574119873719096,1.0297600903236948,0.5778098411704721,long
706,"{'window_k': 42, 'window_d': 192, 'window_ma': 42}","open_time
2022-01-01 00:00:00    100.000000
2022-01-01 01:00:00    100.000000
2022-01-01 02:00:00    100.000000
2022-01-01 03:00:00    100.000000
2022-01-01 04:00:00    100.000000
                          ...    
2023-05-01 19:00:00    106.941811
2023-05-01 20:00:00    106.941811
2023-05-01 21:00:00    106.941811
2023-05-01 22:00:00    106.941811
2023-05-01 23:00:00    106.941811
Freq: H, Length: 11664, dtype: float64",2022-01-01,2023-05-01 23:00:00,486 days,100.0,86.40474955226496,156.21674449352767,106.9418113998326,6.941811399832602,-70.17976286600607,24.04835390946502,100.0,44.689188196566946,314 days 09:00:00,60,0.0,30,30.0,33.638968481375365,-12.200435729847495,13.17344320628118,-4.624920818125941,6 days 02:13:20,2 days 22:54:17.142857142,1.0584651835341499,0.2313937133277535,0.3307464272344259,0.11568124635278407,1.0203075613080672,0.46969277844052376,long
1952,"{'window_k': 117, 'window_d': 162, 'window_ma': 12}","open_time
2022-01-01 00:00:00    100.000000
2022-01-01 01:00:00    100.000000
2022-01-01 02:00:00    100.000000
2022-01-01 03:00:00    100.000000
2022-01-01 04:00:00    100.000000
                          ...    
2023-05-01 19:00:00    105.552356
2023-05-01 20:00:00    105.552356
2023-05-01 21:00:00    105.552356
2023-05-01 22:00:00    105.552356
2023-05-01 23:00:00    105.552356
Freq: H, Length: 11664, dtype: float64",2022-01-01,2023-05-01 23:00:00,486 days,100.0,80.07825919939093,124.85502845463536,105.55235577124016,5.552355771240158,-70.17976286600607,13.777434842249658,100.0,35.863008330107874,391 days 18:00:00,52,0.0,26,42.30769230769231,19.241652518392744,-19.945863644053468,7.4656986245492245,-4.847738829978231,2 days 18:43:38.181818181,2 days 13:38:34.285714285,1.0784410081496847,0.21355214504769915,0.29420485374563576,0.11548955562359173,1.0253123529638146,0.4034336677603964,long
2861,"{'window_k': 177, 'window_d': 42, 'window_ma': 207}","open_time
2022-01-01 00:00:00    100.000000
2022-01-01 01:00:00    100.000000
2022-01-01 02:00:00    100.000000
2022-01-01 03:00:00    100.000000
2022-01-01 04:00:00    100.000000
                          ...    
2023-05-01 19:00:00    107.611262
2023-05-01 20:00:00    107.611262
2023-05-01 21:00:00    107.611262
2023-05-01 22:00:00    107.611262
2023-05-01 23:00:00    107.611262
Freq: H, Length: 11664, dtype: float64",2022-01-01,2023-05-01 23:00:00,486 days,100.0,65.92978298726818,131.10136934887652,107.6112621431992,7.611262143199199,-70.17976286600607,42.15534979423868,100.0,49.0426391772647,216 days 11:00:00,136,0.0,68,35.294117647058826,29.820599673817572,-15.93768723786699,8.81434346315626,-4.200698105337781,4 days 10:37:30,2 days 05:35:27.272727272,1.0422879018525952,0.11193032563528282,0.4379677228414263,0.11548648604530459,1.0235078137027556,0.678495375047552,long
2652,"{'window_k': 162, 'window_d': 87, 'window_ma': 192}","open_time
2022-01-01 00:00:00    100.000000
2022-01-01 01:00:00    100.000000
2022-01-01 02:00:00    100.000000
2022-01-01 03:00:00    100.000000
2022-01-01 04:00:00    100.000000
                          ...    
2023-05-01 19:00:00    107.526771
2023-05-01 20:00:00    107.279832
2023-05-01 21:00:00    107.820012
2023-05-01 22:00:00    108.298458
2023-05-01 23:00:00    108.298458
Freq: H, Length: 11664, dtype: float64",2022-01-01,2023-05-01 23:00:00,486 days,100.0,80.68169994645183,173.6844890316534,108.29845774231674,8.298457742316742,-70.17976286600607,38.425925925925924,100.0,53.546974518980875,286 days 02:00:00,71,0.0,36,37.142857142857146,37.3387644263408,-16.875493848064114,13.406648297845075,-6.57307442481453,7 days 05:46:09.230769230,4 days 00:10:54.545454545,1.0391644318238649,0.19520724970914038,0.42729327367729447,0.11522824236272534,1.023946031867136,0.6549740890975966,long
819,"{'window_k': 57, 'window_d': 57, 'window_ma': 57}","open_time
2022-01-01 00:00:00    100.000000
2022-01-01 01:00:00    100.000000
2022-01-01 02:00:00    100.000000
2022-01-01 03:00:00    100.000000
2022-01-01 04:00:00    100.000000
                          ...    
2023-05-01 19:00:00    107.478299
2023-05-01 20:00:00    107.478299
2023-05-01 21:00:00    107.478299
2023-05-01 22:00:00    107.478299
2023-05-01 23:00:00    107.478299
Freq: H, Length: 11664, dtype: float64",2022-01-01,2023-05-01 23:00:00,486 days,100.0,72.3540627033891,140.17811532056265,107.47829946514373,7.478299465143736,-70.17976286600607,38.90603566529492,100.0,48.38419496657655,391 days 18:00:00,134,0.0,67,47.76119402985074,22.566718995290437,-14.937355552852457,6.0006470859071515,-4.792248557435405,3 days 11:46:52.500000,2 days 05:03:25.714285714,1.043492803396607,0.11161640992751876,0.4200561242633652,0.11503126956286645,1.024252535296581,0.6572986395864805,long
3816,"{'window_k': 222, 'window_d': 222, 'window_ma': 132}","open_time
2022-01-01 00:00:00    100.000000
2022-01-01 01:00:00    100.000000
2022-01-01 02:00:00    100.000000
2022-01-01 03:00:00    100.000000
2022-01-01 04:00:00    100.000000
                          ...    
2023-05-01 19:00:00    107.360764
2023-05-01 20:00:00    107.360764
2023-05-01 21:00:00    107.360764
2023-05-01 22:00:00    107.360764
2023-05-01 23:00:00    107.360764
Freq: H, Length: 11664, dtype: float64",2022-01-01,2023-05-01 23:00:00,486 days,100.0,71.05584761019632,140.55840996532655,107.36076424215636,7.360764242156365,-70.17976286600607,29.809670781893004,100.0,47.72447449476452,226 days 08:00:00,36,0.0,18,44.44444444444444,41.701818181818204,-18.767692017361764,13.252391976865843,-8.090232509317548,8 days 13:22:30,7 days 15:24:00,1.0843368016854393,0.40893134678646437,0.3579149603870319,0.11480445021540987,1.0208628593447493,0.512464596341743,long
915,"{'window_k': 57, 'window_d': 147, 'window_ma': 57}","open_time
2022-01-01 00:00:00    100.000000
2022-01-01 01:00:00    100.000000
2022-01-01 02:00:00    100.000000
2022-01-01 03:00:00    100.000000
2022-01-01 04:00:00    100.000000
                          ...    
2023-05-01 19:00:00    106.486197
2023-05-01 20:00:00    106.241647
2023-05-01 21:00:00    106.776600
2023-05-01 22:00:00    107.250416
2023-05-01 23:00:00    107.250416
Freq: H, Length: 11664, dtype: float64",2022-01-01,2023-05-01 23:00:00,486 days,100.0,67.26376298361144,127.82281815601624,107.25041578217295,7.250415782172951,-70.17976286600607,29.4238683127572,100.0,47.37734314266835,430 days 01:00:00,71,0.0,36,40.0,35.37717601547391,-14.774641245031326,9.130133231930545,-4.995257567874193,5 days 03:00:00,3 days 05:00:00,1.0663492714334317,0.19623733035669888,0.3555776385699833,0.11392680563098716,1.0201989547596964,0.5023523629631593,long
1366,"{'window_k': 87, 'window_d': 87, 'window_ma': 102}","open_time
2022-01-01 00:00:00    100.000000
2022-01-01 01:00:00    100.000000
2022-01-01 02:00:00    100.000000
2022-01-01 03:00:00    100.000000
2022-01-01 04:00:00    100.000000
                          ...    
2023-05-01 19:00:00    106.094639
2023-05-01 20:00:00    105.850988
2023-05-01 21:00:00    106.383974
2023-05-01 22:00:00    106.856047
2023-05-01 23:00:00    106.856047
Freq: H, Length: 11664, dtype: float64",2022-01-01,2023-05-01 23:00:00,486 days,100.0,63.455164631967996,180.64213398279037,106.856047316729,6.856047316729004,-70.17976286600607,37.91152263374485,100.0,45.07269970456471,194 days 16:00:00,91,0.0,46,42.22222222222222,35.09827517047734,-24.31428259206644,9.1684820314146,-5.535050297756832,5 days 08:00:00,2 days 23:27:41.538461538,1.0509967423649504,0.20413237458536226,0.4069819371578537,0.11329143241328447,1.0234575614575978,0.6238902924751994,long
2419,"{'window_k': 147, 'window_d': 117, 'window_ma': 57}","open_time
2022-01-01 00:00:00    100.000000
2022-01-01 01:00:00    100.000000
2022-01-01 02:00:00    100.000000
2022-01-01 03:00:00    100.000000
2022-01-01 04:00:00    100.000000
                          ...    
2023-05-01 19:00:00    106.265310
2023-05-01 20:00:00    106.021267
2023-05-01 21:00:00    106.555111
2023-05-01 22:00:00    107.027943
2023-05-01 23:00:00    107.027943
Freq: H, Length: 11664, dtype: float64",2022-01-01,2023-05-01 23:00:00,486 days,100.0,68.1201265651114,141.12166315694506,107.02794312075915,7.027943120759147,-70.17976286600607,30.058299039780522,100.0,46.76870226746777,286 days 02:00:00,67,0.0,34,45.45454545454545,29.85413904148514,-15.048543689320395,8.246028092973233,-5.71933766319663,5 days 01:32:00,3 days 16:46:40,1.0511756966007657,0.17968943377197544,0.37232852278666106,0.11189769742207316,1.0221775224443965,0.540407338165217,long
681,"{'window_k': 42, 'window_d': 162, 'window_ma': 147}","open_time
2022-01-01 00:00:00    100.000000
2022-01-01 01:00:00    100.000000
2022-01-01 02:00:00    100.000000
2022-01-01 03:00:00    100.000000
2022-01-01 04:00:00    100.000000
                          ...    
2023-05-01 19:00:00    107.851442
2023-05-01 20:00:00    107.603756
2023-05-01 21:00:00    108.145568
2023-05-01 22:00:00    108.625458
2023-05-01 23:00:00    108.625458
Freq: H, Length: 11664, dtype: float64",2022-01-01,2023-05-01 23:00:00,486 days,100.0,73.0893656099608,171.34825435004612,108.62545808345654,8.625458083456536,-70.17976286600607,38.93175582990398,100.0,57.34455195519701,395 days 04:00:00,79,0.0,40,28.205128205128204,33.81668218704269,-16.308985132514543,15.715324438679204,-5.075547415539224,7 days 19:21:49.090909091,3 days 13:27:51.428571428,1.0488262152456609,0.20608219585564402,0.39730971926223724,0.1117942933313769,1.0194679305465444,0.5592637431735027,long
1014,"{'window_k': 57, 'window_d': 237, 'window_ma': 102}","open_time
2022-01-01 00:00:00    100.000000
2022-01-01 01:00:00    100.000000
2022-01-01 02:00:00    100.000000
2022-01-01 03:00:00    100.000000
2022-01-01 04:00:00    100.000000
                          ...    
2023-05-01 19:00:00    107.757173
2023-05-01 20:00:00    107.757173
2023-05-01 21:00:00    108.299757
2023-05-01 22:00:00    108.780331
2023-05-01 23:00:00    108.780331
Freq: H, Length: 11664, dtype: float64",2022-01-01,2023-05-01 23:00:00,486 days,100.0,57.34620965648298,138.3957170424794,108.78033142464547,8.780331424645468,-70.17976286600607,31.730109739369,100.0,58.563595115533055,391 days 18:00:00,53,0.0,27,34.61538461538461,40.41986989946776,-14.533747269173277,13.744762093676055,-5.79738856702958,8 days 18:20:00,4 days 10:07:03.529411764,1.0875195958861223,0.2983528120318275,0.3794912610262232,0.11141249700812633,1.0204882492314373,0.5372620644312422,long
1301,"{'window_k': 87, 'window_d': 27, 'window_ma': 87}","open_time
2022-01-01 00:00:00    100.000000
2022-01-01 01:00:00    100.000000
2022-01-01 02:00:00    100.000000
2022-01-01 03:00:00    100.000000
2022-01-01 04:00:00    100.000000
                          ...    
2023-05-01 19:00:00    107.877093
2023-05-01 20:00:00    107.877093
2023-05-01 21:00:00    107.877093
2023-05-01 22:00:00    107.877093
2023-05-01 23:00:00    107.877093
Freq: H, Length: 11664, dtype: float64",2022-01-01,2023-05-01 23:00:00,486 days,100.0,47.67728300696143,123.2390878156961,107.87709320788291,7.877093207882907,-70.17976286600607,37.997256515775035,100.0,52.75401548006572,304 days 22:00:00,200,0.0,100,40.0,28.719620628334336,-14.508205289014331,6.555898116891246,-3.8325001831248673,2 days 16:00:00,1 days 07:12:00,1.043830150817858,0.07877093207882857,0.42341456192807386,0.11107657796132524,1.0245759294495582,0.665548806045376,long
1270,"{'window_k': 72, 'window_d': 237, 'window_ma': 102}","open_time
2022-01-01 00:00:00    100.000000
2022-01-01 01:00:00    100.000000
2022-01-01 02:00:00    100.000000
2022-01-01 03:00:00    100.000000
2022-01-01 04:00:00    100.000000
                          ...    
2023-05-01 19:00:00    108.271517
2023-05-01 20:00:00    108.271517
2023-05-01 21:00:00    108.271517
2023-05-01 22:00:00    108.271517
2023-05-01 23:00:00    108.271517
Freq: H, Length: 11664, dtype: float64",2022-01-01,2023-05-01 23:00:00,486 days,100.0,59.7975275891016,134.52409764872775,108.27151712763474,8.271517127634738,-70.17976286600607,31.027091906721537,100.0,55.54883575934015,391 days 18:00:00,48,0.0,24,41.66666666666667,39.2762186115214,-11.085810162991367,10.760322379370676,-5.999382405845603,7 days 19:24:00,5 days 04:38:34.285714285,1.110235333350583,0.3446465469847806,0.3687860084010981,0.11071856887424397,1.0202252830420808,0.5205858015209157,long
323,"{'window_k': 27, 'window_d': 72, 'window_ma': 57}","open_time
2022-01-01 00:00:00    100.000000
2022-01-01 01:00:00    100.000000
2022-01-01 02:00:00    100.000000
2022-01-01 03:00:00    100.000000
2022-01-01 04:00:00    100.000000
                          ...    
2023-05-01 19:00:00    106.658198
2023-05-01 20:00:00    106.658198
2023-05-01 21:00:00    106.658198
2023-05-01 22:00:00    106.658198
2023-05-01 23:00:00    106.658198
Freq: H, Length: 11664, dtype: float64",2022-01-01,2023-05-01 23:00:00,486 days,100.0,79.05371951693597,143.28082667557496,106.65819807957332,6.658198079573324,-70.17976286600607,36.48834019204389,100.0,44.826030564484284,355 days 14:00:00,134,0.0,67,47.76119402985074,20.26143790849672,-16.093469143199517,5.522041956001824,-4.425692510982344,3 days 09:05:37.500000,1 days 23:27:25.714285714,1.0391292526467115,0.09937609073990128,0.4100330773261437,0.11065355396023413,1.024846378081974,0.6500143851431897,long
697,"{'window_k': 42, 'window_d': 177, 'window_ma': 147}","open_time
2022-01-01 00:00:00    100.000000
2022-01-01 01:00:00    100.000000
2022-01-01 02:00:00    100.000000
2022-01-01 03:00:00    100.000000
2022-01-01 04:00:00    100.000000
                          ...    
2023-05-01 19:00:00    107.052196
2023-05-01 20:00:00    106.806347
2023-05-01 21:00:00    107.344143
2023-05-01 22:00:00    107.820477
2023-05-01 23:00:00    107.820477
Freq: H, Length: 11664, dtype: float64",2022-01-01,2023-05-01 23:00:00,486 days,100.0,76.07270047727435,164.42280801777488,107.82047686996677,7.820476869966768,-70.17976286600607,38.41735253772291,100.0,53.73348661637591,309 days 12:00:00,69,0.0,35,35.294117647058826,37.362023194075746,-11.770211770211773,12.734471674337819,-5.723873557999057,8 days 00:25:00,3 days 23:21:49.090909090,1.0487716711251487,0.21374455745809762,0.38278155179306084,0.10827526385748083,1.018578243185305,0.5421691211677686,long
1894,"{'window_k': 117, 'window_d': 102, 'window_ma': 102}","open_time
2022-01-01 00:00:00    100.000000
2022-01-01 01:00:00    100.000000
2022-01-01 02:00:00    100.000000
2022-01-01 03:00:00    100.000000
2022-01-01 04:00:00    100.000000
                          ...    
2023-05-01 19:00:00    107.406413
2023-05-01 20:00:00    107.159750
2023-05-01 21:00:00    107.699326
2023-05-01 22:00:00    108.177235
2023-05-01 23:00:00    108.177235
Freq: H, Length: 11664, dtype: float64",2022-01-01,2023-05-01 23:00:00,486 days,100.0,60.23137943219687,144.76302919695573,108.17723548595013,8.177235485950135,-70.17976286600607,39.72908093278464,100.0,56.354241072972165,330 days 03:00:00,75,0.0,38,32.432432432432435,34.081237911025156,-22.867874502872297,14.663139947183366,-5.8140066344656995,6 days 14:50:00,4 days 08:50:24,1.0416473410159435,0.18142358532269842,0.41157248330745094,0.10790419643795605,1.0211361844912128,0.588648022135738,long
3608,"{'window_k': 222, 'window_d': 27, 'window_ma': 132}","open_time
2022-01-01 00:00:00    100.000000
2022-01-01 01:00:00    100.000000
2022-01-01 02:00:00    100.000000
2022-01-01 03:00:00    100.000000
2022-01-01 04:00:00    100.000000
                          ...    
2023-05-01 19:00:00    108.571837
2023-05-01 20:00:00    108.571837
2023-05-01 21:00:00    108.571837
2023-05-01 22:00:00    108.571837
2023-05-01 23:00:00    108.571837
Freq: H, Length: 11664, dtype: float64",2022-01-01,2023-05-01 23:00:00,486 days,100.0,46.22758242861165,124.5762629717971,108.57183725760632,8.571837257606319,-70.17976286600607,37.37139917695473,100.0,59.06448532212648,242 days 20:00:00,186,0.0,93,32.25806451612903,29.846743295019166,-11.895365881159092,8.407667872036837,-3.478647065913935,3 days 00:32:00,1 days 10:39:02.857142857,1.0444025615016448,0.09217029309254032,0.4276607409322139,0.10787093905760715,1.0248431111383745,0.6645336499599505,long
1150,"{'window_k': 72, 'window_d': 117, 'window_ma': 222}","open_time
2022-01-01 00:00:00    100.000000
2022-01-01 01:00:00    100.000000
2022-01-01 02:00:00    100.000000
2022-01-01 03:00:00    100.000000
2022-01-01 04:00:00    100.000000
                          ...    
2023-05-01 19:00:00    106.290723
2023-05-01 20:00:00    106.046622
2023-05-01 21:00:00    106.580593
2023-05-01 22:00:00    107.053538
2023-05-01 23:00:00    107.053538
Freq: H, Length: 11664, dtype: float64",2022-01-01,2023-05-01 23:00:00,486 days,100.0,73.97459507963407,144.67649345902277,107.05353822343686,7.05353822343686,-70.17976286600607,43.072702331961594,100.0,48.86896045722441,391 days 18:00:00,79,0.0,40,38.46153846153847,32.842492768866684,-20.031796502384736,11.848316126431827,-6.201971617639646,7 days 03:04:00,4 days 01:35:00,1.0404133393761121,0.17655689221194937,0.3876643242674574,0.10747537535761115,1.0182178807669615,0.5430418840207821,long
2602,"{'window_k': 162, 'window_d': 42, 'window_ma': 162}","open_time
2022-01-01 00:00:00    100.000000
2022-01-01 01:00:00    100.000000
2022-01-01 02:00:00    100.000000
2022-01-01 03:00:00    100.000000
2022-01-01 04:00:00    100.000000
                          ...    
2023-05-01 19:00:00    107.406947
2023-05-01 20:00:00    107.406947
2023-05-01 21:00:00    107.406947
2023-05-01 22:00:00    107.406947
2023-05-01 23:00:00    107.406947
Freq: H, Length: 11664, dtype: float64",2022-01-01,2023-05-01 23:00:00,486 days,100.0,62.58366500997404,129.6280491545312,107.40694652054619,7.406946520546185,-70.17976286600607,42.79835390946502,100.0,51.48986750819672,305 days 14:00:00,138,0.0,69,39.130434782608695,32.01605821101492,-15.93768723786699,8.140065716565346,-4.564256675700785,4 days 03:00:00,2 days 07:12:51.428571428,1.0413192578858914,0.10734705102240971,0.43872447722822455,0.10707070705389793,1.023401724106271,0.6765989980222801,long
2605,"{'window_k': 162, 'window_d': 42, 'window_ma': 207}","open_time
2022-01-01 00:00:00    100.000000
2022-01-01 01:00:00    100.000000
2022-01-01 02:00:00    100.000000
2022-01-01 03:00:00    100.000000
2022-01-01 04:00:00    100.000000
                          ...    
2023-05-01 19:00:00    107.406947
2023-05-01 20:00:00    107.406947
2023-05-01 21:00:00    107.406947
2023-05-01 22:00:00    107.406947
2023-05-01 23:00:00    107.406947
Freq: H, Length: 11664, dtype: float64",2022-01-01,2023-05-01 23:00:00,486 days,100.0,62.58366500997404,129.6280491545312,107.40694652054619,7.406946520546185,-70.17976286600607,42.79835390946502,100.0,51.48986750819672,305 days 14:00:00,138,0.0,69,39.130434782608695,32.01605821101492,-15.93768723786699,8.140065716565346,-4.564256675700785,4 days 03:00:00,2 days 07:12:51.428571428,1.0413192578858914,0.10734705102240971,0.43872447722822455,0.10707070705389793,1.023401724106271,0.6765989980222801,long
2606,"{'window_k': 162, 'window_d': 42, 'window_ma': 222}","open_time
2022-01-01 00:00:00    100.000000
2022-01-01 01:00:00    100.000000
2022-01-01 02:00:00    100.000000
2022-01-01 03:00:00    100.000000
2022-01-01 04:00:00    100.000000
                          ...    
2023-05-01 19:00:00    107.406947
2023-05-01 20:00:00    107.406947
2023-05-01 21:00:00    107.406947
2023-05-01 22:00:00    107.406947
2023-05-01 23:00:00    107.406947
Freq: H, Length: 11664, dtype: float64",2022-01-01,2023-05-01 23:00:00,486 days,100.0,62.58366500997404,129.6280491545312,107.40694652054619,7.406946520546185,-70.17976286600607,42.79835390946502,100.0,51.48986750819672,305 days 14:00:00,138,0.0,69,39.130434782608695,32.01605821101492,-15.93768723786699,8.140065716565346,-4.564256675700785,4 days 03:00:00,2 days 07:12:51.428571428,1.0413192578858914,0.10734705102240971,0.43872447722822455,0.10707070705389793,1.023401724106271,0.6765989980222801,long
2604,"{'window_k': 162, 'window_d': 42, 'window_ma': 192}","open_time
2022-01-01 00:00:00    100.000000
2022-01-01 01:00:00    100.000000
2022-01-01 02:00:00    100.000000
2022-01-01 03:00:00    100.000000
2022-01-01 04:00:00    100.000000
                          ...    
2023-05-01 19:00:00    107.406947
2023-05-01 20:00:00    107.406947
2023-05-01 21:00:00    107.406947
2023-05-01 22:00:00    107.406947
2023-05-01 23:00:00    107.406947
Freq: H, Length: 11664, dtype: float64",2022-01-01,2023-05-01 23:00:00,486 days,100.0,62.58366500997404,129.6280491545312,107.40694652054619,7.406946520546185,-70.17976286600607,42.79835390946502,100.0,51.48986750819672,305 days 14:00:00,138,0.0,69,39.130434782608695,32.01605821101492,-15.93768723786699,8.140065716565346,-4.564256675700785,4 days 03:00:00,2 days 07:12:51.428571428,1.0413192578858914,0.10734705102240971,0.43872447722822455,0.10707070705389793,1.023401724106271,0.6765989980222801,long
1627,"{'window_k': 102, 'window_d': 87, 'window_ma': 177}","open_time
2022-01-01 00:00:00    100.000000
2022-01-01 01:00:00    100.000000
2022-01-01 02:00:00    100.000000
2022-01-01 03:00:00    100.000000
2022-01-01 04:00:00    100.000000
                          ...    
2023-05-01 19:00:00    106.086346
2023-05-01 20:00:00    105.842715
2023-05-01 21:00:00    106.375659
2023-05-01 22:00:00    106.847695
2023-05-01 23:00:00    106.847695
Freq: H, Length: 11664, dtype: float64",2022-01-01,2023-05-01 23:00:00,486 days,100.0,61.79795392049464,191.66245587268148,106.8476951872489,6.847695187248902,-70.17976286600607,36.822702331961594,100.0,48.27768346523023,194 days 16:00:00,81,0.0,41,42.5,38.861286424063366,-21.941747572815533,10.085761058513377,-6.14364298159364,5 days 17:56:28.235294117,3 days 07:13:02.608695652,1.0471214255272012,0.21573128639672845,0.40509629314168094,0.10564261388356169,1.0236354775096697,0.6229280207180128,long
691,"{'window_k': 42, 'window_d': 177, 'window_ma': 57}","open_time
2022-01-01 00:00:00    100.000000
2022-01-01 01:00:00    100.000000
2022-01-01 02:00:00    100.000000
2022-01-01 03:00:00    100.000000
2022-01-01 04:00:00    100.000000
                          ...    
2023-05-01 19:00:00    106.122096
2023-05-01 20:00:00    105.878382
2023-05-01 21:00:00    106.411506
2023-05-01 22:00:00    106.883701
2023-05-01 23:00:00    106.883701
Freq: H, Length: 11664, dtype: float64",2022-01-01,2023-05-01 23:00:00,486 days,100.0,71.64746798052921,139.996529980882,106.88370134487873,6.88370134487873,-70.17976286600607,29.295267489711936,100.0,48.82196866571377,286 days 02:00:00,71,0.0,36,40.0,29.854139041485144,-11.770211770211766,9.431806534516038,-5.243321707748605,4 days 23:08:34.285714285,3 days 07:45:42.857142857,1.054510981022132,0.18100987026852522,0.3433749364317845,0.10500967265309408,1.0193199304557576,0.4876085337642987,long
630,"{'window_k': 42, 'window_d': 117, 'window_ma': 102}","open_time
2022-01-01 00:00:00    100.000000
2022-01-01 01:00:00    100.000000
2022-01-01 02:00:00    100.000000
2022-01-01 03:00:00    100.000000
2022-01-01 04:00:00    100.000000
                          ...    
2023-05-01 19:00:00    106.426930
2023-05-01 20:00:00    106.182516
2023-05-01 21:00:00    106.717171
2023-05-01 22:00:00    107.190723
2023-05-01 23:00:00    107.190723
Freq: H, Length: 11664, dtype: float64",2022-01-01,2023-05-01 23:00:00,486 days,100.0,62.568078458857805,152.1981099351723,107.19072321887741,7.19072321887741,-70.17976286600607,41.81241426611797,100.0,51.157004467022325,194 days 16:00:00,87,0.0,44,41.86046511627907,42.50568257788475,-17.114404817044928,9.246379546837993,-5.5215950663103115,6 days 00:26:40,3 days 13:57:36,1.0551704936190331,0.2087906759447029,0.4035323209852905,0.10464823013995198,1.020312765614917,0.5788420086255226,long
2934,"{'window_k': 177, 'window_d': 117, 'window_ma': 102}","open_time
2022-01-01 00:00:00    100.000000
2022-01-01 01:00:00    100.000000
2022-01-01 02:00:00    100.000000
2022-01-01 03:00:00    100.000000
2022-01-01 04:00:00    100.000000
                          ...    
2023-05-01 19:00:00    106.449283
2023-05-01 20:00:00    106.204818
2023-05-01 21:00:00    106.739585
2023-05-01 22:00:00    107.213236
2023-05-01 23:00:00    107.213236
Freq: H, Length: 11664, dtype: float64",2022-01-01,2023-05-01 23:00:00,486 days,100.0,73.21566058662992,151.62919001538373,107.21323634047114,7.213236340471141,-70.17976286600607,35.94821673525377,100.0,51.71400666375535,391 days 18:00:00,63,0.0,32,32.25806451612903,34.40078310725772,-12.885619364024675,13.727098011852165,-5.331893478418747,8 days 04:36:00,4 days 06:28:34.285714285,1.050283747391619,0.20804138145638262,0.4063701204728522,0.10384242279578233,1.0234909950736497,0.618323274063071,long
3680,"{'window_k': 222, 'window_d': 102, 'window_ma': 12}","open_time
2022-01-01 00:00:00    100.000000
2022-01-01 01:00:00    100.000000
2022-01-01 02:00:00    100.000000
2022-01-01 03:00:00    100.000000
2022-01-01 04:00:00    100.000000
                          ...    
2023-05-01 19:00:00    106.327918
2023-05-01 20:00:00    106.327918
2023-05-01 21:00:00    106.327918
2023-05-01 22:00:00    106.327918
2023-05-01 23:00:00    106.327918
Freq: H, Length: 11664, dtype: float64",2022-01-01,2023-05-01 23:00:00,486 days,100.0,85.58009199686813,158.49695118182794,106.32791767745692,6.327917677456924,-70.17976286600607,14.857681755829905,100.0,46.00521249226395,355 days 14:00:00,64,0.0,32,43.75,20.74498567335243,-19.50160036579789,6.744075570118167,-4.328173467088439,2 days 08:08:34.285714285,2 days 04:36:40,1.0733492062382137,0.19774742742052887,0.3203062280389808,0.10250934778507495,1.0315722626599713,0.5192918273163698,long
2915,"{'window_k': 177, 'window_d': 102, 'window_ma': 57}","open_time
2022-01-01 00:00:00    100.000000
2022-01-01 01:00:00    100.000000
2022-01-01 02:00:00    100.000000
2022-01-01 03:00:00    100.000000
2022-01-01 04:00:00    100.000000
                          ...    
2023-05-01 19:00:00    105.761145
2023-05-01 20:00:00    105.518261
2023-05-01 21:00:00    106.049571
2023-05-01 22:00:00    106.520160
2023-05-01 23:00:00    106.520160
Freq: H, Length: 11664, dtype: float64",2022-01-01,2023-05-01 23:00:00,486 days,100.0,65.76393868607666,137.75990330840915,106.52016037947197,6.5201603794719745,-70.17976286600607,30.478395061728396,100.0,47.84356359107336,298 days 09:00:00,67,0.0,34,39.39393939393939,29.78038621734191,-17.29545454545456,10.678763201309959,-5.775076371184595,5 days 13:23:04.615384615,3 days 14:36:00,1.054012928019732,0.20494076268813055,0.38891097542158437,0.10154183682516552,1.0250867050631267,0.6018158947421764,long
3202,"{'window_k': 192, 'window_d': 132, 'window_ma': 42}","open_time
2022-01-01 00:00:00    100.00000
2022-01-01 01:00:00    100.00000
2022-01-01 02:00:00    100.00000
2022-01-01 03:00:00    100.00000
2022-01-01 04:00:00    100.00000
                         ...    
2023-05-01 19:00:00    106.29606
2023-05-01 20:00:00    106.29606
2023-05-01 21:00:00    106.29606
2023-05-01 22:00:00    106.29606
2023-05-01 23:00:00    106.29606
Freq: H, Length: 11664, dtype: float64",2022-01-01,2023-05-01 23:00:00,486 days,100.0,84.49930662727067,160.24553518719776,106.29606031647958,6.296060316479584,-70.17976286600607,25.968792866941016,100.0,46.52590673907006,314 days 09:00:00,58,0.0,29,37.93103448275862,31.503759398496236,-14.047523961661343,10.931953405976879,-5.467421704019574,5 days 07:10:54.545454545,3 days 18:33:20,1.0534513273040822,0.2171055281544687,0.3541444302788209,0.10085564584266266,1.0229726568152007,0.5198080100202119,long
2068,"{'window_k': 132, 'window_d': 27, 'window_ma': 72}","open_time
2022-01-01 00:00:00    100.000000
2022-01-01 01:00:00    100.000000
2022-01-01 02:00:00    100.000000
2022-01-01 03:00:00    100.000000
2022-01-01 04:00:00    100.000000
                          ...    
2023-05-01 19:00:00    107.941129
2023-05-01 20:00:00    107.941129
2023-05-01 21:00:00    107.941129
2023-05-01 22:00:00    107.941129
2023-05-01 23:00:00    107.941129
Freq: H, Length: 11664, dtype: float64",2022-01-01,2023-05-01 23:00:00,486 days,100.0,40.94553303122761,121.30042824984957,107.94112867088303,7.941128670883031,-70.17976286600607,36.059670781893004,100.0,59.635443493546994,395 days 11:00:00,192,0.0,96,39.58333333333333,25.406504065040654,-14.461569764484464,6.73302735589238,-3.8482850768609786,2 days 15:52:06.315789473,1 days 06:40:20.689655172,1.0449642460585404,0.08272009032169758,0.41636410422837916,0.09905057804235595,1.0246665999387168,0.6541187078578771,long
2082,"{'window_k': 132, 'window_d': 42, 'window_ma': 42}","open_time
2022-01-01 00:00:00    100.000000
2022-01-01 01:00:00    100.000000
2022-01-01 02:00:00    100.000000
2022-01-01 03:00:00    100.000000
2022-01-01 04:00:00    100.000000
                          ...    
2023-05-01 19:00:00    106.673749
2023-05-01 20:00:00    106.673749
2023-05-01 21:00:00    106.673749
2023-05-01 22:00:00    106.673749
2023-05-01 23:00:00    106.673749
Freq: H, Length: 11664, dtype: float64",2022-01-01,2023-05-01 23:00:00,486 days,100.0,77.02453287964298,154.9201486079578,106.67374893111035,6.673748931110353,-70.17976286600607,30.29835390946502,100.0,50.28113930192393,194 days 16:00:00,118,0.0,59,33.89830508474576,26.65214233841685,-15.93768723786699,9.043988372994079,-4.0139710370767885,3 days 05:09:00,2 days 03:03:04.615384615,1.0396643098613405,0.11311438866288714,0.3910017478084671,0.09887708698628961,1.0259831409676679,0.627914021955442,long
978,"{'window_k': 57, 'window_d': 207, 'window_ma': 42}","open_time
2022-01-01 00:00:00    100.000000
2022-01-01 01:00:00    100.000000
2022-01-01 02:00:00    100.000000
2022-01-01 03:00:00    100.000000
2022-01-01 04:00:00    100.000000
                          ...    
2023-05-01 19:00:00    107.657368
2023-05-01 20:00:00    107.657368
2023-05-01 21:00:00    107.657368
2023-05-01 22:00:00    107.657368
2023-05-01 23:00:00    107.657368
Freq: H, Length: 11664, dtype: float64",2022-01-01,2023-05-01 23:00:00,486 days,100.0,71.83615783122941,169.62477336229628,107.6573684089072,7.657368408907203,-70.17976286600607,23.61111111111111,100.0,57.64996090647868,355 days 14:00:00,56,0.0,28,35.714285714285715,33.15569090216979,-13.991228070175435,12.963530239841441,-5.835196237133344,5 days 14:36:00,3 days 06:13:20,1.0708784635571245,0.27347744317525713,0.3557418046886788,0.09883373084240574,1.0263039963007408,0.5544433694738051,long
555,"{'window_k': 42, 'window_d': 42, 'window_ma': 177}","open_time
2022-01-01 00:00:00    100.000000
2022-01-01 01:00:00    100.000000
2022-01-01 02:00:00    100.000000
2022-01-01 03:00:00    100.000000
2022-01-01 04:00:00    100.000000
                          ...    
2023-05-01 19:00:00    107.128848
2023-05-01 20:00:00    107.128848
2023-05-01 21:00:00    107.128848
2023-05-01 22:00:00    107.128848
2023-05-01 23:00:00    107.128848
Freq: H, Length: 11664, dtype: float64",2022-01-01,2023-05-01 23:00:00,486 days,100.0,46.9392719570296,122.4063391745355,107.12884824827225,7.128848248272249,-70.17976286600607,39.16323731138546,100.0,53.96876647338797,304 days 23:00:00,172,0.0,86,39.53488372093023,26.36842671254972,-18.872870249017033,7.314629657461484,-4.20007516866385,3 days 03:49:24.705882352,1 days 14:16:09.230769230,1.0413941598195187,0.08289358428223537,0.4170269492195948,0.09834972415434372,1.0237895898467964,0.6493284749139107,long
3887,"{'window_k': 237, 'window_d': 42, 'window_ma': 237}","open_time
2022-01-01 00:00:00    100.000000
2022-01-01 01:00:00    100.000000
2022-01-01 02:00:00    100.000000
2022-01-01 03:00:00    100.000000
2022-01-01 04:00:00    100.000000
                          ...    
2023-05-01 19:00:00    105.783977
2023-05-01 20:00:00    105.541040
2023-05-01 21:00:00    106.072465
2023-05-01 22:00:00    106.543156
2023-05-01 23:00:00    106.543156
Freq: H, Length: 11664, dtype: float64",2022-01-01,2023-05-01 23:00:00,486 days,100.0,74.15736214100427,152.01145052361645,106.54315627399322,6.543156273993218,-70.17976286600607,40.33779149519891,100.0,49.704336451290104,275 days 07:00:00,129,0.0,65,39.0625,25.89655580542076,-17.286531690140837,7.475229542649875,-4.144773475911907,3 days 23:24:00,2 days 08:10:46.153846153,1.048925954788648,0.1361626205148907,0.41812990514104686,0.09808246773621947,1.0225640447789022,0.6376677053729575,long
3885,"{'window_k': 237, 'window_d': 42, 'window_ma': 207}","open_time
2022-01-01 00:00:00    100.000000
2022-01-01 01:00:00    100.000000
2022-01-01 02:00:00    100.000000
2022-01-01 03:00:00    100.000000
2022-01-01 04:00:00    100.000000
                          ...    
2023-05-01 19:00:00    105.783977
2023-05-01 20:00:00    105.541040
2023-05-01 21:00:00    106.072465
2023-05-01 22:00:00    106.543156
2023-05-01 23:00:00    106.543156
Freq: H, Length: 11664, dtype: float64",2022-01-01,2023-05-01 23:00:00,486 days,100.0,74.15736214100427,152.01145052361645,106.54315627399322,6.543156273993218,-70.17976286600607,40.33779149519891,100.0,49.704336451290104,275 days 07:00:00,129,0.0,65,39.0625,25.89655580542076,-17.286531690140837,7.475229542649875,-4.144773475911907,3 days 23:24:00,2 days 08:10:46.153846153,1.048925954788648,0.1361626205148907,0.41812990514104686,0.09808246773621947,1.0225640447789022,0.6376677053729575,long
3886,"{'window_k': 237, 'window_d': 42, 'window_ma': 222}","open_time
2022-01-01 00:00:00    100.000000
2022-01-01 01:00:00    100.000000
2022-01-01 02:00:00    100.000000
2022-01-01 03:00:00    100.000000
2022-01-01 04:00:00    100.000000
                          ...    
2023-05-01 19:00:00    105.783977
2023-05-01 20:00:00    105.541040
2023-05-01 21:00:00    106.072465
2023-05-01 22:00:00    106.543156
2023-05-01 23:00:00    106.543156
Freq: H, Length: 11664, dtype: float64",2022-01-01,2023-05-01 23:00:00,486 days,100.0,74.15736214100427,152.01145052361645,106.54315627399322,6.543156273993218,-70.17976286600607,40.33779149519891,100.0,49.704336451290104,275 days 07:00:00,129,0.0,65,39.0625,25.89655580542076,-17.286531690140837,7.475229542649875,-4.144773475911907,3 days 23:24:00,2 days 08:10:46.153846153,1.048925954788648,0.1361626205148907,0.41812990514104686,0.09808246773621947,1.0225640447789022,0.6376677053729575,long
3882,"{'window_k': 237, 'window_d': 42, 'window_ma': 162}","open_time
2022-01-01 00:00:00    100.000000
2022-01-01 01:00:00    100.000000
2022-01-01 02:00:00    100.000000
2022-01-01 03:00:00    100.000000
2022-01-01 04:00:00    100.000000
                          ...    
2023-05-01 19:00:00    105.783977
2023-05-01 20:00:00    105.541040
2023-05-01 21:00:00    106.072465
2023-05-01 22:00:00    106.543156
2023-05-01 23:00:00    106.543156
Freq: H, Length: 11664, dtype: float64",2022-01-01,2023-05-01 23:00:00,486 days,100.0,74.15736214100427,152.01145052361645,106.54315627399322,6.543156273993218,-70.17976286600607,40.33779149519891,100.0,49.704336451290104,275 days 07:00:00,129,0.0,65,39.0625,25.89655580542076,-17.286531690140837,7.475229542649875,-4.144773475911907,3 days 23:24:00,2 days 08:10:46.153846153,1.048925954788648,0.1361626205148907,0.41812990514104686,0.09808246773621947,1.0225640447789022,0.6376677053729575,long
3884,"{'window_k': 237, 'window_d': 42, 'window_ma': 192}","open_time
2022-01-01 00:00:00    100.000000
2022-01-01 01:00:00    100.000000
2022-01-01 02:00:00    100.000000
2022-01-01 03:00:00    100.000000
2022-01-01 04:00:00    100.000000
                          ...    
2023-05-01 19:00:00    105.783977
2023-05-01 20:00:00    105.541040
2023-05-01 21:00:00    106.072465
2023-05-01 22:00:00    106.543156
2023-05-01 23:00:00    106.543156
Freq: H, Length: 11664, dtype: float64",2022-01-01,2023-05-01 23:00:00,486 days,100.0,74.15736214100427,152.01145052361645,106.54315627399322,6.543156273993218,-70.17976286600607,40.33779149519891,100.0,49.704336451290104,275 days 07:00:00,129,0.0,65,39.0625,25.89655580542076,-17.286531690140837,7.475229542649875,-4.144773475911907,3 days 23:24:00,2 days 08:10:46.153846153,1.048925954788648,0.1361626205148907,0.41812990514104686,0.09808246773621947,1.0225640447789022,0.6376677053729575,long
2389,"{'window_k': 147, 'window_d': 87, 'window_ma': 87}","open_time
2022-01-01 00:00:00    100.000000
2022-01-01 01:00:00    100.000000
2022-01-01 02:00:00    100.000000
2022-01-01 03:00:00    100.000000
2022-01-01 04:00:00    100.000000
                          ...    
2023-05-01 19:00:00    106.375954
2023-05-01 20:00:00    106.375954
2023-05-01 21:00:00    106.375954
2023-05-01 22:00:00    106.375954
2023-05-01 23:00:00    106.375954
Freq: H, Length: 11664, dtype: float64",2022-01-01,2023-05-01 23:00:00,486 days,100.0,80.52127052591167,166.35088779241678,106.37595437169415,6.375954371694149,-70.17976286600607,38.40877914951989,100.0,48.54929321205839,286 days 02:00:00,80,0.0,40,45.0,36.81518373939965,-19.66116807846635,9.58486828848401,-6.587424700830489,5 days 20:39:59.999999999,3 days 16:32:43.636363636,1.035642231647448,0.15939885929235498,0.40257580249112945,0.09786944407048027,1.0227767644934072,0.6178620729497459,long
1148,"{'window_k': 72, 'window_d': 117, 'window_ma': 192}","open_time
2022-01-01 00:00:00    100.000000
2022-01-01 01:00:00    100.000000
2022-01-01 02:00:00    100.000000
2022-01-01 03:00:00    100.000000
2022-01-01 04:00:00    100.000000
                          ...    
2023-05-01 19:00:00    105.655130
2023-05-01 20:00:00    105.412488
2023-05-01 21:00:00    105.943266
2023-05-01 22:00:00    106.413384
2023-05-01 23:00:00    106.413384
Freq: H, Length: 11664, dtype: float64",2022-01-01,2023-05-01 23:00:00,486 days,100.0,73.97459507963407,144.67649345902277,106.41338367104277,6.413383671042766,-70.17976286600607,43.44993141289438,100.0,48.86896045722441,391 days 18:00:00,79,0.0,40,38.46153846153847,32.842492768866684,-20.03179650238473,11.848316126431824,-6.226709020592911,7 days 03:04:00,4 days 03:25:00,1.0366089038262547,0.1601684042027074,0.38081841049361703,0.09779566186558186,1.0178289365131148,0.533113205581519,long
2931,"{'window_k': 177, 'window_d': 117, 'window_ma': 57}","open_time
2022-01-01 00:00:00    100.000000
2022-01-01 01:00:00    100.000000
2022-01-01 02:00:00    100.000000
2022-01-01 03:00:00    100.000000
2022-01-01 04:00:00    100.000000
                          ...    
2023-05-01 19:00:00    105.719783
2023-05-01 20:00:00    105.476993
2023-05-01 21:00:00    106.008096
2023-05-01 22:00:00    106.478501
2023-05-01 23:00:00    106.478501
Freq: H, Length: 11664, dtype: float64",2022-01-01,2023-05-01 23:00:00,486 days,100.0,64.91105244010183,132.82532515683278,106.47850101053166,6.47850101053166,-70.17976286600607,28.583676268861453,100.0,50.39004789859091,314 days 09:00:00,63,0.0,32,41.935483870967744,30.720823798626995,-12.88561936402467,9.828980690725933,-5.864390529947529,5 days 05:50:46.153846153,3 days 18:10:00,1.0495969846054598,0.1845091254895901,0.38002952415983526,0.09579912742135162,1.0253427433424487,0.5861006295518804,long
1218,"{'window_k': 72, 'window_d': 192, 'window_ma': 42}","open_time
2022-01-01 00:00:00    100.000000
2022-01-01 01:00:00    100.000000
2022-01-01 02:00:00    100.000000
2022-01-01 03:00:00    100.000000
2022-01-01 04:00:00    100.000000
                          ...    
2023-05-01 19:00:00    106.662257
2023-05-01 20:00:00    106.662257
2023-05-01 21:00:00    106.662257
2023-05-01 22:00:00    106.662257
2023-05-01 23:00:00    106.662257
Freq: H, Length: 11664, dtype: float64",2022-01-01,2023-05-01 23:00:00,486 days,100.0,69.75400899844306,146.75054614507192,106.66225683600317,6.662256836003166,-70.17976286600607,25.051440329218106,100.0,52.46763243423508,314 days 09:00:00,54,0.0,27,37.03703703703704,33.307926829268325,-13.957558521111357,13.949784481483734,-6.72457821599716,5 days 08:00:00,4 days 00:35:17.647058823,1.0538523527373265,0.24675025318530164,0.32593376588462253,0.09459468745285901,1.0196396828657945,0.4621853514506878,long
1179,"{'window_k': 72, 'window_d': 147, 'window_ma': 177}","open_time
2022-01-01 00:00:00    100.000000
2022-01-01 01:00:00    100.000000
2022-01-01 02:00:00    100.000000
2022-01-01 03:00:00    100.000000
2022-01-01 04:00:00    100.000000
                          ...    
2023-05-01 19:00:00    106.170709
2023-05-01 20:00:00    105.926883
2023-05-01 21:00:00    106.460251
2023-05-01 22:00:00    106.932663
2023-05-01 23:00:00    106.932663
Freq: H, Length: 11664, dtype: float64",2022-01-01,2023-05-01 23:00:00,486 days,100.0,67.30891243402937,148.29104509436905,106.93266301552674,6.932663015526742,-70.17976286600607,40.79218106995885,100.0,54.61026497507283,391 days 18:00:00,69,0.0,35,38.23529411764706,31.716223265519044,-15.100558283446558,11.650841062521486,-5.964780652891328,7 days 07:41:32.307692307,4 days 17:40:00,1.048880151408517,0.18686993429972976,0.38650138022733266,0.09454164106805722,1.0185949173403004,0.5470127991434959,long
2650,"{'window_k': 162, 'window_d': 87, 'window_ma': 162}","open_time
2022-01-01 00:00:00    100.000000
2022-01-01 01:00:00    100.000000
2022-01-01 02:00:00    100.000000
2022-01-01 03:00:00    100.000000
2022-01-01 04:00:00    100.000000
                          ...    
2023-05-01 19:00:00    105.722891
2023-05-01 20:00:00    105.480094
2023-05-01 21:00:00    106.011212
2023-05-01 22:00:00    106.481631
2023-05-01 23:00:00    106.481631
Freq: H, Length: 11664, dtype: float64",2022-01-01,2023-05-01 23:00:00,486 days,100.0,80.97993969333565,173.6844890316534,106.48163101165409,6.481631011654088,-70.17976286600607,37.84293552812071,100.0,53.375261000665795,286 days 02:00:00,71,0.0,36,37.142857142857146,37.3387644263408,-16.875493848064117,13.406648297845077,-6.647327950687047,7 days 05:46:09.230769230,3 days 21:05:27.272727272,1.0286365711294252,0.14400069163732798,0.4080055756953673,0.0904845576098263,1.0230355308191954,0.6251086293228157,long
447,"{'window_k': 27, 'window_d': 177, 'window_ma': 237}","open_time
2022-01-01 00:00:00    100.000000
2022-01-01 01:00:00    100.000000
2022-01-01 02:00:00    100.000000
2022-01-01 03:00:00    100.000000
2022-01-01 04:00:00    100.000000
                          ...    
2023-05-01 19:00:00    104.528287
2023-05-01 20:00:00    104.288233
2023-05-01 21:00:00    104.813350
2023-05-01 22:00:00    105.278454
2023-05-01 23:00:00    105.278454
Freq: H, Length: 11664, dtype: float64",2022-01-01,2023-05-01 23:00:00,486 days,100.0,75.85362047587978,134.90336902730346,105.27845403699631,5.278454036996308,-70.17976286600607,36.2997256515775,100.0,43.77188574102433,309 days 12:00:00,69,0.0,35,32.35294117647059,33.81668218704269,-12.43711243711245,14.502355096237368,-5.81331532135686,8 days 14:54:32.727272727,3 days 09:39:07.826086956,1.0323159617162823,0.13715638224013293,0.3455632755418806,0.08998420083231688,1.0174771052208276,0.4932107717977497,long
1363,"{'window_k': 87, 'window_d': 87, 'window_ma': 57}","open_time
2022-01-01 00:00:00    100.000000
2022-01-01 01:00:00    100.000000
2022-01-01 02:00:00    100.000000
2022-01-01 03:00:00    100.000000
2022-01-01 04:00:00    100.000000
                          ...    
2023-05-01 19:00:00    104.696505
2023-05-01 20:00:00    104.456065
2023-05-01 21:00:00    104.982027
2023-05-01 22:00:00    105.447879
2023-05-01 23:00:00    105.447879
Freq: H, Length: 11664, dtype: float64",2022-01-01,2023-05-01 23:00:00,486 days,100.0,60.07026090834158,161.55317953039636,105.44787907118169,5.4478790711816885,-70.17976286600607,33.13614540466393,100.0,45.18124777918819,194 days 16:00:00,91,0.0,46,37.77777777777778,27.002563280999663,-24.314282592066434,9.377424718938848,-4.769384394574099,4 days 15:07:03.529411764,2 days 17:51:25.714285714,1.0481046365700277,0.17215743651251092,0.37909967805190226,0.08995716388906337,1.0238561717749177,0.5868966900492641,long
2607,"{'window_k': 162, 'window_d': 42, 'window_ma': 237}","open_time
2022-01-01 00:00:00    100.000000
2022-01-01 01:00:00    100.000000
2022-01-01 02:00:00    100.000000
2022-01-01 03:00:00    100.000000
2022-01-01 04:00:00    100.000000
                          ...    
2023-05-01 19:00:00    106.273643
2023-05-01 20:00:00    106.273643
2023-05-01 21:00:00    106.273643
2023-05-01 22:00:00    106.273643
2023-05-01 23:00:00    106.273643
Freq: H, Length: 11664, dtype: float64",2022-01-01,2023-05-01 23:00:00,486 days,100.0,61.92331401451147,129.01153180842942,106.2736430611988,6.273643061198797,-70.17976286600607,42.68689986282579,100.0,52.00172174805113,355 days 14:00:00,138,0.0,69,39.130434782608695,32.01605821101493,-15.937687237866987,8.09910460504462,-4.564256675700786,4 days 02:31:06.666666666,2 days 07:12:51.428571428,1.0352535707657577,0.09092236320577873,0.4277919344052431,0.08991659844723113,1.0228601273271138,0.6596695970559445,long
1302,"{'window_k': 87, 'window_d': 27, 'window_ma': 102}","open_time
2022-01-01 00:00:00    100.000000
2022-01-01 01:00:00    100.000000
2022-01-01 02:00:00    100.000000
2022-01-01 03:00:00    100.000000
2022-01-01 04:00:00    100.000000
                          ...    
2023-05-01 19:00:00    106.213642
2023-05-01 20:00:00    106.213642
2023-05-01 21:00:00    106.213642
2023-05-01 22:00:00    106.213642
2023-05-01 23:00:00    106.213642
Freq: H, Length: 11664, dtype: float64",2022-01-01,2023-05-01 23:00:00,486 days,100.0,48.89485432429862,125.0960907441998,106.2136416677352,6.213641667735203,-70.17976286600607,37.91152263374485,100.0,51.54745856275083,304 days 18:00:00,202,0.0,101,40.5940594059406,28.71962062833434,-14.508205289014326,6.384731247024783,-3.8509687864991307,2 days 13:14:38.048780487,1 days 07:51:00,1.0338402001490785,0.061521204631041604,0.40698934514174395,0.0898478739030179,1.023617896169062,0.6389623852352536,long
1146,"{'window_k': 72, 'window_d': 117, 'window_ma': 162}","open_time
2022-01-01 00:00:00    100.000000
2022-01-01 01:00:00    100.000000
2022-01-01 02:00:00    100.000000
2022-01-01 03:00:00    100.000000
2022-01-01 04:00:00    100.000000
                          ...    
2023-05-01 19:00:00    105.022120
2023-05-01 20:00:00    104.780932
2023-05-01 21:00:00    105.308530
2023-05-01 22:00:00    105.775831
2023-05-01 23:00:00    105.775831
Freq: H, Length: 11664, dtype: float64",2022-01-01,2023-05-01 23:00:00,486 days,100.0,73.97459507963407,144.67649345902277,105.7758307187653,5.775830718765306,-70.17976286600607,43.244170096021946,100.0,48.86896045722441,391 days 18:00:00,79,0.0,40,38.46153846153847,32.842492768866684,-20.031796502384726,11.848316126431826,-6.2505154526580124,7 days 03:04:00,4 days 02:25:00,1.0327817110302349,0.1438465193163463,0.37325377785600333,0.08814086668683524,1.0175111295853874,0.5225343237606254,long
1835,"{'window_k': 117, 'window_d': 42, 'window_ma': 177}","open_time
2022-01-01 00:00:00    100.000000
2022-01-01 01:00:00    100.000000
2022-01-01 02:00:00    100.000000
2022-01-01 03:00:00    100.000000
2022-01-01 04:00:00    100.000000
                          ...    
2023-05-01 19:00:00    106.184354
2023-05-01 20:00:00    106.184354
2023-05-01 21:00:00    106.184354
2023-05-01 22:00:00    106.184354
2023-05-01 23:00:00    106.184354
Freq: H, Length: 11664, dtype: float64",2022-01-01,2023-05-01 23:00:00,486 days,100.0,57.25101754334398,144.69914361757145,106.18435396716322,6.184353967163219,-70.17976286600607,42.53257887517147,100.0,52.40233738248141,266 days 11:00:00,122,0.0,61,32.78688524590164,25.472047389855618,-16.333133612941882,9.808754826799513,-4.175104346858878,4 days 15:03:00,2 days 18:49:45.365853658,1.0351466336770712,0.10138285192070828,0.4209007444966524,0.08796860595723349,1.0225615991894195,0.6520496805925268,long
1734,"{'window_k': 102, 'window_d': 192, 'window_ma': 102}","open_time
2022-01-01 00:00:00    100.000000
2022-01-01 01:00:00    100.000000
2022-01-01 02:00:00    100.000000
2022-01-01 03:00:00    100.000000
2022-01-01 04:00:00    100.000000
                          ...    
2023-05-01 19:00:00    105.779634
2023-05-01 20:00:00    105.536707
2023-05-01 21:00:00    106.068110
2023-05-01 22:00:00    106.538782
2023-05-01 23:00:00    106.538782
Freq: H, Length: 11664, dtype: float64",2022-01-01,2023-05-01 23:00:00,486 days,100.0,65.91689256317754,149.93875600653237,106.53878169393064,6.538781693930646,-70.17976286600607,31.75582990397805,100.0,56.037455345897534,391 days 18:00:00,51,0.0,26,32.0,40.654620853080566,-12.174185463659146,16.802973401594194,-6.3497470539661,9 days 19:07:30,4 days 09:14:07.058823529,1.0617024163704163,0.2554780865291262,0.3483942159091211,0.08693988566469435,1.0189512611156921,0.4885245471589525,long
976,"{'window_k': 57, 'window_d': 207, 'window_ma': 12}","open_time
2022-01-01 00:00:00    100.000000
2022-01-01 01:00:00    100.000000
2022-01-01 02:00:00    100.000000
2022-01-01 03:00:00    100.000000
2022-01-01 04:00:00    100.000000
                          ...    
2023-05-01 19:00:00    104.925690
2023-05-01 20:00:00    104.684724
2023-05-01 21:00:00    105.211837
2023-05-01 22:00:00    105.211837
2023-05-01 23:00:00    105.211837
Freq: H, Length: 11664, dtype: float64",2022-01-01,2023-05-01 23:00:00,486 days,100.0,76.40144315641423,140.5344740334607,105.21183728101335,5.211837281013345,-70.17976286600607,13.52880658436214,100.0,45.6350879868641,355 days 14:00:00,56,0.0,28,35.714285714285715,20.308336505519602,-14.715020355688873,7.966325161703983,-3.6564957823471884,3 days 03:42:00,1 days 21:36:40,1.0776395433749988,0.18613704575047674,0.29702704741297603,0.08522783637954584,1.030678825645977,0.483331192232922,long
3879,"{'window_k': 237, 'window_d': 42, 'window_ma': 117}","open_time
2022-01-01 00:00:00    100.000000
2022-01-01 01:00:00    100.000000
2022-01-01 02:00:00    100.000000
2022-01-01 03:00:00    100.000000
2022-01-01 04:00:00    100.000000
                          ...    
2023-05-01 19:00:00    104.801570
2023-05-01 20:00:00    104.560889
2023-05-01 21:00:00    105.087379
2023-05-01 22:00:00    105.553699
2023-05-01 23:00:00    105.553699
Freq: H, Length: 11664, dtype: float64",2022-01-01,2023-05-01 23:00:00,486 days,100.0,74.15736214100427,154.44314739262043,105.55369867872678,5.553698678726775,-70.17976286600607,39.934842249657066,100.0,49.39270625927358,275 days 07:00:00,129,0.0,65,39.0625,25.896555805420757,-17.286531690140837,7.573542392714275,-4.222785170574136,3 days 22:14:24,2 days 07:43:04.615384615,1.0421264797711278,0.12038727941891914,0.40736770791635896,0.0838746910585252,1.022125292458111,0.6218964465168315,long
3346,"{'window_k': 207, 'window_d': 27, 'window_ma': 42}","open_time
2022-01-01 00:00:00    100.000000
2022-01-01 01:00:00    100.000000
2022-01-01 02:00:00    100.000000
2022-01-01 03:00:00    100.000000
2022-01-01 04:00:00    100.000000
                          ...    
2023-05-01 19:00:00    106.628947
2023-05-01 20:00:00    106.628947
2023-05-01 21:00:00    106.628947
2023-05-01 22:00:00    106.628947
2023-05-01 23:00:00    106.628947
Freq: H, Length: 11664, dtype: float64",2022-01-01,2023-05-01 23:00:00,486 days,100.0,45.57929023699314,115.95813878737277,106.62894658437646,6.628946584376465,-70.17976286600607,33.873456790123456,100.0,60.69332371695805,355 days 14:00:00,194,0.0,97,36.08247422680412,24.724669603524227,-14.131233595800524,7.040250420314866,-3.504814529428225,2 days 12:51:25.714285714,1 days 05:22:15.483870967,1.038335801387821,0.0683396555090372,0.3968700452369647,0.08136875006888653,1.0243257806573791,0.6229554561361172,long
2738,"{'window_k': 162, 'window_d': 177, 'window_ma': 42}","open_time
2022-01-01 00:00:00    100.000000
2022-01-01 01:00:00    100.000000
2022-01-01 02:00:00    100.000000
2022-01-01 03:00:00    100.000000
2022-01-01 04:00:00    100.000000
                          ...    
2023-05-01 19:00:00    104.308738
2023-05-01 20:00:00    104.069189
2023-05-01 21:00:00    104.593203
2023-05-01 22:00:00    105.057330
2023-05-01 23:00:00    105.057330
Freq: H, Length: 11664, dtype: float64",2022-01-01,2023-05-01 23:00:00,486 days,100.0,79.27065439315983,147.8808877168852,105.05732980504705,5.057329805047047,-70.17976286600607,24.99142661179698,100.0,46.395605532932834,314 days 09:00:00,47,0.0,24,34.78260869565217,35.39771627636925,-21.01994115724094,14.133318052724434,-6.208783455586177,5 days 16:07:30,5 days 00:04:00,1.0345443377408214,0.16260038180053993,0.3100543988842142,0.08136067630148336,1.0190221712449705,0.44371182609148196,long
2858,"{'window_k': 177, 'window_d': 42, 'window_ma': 162}","open_time
2022-01-01 00:00:00    100.000000
2022-01-01 01:00:00    100.000000
2022-01-01 02:00:00    100.000000
2022-01-01 03:00:00    100.000000
2022-01-01 04:00:00    100.000000
                          ...    
2023-05-01 19:00:00    105.271382
2023-05-01 20:00:00    105.271382
2023-05-01 21:00:00    105.271382
2023-05-01 22:00:00    105.271382
2023-05-01 23:00:00    105.271382
Freq: H, Length: 11664, dtype: float64",2022-01-01,2023-05-01 23:00:00,486 days,100.0,64.49621735520367,128.25072417912924,105.27138174254075,5.271381742540754,-70.17976286600607,41.57235939643347,100.0,48.67972872706411,216 days 11:00:00,136,0.0,68,35.294117647058826,29.820599673817565,-15.937687237867,8.685930378538794,-4.184710117182797,4 days 10:45:00,2 days 03:58:38.181818181,1.0299304078271114,0.07752031974324591,0.41556714846533077,0.08080435755598048,1.0224061287721478,0.6433598809187262,long
4064,"{'window_k': 237, 'window_d': 222, 'window_ma': 12}","open_time
2022-01-01 00:00:00    100.000000
2022-01-01 01:00:00    100.000000
2022-01-01 02:00:00    100.000000
2022-01-01 03:00:00    100.000000
2022-01-01 04:00:00    100.000000
                          ...    
2023-05-01 19:00:00    103.690945
2023-05-01 20:00:00    103.690945
2023-05-01 21:00:00    103.690945
2023-05-01 22:00:00    103.690945
2023-05-01 23:00:00    103.690945
Freq: H, Length: 11664, dtype: float64",2022-01-01,2023-05-01 23:00:00,486 days,100.0,81.58985295836013,124.28380359606314,103.69094481116413,3.6909448111641296,-70.17976286600607,12.53429355281207,100.0,34.35198264165082,352 days 15:00:00,34,0.0,17,41.17647058823529,16.62361623616238,-13.237774030354126,8.947667760377957,-5.3233695090638244,4 days 10:08:34.285714285,2 days 23:54:00,1.0670995749948136,0.21711440065671317,0.24174096005584372,0.0803290200528763,1.0213688143512345,0.3398275042415442,long
3610,"{'window_k': 222, 'window_d': 27, 'window_ma': 162}","open_time
2022-01-01 00:00:00    100.00000
2022-01-01 01:00:00    100.00000
2022-01-01 02:00:00    100.00000
2022-01-01 03:00:00    100.00000
2022-01-01 04:00:00    100.00000
                         ...    
2023-05-01 19:00:00    106.41903
2023-05-01 20:00:00    106.41903
2023-05-01 21:00:00    106.41903
2023-05-01 22:00:00    106.41903
2023-05-01 23:00:00    106.41903
Freq: H, Length: 11664, dtype: float64",2022-01-01,2023-05-01 23:00:00,486 days,100.0,44.89662348778394,122.10611327889164,106.41902994052714,6.419029940527139,-70.17976286600607,37.525720164609055,100.0,60.2430779803525,244 days 00:00:00,186,0.0,93,32.25806451612903,29.846743295019174,-11.895365881159092,8.407667872036837,-3.509929505167781,3 days 00:32:00,1 days 10:56:11.428571428,1.0336503426968688,0.06902182731749607,0.406162999013128,0.07940078518640958,1.0235263222027082,0.6308356301136044,long
3612,"{'window_k': 222, 'window_d': 27, 'window_ma': 192}","open_time
2022-01-01 00:00:00    100.00000
2022-01-01 01:00:00    100.00000
2022-01-01 02:00:00    100.00000
2022-01-01 03:00:00    100.00000
2022-01-01 04:00:00    100.00000
                         ...    
2023-05-01 19:00:00    106.41903
2023-05-01 20:00:00    106.41903
2023-05-01 21:00:00    106.41903
2023-05-01 22:00:00    106.41903
2023-05-01 23:00:00    106.41903
Freq: H, Length: 11664, dtype: float64",2022-01-01,2023-05-01 23:00:00,486 days,100.0,44.89662348778394,122.10611327889164,106.41902994052714,6.419029940527139,-70.17976286600607,37.525720164609055,100.0,60.2430779803525,244 days 00:00:00,186,0.0,93,32.25806451612903,29.846743295019174,-11.895365881159092,8.407667872036837,-3.509929505167781,3 days 00:32:00,1 days 10:56:11.428571428,1.0336503426968688,0.06902182731749607,0.406162999013128,0.07940078518640958,1.0235263222027082,0.6308356301136044,long
3609,"{'window_k': 222, 'window_d': 27, 'window_ma': 147}","open_time
2022-01-01 00:00:00    100.00000
2022-01-01 01:00:00    100.00000
2022-01-01 02:00:00    100.00000
2022-01-01 03:00:00    100.00000
2022-01-01 04:00:00    100.00000
                         ...    
2023-05-01 19:00:00    106.41903
2023-05-01 20:00:00    106.41903
2023-05-01 21:00:00    106.41903
2023-05-01 22:00:00    106.41903
2023-05-01 23:00:00    106.41903
Freq: H, Length: 11664, dtype: float64",2022-01-01,2023-05-01 23:00:00,486 days,100.0,44.89662348778394,122.10611327889164,106.41902994052714,6.419029940527139,-70.17976286600607,37.525720164609055,100.0,60.2430779803525,244 days 00:00:00,186,0.0,93,32.25806451612903,29.846743295019174,-11.895365881159092,8.407667872036837,-3.509929505167781,3 days 00:32:00,1 days 10:56:11.428571428,1.0336503426968688,0.06902182731749607,0.406162999013128,0.07940078518640958,1.0235263222027082,0.6308356301136044,long
2857,"{'window_k': 177, 'window_d': 42, 'window_ma': 147}","open_time
2022-01-01 00:00:00    100.000000
2022-01-01 01:00:00    100.000000
2022-01-01 02:00:00    100.000000
2022-01-01 03:00:00    100.000000
2022-01-01 04:00:00    100.000000
                          ...    
2023-05-01 19:00:00    105.144387
2023-05-01 20:00:00    105.144387
2023-05-01 21:00:00    105.144387
2023-05-01 22:00:00    105.144387
2023-05-01 23:00:00    105.144387
Freq: H, Length: 11664, dtype: float64",2022-01-01,2023-05-01 23:00:00,486 days,100.0,64.41841183223805,128.09600790157572,105.14438677685642,5.144386776856422,-70.17976286600607,42.10390946502058,100.0,49.04263917726468,216 days 11:00:00,136,0.0,68,35.294117647058826,29.820599673817572,-15.937687237866974,8.711081283971387,-4.200698105337782,4 days 10:22:30,2 days 05:35:27.272727272,1.0289843780357728,0.0756527467184771,0.4147090383318399,0.07828606590309091,1.0222496458353914,0.6420635655757072,long
1309,"{'window_k': 87, 'window_d': 27, 'window_ma': 207}","open_time
2022-01-01 00:00:00    100.000000
2022-01-01 01:00:00    100.000000
2022-01-01 02:00:00    100.000000
2022-01-01 03:00:00    100.000000
2022-01-01 04:00:00    100.000000
                          ...    
2023-05-01 19:00:00    105.585442
2023-05-01 20:00:00    105.585442
2023-05-01 21:00:00    105.585442
2023-05-01 22:00:00    105.585442
2023-05-01 23:00:00    105.585442
Freq: H, Length: 11664, dtype: float64",2022-01-01,2023-05-01 23:00:00,486 days,100.0,47.145766297277675,120.6210988954345,105.58544175399818,5.585441753998182,-70.17976286600607,37.525720164609055,100.0,53.280723980508974,304 days 22:00:00,202,0.0,101,39.603960396039604,28.71962062833434,-14.50820528901432,6.540427323873881,-3.7944873186574632,2 days 13:33:00,1 days 07:23:36.393442622,1.0311387847121616,0.05530140350493373,0.40003439176364497,0.07819560414195614,1.0233614557258581,0.6287046770265655,long
648,"{'window_k': 42, 'window_d': 132, 'window_ma': 132}","open_time
2022-01-01 00:00:00    100.000000
2022-01-01 01:00:00    100.000000
2022-01-01 02:00:00    100.000000
2022-01-01 03:00:00    100.000000
2022-01-01 04:00:00    100.000000
                          ...    
2023-05-01 19:00:00    103.649847
2023-05-01 20:00:00    103.411811
2023-05-01 21:00:00    103.932515
2023-05-01 22:00:00    104.393710
2023-05-01 23:00:00    104.393710
Freq: H, Length: 11664, dtype: float64",2022-01-01,2023-05-01 23:00:00,486 days,100.0,69.83064380140563,136.07022013399583,104.39371004722624,4.393710047226236,-70.17976286600607,37.645747599451305,100.0,43.00707857398611,356 days 08:00:00,83,0.0,42,41.46341463414634,38.51599727705921,-18.897364771151178,9.539020645770528,-5.754057360857081,6 days 01:56:28.235294117,3 days 02:49:59.999999999,1.023217506907954,0.08031202570027496,0.3435815914660076,0.076314800810884,1.0171497086864336,0.48365232684189713,long
1151,"{'window_k': 72, 'window_d': 117, 'window_ma': 237}","open_time
2022-01-01 00:00:00    100.000000
2022-01-01 01:00:00    100.000000
2022-01-01 02:00:00    100.000000
2022-01-01 03:00:00    100.000000
2022-01-01 04:00:00    100.000000
                          ...    
2023-05-01 19:00:00    104.268930
2023-05-01 20:00:00    104.029472
2023-05-01 21:00:00    104.553286
2023-05-01 22:00:00    105.017235
2023-05-01 23:00:00    105.017235
Freq: H, Length: 11664, dtype: float64",2022-01-01,2023-05-01 23:00:00,486 days,100.0,73.00404507052076,144.67649345902277,105.01723529901692,5.017235299016917,-70.17976286600607,43.364197530864196,100.0,49.539801991953894,391 days 18:00:00,79,0.0,40,38.46153846153847,32.84249276886666,-20.03179650238473,11.848316126431827,-6.275898835407727,7 days 03:04:00,4 days 03:00:00,1.0284935166478386,0.12442584677107504,0.3641845894795673,0.07559642475237303,1.0170672960344578,0.5096200419769209,long
2375,"{'window_k': 147, 'window_d': 72, 'window_ma': 117}","open_time
2022-01-01 00:00:00    100.000000
2022-01-01 01:00:00    100.000000
2022-01-01 02:00:00    100.000000
2022-01-01 03:00:00    100.000000
2022-01-01 04:00:00    100.000000
                          ...    
2023-05-01 19:00:00    104.129810
2023-05-01 20:00:00    103.890672
2023-05-01 21:00:00    104.413787
2023-05-01 22:00:00    104.877118
2023-05-01 23:00:00    104.877118
Freq: H, Length: 11664, dtype: float64",2022-01-01,2023-05-01 23:00:00,486 days,100.0,63.22794640101617,176.79417244990256,104.87711785020687,4.877117850206872,-70.17976286600607,37.72290809327846,100.0,48.20705514048317,194 days 16:00:00,83,0.0,42,36.58536585365854,24.942622950819683,-24.500212675457252,11.201409394761441,-5.552633203766931,5 days 22:32:00,3 days 10:13:50.769230769,1.0132156436812183,0.05552410156854393,0.3889206385477498,0.07552955048573198,1.022162657593062,0.6017567882359349,long
3870,"{'window_k': 237, 'window_d': 27, 'window_ma': 222}","open_time
2022-01-01 00:00:00    100.000000
2022-01-01 01:00:00    100.000000
2022-01-01 02:00:00    100.000000
2022-01-01 03:00:00    100.000000
2022-01-01 04:00:00    100.000000
                          ...    
2023-05-01 19:00:00    106.233918
2023-05-01 20:00:00    106.233918
2023-05-01 21:00:00    106.233918
2023-05-01 22:00:00    106.233918
2023-05-01 23:00:00    106.233918
Freq: H, Length: 11664, dtype: float64",2022-01-01,2023-05-01 23:00:00,486 days,100.0,44.384806915336014,128.006762295315,106.23391757430304,6.233917574303035,-70.17976286600607,36.73696844993141,100.0,62.24560731729232,266 days 23:00:00,186,0.0,93,34.40860215053764,29.846743295019152,-13.671753347866696,7.923924936411303,-3.6389274108433414,2 days 22:41:15,1 days 09:09:50.163934426,1.0329936239979747,0.06703137176669927,0.40511544185393894,0.07464671564504351,1.0237603046138861,0.6313028771094061,long
444,"{'window_k': 27, 'window_d': 177, 'window_ma': 192}","open_time
2022-01-01 00:00:00    100.000000
2022-01-01 01:00:00    100.000000
2022-01-01 02:00:00    100.000000
2022-01-01 03:00:00    100.000000
2022-01-01 04:00:00    100.000000
                          ...    
2023-05-01 19:00:00    103.554790
2023-05-01 20:00:00    103.316972
2023-05-01 21:00:00    103.837199
2023-05-01 22:00:00    104.297971
2023-05-01 23:00:00    104.297971
Freq: H, Length: 11664, dtype: float64",2022-01-01,2023-05-01 23:00:00,486 days,100.0,75.14717768600781,133.7065254705046,104.2979707809999,4.297970780999904,-70.17976286600607,36.642661179698216,100.0,43.79692582574429,376 days 12:00:00,69,0.0,35,32.35294117647059,33.8166821870427,-12.437112437112448,14.502355096237366,-5.8532483801377095,8 days 14:54:32.727272727,3 days 11:23:28.695652173,1.0255378992909092,0.10848713698771562,0.33378320131170436,0.07331407762908868,1.016774108241882,0.47615990944839687,long
822,"{'window_k': 57, 'window_d': 57, 'window_ma': 102}","open_time
2022-01-01 00:00:00    100.000000
2022-01-01 01:00:00    100.000000
2022-01-01 02:00:00    100.000000
2022-01-01 03:00:00    100.000000
2022-01-01 04:00:00    100.000000
                          ...    
2023-05-01 19:00:00    104.865727
2023-05-01 20:00:00    104.865727
2023-05-01 21:00:00    104.865727
2023-05-01 22:00:00    104.865727
2023-05-01 23:00:00    104.865727
Freq: H, Length: 11664, dtype: float64",2022-01-01,2023-05-01 23:00:00,486 days,100.0,80.67829883978618,166.7417558767248,104.86572730016464,4.865727300164636,-70.17976286600607,43.46707818930041,100.0,51.614819925830034,391 days 18:00:00,134,0.0,67,46.26865671641791,22.566718995290426,-14.937355552852452,6.663653234951735,-5.074892934930465,4 days 01:34:50.322580645,2 days 08:48:20,1.0232779227537394,0.0726227955248464,0.4065121454907383,0.07037907499977056,1.0218078377305813,0.6303662429435413,long
1170,"{'window_k': 72, 'window_d': 147, 'window_ma': 42}","open_time
2022-01-01 00:00:00    100.000000
2022-01-01 01:00:00    100.000000
2022-01-01 02:00:00    100.000000
2022-01-01 03:00:00    100.000000
2022-01-01 04:00:00    100.000000
                          ...    
2023-05-01 19:00:00    104.562732
2023-05-01 20:00:00    104.562732
2023-05-01 21:00:00    104.562732
2023-05-01 22:00:00    104.562732
2023-05-01 23:00:00    104.562732
Freq: H, Length: 11664, dtype: float64",2022-01-01,2023-05-01 23:00:00,486 days,100.0,72.68364280656094,141.01529768881005,104.56273204087937,4.562732040879368,-70.17976286600607,27.65775034293553,100.0,48.45690928727615,398 days 09:00:00,68,0.0,34,50.0,30.718336483931953,-15.100558283446567,6.76286344341253,-5.688453433231387,4 days 14:35:17.647058823,3 days 07:10:35.294117647,1.0428405679035067,0.13419800120233472,0.3130763106714824,0.07032309848972697,1.018185097773661,0.4411551426689232,long
1845,"{'window_k': 117, 'window_d': 57, 'window_ma': 87}","open_time
2022-01-01 00:00:00    100.000000
2022-01-01 01:00:00    100.000000
2022-01-01 02:00:00    100.000000
2022-01-01 03:00:00    100.000000
2022-01-01 04:00:00    100.000000
                          ...    
2023-05-01 19:00:00    104.789462
2023-05-01 20:00:00    104.789462
2023-05-01 21:00:00    104.789462
2023-05-01 22:00:00    104.789462
2023-05-01 23:00:00    104.789462
Freq: H, Length: 11664, dtype: float64",2022-01-01,2023-05-01 23:00:00,486 days,100.0,61.037497017804114,166.26536160038805,104.78946176252197,4.789461762521967,-70.17976286600607,40.552126200274344,100.0,51.21873492616079,275 days 07:00:00,112,0.0,56,39.285714285714285,48.27935222672064,-20.093245394587207,10.497457487951282,-5.745599555414038,4 days 08:40:54.545454545,2 days 23:22:56.470588235,1.0220149268807384,0.08552610290218032,0.395841006360416,0.06981808663838565,1.0216646030417245,0.6082295078575584,long
1670,"{'window_k': 102, 'window_d': 132, 'window_ma': 102}","open_time
2022-01-01 00:00:00    100.000000
2022-01-01 01:00:00    100.000000
2022-01-01 02:00:00    100.000000
2022-01-01 03:00:00    100.000000
2022-01-01 04:00:00    100.000000
                          ...    
2023-05-01 19:00:00    104.566280
2023-05-01 20:00:00    104.326139
2023-05-01 21:00:00    104.851447
2023-05-01 22:00:00    105.316720
2023-05-01 23:00:00    105.316720
Freq: H, Length: 11664, dtype: float64",2022-01-01,2023-05-01 23:00:00,486 days,100.0,61.55584859771265,143.09982840963355,105.31671984997479,5.316719849974788,-70.17976286600607,39.8062414266118,100.0,56.983981545034,391 days 18:00:00,69,0.0,35,35.294117647058826,30.586011342154997,-15.248774592090243,11.793727344218485,-5.346252874800288,7 days 02:40:00,4 days 17:57:16.363636363,1.0408227067337612,0.14136531747425973,0.3576481457165635,0.06961868566648279,1.0174310472750605,0.5023327660544612,long
1124,"{'window_k': 72, 'window_d': 102, 'window_ma': 72}","open_time
2022-01-01 00:00:00    100.000000
2022-01-01 01:00:00    100.000000
2022-01-01 02:00:00    100.000000
2022-01-01 03:00:00    100.000000
2022-01-01 04:00:00    100.000000
                          ...    
2023-05-01 19:00:00    104.488936
2023-05-01 20:00:00    104.488936
2023-05-01 21:00:00    104.488936
2023-05-01 22:00:00    104.488936
2023-05-01 23:00:00    104.488936
Freq: H, Length: 11664, dtype: float64",2022-01-01,2023-05-01 23:00:00,486 days,100.0,72.25470277124961,186.13760326800696,104.48893553710579,4.488935537105789,-70.17976286600607,38.26303155006859,100.0,48.413016925449554,194 days 16:00:00,84,0.0,42,45.23809523809524,33.961013128232324,-22.120518688024408,9.162922865320065,-6.433020946133191,5 days 12:18:56.842105263,3 days 12:44:20.869565217,1.0232545168530063,0.10687941755013863,0.3707429751064611,0.06925460040929775,1.0193977460419064,0.5317601054524119,long
2860,"{'window_k': 177, 'window_d': 42, 'window_ma': 192}","open_time
2022-01-01 00:00:00    100.000000
2022-01-01 01:00:00    100.000000
2022-01-01 02:00:00    100.000000
2022-01-01 03:00:00    100.000000
2022-01-01 04:00:00    100.000000
                          ...    
2023-05-01 19:00:00    104.526957
2023-05-01 20:00:00    104.526957
2023-05-01 21:00:00    104.526957
2023-05-01 22:00:00    104.526957
2023-05-01 23:00:00    104.526957
Freq: H, Length: 11664, dtype: float64",2022-01-01,2023-05-01 23:00:00,486 days,100.0,64.04013342002466,127.34380130253584,104.5269569062369,4.526956906236904,-70.17976286600607,42.181069958847736,100.0,49.04263917726474,216 days 11:00:00,136,0.0,68,35.294117647058826,29.820599673817565,-15.937687237867,8.685930378538794,-4.200698105337781,4 days 10:45:00,2 days 05:35:27.272727272,1.025656329114818,0.0665728956799545,0.40880437677974274,0.06894138614497561,1.0219139129891945,0.6328890198527538,long
2862,"{'window_k': 177, 'window_d': 42, 'window_ma': 222}","open_time
2022-01-01 00:00:00    100.000000
2022-01-01 01:00:00    100.000000
2022-01-01 02:00:00    100.000000
2022-01-01 03:00:00    100.000000
2022-01-01 04:00:00    100.000000
                          ...    
2023-05-01 19:00:00    104.526957
2023-05-01 20:00:00    104.526957
2023-05-01 21:00:00    104.526957
2023-05-01 22:00:00    104.526957
2023-05-01 23:00:00    104.526957
Freq: H, Length: 11664, dtype: float64",2022-01-01,2023-05-01 23:00:00,486 days,100.0,64.04013342002466,127.34380130253584,104.5269569062369,4.526956906236904,-70.17976286600607,42.181069958847736,100.0,49.04263917726474,216 days 11:00:00,136,0.0,68,35.294117647058826,29.820599673817565,-15.937687237867,8.685930378538794,-4.200698105337781,4 days 10:45:00,2 days 05:35:27.272727272,1.025656329114818,0.0665728956799545,0.40880437677974274,0.06894138614497561,1.0219139129891945,0.6328890198527538,long
627,"{'window_k': 42, 'window_d': 117, 'window_ma': 57}","open_time
2022-01-01 00:00:00    100.000000
2022-01-01 01:00:00    100.000000
2022-01-01 02:00:00    100.000000
2022-01-01 03:00:00    100.000000
2022-01-01 04:00:00    100.000000
                          ...    
2023-05-01 19:00:00    104.308102
2023-05-01 20:00:00    104.068554
2023-05-01 21:00:00    104.592565
2023-05-01 22:00:00    105.056689
2023-05-01 23:00:00    105.056689
Freq: H, Length: 11664, dtype: float64",2022-01-01,2023-05-01 23:00:00,486 days,100.0,59.93427495331685,141.56631896930193,105.05668851392302,5.056688513923021,-70.17976286600607,36.574074074074076,100.0,55.457991311346156,275 days 07:00:00,87,0.0,44,46.51162790697674,21.941436020858415,-17.11440481704494,7.163369798921658,-5.3438020377826465,4 days 21:39:00,3 days 05:36:31.304347826,1.0488787739066698,0.15833446300952536,0.36312006505479094,0.0680569563670151,1.0198299917966398,0.5217994691505325,long
698,"{'window_k': 42, 'window_d': 177, 'window_ma': 162}","open_time
2022-01-01 00:00:00    100.000000
2022-01-01 01:00:00    100.000000
2022-01-01 02:00:00    100.000000
2022-01-01 03:00:00    100.000000
2022-01-01 04:00:00    100.000000
                          ...    
2023-05-01 19:00:00    104.031310
2023-05-01 20:00:00    103.792398
2023-05-01 21:00:00    104.315018
2023-05-01 22:00:00    104.777910
2023-05-01 23:00:00    104.777910
Freq: H, Length: 11664, dtype: float64",2022-01-01,2023-05-01 23:00:00,486 days,100.0,73.92601856220958,155.54150893157455,104.77791013685119,4.77791013685119,-70.17976286600607,38.25445816186557,100.0,52.47183914441068,309 days 12:00:00,69,0.0,35,32.35294117647059,37.36202319407572,-11.770211770211771,13.663707834141753,-5.494776970472107,8 days 07:16:21.818181818,3 days 23:28:41.739130434,1.029846537561377,0.12471640581008359,0.3442063335662691,0.06798730277790718,1.0167463389592823,0.4869864987152548,long
3639,"{'window_k': 222, 'window_d': 57, 'window_ma': 117}","open_time
2022-01-01 00:00:00    100.000000
2022-01-01 01:00:00    100.000000
2022-01-01 02:00:00    100.000000
2022-01-01 03:00:00    100.000000
2022-01-01 04:00:00    100.000000
                          ...    
2023-05-01 19:00:00    103.301815
2023-05-01 20:00:00    103.064578
2023-05-01 21:00:00    103.583534
2023-05-01 22:00:00    104.043180
2023-05-01 23:00:00    104.043180
Freq: H, Length: 11664, dtype: float64",2022-01-01,2023-05-01 23:00:00,486 days,100.0,68.47489380720752,137.87802160919412,104.04318015008417,4.043180150084169,-70.17976286600607,40.775034293552814,100.0,44.826030564484306,194 days 16:00:00,99,0.0,50,40.816326530612244,30.952380952380953,-17.211997273346963,9.348650540918992,-5.59433524190934,4 days 14:33:00,3 days 11:43:26.896551724,1.0196329735681091,0.06798917633251156,0.3937404750460182,0.06740531832221434,1.021570098899353,0.6048840007677937,long
710,"{'window_k': 42, 'window_d': 192, 'window_ma': 102}","open_time
2022-01-01 00:00:00    100.000000
2022-01-01 01:00:00    100.000000
2022-01-01 02:00:00    100.000000
2022-01-01 03:00:00    100.000000
2022-01-01 04:00:00    100.000000
                          ...    
2023-05-01 19:00:00    103.638010
2023-05-01 20:00:00    103.400001
2023-05-01 21:00:00    103.920646
2023-05-01 22:00:00    104.381788
2023-05-01 23:00:00    104.381788
Freq: H, Length: 11664, dtype: float64",2022-01-01,2023-05-01 23:00:00,486 days,100.0,72.99288455571194,141.97876633220136,104.38178804166273,4.38178804166273,-70.17976286600607,33.43621399176955,100.0,48.58887251849796,391 days 18:00:00,59,0.0,30,34.48275862068966,34.34574976122253,-11.34552273792782,13.248659422289391,-5.845196161156741,8 days 14:42:00,3 days 21:12:37.894736842,1.038185480858577,0.1562256420061825,0.32065127544657174,0.06736559038265857,1.0167427125634156,0.4497318721995677,long
1362,"{'window_k': 87, 'window_d': 87, 'window_ma': 42}","open_time
2022-01-01 00:00:00    100.000000
2022-01-01 01:00:00    100.000000
2022-01-01 02:00:00    100.000000
2022-01-01 03:00:00    100.000000
2022-01-01 04:00:00    100.000000
                          ...    
2023-05-01 19:00:00    103.902291
2023-05-01 20:00:00    103.902291
2023-05-01 21:00:00    103.902291
2023-05-01 22:00:00    103.902291
2023-05-01 23:00:00    103.902291
Freq: H, Length: 11664, dtype: float64",2022-01-01,2023-05-01 23:00:00,486 days,100.0,68.53742736442432,163.30461024195358,103.90229077198812,3.9022907719881204,-70.17976286600607,28.25788751714678,100.0,44.82603056448429,194 days 16:00:00,92,0.0,46,39.130434782608695,27.00256328099966,-13.607525705534892,8.126800536587917,-4.573979185007019,3 days 05:30:00,2 days 19:53:34.285714285,1.0255743776374255,0.08483240808669912,0.3391818831259081,0.06506760035884801,1.023659668324227,0.5314820923315351,long
1478,"{'window_k': 87, 'window_d': 192, 'window_ma': 102}","open_time
2022-01-01 00:00:00    100.000000
2022-01-01 01:00:00    100.000000
2022-01-01 02:00:00    100.000000
2022-01-01 03:00:00    100.000000
2022-01-01 04:00:00    100.000000
                          ...    
2023-05-01 19:00:00    103.916232
2023-05-01 20:00:00    103.677584
2023-05-01 21:00:00    104.199626
2023-05-01 22:00:00    104.662007
2023-05-01 23:00:00    104.662007
Freq: H, Length: 11664, dtype: float64",2022-01-01,2023-05-01 23:00:00,486 days,100.0,62.49581815324618,140.59038430700232,104.66200656108333,4.662006561083331,-70.17976286600607,32.08161865569273,100.0,55.54758708335541,391 days 18:00:00,51,0.0,26,32.0,46.13171839515519,-13.013656306000119,16.389948352962776,-6.225291734451948,9 days 20:30:00,4 days 10:28:14.117647058,1.0540601904973401,0.21213490848652228,0.32356991250748296,0.06267357173781886,1.0175208381106653,0.45362877646590494,long
2630,"{'window_k': 162, 'window_d': 72, 'window_ma': 102}","open_time
2022-01-01 00:00:00    100.000000
2022-01-01 01:00:00    100.000000
2022-01-01 02:00:00    100.000000
2022-01-01 03:00:00    100.000000
2022-01-01 04:00:00    100.000000
                          ...    
2023-05-01 19:00:00    103.016318
2023-05-01 20:00:00    102.779737
2023-05-01 21:00:00    103.297258
2023-05-01 22:00:00    103.755634
2023-05-01 23:00:00    103.755634
Freq: H, Length: 11664, dtype: float64",2022-01-01,2023-05-01 23:00:00,486 days,100.0,61.91679223195326,143.53080215141924,103.7556341379722,3.7556341379721943,-70.17976286600607,38.228737997256516,100.0,44.8260305644843,194 days 16:00:00,81,0.0,41,42.5,26.886212828704824,-23.549047055023156,9.78008773875479,-6.256795764494153,6 days 11:03:31.764705882,3 days 02:00:00,1.011709476414207,0.04694427536920465,0.38273015684617046,0.06263335025822571,1.0216591597747917,0.5898384889855891,long
2432,"{'window_k': 147, 'window_d': 132, 'window_ma': 12}","open_time
2022-01-01 00:00:00    100.00000
2022-01-01 01:00:00    100.00000
2022-01-01 02:00:00    100.00000
2022-01-01 03:00:00    100.00000
2022-01-01 04:00:00    100.00000
                         ...    
2023-05-01 19:00:00    102.78587
2023-05-01 20:00:00    102.78587
2023-05-01 21:00:00    102.78587
2023-05-01 22:00:00    102.78587
2023-05-01 23:00:00    102.78587
Freq: H, Length: 11664, dtype: float64",2022-01-01,2023-05-01 23:00:00,486 days,100.0,76.42941952591906,114.70538696952289,102.78587025529224,2.785870255292238,-70.17976286600607,15.74074074074074,100.0,33.368936241655085,391 days 18:00:00,64,0.0,32,50.0,24.89341218539402,-9.990990990990998,5.271485619678749,-4.918085934701182,2 days 02:22:30,2 days 20:00:00,1.0386234985163507,0.08705844547788244,0.2452466561633108,0.06248612951827195,1.0192832170599853,0.3425107229025782,long
3613,"{'window_k': 222, 'window_d': 27, 'window_ma': 207}","open_time
2022-01-01 00:00:00    100.000000
2022-01-01 01:00:00    100.000000
2022-01-01 02:00:00    100.000000
2022-01-01 03:00:00    100.000000
2022-01-01 04:00:00    100.000000
                          ...    
2023-05-01 19:00:00    105.033027
2023-05-01 20:00:00    105.033027
2023-05-01 21:00:00    105.033027
2023-05-01 22:00:00    105.033027
2023-05-01 23:00:00    105.033027
Freq: H, Length: 11664, dtype: float64",2022-01-01,2023-05-01 23:00:00,486 days,100.0,44.89662348778394,120.51580166923577,105.03302710857888,5.033027108578878,-70.17976286600607,36.69410150891632,100.0,60.2430779803525,244 days 00:00:00,186,0.0,93,32.25806451612903,29.846743295019174,-11.895365881159092,8.363645310474038,-3.509929505167782,2 days 21:18:00,1 days 10:56:11.428571428,1.0264242056739359,0.054118571059987186,0.39002359557325395,0.062359830340353334,1.0228664672058023,0.6057586357943145,long
446,"{'window_k': 27, 'window_d': 177, 'window_ma': 222}","open_time
2022-01-01 00:00:00    100.000000
2022-01-01 01:00:00    100.000000
2022-01-01 02:00:00    100.000000
2022-01-01 03:00:00    100.000000
2022-01-01 04:00:00    100.000000
                          ...    
2023-05-01 19:00:00    102.941919
2023-05-01 20:00:00    102.705509
2023-05-01 21:00:00    103.222656
2023-05-01 22:00:00    103.680701
2023-05-01 23:00:00    103.680701
Freq: H, Length: 11664, dtype: float64",2022-01-01,2023-05-01 23:00:00,486 days,100.0,74.70243210885644,133.7065254705046,103.68070127548992,3.6807012754899233,-70.17976286600607,36.522633744855966,100.0,44.12955400195808,376 days 12:00:00,69,0.0,35,32.35294117647059,33.8166821870427,-12.437112437112448,14.502355096237363,-5.877072084723769,8 days 14:54:32.727272727,3 days 10:46:57.391304347,1.0212393906400614,0.09043823025516762,0.32558105287062217,0.06235814049289983,1.0163875412131294,0.46440820769399144,long
3441,"{'window_k': 207, 'window_d': 117, 'window_ma': 27}","open_time
2022-01-01 00:00:00    100.000000
2022-01-01 01:00:00    100.000000
2022-01-01 02:00:00    100.000000
2022-01-01 03:00:00    100.000000
2022-01-01 04:00:00    100.000000
                          ...    
2023-05-01 19:00:00    103.045299
2023-05-01 20:00:00    102.808652
2023-05-01 21:00:00    103.326319
2023-05-01 22:00:00    103.784824
2023-05-01 23:00:00    103.784824
Freq: H, Length: 11664, dtype: float64",2022-01-01,2023-05-01 23:00:00,486 days,100.0,81.80702283594779,151.36046515125093,103.78482367235432,3.7848236723543214,-70.17976286600607,26.311728395061728,100.0,45.952185893324284,355 days 14:00:00,57,0.0,29,42.857142857142854,24.56954382826477,-15.611664295874817,9.23857515842808,-5.875772881511455,3 days 18:00:00,5 days 00:26:15,1.0357198459772843,0.14045458959686608,0.34077915595066377,0.06157107725209264,1.024512775527025,0.5362989475787661,long
4082,"{'window_k': 237, 'window_d': 237, 'window_ma': 42}","open_time
2022-01-01 00:00:00    100.000000
2022-01-01 01:00:00    100.000000
2022-01-01 02:00:00    100.000000
2022-01-01 03:00:00    100.000000
2022-01-01 04:00:00    100.000000
                          ...    
2023-05-01 19:00:00    102.715072
2023-05-01 20:00:00    102.715072
2023-05-01 21:00:00    102.715072
2023-05-01 22:00:00    102.715072
2023-05-01 23:00:00    102.715072
Freq: H, Length: 11664, dtype: float64",2022-01-01,2023-05-01 23:00:00,486 days,100.0,81.86593653121493,123.42251545381478,102.71507209063013,2.71507209063013,-70.17976286600607,19.718792866941016,100.0,33.54996901288013,268 days 17:00:00,34,0.0,17,41.17647058823529,29.029878273699733,-21.494147349093414,10.87307557077772,-6.276157308233107,7 days 20:34:17.142857142,4 days 02:00:00,1.0399039595109283,0.15971012297824227,0.25216299830475647,0.06057478603163994,1.017355969689762,0.35835582178247155,long
646,"{'window_k': 42, 'window_d': 132, 'window_ma': 102}","open_time
2022-01-01 00:00:00    100.000000
2022-01-01 01:00:00    100.000000
2022-01-01 02:00:00    100.000000
2022-01-01 03:00:00    100.000000
2022-01-01 04:00:00    100.000000
                          ...    
2023-05-01 19:00:00    103.060317
2023-05-01 20:00:00    102.823635
2023-05-01 21:00:00    103.341377
2023-05-01 22:00:00    103.799949
2023-05-01 23:00:00    103.799949
Freq: H, Length: 11664, dtype: float64",2022-01-01,2023-05-01 23:00:00,486 days,100.0,64.33574651408149,133.03147403574704,103.79994900500691,3.7999490050069085,-70.17976286600607,37.045610425240056,100.0,47.491789472987975,377 days 12:00:00,83,0.0,42,39.02439024390244,38.51599727705922,-18.897364771151175,10.170819002021478,-5.567743863275342,5 days 23:22:30,3 days 04:31:12,1.0192215306711045,0.06598277334057423,0.33377349269497336,0.05981203052741401,1.0169253837022338,0.4700077783225176,long
3881,"{'window_k': 237, 'window_d': 42, 'window_ma': 147}","open_time
2022-01-01 00:00:00    100.000000
2022-01-01 01:00:00    100.000000
2022-01-01 02:00:00    100.000000
2022-01-01 03:00:00    100.000000
2022-01-01 04:00:00    100.000000
                          ...    
2023-05-01 19:00:00    103.313049
2023-05-01 20:00:00    103.075786
2023-05-01 21:00:00    103.594798
2023-05-01 22:00:00    104.054495
2023-05-01 23:00:00    104.054495
Freq: H, Length: 11664, dtype: float64",2022-01-01,2023-05-01 23:00:00,486 days,100.0,74.15736214100427,152.01145052361645,104.05449472194458,4.054494721944579,-70.17976286600607,40.294924554183815,100.0,50.87915507395749,275 days 07:00:00,129,0.0,65,39.0625,25.89655580542076,-17.286531690140826,7.475229542649878,-4.202995604978723,3 days 23:24:00,2 days 08:03:04.615384615,1.0345212300942068,0.09648483639982164,0.3933081367714849,0.05955143844829895,1.0212233125570533,0.5996764285752646,long
963,"{'window_k': 57, 'window_d': 192, 'window_ma': 57}","open_time
2022-01-01 00:00:00    100.000000
2022-01-01 01:00:00    100.000000
2022-01-01 02:00:00    100.000000
2022-01-01 03:00:00    100.000000
2022-01-01 04:00:00    100.000000
                          ...    
2023-05-01 19:00:00    103.340125
2023-05-01 20:00:00    103.102800
2023-05-01 21:00:00    103.621948
2023-05-01 22:00:00    104.081765
2023-05-01 23:00:00    104.081765
Freq: H, Length: 11664, dtype: float64",2022-01-01,2023-05-01 23:00:00,486 days,100.0,63.266404447786286,129.699741432649,104.08176458607048,4.081764586070477,-70.17976286600607,26.15740740740741,100.0,51.22087079823554,314 days 09:00:00,57,0.0,29,35.714285714285715,30.27366020524515,-12.900311213733563,11.431469682534726,-5.604461287435386,5 days 22:06:00,3 days 18:17:38.823529411,1.0557511429337645,0.18762699516865222,0.2880175927792706,0.05955004193212374,1.0170824015352027,0.40793574366814633,long
2078,"{'window_k': 132, 'window_d': 27, 'window_ma': 222}","open_time
2022-01-01 00:00:00    100.00000
2022-01-01 01:00:00    100.00000
2022-01-01 02:00:00    100.00000
2022-01-01 03:00:00    100.00000
2022-01-01 04:00:00    100.00000
                         ...    
2023-05-01 19:00:00    104.70903
2023-05-01 20:00:00    104.70903
2023-05-01 21:00:00    104.70903
2023-05-01 22:00:00    104.70903
2023-05-01 23:00:00    104.70903
Freq: H, Length: 11664, dtype: float64",2022-01-01,2023-05-01 23:00:00,486 days,100.0,42.149698425443084,117.66830948682879,104.70902962223316,4.70902962223316,-70.17976286600607,36.97702331961592,100.0,59.635443493546944,395 days 11:00:00,194,0.0,97,37.11340206185567,25.406504065040654,-14.461569764484466,7.195040990498495,-3.75770586506594,2 days 19:48:20,1 days 06:41:18.688524590,1.0253591653071465,0.048546697136425454,0.38343827949261944,0.05896293915274374,1.022472178322216,0.6019407100207156,long
2898,"{'window_k': 177, 'window_d': 87, 'window_ma': 42}","open_time
2022-01-01 00:00:00    100.000000
2022-01-01 01:00:00    100.000000
2022-01-01 02:00:00    100.000000
2022-01-01 03:00:00    100.000000
2022-01-01 04:00:00    100.000000
                          ...    
2023-05-01 19:00:00    103.907689
2023-05-01 20:00:00    103.907689
2023-05-01 21:00:00    103.907689
2023-05-01 22:00:00    103.907689
2023-05-01 23:00:00    103.907689
Freq: H, Length: 11664, dtype: float64",2022-01-01,2023-05-01 23:00:00,486 days,100.0,81.88995724567842,162.69578006797406,103.90768878326382,3.907688783263822,-70.17976286600607,27.85493827160494,100.0,49.666821590907325,286 days 02:00:00,72,0.0,36,36.11111111111111,35.21453420950908,-12.945855786502444,11.132935897220309,-5.302035557830019,5 days 19:04:36.923076923,2 days 14:39:07.826086956,1.0273446998760205,0.10854691064621758,0.34373137109930435,0.05880661838121185,1.023618373025095,0.5404540151606462,long
2696,"{'window_k': 162, 'window_d': 132, 'window_ma': 132}","open_time
2022-01-01 00:00:00    100.000000
2022-01-01 01:00:00    100.000000
2022-01-01 02:00:00    100.000000
2022-01-01 03:00:00    100.000000
2022-01-01 04:00:00    100.000000
                          ...    
2023-05-01 19:00:00    102.736007
2023-05-01 20:00:00    102.500070
2023-05-01 21:00:00    103.016183
2023-05-01 22:00:00    103.473312
2023-05-01 23:00:00    103.473312
Freq: H, Length: 11664, dtype: float64",2022-01-01,2023-05-01 23:00:00,486 days,100.0,74.96074270447603,143.50757557080655,103.47331155821622,3.473311558216224,-70.17976286600607,41.246570644718794,100.0,44.513438182380916,309 days 12:00:00,59,0.0,30,34.48275862068966,41.02207812258759,-13.748003194888177,15.010853121230566,-6.501970348561558,8 days 15:42:00,5 days 20:25:15.789473684,1.0265540920637541,0.1268881660097323,0.36011434126052316,0.058351776727923126,1.018273362389187,0.5186268632626205,long
3701,"{'window_k': 222, 'window_d': 117, 'window_ma': 87}","open_time
2022-01-01 00:00:00    100.000000
2022-01-01 01:00:00    100.000000
2022-01-01 02:00:00    100.000000
2022-01-01 03:00:00    100.000000
2022-01-01 04:00:00    100.000000
                          ...    
2023-05-01 19:00:00    104.157842
2023-05-01 20:00:00    104.157842
2023-05-01 21:00:00    104.157842
2023-05-01 22:00:00    104.157842
2023-05-01 23:00:00    104.157842
Freq: H, Length: 11664, dtype: float64",2022-01-01,2023-05-01 23:00:00,486 days,100.0,74.7613654431354,160.41795840998378,104.15784222176995,4.157842221769954,-70.17976286600607,37.13134430727023,100.0,53.395887727191926,355 days 14:00:00,60,0.0,30,40.0,31.811697574892996,-24.955752212389385,12.738492003362486,-6.9160016452029005,8 days 08:45:00,4 days 10:46:40,1.0278007110710665,0.13859474072566602,0.37555848949845866,0.058183695477282873,1.0217159795058,0.5778845980154913,long
2863,"{'window_k': 177, 'window_d': 42, 'window_ma': 237}","open_time
2022-01-01 00:00:00    100.000000
2022-01-01 01:00:00    100.000000
2022-01-01 02:00:00    100.000000
2022-01-01 03:00:00    100.000000
2022-01-01 04:00:00    100.000000
                          ...    
2023-05-01 19:00:00    103.789085
2023-05-01 20:00:00    103.789085
2023-05-01 21:00:00    103.789085
2023-05-01 22:00:00    103.789085
2023-05-01 23:00:00    103.789085
Freq: H, Length: 11664, dtype: float64",2022-01-01,2023-05-01 23:00:00,486 days,100.0,63.588064145564594,126.4448615785311,103.78908483997803,3.789084839978031,-70.17976286600607,41.91529492455419,100.0,49.32154858057072,305 days 14:00:00,136,0.0,68,35.294117647058826,29.820599673817572,-15.937687237866996,8.655209544898252,-4.200698105337783,4 days 09:27:30,2 days 05:35:27.272727272,1.021578061845534,0.055721835882029946,0.40097986004562997,0.05742918560345761,1.0215884746313757,0.6210763831992623,long
2074,"{'window_k': 132, 'window_d': 27, 'window_ma': 162}","open_time
2022-01-01 00:00:00    100.000000
2022-01-01 01:00:00    100.000000
2022-01-01 02:00:00    100.000000
2022-01-01 03:00:00    100.000000
2022-01-01 04:00:00    100.000000
                          ...    
2023-05-01 19:00:00    104.581373
2023-05-01 20:00:00    104.581373
2023-05-01 21:00:00    104.581373
2023-05-01 22:00:00    104.581373
2023-05-01 23:00:00    104.581373
Freq: H, Length: 11664, dtype: float64",2022-01-01,2023-05-01 23:00:00,486 days,100.0,42.149698425443084,117.52485385238471,104.58137332852084,4.58137332852084,-70.17976286600607,36.51406035665295,100.0,59.635443493546944,395 days 11:00:00,192,0.0,96,37.5,25.406504065040647,-14.461569764484466,7.176593972051474,-3.8113668352228807,2 days 19:56:40,1 days 06:13:00,1.0247420258061084,0.04772263883875927,0.3817235064998513,0.05737335018768721,1.0224895398864744,0.5992025097811297,long
2454,"{'window_k': 147, 'window_d': 147, 'window_ma': 102}","open_time
2022-01-01 00:00:00    100.000000
2022-01-01 01:00:00    100.000000
2022-01-01 02:00:00    100.000000
2022-01-01 03:00:00    100.000000
2022-01-01 04:00:00    100.000000
                          ...    
2023-05-01 19:00:00    102.484698
2023-05-01 20:00:00    102.249338
2023-05-01 21:00:00    102.764188
2023-05-01 22:00:00    103.220199
2023-05-01 23:00:00    103.220199
Freq: H, Length: 11664, dtype: float64",2022-01-01,2023-05-01 23:00:00,486 days,100.0,81.80801129536586,141.2714087631776,103.2201988189489,3.2201988189489015,-70.17976286600607,33.59053497942387,100.0,42.09160083304193,391 days 18:00:00,55,0.0,28,29.629629629629626,40.514863622433346,-13.651907847372211,15.876237737620382,-5.407449535908331,9 days 07:52:30,4 days 13:00:00,1.039013529285717,0.16230704700891163,0.3146033688981887,0.057229823699008135,1.0166849688331328,0.44767656287970925,long
3640,"{'window_k': 222, 'window_d': 57, 'window_ma': 132}","open_time
2022-01-01 00:00:00    100.000000
2022-01-01 01:00:00    100.000000
2022-01-01 02:00:00    100.000000
2022-01-01 03:00:00    100.000000
2022-01-01 04:00:00    100.000000
                          ...    
2023-05-01 19:00:00    102.681174
2023-05-01 20:00:00    102.445363
2023-05-01 21:00:00    102.961201
2023-05-01 22:00:00    103.418085
2023-05-01 23:00:00    103.418085
Freq: H, Length: 11664, dtype: float64",2022-01-01,2023-05-01 23:00:00,486 days,100.0,67.92430409023403,135.3200108667766,103.41808543383947,3.4180854338394657,-70.17976286600607,39.8576817558299,100.0,44.8260305644843,194 days 16:00:00,99,0.0,50,40.816326530612244,30.952380952380942,-17.211997273346967,9.397056444952941,-5.644967919478212,4 days 14:54:00,3 days 07:47:35.172413793,1.015805781396585,0.055319406189711096,0.38762588120954716,0.05702735926476584,1.0213618627075314,0.5947500622683725,long
682,"{'window_k': 42, 'window_d': 162, 'window_ma': 162}","open_time
2022-01-01 00:00:00    100.000000
2022-01-01 01:00:00    100.000000
2022-01-01 02:00:00    100.000000
2022-01-01 03:00:00    100.000000
2022-01-01 04:00:00    100.000000
                          ...    
2023-05-01 19:00:00    103.573579
2023-05-01 20:00:00    103.335718
2023-05-01 21:00:00    103.856039
2023-05-01 22:00:00    104.316895
2023-05-01 23:00:00    104.316895
Freq: H, Length: 11664, dtype: float64",2022-01-01,2023-05-01 23:00:00,486 days,100.0,70.19031996756365,164.2569904332432,104.31689474757056,4.316894747570558,-70.17976286600607,38.92318244170096,100.0,57.267986109796546,395 days 04:00:00,79,0.0,40,25.64102564102564,33.8166821870427,-16.30898513251454,16.816391020679884,-4.882373839220442,8 days 01:24:00,3 days 14:51:43.448275862,1.0238777737410825,0.09620448669822057,0.34448027743702797,0.0563141021186223,1.0168839164803862,0.484634442484377,long
2072,"{'window_k': 132, 'window_d': 27, 'window_ma': 132}","open_time
2022-01-01 00:00:00    100.000000
2022-01-01 01:00:00    100.000000
2022-01-01 02:00:00    100.000000
2022-01-01 03:00:00    100.000000
2022-01-01 04:00:00    100.000000
                          ...    
2023-05-01 19:00:00    104.472823
2023-05-01 20:00:00    104.472823
2023-05-01 21:00:00    104.472823
2023-05-01 22:00:00    104.472823
2023-05-01 23:00:00    104.472823
Freq: H, Length: 11664, dtype: float64",2022-01-01,2023-05-01 23:00:00,486 days,100.0,42.149698425443084,117.40286846697494,104.47282267975183,4.472822679751829,-70.17976286600607,36.44547325102881,100.0,59.635443493546944,395 days 11:00:00,194,0.0,97,37.11340206185567,25.406504065040657,-14.461569764484466,7.176593972051476,-3.7506012162285587,2 days 19:56:40,1 days 05:35:24.590163934,1.0241451532360548,0.04611157401806043,0.3807799243844811,0.0560212865568563,1.022423596628565,0.5978138448570379,long
1940,"{'window_k': 117, 'window_d': 147, 'window_ma': 72}","open_time
2022-01-01 00:00:00    100.000000
2022-01-01 01:00:00    100.000000
2022-01-01 02:00:00    100.000000
2022-01-01 03:00:00    100.000000
2022-01-01 04:00:00    100.000000
                          ...    
2023-05-01 19:00:00    102.900485
2023-05-01 20:00:00    102.664170
2023-05-01 21:00:00    103.181110
2023-05-01 22:00:00    103.638970
2023-05-01 23:00:00    103.638970
Freq: H, Length: 11664, dtype: float64",2022-01-01,2023-05-01 23:00:00,486 days,100.0,69.26550585638228,137.87897016361885,103.63897020432023,3.6389702043202306,-70.17976286600607,34.43930041152263,100.0,49.76354568489599,453 days 11:00:00,59,0.0,30,44.827586206896555,34.1295623925091,-11.921084704448502,9.954059180165991,-6.724599337849274,6 days 17:04:36.923076923,4 days 20:07:30,1.0343835871398026,0.1321026302446331,0.32961510819730333,0.05467405669295797,1.017302703114597,0.46795562530242596,long
3706,"{'window_k': 222, 'window_d': 117, 'window_ma': 162}","open_time
2022-01-01 00:00:00    100.000000
2022-01-01 01:00:00    100.000000
2022-01-01 02:00:00    100.000000
2022-01-01 03:00:00    100.000000
2022-01-01 04:00:00    100.000000
                          ...    
2023-05-01 19:00:00    102.795054
2023-05-01 20:00:00    102.558981
2023-05-01 21:00:00    103.075390
2023-05-01 22:00:00    103.532782
2023-05-01 23:00:00    103.532782
Freq: H, Length: 11664, dtype: float64",2022-01-01,2023-05-01 23:00:00,486 days,100.0,73.68963933210826,142.66375435407676,103.53278181302689,3.532781813026887,-70.17976286600607,38.1258573388203,100.0,48.34732923877907,355 days 14:00:00,59,0.0,30,34.48275862068966,40.57547314971534,-24.95575221238938,15.78782968346265,-6.7340132084464575,9 days 16:48:00,4 days 12:31:34.736842105,1.0330485158208664,0.1584520856862257,0.37864686799489305,0.054640471087794344,1.0214598347467774,0.5804145949222383,long
1125,"{'window_k': 72, 'window_d': 102, 'window_ma': 87}","open_time
2022-01-01 00:00:00    100.000000
2022-01-01 01:00:00    100.000000
2022-01-01 02:00:00    100.000000
2022-01-01 03:00:00    100.000000
2022-01-01 04:00:00    100.000000
                          ...    
2023-05-01 19:00:00    103.457376
2023-05-01 20:00:00    103.457376
2023-05-01 21:00:00    103.457376
2023-05-01 22:00:00    103.457376
2023-05-01 23:00:00    103.457376
Freq: H, Length: 11664, dtype: float64",2022-01-01,2023-05-01 23:00:00,486 days,100.0,71.30123288234584,181.60802416121237,103.45737615873227,3.4573761587322736,-70.17976286600607,39.120370370370374,100.0,48.41301692544956,194 days 16:00:00,84,0.0,42,47.61904761904761,34.78318525394509,-22.120518688024415,8.13511250896258,-6.295328079942979,5 days 15:21:00,3 days 12:21:49.090909090,1.0191275904896187,0.08231847996981667,0.35924724734242347,0.05340653204903624,1.018672388797134,0.5164946073788825,long
2070,"{'window_k': 132, 'window_d': 27, 'window_ma': 102}","open_time
2022-01-01 00:00:00    100.000000
2022-01-01 01:00:00    100.000000
2022-01-01 02:00:00    100.000000
2022-01-01 03:00:00    100.000000
2022-01-01 04:00:00    100.000000
                          ...    
2023-05-01 19:00:00    104.225233
2023-05-01 20:00:00    104.225233
2023-05-01 21:00:00    104.225233
2023-05-01 22:00:00    104.225233
2023-05-01 23:00:00    104.225233
Freq: H, Length: 11664, dtype: float64",2022-01-01,2023-05-01 23:00:00,486 days,100.0,42.149698425443084,120.21862409883695,104.22523311733266,4.225233117332664,-70.17976286600607,36.45404663923183,100.0,59.635443493546944,273 days 08:00:00,194,0.0,97,37.11340206185567,25.406504065040654,-14.461569764484466,7.102977953205775,-3.7131146480548014,2 days 18:15:00,1 days 06:36:23.606557377,1.0227235201463318,0.0435591043023984,0.3776993172756595,0.05293610003858428,1.0222896803663637,0.593072391245776,long
2464,"{'window_k': 147, 'window_d': 162, 'window_ma': 12}","open_time
2022-01-01 00:00:00    100.000000
2022-01-01 01:00:00    100.000000
2022-01-01 02:00:00    100.000000
2022-01-01 03:00:00    100.000000
2022-01-01 04:00:00    100.000000
                          ...    
2023-05-01 19:00:00    102.303416
2023-05-01 20:00:00    102.068472
2023-05-01 21:00:00    102.582412
2023-05-01 22:00:00    102.582412
2023-05-01 23:00:00    102.582412
Freq: H, Length: 11664, dtype: float64",2022-01-01,2023-05-01 23:00:00,486 days,100.0,77.98099343695179,124.09996329093894,102.5824123480419,2.582412348041899,-70.17976286600607,15.140603566529492,100.0,37.16275865921589,391 days 18:00:00,54,0.0,27,48.148148148148145,20.056980056980056,-12.203233256351039,5.332078583267784,-4.703171547420382,2 days 08:32:18.461538461,3 days 06:36:55.384615384,1.0412940537073387,0.0956449017793295,0.22573241674166633,0.052022437141615946,1.017685493870718,0.31969515168815854,long
904,"{'window_k': 57, 'window_d': 132, 'window_ma': 132}","open_time
2022-01-01 00:00:00    100.000000
2022-01-01 01:00:00    100.000000
2022-01-01 02:00:00    100.000000
2022-01-01 03:00:00    100.000000
2022-01-01 04:00:00    100.000000
                          ...    
2023-05-01 19:00:00    102.129226
2023-05-01 20:00:00    101.894682
2023-05-01 21:00:00    102.407747
2023-05-01 22:00:00    102.862176
2023-05-01 23:00:00    102.862176
Freq: H, Length: 11664, dtype: float64",2022-01-01,2023-05-01 23:00:00,486 days,100.0,69.13807032587336,120.17385404761711,102.86217613317169,2.862176133171687,-70.17976286600607,37.93724279835391,100.0,41.20190988486672,330 days 06:00:00,73,0.0,37,44.44444444444444,31.914893617021285,-19.067215363511657,9.373113032735638,-6.4658095797060655,7 days 01:22:30,3 days 08:24:00,1.011530851986995,0.040821430469708986,0.3259813144626159,0.051988066023885275,1.0161928081751062,0.4561541586494033,long
2104,"{'window_k': 132, 'window_d': 57, 'window_ma': 132}","open_time
2022-01-01 00:00:00    100.000000
2022-01-01 01:00:00    100.000000
2022-01-01 02:00:00    100.000000
2022-01-01 03:00:00    100.000000
2022-01-01 04:00:00    100.000000
                          ...    
2023-05-01 19:00:00    102.808906
2023-05-01 20:00:00    102.572801
2023-05-01 21:00:00    103.089281
2023-05-01 22:00:00    103.546734
2023-05-01 23:00:00    103.546734
Freq: H, Length: 11664, dtype: float64",2022-01-01,2023-05-01 23:00:00,486 days,100.0,65.1163398284405,170.35162850968268,103.54673390256497,3.5467339025649665,-70.17976286600607,39.62620027434842,100.0,51.189182760272544,275 days 07:00:00,99,0.0,50,42.857142857142854,49.97108155002892,-20.09324539458721,9.331847358695331,-5.9360954856054455,4 days 16:34:17.142857142,3 days 03:49:17.142857142,1.0191318573516732,0.07418924942548788,0.3869848067525144,0.05180994823870301,1.0217383948949463,0.5920280580676855,long
1175,"{'window_k': 72, 'window_d': 147, 'window_ma': 117}","open_time
2022-01-01 00:00:00    100.000000
2022-01-01 01:00:00    100.000000
2022-01-01 02:00:00    100.000000
2022-01-01 03:00:00    100.000000
2022-01-01 04:00:00    100.000000
                          ...    
2023-05-01 19:00:00    102.872056
2023-05-01 20:00:00    102.635806
2023-05-01 21:00:00    103.152603
2023-05-01 22:00:00    103.610337
2023-05-01 23:00:00    103.610337
Freq: H, Length: 11664, dtype: float64",2022-01-01,2023-05-01 23:00:00,486 days,100.0,67.72131772971866,141.45599936616378,103.61033691805562,3.6103369180556224,-70.17976286600607,36.942729766803836,100.0,52.12552452128971,397 days 07:00:00,69,0.0,35,41.17647058823529,31.716223265519044,-15.10055828344656,10.095549593935678,-5.977546460041335,6 days 03:04:17.142857142,4 days 12:09:00,1.0241063460142015,0.08968363114415379,0.3345707345806372,0.051787685716607586,1.0169879813470233,0.47365101472012733,long
695,"{'window_k': 42, 'window_d': 177, 'window_ma': 117}","open_time
2022-01-01 00:00:00    100.000000
2022-01-01 01:00:00    100.000000
2022-01-01 02:00:00    100.000000
2022-01-01 03:00:00    100.000000
2022-01-01 04:00:00    100.000000
                          ...    
2023-05-01 19:00:00    103.016049
2023-05-01 20:00:00    102.779468
2023-05-01 21:00:00    103.296988
2023-05-01 22:00:00    103.755363
2023-05-01 23:00:00    103.755363
Freq: H, Length: 11664, dtype: float64",2022-01-01,2023-05-01 23:00:00,486 days,100.0,75.50579063777239,170.03115442646458,103.75536300306347,3.755363003063465,-70.17976286600607,34.38786008230453,100.0,55.592967128605075,309 days 12:00:00,69,0.0,35,38.23529411764706,37.36202319407572,-11.770211770211771,10.787084016345968,-5.6369784420394735,6 days 13:32:18.461538461,3 days 17:57:08.571428571,1.0231916588266563,0.09479578638594433,0.3164307690880911,0.05049924205233536,1.0162699401792898,0.4477294377688459,long
2073,"{'window_k': 132, 'window_d': 27, 'window_ma': 147}","open_time
2022-01-01 00:00:00    100.000000
2022-01-01 01:00:00    100.000000
2022-01-01 02:00:00    100.000000
2022-01-01 03:00:00    100.000000
2022-01-01 04:00:00    100.000000
                          ...    
2023-05-01 19:00:00    104.018676
2023-05-01 20:00:00    104.018676
2023-05-01 21:00:00    104.018676
2023-05-01 22:00:00    104.018676
2023-05-01 23:00:00    104.018676
Freq: H, Length: 11664, dtype: float64",2022-01-01,2023-05-01 23:00:00,486 days,100.0,42.149698425443084,116.89251413142654,104.01867570108077,4.018675701080767,-70.17976286600607,37.019890260631,100.0,59.635443493546944,395 days 11:00:00,194,0.0,97,37.11340206185567,25.406504065040647,-14.461569764484466,7.176593972051476,-3.757705865065939,2 days 19:56:40,1 days 06:41:18.688524590,1.0216716669209531,0.041429646402894926,0.3761746297800991,0.0503608142791535,1.0220327683407142,0.5905136215868934,long
2077,"{'window_k': 132, 'window_d': 27, 'window_ma': 207}","open_time
2022-01-01 00:00:00    100.000000
2022-01-01 01:00:00    100.000000
2022-01-01 02:00:00    100.000000
2022-01-01 03:00:00    100.000000
2022-01-01 04:00:00    100.000000
                          ...    
2023-05-01 19:00:00    104.018676
2023-05-01 20:00:00    104.018676
2023-05-01 21:00:00    104.018676
2023-05-01 22:00:00    104.018676
2023-05-01 23:00:00    104.018676
Freq: H, Length: 11664, dtype: float64",2022-01-01,2023-05-01 23:00:00,486 days,100.0,42.149698425443084,116.89251413142654,104.01867570108077,4.018675701080767,-70.17976286600607,37.019890260631,100.0,59.635443493546944,395 days 11:00:00,194,0.0,97,37.11340206185567,25.406504065040647,-14.461569764484466,7.176593972051476,-3.757705865065939,2 days 19:56:40,1 days 06:41:18.688524590,1.0216716669209531,0.041429646402894926,0.3761746297800991,0.0503608142791535,1.0220327683407142,0.5905136215868934,long
2076,"{'window_k': 132, 'window_d': 27, 'window_ma': 192}","open_time
2022-01-01 00:00:00    100.000000
2022-01-01 01:00:00    100.000000
2022-01-01 02:00:00    100.000000
2022-01-01 03:00:00    100.000000
2022-01-01 04:00:00    100.000000
                          ...    
2023-05-01 19:00:00    104.018676
2023-05-01 20:00:00    104.018676
2023-05-01 21:00:00    104.018676
2023-05-01 22:00:00    104.018676
2023-05-01 23:00:00    104.018676
Freq: H, Length: 11664, dtype: float64",2022-01-01,2023-05-01 23:00:00,486 days,100.0,42.149698425443084,116.89251413142654,104.01867570108077,4.018675701080767,-70.17976286600607,37.019890260631,100.0,59.635443493546944,395 days 11:00:00,194,0.0,97,37.11340206185567,25.406504065040647,-14.461569764484466,7.176593972051476,-3.757705865065939,2 days 19:56:40,1 days 06:41:18.688524590,1.0216716669209531,0.041429646402894926,0.3761746297800991,0.0503608142791535,1.0220327683407142,0.5905136215868934,long
2195,"{'window_k': 132, 'window_d': 147, 'window_ma': 57}","open_time
2022-01-01 00:00:00    100.000000
2022-01-01 01:00:00    100.000000
2022-01-01 02:00:00    100.000000
2022-01-01 03:00:00    100.000000
2022-01-01 04:00:00    100.000000
                          ...    
2023-05-01 19:00:00    102.083272
2023-05-01 20:00:00    101.848833
2023-05-01 21:00:00    102.361667
2023-05-01 22:00:00    102.815892
2023-05-01 23:00:00    102.815892
Freq: H, Length: 11664, dtype: float64",2022-01-01,2023-05-01 23:00:00,486 days,100.0,80.52389966807834,138.52202781742852,102.81589159889973,2.815891598899725,-70.17976286600607,27.4519890260631,100.0,41.869245681121185,314 days 09:00:00,55,0.0,28,37.03703703703704,33.15303662766772,-13.254342805502558,10.271857328190523,-5.03315452792858,5 days 03:36:00,4 days 16:07:03.529411764,1.0343501550228265,0.12165808898307295,0.28399392666527945,0.05033498924830014,1.0167613749824709,0.3990375353228069,long
1178,"{'window_k': 72, 'window_d': 147, 'window_ma': 162}","open_time
2022-01-01 00:00:00    100.000000
2022-01-01 01:00:00    100.000000
2022-01-01 02:00:00    100.000000
2022-01-01 03:00:00    100.000000
2022-01-01 04:00:00    100.000000
                          ...    
2023-05-01 19:00:00    103.021028
2023-05-01 20:00:00    102.784436
2023-05-01 21:00:00    103.301981
2023-05-01 22:00:00    103.760378
2023-05-01 23:00:00    103.760378
Freq: H, Length: 11664, dtype: float64",2022-01-01,2023-05-01 23:00:00,486 days,100.0,65.3121134081485,148.29104509436905,103.76037825229379,3.7603782522937905,-70.17976286600607,39.934842249657066,100.0,55.95680550596608,391 days 18:00:00,69,0.0,35,38.23529411764706,31.716223265519044,-15.100558283446558,11.685472957691543,-6.11980669144195,7 days 06:32:18.461538461,4 days 13:37:08.571428571,1.0245233628119936,0.09407271342184931,0.3501145855003591,0.05023758662981347,1.0169565277515606,0.49519363783713477,long
1008,"{'window_k': 57, 'window_d': 237, 'window_ma': 12}","open_time
2022-01-01 00:00:00    100.000000
2022-01-01 01:00:00    100.000000
2022-01-01 02:00:00    100.000000
2022-01-01 03:00:00    100.000000
2022-01-01 04:00:00    100.000000
                          ...    
2023-05-01 19:00:00    102.508074
2023-05-01 20:00:00    102.508074
2023-05-01 21:00:00    103.024227
2023-05-01 22:00:00    103.024227
2023-05-01 23:00:00    103.024227
Freq: H, Length: 11664, dtype: float64",2022-01-01,2023-05-01 23:00:00,486 days,100.0,70.74975167662122,129.84482039307616,103.02422733633654,3.024227336336537,-70.17976286600607,12.542866941015088,100.0,45.51207243966901,391 days 18:00:00,52,0.0,26,46.15384615384615,17.250973845297715,-8.70838881491344,5.518888905701438,-4.139374482705711,2 days 04:10:00,2 days 11:47:08.571428571,1.0538256444834746,0.11631643601294384,0.2283198350465184,0.04971948831247084,1.0189163992173522,0.3216649880471899,long
1862,"{'window_k': 117, 'window_d': 72, 'window_ma': 102}","open_time
2022-01-01 00:00:00    100.000000
2022-01-01 01:00:00    100.000000
2022-01-01 02:00:00    100.000000
2022-01-01 03:00:00    100.000000
2022-01-01 04:00:00    100.000000
                          ...    
2023-05-01 19:00:00    102.370401
2023-05-01 20:00:00    102.135303
2023-05-01 21:00:00    102.649580
2023-05-01 22:00:00    103.105082
2023-05-01 23:00:00    103.105082
Freq: H, Length: 11664, dtype: float64",2022-01-01,2023-05-01 23:00:00,486 days,100.0,64.05525007041373,161.7938837273046,103.10508194050051,3.1050819405005115,-70.17976286600607,41.246570644718794,100.0,47.96795426934851,194 days 16:00:00,95,0.0,48,42.5531914893617,29.503563529122644,-17.912825765335167,9.405007223063922,-5.940320450453464,5 days 12:51:00,3 days 02:57:46.666666666,1.030521883337239,0.11983794393026681,0.37742884976065877,0.048430383647093844,1.020712852257108,0.5740735054479588,long
3607,"{'window_k': 222, 'window_d': 27, 'window_ma': 117}","open_time
2022-01-01 00:00:00    100.000000
2022-01-01 01:00:00    100.000000
2022-01-01 02:00:00    100.000000
2022-01-01 03:00:00    100.000000
2022-01-01 04:00:00    100.000000
                          ...    
2023-05-01 19:00:00    103.890261
2023-05-01 20:00:00    103.890261
2023-05-01 21:00:00    103.890261
2023-05-01 22:00:00    103.890261
2023-05-01 23:00:00    103.890261
Freq: H, Length: 11664, dtype: float64",2022-01-01,2023-05-01 23:00:00,486 days,100.0,44.89662348778394,119.20458187424467,103.89026091223741,3.8902609122374088,-70.17976286600607,37.49142661179698,100.0,60.2430779803525,244 days 00:00:00,186,0.0,93,32.25806451612903,29.846743295019174,-11.895365881159092,8.40766787203684,-3.5473879497058713,3 days 00:32:00,1 days 10:52:22.857142857,1.020236461323885,0.0418307624971761,0.3801049961062357,0.04826733857795189,1.0220136432684659,0.5902746040245619,long
1367,"{'window_k': 87, 'window_d': 87, 'window_ma': 117}","open_time
2022-01-01 00:00:00    100.000000
2022-01-01 01:00:00    100.000000
2022-01-01 02:00:00    100.000000
2022-01-01 03:00:00    100.000000
2022-01-01 04:00:00    100.000000
                          ...    
2023-05-01 19:00:00    102.365125
2023-05-01 20:00:00    102.130040
2023-05-01 21:00:00    102.644290
2023-05-01 22:00:00    103.099768
2023-05-01 23:00:00    103.099768
Freq: H, Length: 11664, dtype: float64",2022-01-01,2023-05-01 23:00:00,486 days,100.0,65.57816659711558,184.6491077742106,103.09976820730144,3.0997682073014374,-70.17976286600607,38.588820301783265,100.0,48.15359130880393,194 days 16:00:00,91,0.0,46,42.22222222222222,35.09827517047734,-24.314282592066437,9.448848281735138,-5.838260277745933,5 days 08:03:09.473684210,3 days 02:27:41.538461538,1.0281652364637195,0.11883944720393735,0.36905405315983864,0.04816143178290052,1.0210236057246924,0.5654705174657129,long
3454,"{'window_k': 207, 'window_d': 117, 'window_ma': 222}","open_time
2022-01-01 00:00:00    100.000000
2022-01-01 01:00:00    100.000000
2022-01-01 02:00:00    100.000000
2022-01-01 03:00:00    100.000000
2022-01-01 04:00:00    100.000000
                          ...    
2023-05-01 19:00:00    102.342684
2023-05-01 20:00:00    102.107650
2023-05-01 21:00:00    102.621787
2023-05-01 22:00:00    103.077166
2023-05-01 23:00:00    103.077166
Freq: H, Length: 11664, dtype: float64",2022-01-01,2023-05-01 23:00:00,486 days,100.0,73.4957625266039,144.23659695642883,103.07716582984337,3.0771658298433664,-70.17976286600607,39.21467764060357,100.0,49.044996847224844,391 days 18:00:00,57,0.0,29,32.142857142857146,43.014763014763005,-21.56029954174584,17.753827833937184,-6.88342266116069,10 days 10:40:00,4 days 22:44:12.631578947,1.0225396500720332,0.11514507770063176,0.377967042167769,0.04694258500238653,1.020986457986395,0.5755770988636432,long
2373,"{'window_k': 147, 'window_d': 72, 'window_ma': 87}","open_time
2022-01-01 00:00:00    100.000000
2022-01-01 01:00:00    100.000000
2022-01-01 02:00:00    100.000000
2022-01-01 03:00:00    100.000000
2022-01-01 04:00:00    100.000000
                          ...    
2023-05-01 19:00:00    102.877782
2023-05-01 20:00:00    102.877782
2023-05-01 21:00:00    102.877782
2023-05-01 22:00:00    102.877782
2023-05-01 23:00:00    102.877782
Freq: H, Length: 11664, dtype: float64",2022-01-01,2023-05-01 23:00:00,486 days,100.0,63.91560613173253,167.9670923433268,102.87778237852622,2.87778237852622,-70.17976286600607,37.31138545953361,100.0,46.42520282589585,194 days 16:00:00,84,0.0,42,38.095238095238095,25.40407156076496,-24.500212675457245,10.292490571962176,-5.448044022753217,5 days 22:33:45,3 days 07:39:13.846153846,1.017517951247194,0.06851862806014886,0.3675602966798208,0.04638958884320956,1.0210347824117207,0.5690842159186521,long
3107,"{'window_k': 192, 'window_d': 42, 'window_ma': 57}","open_time
2022-01-01 00:00:00    100.000000
2022-01-01 01:00:00    100.000000
2022-01-01 02:00:00    100.000000
2022-01-01 03:00:00    100.000000
2022-01-01 04:00:00    100.000000
                          ...    
2023-05-01 19:00:00    103.294292
2023-05-01 20:00:00    103.294292
2023-05-01 21:00:00    103.294292
2023-05-01 22:00:00    103.294292
2023-05-01 23:00:00    103.294292
Freq: H, Length: 11664, dtype: float64",2022-01-01,2023-05-01 23:00:00,486 days,100.0,58.88999993686903,126.5781174884164,103.29429207395091,3.2942920739509134,-70.17976286600607,35.68244170096022,100.0,53.47537069963278,430 days 01:00:00,132,0.0,66,33.33333333333333,20.58823529411765,-15.937687237867,8.587346176271433,-3.855506993084722,3 days 14:02:43.636363636,2 days 03:34:05.454545454,1.0211746228051342,0.04991351627198348,0.37792616309164334,0.046079133710626705,1.022376228284543,0.5928851618334662,long
3866,"{'window_k': 237, 'window_d': 27, 'window_ma': 162}","open_time
2022-01-01 00:00:00    100.000000
2022-01-01 01:00:00    100.000000
2022-01-01 02:00:00    100.000000
2022-01-01 03:00:00    100.000000
2022-01-01 04:00:00    100.000000
                          ...    
2023-05-01 19:00:00    103.795293
2023-05-01 20:00:00    103.795293
2023-05-01 21:00:00    103.795293
2023-05-01 22:00:00    103.795293
2023-05-01 23:00:00    103.795293
Freq: H, Length: 11664, dtype: float64",2022-01-01,2023-05-01 23:00:00,486 days,100.0,44.384806915336014,125.0683365486362,103.7952926690756,3.795292669075593,-70.17976286600607,36.43689986282579,100.0,62.24560731729232,266 days 23:00:00,184,0.0,92,33.69565217391305,29.846743295019152,-13.671753347866696,8.172099257669444,-3.6726840560317253,3 days 00:27:05.806451612,1 days 08:51:08.852459016,1.020025886190398,0.041253181185603616,0.3801614494711725,0.04557937087618577,1.0223495417236774,0.591661617800397,long
820,"{'window_k': 57, 'window_d': 57, 'window_ma': 72}","open_time
2022-01-01 00:00:00    100.00000
2022-01-01 01:00:00    100.00000
2022-01-01 02:00:00    100.00000
2022-01-01 03:00:00    100.00000
2022-01-01 04:00:00    100.00000
                         ...    
2023-05-01 19:00:00    103.05566
2023-05-01 20:00:00    103.05566
2023-05-01 21:00:00    103.05566
2023-05-01 22:00:00    103.05566
2023-05-01 23:00:00    103.05566
Freq: H, Length: 11664, dtype: float64",2022-01-01,2023-05-01 23:00:00,486 days,100.0,79.43381722764799,160.3859931262219,103.05565993202987,3.0556599320298687,-70.17976286600607,42.06104252400549,100.0,50.47334515980177,391 days 18:00:00,134,0.0,67,43.28358208955223,22.566718995290426,-14.937355552852452,7.04323747253993,-4.797293711825302,3 days 21:45:31.034482758,2 days 09:33:09.473684210,1.0147487724700348,0.04560686465716257,0.3875853634063768,0.04529654965138125,1.02106456938088,0.6015587260808528,long
3414,"{'window_k': 207, 'window_d': 87, 'window_ma': 102}","open_time
2022-01-01 00:00:00    100.000000
2022-01-01 01:00:00    100.000000
2022-01-01 02:00:00    100.000000
2022-01-01 03:00:00    100.000000
2022-01-01 04:00:00    100.000000
                          ...    
2023-05-01 19:00:00    102.454094
2023-05-01 20:00:00    102.218803
2023-05-01 21:00:00    102.733500
2023-05-01 22:00:00    103.189375
2023-05-01 23:00:00    103.189375
Freq: H, Length: 11664, dtype: float64",2022-01-01,2023-05-01 23:00:00,486 days,100.0,81.62175646945273,173.46959372733184,103.18937478136117,3.1893747813611673,-70.17976286600607,36.47976680384088,100.0,52.9475139039353,286 days 02:00:00,67,0.0,34,42.42424242424242,31.123318810380756,-17.213687150837995,11.252385729185658,-7.088346005033632,7 days 13:30:00,3 days 13:28:25.263157894,1.0183750076889984,0.09130022043191577,0.3753504472775109,0.04506210169856018,1.021696802730469,0.5747162078146825,long
1857,"{'window_k': 117, 'window_d': 72, 'window_ma': 27}","open_time
2022-01-01 00:00:00    100.000000
2022-01-01 01:00:00    100.000000
2022-01-01 02:00:00    100.000000
2022-01-01 03:00:00    100.000000
2022-01-01 04:00:00    100.000000
                          ...    
2023-05-01 19:00:00    102.011028
2023-05-01 20:00:00    101.776756
2023-05-01 21:00:00    102.289227
2023-05-01 22:00:00    102.743130
2023-05-01 23:00:00    102.743130
Freq: H, Length: 11664, dtype: float64",2022-01-01,2023-05-01 23:00:00,486 days,100.0,65.91190240600535,130.26967942235774,102.7431295867836,2.7431295867835956,-70.17976286600607,29.646776406035663,100.0,45.88659509589345,330 days 05:00:00,93,0.0,47,45.65217391304348,21.739595592168623,-17.912825765335167,6.761356861533995,-4.895948580830945,3 days 21:22:51.428571428,2 days 06:40:48,1.040881713592593,0.11438171459185176,0.2900581558831009,0.04474538570369568,1.0166844675116855,0.4089034833077818,long
1846,"{'window_k': 117, 'window_d': 57, 'window_ma': 102}","open_time
2022-01-01 00:00:00    100.000000
2022-01-01 01:00:00    100.000000
2022-01-01 02:00:00    100.000000
2022-01-01 03:00:00    100.000000
2022-01-01 04:00:00    100.000000
                          ...    
2023-05-01 19:00:00    102.084707
2023-05-01 20:00:00    101.850265
2023-05-01 21:00:00    102.363107
2023-05-01 22:00:00    102.817337
2023-05-01 23:00:00    102.817337
Freq: H, Length: 11664, dtype: float64",2022-01-01,2023-05-01 23:00:00,486 days,100.0,61.69068867750503,168.0446473313028,102.81733729438051,2.8173372943805077,-70.17976286600607,41.46947873799726,100.0,49.44013625739133,275 days 07:00:00,111,0.0,56,38.18181818181819,48.27935222672065,-20.09324539458721,10.909046326373439,-5.78281014131565,4 days 12:14:17.142857142,2 days 23:19:24.705882352,1.0072008061770488,0.028845788700015085,0.3786348456010756,0.0426488773489481,1.0204607948675763,0.5795582145548287,long
1847,"{'window_k': 117, 'window_d': 57, 'window_ma': 117}","open_time
2022-01-01 00:00:00    100.000000
2022-01-01 01:00:00    100.000000
2022-01-01 02:00:00    100.000000
2022-01-01 03:00:00    100.000000
2022-01-01 04:00:00    100.000000
                          ...    
2023-05-01 19:00:00    102.215685
2023-05-01 20:00:00    101.980942
2023-05-01 21:00:00    102.494441
2023-05-01 22:00:00    102.949255
2023-05-01 23:00:00    102.949255
Freq: H, Length: 11664, dtype: float64",2022-01-01,2023-05-01 23:00:00,486 days,100.0,62.13461794399008,169.2539049782145,102.94925501569635,2.9492550156963517,-70.17976286600607,41.49519890260631,100.0,51.78331263964774,275 days 07:00:00,111,0.0,56,38.18181818181819,48.27935222672064,-20.093245394587214,10.964477043222184,-5.813973355858826,4 days 17:54:17.142857142,2 days 19:54:42.352941176,1.0077480445084561,0.031215580405568488,0.37999566191596706,0.04261878066110945,1.0205233037010544,0.5818445459843495,long
3579,"{'window_k': 207, 'window_d': 237, 'window_ma': 177}","open_time
2022-01-01 00:00:00    100.000000
2022-01-01 01:00:00    100.000000
2022-01-01 02:00:00    100.000000
2022-01-01 03:00:00    100.000000
2022-01-01 04:00:00    100.000000
                          ...    
2023-05-01 19:00:00    102.646933
2023-05-01 20:00:00    102.646933
2023-05-01 21:00:00    102.646933
2023-05-01 22:00:00    102.646933
2023-05-01 23:00:00    102.646933
Freq: H, Length: 11664, dtype: float64",2022-01-01,2023-05-01 23:00:00,486 days,100.0,69.59471082830298,131.6111466456654,102.64693263048972,2.646932630489715,-70.17976286600607,34.7136488340192,100.0,47.12096003868752,349 days 17:00:00,34,0.0,17,47.05882352941176,40.20245842371655,-23.42319749216301,11.586049656137998,-8.302121226985058,10 days 23:07:30,9 days 00:00:00,1.0349893448014211,0.15570191944057132,0.3027721048490099,0.04205015083841854,1.0162507966422454,0.43017770328989047,long
3698,"{'window_k': 222, 'window_d': 117, 'window_ma': 42}","open_time
2022-01-01 00:00:00    100.000000
2022-01-01 01:00:00    100.000000
2022-01-01 02:00:00    100.000000
2022-01-01 03:00:00    100.000000
2022-01-01 04:00:00    100.000000
                          ...    
2023-05-01 19:00:00    102.918646
2023-05-01 20:00:00    102.918646
2023-05-01 21:00:00    102.918646
2023-05-01 22:00:00    102.918646
2023-05-01 23:00:00    102.918646
Freq: H, Length: 11664, dtype: float64",2022-01-01,2023-05-01 23:00:00,486 days,100.0,78.83110161606135,170.66852666594653,102.91864563845908,2.9186456384590826,-70.17976286600607,25.497256515775035,100.0,53.8104047910607,355 days 14:00:00,60,0.0,30,33.33333333333333,32.87749287749289,-24.955752212389385,12.61869704172801,-5.139091652976331,5 days 19:11:59.999999999,3 days 07:06:00,1.0241468879787232,0.09728818794863603,0.32437969715750287,0.04058913961224517,1.0235867280009243,0.5100398694573266,long
2947,"{'window_k': 177, 'window_d': 132, 'window_ma': 57}","open_time
2022-01-01 00:00:00    100.000000
2022-01-01 01:00:00    100.000000
2022-01-01 02:00:00    100.000000
2022-01-01 03:00:00    100.000000
2022-01-01 04:00:00    100.000000
                          ...    
2023-05-01 19:00:00    101.655798
2023-05-01 20:00:00    101.422341
2023-05-01 21:00:00    101.933027
2023-05-01 22:00:00    102.385350
2023-05-01 23:00:00    102.385350
Freq: H, Length: 11664, dtype: float64",2022-01-01,2023-05-01 23:00:00,486 days,100.0,81.07511629718383,148.95824157155735,102.38534977602711,2.3853497760271125,-70.17976286600607,28.24931412894376,100.0,44.447908341827116,314 days 09:00:00,57,0.0,29,35.714285714285715,36.688997525499445,-13.252279635258349,11.381401871463652,-5.306191137504089,6 days 09:11:59.999999999,3 days 22:33:20,1.024247985067172,0.09665545447512569,0.302583173203046,0.04018634356003258,1.0187503317134188,0.4395142276545321,long
1183,"{'window_k': 72, 'window_d': 147, 'window_ma': 237}","open_time
2022-01-01 00:00:00    100.000000
2022-01-01 01:00:00    100.000000
2022-01-01 02:00:00    100.000000
2022-01-01 03:00:00    100.000000
2022-01-01 04:00:00    100.000000
                          ...    
2023-05-01 19:00:00    102.266465
2023-05-01 20:00:00    102.031606
2023-05-01 21:00:00    102.545360
2023-05-01 22:00:00    103.000400
2023-05-01 23:00:00    103.000400
Freq: H, Length: 11664, dtype: float64",2022-01-01,2023-05-01 23:00:00,486 days,100.0,64.83374390858434,148.29104509436905,103.00039977925076,3.000399779250756,-70.17976286600607,40.93792866941015,100.0,56.27939376425217,391 days 18:00:00,69,0.0,35,38.23529411764706,31.71622326551904,-15.100558283446558,11.650841062521483,-6.135438878808499,7 days 07:41:32.307692307,4 days 18:28:34.285714285,1.0186870921405693,0.07184145252031104,0.34167111009831064,0.03989157243756205,1.0163999714721703,0.48329316806319667,long
918,"{'window_k': 57, 'window_d': 147, 'window_ma': 102}","open_time
2022-01-01 00:00:00    100.000000
2022-01-01 01:00:00    100.000000
2022-01-01 02:00:00    100.000000
2022-01-01 03:00:00    100.000000
2022-01-01 04:00:00    100.000000
                          ...    
2023-05-01 19:00:00    101.947214
2023-05-01 20:00:00    101.713088
2023-05-01 21:00:00    102.225239
2023-05-01 22:00:00    102.678858
2023-05-01 23:00:00    102.678858
Freq: H, Length: 11664, dtype: float64",2022-01-01,2023-05-01 23:00:00,486 days,100.0,66.6622243121417,136.9167158356022,102.67885778035445,2.6788577803544484,-70.17976286600607,37.234224965706446,100.0,51.311843915257235,391 days 18:00:00,71,0.0,36,42.857142857142854,35.377176015473886,-14.774641245031322,10.580403419359353,-6.705616708928893,6 days 18:28:00,3 days 18:39:00,1.0173296377972947,0.06608674280925309,0.32154420075403656,0.0390799406434652,1.016044233837475,0.4523318866104156,long
3605,"{'window_k': 222, 'window_d': 27, 'window_ma': 87}","open_time
2022-01-01 00:00:00    100.000000
2022-01-01 01:00:00    100.000000
2022-01-01 02:00:00    100.000000
2022-01-01 03:00:00    100.000000
2022-01-01 04:00:00    100.000000
                          ...    
2023-05-01 19:00:00    103.225954
2023-05-01 20:00:00    103.225954
2023-05-01 21:00:00    103.225954
2023-05-01 22:00:00    103.225954
2023-05-01 23:00:00    103.225954
Freq: H, Length: 11664, dtype: float64",2022-01-01,2023-05-01 23:00:00,486 days,100.0,43.03059766807518,115.83810643387332,103.22595365483765,3.225953654837653,-70.17976286600607,37.174211248285324,100.0,61.895483823767336,389 days 04:00:00,186,0.0,93,31.182795698924732,29.846743295019163,-11.895365881159092,8.614987053626455,-3.465425166029795,3 days 01:41:22.758620689,1 days 10:21:33.750000,1.0175563784282613,0.03468767370793069,0.37221243347255034,0.038988029377331805,1.021680752320139,0.5783359901944535,long
3865,"{'window_k': 237, 'window_d': 27, 'window_ma': 147}","open_time
2022-01-01 00:00:00    100.000000
2022-01-01 01:00:00    100.000000
2022-01-01 02:00:00    100.000000
2022-01-01 03:00:00    100.000000
2022-01-01 04:00:00    100.000000
                          ...    
2023-05-01 19:00:00    103.236825
2023-05-01 20:00:00    103.236825
2023-05-01 21:00:00    103.236825
2023-05-01 22:00:00    103.236825
2023-05-01 23:00:00    103.236825
Freq: H, Length: 11664, dtype: float64",2022-01-01,2023-05-01 23:00:00,486 days,100.0,44.384806915336014,124.39540929587643,103.23682453019508,3.2368245301950793,-70.17976286600607,36.942729766803836,100.0,62.24560731729232,266 days 23:00:00,186,0.0,93,33.33333333333333,29.846743295019152,-13.671753347866696,8.172099257669444,-3.622125404412658,3 days 00:27:05.806451612,1 days 09:16:27.096774193,1.0170626498503827,0.03480456484080641,0.37474208423546884,0.038898855626147866,1.0219043137695727,0.5832593639642004,long
3868,"{'window_k': 237, 'window_d': 27, 'window_ma': 192}","open_time
2022-01-01 00:00:00    100.000000
2022-01-01 01:00:00    100.000000
2022-01-01 02:00:00    100.000000
2022-01-01 03:00:00    100.000000
2022-01-01 04:00:00    100.000000
                          ...    
2023-05-01 19:00:00    103.236825
2023-05-01 20:00:00    103.236825
2023-05-01 21:00:00    103.236825
2023-05-01 22:00:00    103.236825
2023-05-01 23:00:00    103.236825
Freq: H, Length: 11664, dtype: float64",2022-01-01,2023-05-01 23:00:00,486 days,100.0,44.384806915336014,124.39540929587643,103.23682453019508,3.2368245301950793,-70.17976286600607,36.942729766803836,100.0,62.24560731729232,266 days 23:00:00,186,0.0,93,33.33333333333333,29.846743295019152,-13.671753347866696,8.172099257669444,-3.622125404412658,3 days 00:27:05.806451612,1 days 09:16:27.096774193,1.0170626498503827,0.03480456484080641,0.37474208423546884,0.038898855626147866,1.0219043137695727,0.5832593639642004,long
3869,"{'window_k': 237, 'window_d': 27, 'window_ma': 207}","open_time
2022-01-01 00:00:00    100.000000
2022-01-01 01:00:00    100.000000
2022-01-01 02:00:00    100.000000
2022-01-01 03:00:00    100.000000
2022-01-01 04:00:00    100.000000
                          ...    
2023-05-01 19:00:00    103.236825
2023-05-01 20:00:00    103.236825
2023-05-01 21:00:00    103.236825
2023-05-01 22:00:00    103.236825
2023-05-01 23:00:00    103.236825
Freq: H, Length: 11664, dtype: float64",2022-01-01,2023-05-01 23:00:00,486 days,100.0,44.384806915336014,124.39540929587643,103.23682453019508,3.2368245301950793,-70.17976286600607,36.942729766803836,100.0,62.24560731729232,266 days 23:00:00,186,0.0,93,33.33333333333333,29.846743295019152,-13.671753347866696,8.172099257669444,-3.622125404412658,3 days 00:27:05.806451612,1 days 09:16:27.096774193,1.0170626498503827,0.03480456484080641,0.37474208423546884,0.038898855626147866,1.0219043137695727,0.5832593639642004,long
3823,"{'window_k': 222, 'window_d': 222, 'window_ma': 237}","open_time
2022-01-01 00:00:00    100.000000
2022-01-01 01:00:00    100.000000
2022-01-01 02:00:00    100.000000
2022-01-01 03:00:00    100.000000
2022-01-01 04:00:00    100.000000
                          ...    
2023-05-01 19:00:00    102.707229
2023-05-01 20:00:00    102.707229
2023-05-01 21:00:00    102.707229
2023-05-01 22:00:00    102.707229
2023-05-01 23:00:00    102.707229
Freq: H, Length: 11664, dtype: float64",2022-01-01,2023-05-01 23:00:00,486 days,100.0,65.36299911079696,140.6790541975954,102.7072285931888,2.707228593188802,-70.17976286600607,33.99348422496571,100.0,53.537504581890914,309 days 12:00:00,36,0.0,18,55.55555555555556,41.701818181818204,-18.767692017361764,9.153674838838882,-9.149358613250467,9 days 12:48:00,8 days 17:37:30,1.037412005127414,0.15040158851048968,0.30399914263275746,0.03785067346505104,1.0164757932757589,0.43283146363825,long
3110,"{'window_k': 192, 'window_d': 42, 'window_ma': 102}","open_time
2022-01-01 00:00:00    100.0000
2022-01-01 01:00:00    100.0000
2022-01-01 02:00:00    100.0000
2022-01-01 03:00:00    100.0000
2022-01-01 04:00:00    100.0000
                         ...   
2023-05-01 19:00:00    102.5109
2023-05-01 20:00:00    102.5109
2023-05-01 21:00:00    102.5109
2023-05-01 22:00:00    102.5109
2023-05-01 23:00:00    102.5109
Freq: H, Length: 11664, dtype: float64",2022-01-01,2023-05-01 23:00:00,486 days,100.0,60.17776793441588,124.20446692495936,102.51089959884689,2.5108995988468905,-70.17976286600607,41.075102880658434,100.0,50.76910261507865,216 days 11:00:00,132,0.0,66,33.33333333333333,33.1417624521073,-15.937687237866974,9.416905397947419,-4.19555579358945,4 days 06:40:54.545454545,2 days 09:32:43.636363636,1.014611679612277,0.038043933315863754,0.3862360572539581,0.03702890662482781,1.0208879382060296,0.6000342287921654,long
3117,"{'window_k': 192, 'window_d': 42, 'window_ma': 207}","open_time
2022-01-01 00:00:00    100.000000
2022-01-01 01:00:00    100.000000
2022-01-01 02:00:00    100.000000
2022-01-01 03:00:00    100.000000
2022-01-01 04:00:00    100.000000
                          ...    
2023-05-01 19:00:00    102.504988
2023-05-01 20:00:00    102.504988
2023-05-01 21:00:00    102.504988
2023-05-01 22:00:00    102.504988
2023-05-01 23:00:00    102.504988
Freq: H, Length: 11664, dtype: float64",2022-01-01,2023-05-01 23:00:00,486 days,100.0,59.33644647804843,129.50517241396574,102.50498814922625,2.50498814922625,-70.17976286600607,41.195130315500684,100.0,51.45738022503087,266 days 11:00:00,132,0.0,66,33.33333333333333,33.14176245210728,-15.937687237866974,9.354726008105771,-4.1664977914106425,4 days 04:05:27.272727272,2 days 11:09:32.727272727,1.0144633657801339,0.03795436589736578,0.3861425836002632,0.03644787158588433,1.0208799495003658,0.5998760486459571,long
2106,"{'window_k': 132, 'window_d': 57, 'window_ma': 162}","open_time
2022-01-01 00:00:00    100.000000
2022-01-01 01:00:00    100.000000
2022-01-01 02:00:00    100.000000
2022-01-01 03:00:00    100.000000
2022-01-01 04:00:00    100.000000
                          ...    
2023-05-01 19:00:00    101.794801
2023-05-01 20:00:00    101.561025
2023-05-01 21:00:00    102.072409
2023-05-01 22:00:00    102.525350
2023-05-01 23:00:00    102.525350
Freq: H, Length: 11664, dtype: float64",2022-01-01,2023-05-01 23:00:00,486 days,100.0,65.1163398284405,170.35162850968268,102.5253502735246,2.5253502735245945,-70.17976286600607,40.26063100137174,100.0,51.95533174414124,275 days 07:00:00,99,0.0,50,40.816326530612244,49.97108155002892,-20.09324539458721,9.789297287427319,-5.759752325065906,4 days 21:03:00,3 days 04:33:06.206896551,1.0137393122959284,0.05332686208410076,0.37675095479638815,0.03639107246089465,1.0210557813878078,0.5763921021587577,long
3190,"{'window_k': 192, 'window_d': 117, 'window_ma': 102}","open_time
2022-01-01 00:00:00    100.000000
2022-01-01 01:00:00    100.000000
2022-01-01 02:00:00    100.000000
2022-01-01 03:00:00    100.000000
2022-01-01 04:00:00    100.000000
                          ...    
2023-05-01 19:00:00    101.703368
2023-05-01 20:00:00    101.469802
2023-05-01 21:00:00    101.980727
2023-05-01 22:00:00    102.433261
2023-05-01 23:00:00    102.433261
Freq: H, Length: 11664, dtype: float64",2022-01-01,2023-05-01 23:00:00,486 days,100.0,76.06784499775596,154.54716787271852,102.43326141873155,2.433261418731547,-70.17976286600607,34.224965706447186,100.0,50.78017536988858,391 days 18:00:00,57,0.0,29,35.714285714285715,30.669464047301183,-13.336326897171086,11.950233409247039,-5.655123228874513,8 days 16:18:00,4 days 06:13:20,1.0208826790337784,0.08377407829316041,0.35210481320332515,0.03587953906189163,1.0209638775442234,0.5348903295504513,long
684,"{'window_k': 42, 'window_d': 162, 'window_ma': 192}","open_time
2022-01-01 00:00:00    100.000000
2022-01-01 01:00:00    100.000000
2022-01-01 02:00:00    100.000000
2022-01-01 03:00:00    100.000000
2022-01-01 04:00:00    100.000000
                          ...    
2023-05-01 19:00:00    102.021268
2023-05-01 20:00:00    101.786972
2023-05-01 21:00:00    102.299494
2023-05-01 22:00:00    102.753443
2023-05-01 23:00:00    102.753443
Freq: H, Length: 11664, dtype: float64",2022-01-01,2023-05-01 23:00:00,486 days,100.0,69.13834083777554,164.2569904332432,102.75344274721694,2.753442747216937,-70.17976286600607,39.411865569272976,100.0,57.908433208585706,395 days 04:00:00,79,0.0,40,25.64102564102564,33.8166821870427,-16.30898513251454,16.764084294034838,-4.915384602251212,8 days 02:48:00,3 days 16:20:41.379310344,1.0139658749420128,0.056333069990560425,0.3259807654408688,0.035589061140826675,1.015851569518281,0.4584088804149774,long
831,"{'window_k': 57, 'window_d': 57, 'window_ma': 237}","open_time
2022-01-01 00:00:00    100.000000
2022-01-01 01:00:00    100.000000
2022-01-01 02:00:00    100.000000
2022-01-01 03:00:00    100.000000
2022-01-01 04:00:00    100.000000
                          ...    
2023-05-01 19:00:00    102.467226
2023-05-01 20:00:00    102.467226
2023-05-01 21:00:00    102.467226
2023-05-01 22:00:00    102.467226
2023-05-01 23:00:00    102.467226
Freq: H, Length: 11664, dtype: float64",2022-01-01,2023-05-01 23:00:00,486 days,100.0,78.83301516702838,164.16860940638784,102.46722587906815,2.4672258790681525,-70.17976286600607,43.132716049382715,100.0,51.980457499105206,391 days 18:00:00,134,0.0,67,46.26865671641791,22.566718995290415,-14.937355552852463,6.6792467723306785,-5.150608334549752,3 days 23:56:07.741935483,2 days 09:08:20,1.011625083663582,0.036824266851764875,0.38121418241936417,0.03553882343828366,1.020502338351971,0.5930227935906067,long
1149,"{'window_k': 72, 'window_d': 117, 'window_ma': 207}","open_time
2022-01-01 00:00:00    100.000000
2022-01-01 01:00:00    100.000000
2022-01-01 02:00:00    100.000000
2022-01-01 03:00:00    100.000000
2022-01-01 04:00:00    100.000000
                          ...    
2023-05-01 19:00:00    101.396947
2023-05-01 20:00:00    101.164085
2023-05-01 21:00:00    101.673471
2023-05-01 22:00:00    102.124641
2023-05-01 23:00:00    102.124641
Freq: H, Length: 11664, dtype: float64",2022-01-01,2023-05-01 23:00:00,486 days,100.0,71.66656007201166,130.99895970879373,102.12464149124908,2.124641491249079,-70.17976286600607,42.26680384087791,100.0,45.292267792565674,397 days 07:00:00,79,0.0,40,35.8974358974359,32.842492768866684,-20.031796502384733,12.499962543375267,-6.0326721772539456,6 days 23:00:00,4 days 03:02:24,1.0117408884425076,0.050373043808226825,0.32521110224779154,0.03513808417852653,1.0154424597279752,0.45506657745241097,long
1360,"{'window_k': 87, 'window_d': 87, 'window_ma': 12}","open_time
2022-01-01 00:00:00    100.000000
2022-01-01 01:00:00    100.000000
2022-01-01 02:00:00    100.000000
2022-01-01 03:00:00    100.000000
2022-01-01 04:00:00    100.000000
                          ...    
2023-05-01 19:00:00    102.292428
2023-05-01 20:00:00    102.292428
2023-05-01 21:00:00    102.292428
2023-05-01 22:00:00    102.292428
2023-05-01 23:00:00    102.292428
Freq: H, Length: 11664, dtype: float64",2022-01-01,2023-05-01 23:00:00,486 days,100.0,89.25186992167686,196.59742063508716,102.29242837051396,2.29242837051396,-70.17976286600607,16.160836762688614,100.0,51.64608126726428,355 days 14:00:00,90,0.0,45,48.888888888888886,14.419017996000866,-24.314282592066448,4.268332982134729,-3.583944576439572,1 days 18:49:05.454545454,1 days 17:00:00,1.0189107838220448,0.05094285267808818,0.2615105937415286,0.03324187944935573,1.025115884818722,0.42393447294728204,long
2918,"{'window_k': 177, 'window_d': 102, 'window_ma': 102}","open_time
2022-01-01 00:00:00    100.000000
2022-01-01 01:00:00    100.000000
2022-01-01 02:00:00    100.000000
2022-01-01 03:00:00    100.000000
2022-01-01 04:00:00    100.000000
                          ...    
2023-05-01 19:00:00    101.192109
2023-05-01 20:00:00    100.959718
2023-05-01 21:00:00    101.468075
2023-05-01 22:00:00    101.918334
2023-05-01 23:00:00    101.918334
Freq: H, Length: 11664, dtype: float64",2022-01-01,2023-05-01 23:00:00,486 days,100.0,74.77129234301235,145.51120235107302,101.91833375892385,1.9183337589238503,-70.17976286600607,37.714334705075444,100.0,47.33208954755097,286 days 02:00:00,67,0.0,34,42.42424242424242,30.291556228701243,-17.29545454545455,10.092294182039922,-6.378289465122679,7 days 13:17:08.571428571,3 days 21:15:47.368421052,1.0158965504376403,0.06517350212907758,0.35923749862779103,0.03036651440117776,1.0203014811115285,0.5479340555557524,long
1226,"{'window_k': 72, 'window_d': 192, 'window_ma': 162}","open_time
2022-01-01 00:00:00    100.000000
2022-01-01 01:00:00    100.000000
2022-01-01 02:00:00    100.000000
2022-01-01 03:00:00    100.000000
2022-01-01 04:00:00    100.000000
                          ...    
2023-05-01 19:00:00    101.475768
2023-05-01 20:00:00    101.242725
2023-05-01 21:00:00    101.752507
2023-05-01 22:00:00    102.204028
2023-05-01 23:00:00    102.204028
Freq: H, Length: 11664, dtype: float64",2022-01-01,2023-05-01 23:00:00,486 days,100.0,64.71941679654549,147.47159123405834,102.20402805583988,2.204028055839885,-70.17976286600607,36.84842249657064,100.0,56.113976763276,391 days 18:00:00,53,0.0,27,30.76923076923077,48.51515617787353,-13.957558521111357,19.68011037442818,-7.2268720020785215,10 days 22:07:30,4 days 23:36:40,1.0179420379941135,0.08701111027094655,0.30411602661820275,0.029418483750874667,1.0153239738552584,0.4298850096690896,long
3160,"{'window_k': 192, 'window_d': 87, 'window_ma': 132}","open_time
2022-01-01 00:00:00    100.000000
2022-01-01 01:00:00    100.000000
2022-01-01 02:00:00    100.000000
2022-01-01 03:00:00    100.000000
2022-01-01 04:00:00    100.000000
                          ...    
2023-05-01 19:00:00    101.584840
2023-05-01 20:00:00    101.351546
2023-05-01 21:00:00    101.861876
2023-05-01 22:00:00    102.313883
2023-05-01 23:00:00    102.313883
Freq: H, Length: 11664, dtype: float64",2022-01-01,2023-05-01 23:00:00,486 days,100.0,75.31554278568278,186.0620091078435,102.3138826429378,2.3138826429377986,-70.17976286600607,39.52331961591221,100.0,59.52126758879127,309 days 12:00:00,69,0.0,35,35.294117647058826,34.6124763705104,-16.535433070866148,15.244111902011928,-6.9855017127768635,8 days 09:50:00,3 days 23:05:27.272727272,1.0136981399116056,0.0744881034510243,0.3705836895890966,0.0291128627954504,1.0205369743550958,0.567452770257389,long
1180,"{'window_k': 72, 'window_d': 147, 'window_ma': 192}","open_time
2022-01-01 00:00:00    100.000000
2022-01-01 01:00:00    100.000000
2022-01-01 02:00:00    100.000000
2022-01-01 03:00:00    100.000000
2022-01-01 04:00:00    100.000000
                          ...    
2023-05-01 19:00:00    101.444902
2023-05-01 20:00:00    101.211929
2023-05-01 21:00:00    101.721556
2023-05-01 22:00:00    102.172940
2023-05-01 23:00:00    102.172940
Freq: H, Length: 11664, dtype: float64",2022-01-01,2023-05-01 23:00:00,486 days,100.0,64.31289839019463,148.29104509436905,102.17294029005302,2.1729402900530204,-70.17976286600607,41.237997256515776,100.0,56.63062570685413,391 days 18:00:00,69,0.0,35,38.23529411764706,31.716223265519044,-15.100558283446558,11.650841062521486,-6.171350200090881,7 days 07:41:32.307692307,4 days 20:08:34.285714285,1.0123764157444841,0.047636204026689555,0.332664227563796,0.028740028740993236,1.0158890704513028,0.47039590041003,long
1974,"{'window_k': 117, 'window_d': 177, 'window_ma': 102}","open_time
2022-01-01 00:00:00    100.000000
2022-01-01 01:00:00    100.000000
2022-01-01 02:00:00    100.000000
2022-01-01 03:00:00    100.000000
2022-01-01 04:00:00    100.000000
                          ...    
2023-05-01 19:00:00    101.649295
2023-05-01 20:00:00    101.415853
2023-05-01 21:00:00    101.926507
2023-05-01 22:00:00    102.378800
2023-05-01 23:00:00    102.378800
Freq: H, Length: 11664, dtype: float64",2022-01-01,2023-05-01 23:00:00,486 days,100.0,59.686581950048364,157.5523113950241,102.3788001723241,2.3788001723241052,-70.17976286600607,31.978737997256516,100.0,62.11634001331864,391 days 18:00:00,53,0.0,27,30.76923076923077,47.47699614128823,-21.93840840408691,18.545795463674448,-6.717101805857226,9 days 19:22:30,4 days 04:26:40,1.0233601896655637,0.10383779180774866,0.3033803982234393,0.028676974851075513,1.0168358388597087,0.4279609489587837,long
2109,"{'window_k': 132, 'window_d': 57, 'window_ma': 207}","open_time
2022-01-01 00:00:00    100.000000
2022-01-01 01:00:00    100.000000
2022-01-01 02:00:00    100.000000
2022-01-01 03:00:00    100.000000
2022-01-01 04:00:00    100.000000
                          ...    
2023-05-01 19:00:00    101.195187
2023-05-01 20:00:00    100.962788
2023-05-01 21:00:00    101.471161
2023-05-01 22:00:00    101.921434
2023-05-01 23:00:00    101.921434
Freq: H, Length: 11664, dtype: float64",2022-01-01,2023-05-01 23:00:00,486 days,100.0,65.1163398284405,170.35162850968268,101.92143382670795,1.921433826707954,-70.17976286600607,40.32064471879287,100.0,51.95533174414124,275 days 07:00:00,99,0.0,50,40.816326530612244,49.97108155002892,-20.09324539458721,9.78929728742732,-5.77932152950948,4 days 21:03:00,3 days 04:47:35.172413793,1.0105366552419468,0.040991498096370815,0.3706120682780035,0.027708952544653543,1.0206925152838913,0.5669442785383737,long
2110,"{'window_k': 132, 'window_d': 57, 'window_ma': 222}","open_time
2022-01-01 00:00:00    100.000000
2022-01-01 01:00:00    100.000000
2022-01-01 02:00:00    100.000000
2022-01-01 03:00:00    100.000000
2022-01-01 04:00:00    100.000000
                          ...    
2023-05-01 19:00:00    101.195187
2023-05-01 20:00:00    100.962788
2023-05-01 21:00:00    101.471161
2023-05-01 22:00:00    101.921434
2023-05-01 23:00:00    101.921434
Freq: H, Length: 11664, dtype: float64",2022-01-01,2023-05-01 23:00:00,486 days,100.0,65.1163398284405,170.35162850968268,101.92143382670795,1.921433826707954,-70.17976286600607,40.32064471879287,100.0,51.95533174414124,275 days 07:00:00,99,0.0,50,40.816326530612244,49.97108155002892,-20.09324539458721,9.78929728742732,-5.77932152950948,4 days 21:03:00,3 days 04:47:35.172413793,1.0105366552419468,0.040991498096370815,0.3706120682780035,0.027708952544653543,1.0206925152838913,0.5669442785383737,long
2108,"{'window_k': 132, 'window_d': 57, 'window_ma': 192}","open_time
2022-01-01 00:00:00    100.000000
2022-01-01 01:00:00    100.000000
2022-01-01 02:00:00    100.000000
2022-01-01 03:00:00    100.000000
2022-01-01 04:00:00    100.000000
                          ...    
2023-05-01 19:00:00    101.195187
2023-05-01 20:00:00    100.962788
2023-05-01 21:00:00    101.471161
2023-05-01 22:00:00    101.921434
2023-05-01 23:00:00    101.921434
Freq: H, Length: 11664, dtype: float64",2022-01-01,2023-05-01 23:00:00,486 days,100.0,65.1163398284405,170.35162850968268,101.92143382670795,1.921433826707954,-70.17976286600607,40.32064471879287,100.0,51.95533174414124,275 days 07:00:00,99,0.0,50,40.816326530612244,49.97108155002892,-20.09324539458721,9.78929728742732,-5.77932152950948,4 days 21:03:00,3 days 04:47:35.172413793,1.0105366552419468,0.040991498096370815,0.3706120682780035,0.027708952544653543,1.0206925152838913,0.5669442785383737,long
2111,"{'window_k': 132, 'window_d': 57, 'window_ma': 237}","open_time
2022-01-01 00:00:00    100.000000
2022-01-01 01:00:00    100.000000
2022-01-01 02:00:00    100.000000
2022-01-01 03:00:00    100.000000
2022-01-01 04:00:00    100.000000
                          ...    
2023-05-01 19:00:00    101.195187
2023-05-01 20:00:00    100.962788
2023-05-01 21:00:00    101.471161
2023-05-01 22:00:00    101.921434
2023-05-01 23:00:00    101.921434
Freq: H, Length: 11664, dtype: float64",2022-01-01,2023-05-01 23:00:00,486 days,100.0,65.1163398284405,170.35162850968268,101.92143382670795,1.921433826707954,-70.17976286600607,40.32064471879287,100.0,51.95533174414124,275 days 07:00:00,99,0.0,50,40.816326530612244,49.97108155002892,-20.09324539458721,9.78929728742732,-5.77932152950948,4 days 21:03:00,3 days 04:47:35.172413793,1.0105366552419468,0.040991498096370815,0.3706120682780035,0.027708952544653543,1.0206925152838913,0.5669442785383737,long
435,"{'window_k': 27, 'window_d': 177, 'window_ma': 57}","open_time
2022-01-01 00:00:00    100.000000
2022-01-01 01:00:00    100.000000
2022-01-01 02:00:00    100.000000
2022-01-01 03:00:00    100.000000
2022-01-01 04:00:00    100.000000
                          ...    
2023-05-01 19:00:00    100.710051
2023-05-01 20:00:00    100.478766
2023-05-01 21:00:00    100.984702
2023-05-01 22:00:00    101.432816
2023-05-01 23:00:00    101.432816
Freq: H, Length: 11664, dtype: float64",2022-01-01,2023-05-01 23:00:00,486 days,100.0,73.0828200198524,131.8422542624284,101.43281573225212,1.4328157322521236,-70.17976286600607,28.575102880658438,100.0,44.56798358864295,451 days 16:00:00,69,0.0,35,38.23529411764706,30.839133797370444,-12.437112437112445,9.59673939683792,-5.190000275157512,5 days 14:41:32.307692307,2 days 23:31:25.714285714,1.007657385888788,0.024710252195050852,0.2624040079876435,0.024102007788831648,1.0151571893767883,0.3764706012190752,long
1231,"{'window_k': 72, 'window_d': 192, 'window_ma': 237}","open_time
2022-01-01 00:00:00    100.000000
2022-01-01 01:00:00    100.000000
2022-01-01 02:00:00    100.000000
2022-01-01 03:00:00    100.000000
2022-01-01 04:00:00    100.000000
                          ...    
2023-05-01 19:00:00    101.076941
2023-05-01 20:00:00    100.844814
2023-05-01 21:00:00    101.352592
2023-05-01 22:00:00    101.802339
2023-05-01 23:00:00    101.802339
Freq: H, Length: 11664, dtype: float64",2022-01-01,2023-05-01 23:00:00,486 days,100.0,64.46505225678331,147.47159123405834,101.80233901343105,1.8023390134310517,-70.17976286600607,37.86865569272977,100.0,56.28646051939039,391 days 18:00:00,53,0.0,27,30.76923076923077,48.51515617787352,-13.957558521111357,19.680110374428182,-7.2449457634172445,10 days 22:07:30,5 days 06:13:20,1.014492748572101,0.07155272477444541,0.29985182298261154,0.02399500766302614,1.0149021989114042,0.42484215967501854,long
2071,"{'window_k': 132, 'window_d': 27, 'window_ma': 117}","open_time
2022-01-01 00:00:00    100.000000
2022-01-01 01:00:00    100.000000
2022-01-01 02:00:00    100.000000
2022-01-01 03:00:00    100.000000
2022-01-01 04:00:00    100.000000
                          ...    
2023-05-01 19:00:00    101.907296
2023-05-01 20:00:00    101.907296
2023-05-01 21:00:00    101.907296
2023-05-01 22:00:00    101.907296
2023-05-01 23:00:00    101.907296
Freq: H, Length: 11664, dtype: float64",2022-01-01,2023-05-01 23:00:00,486 days,100.0,42.149698425443084,114.51982009014988,101.90729591041296,1.9072959104129552,-70.17976286600607,36.994170096021946,100.0,59.635443493546944,395 days 11:00:00,194,0.0,97,37.11340206185567,25.406504065040636,-14.461569764484466,7.11787671821227,-3.757705865065939,2 days 19:51:40,1 days 06:41:18.688524590,1.010311985144348,0.019662844437247973,0.3535699908975554,0.023963263568865845,1.020705783758245,0.5549483009033324,long
736,"{'window_k': 42, 'window_d': 222, 'window_ma': 12}","open_time
2022-01-01 00:00:00    100.000000
2022-01-01 01:00:00    100.000000
2022-01-01 02:00:00    100.000000
2022-01-01 03:00:00    100.000000
2022-01-01 04:00:00    100.000000
                          ...    
2023-05-01 19:00:00    101.289486
2023-05-01 20:00:00    101.056871
2023-05-01 21:00:00    101.565717
2023-05-01 22:00:00    101.565717
2023-05-01 23:00:00    101.565717
Freq: H, Length: 11664, dtype: float64",2022-01-01,2023-05-01 23:00:00,486 days,100.0,81.25727867860549,164.91797377063065,101.56571711010001,1.5657171101000102,-70.17976286600607,14.866255144032921,100.0,50.72867024693208,391 days 18:00:00,62,0.0,31,48.38709677419355,18.81578947368423,-19.945863644053468,5.574562895186137,-4.498349959751728,2 days 05:28:00,2 days 10:15:00,1.0189191511990323,0.050507003551613305,0.22168003369905595,0.02313527087568713,1.017921510169785,0.2971228464800944,long
703,"{'window_k': 42, 'window_d': 177, 'window_ma': 237}","open_time
2022-01-01 00:00:00    100.000000
2022-01-01 01:00:00    100.000000
2022-01-01 02:00:00    100.000000
2022-01-01 03:00:00    100.000000
2022-01-01 04:00:00    100.000000
                          ...    
2023-05-01 19:00:00    100.932326
2023-05-01 20:00:00    100.700531
2023-05-01 21:00:00    101.207583
2023-05-01 22:00:00    101.656686
2023-05-01 23:00:00    101.656686
Freq: H, Length: 11664, dtype: float64",2022-01-01,2023-05-01 23:00:00,486 days,100.0,71.72384002940025,158.3674892965275,101.65668612257764,1.6566861225776393,-70.17976286600607,38.71742112482853,100.0,54.710502548219075,309 days 12:00:00,69,0.0,35,32.35294117647059,37.362023194075725,-11.770211770211771,13.478120204086169,-5.53389883245023,8 days 09:32:43.636363636,4 days 00:44:20.869565217,1.007998622474214,0.03338667363174519,0.3048736594790698,0.022695286674127905,1.0147352731851071,0.43110797162922654,long
3455,"{'window_k': 207, 'window_d': 117, 'window_ma': 237}","open_time
2022-01-01 00:00:00    100.000000
2022-01-01 01:00:00    100.000000
2022-01-01 02:00:00    100.000000
2022-01-01 03:00:00    100.000000
2022-01-01 04:00:00    100.000000
                          ...    
2023-05-01 19:00:00    100.780262
2023-05-01 20:00:00    100.548816
2023-05-01 21:00:00    101.055104
2023-05-01 22:00:00    101.503531
2023-05-01 23:00:00    101.503531
Freq: H, Length: 11664, dtype: float64",2022-01-01,2023-05-01 23:00:00,486 days,100.0,72.13622858004673,144.23659695642883,101.50353106904393,1.5035310690439303,-70.17976286600607,40.552126200274344,100.0,49.98756896501258,391 days 18:00:00,57,0.0,29,32.142857142857146,43.014763014763005,-21.560299541745852,17.777858593309173,-6.9723092419523995,10 days 03:13:20,5 days 10:28:25.263157894,1.0114238618034326,0.0588637432672261,0.3619481902329849,0.022547501208933354,1.0199179397184635,0.5510209398711985,long
1361,"{'window_k': 87, 'window_d': 87, 'window_ma': 27}","open_time
2022-01-01 00:00:00    100.000000
2022-01-01 01:00:00    100.000000
2022-01-01 02:00:00    100.000000
2022-01-01 03:00:00    100.000000
2022-01-01 04:00:00    100.000000
                          ...    
2023-05-01 19:00:00    100.666407
2023-05-01 20:00:00    100.435222
2023-05-01 21:00:00    100.940938
2023-05-01 22:00:00    101.388858
2023-05-01 23:00:00    101.388858
Freq: H, Length: 11664, dtype: float64",2022-01-01,2023-05-01 23:00:00,486 days,100.0,58.62026454564351,138.33751921378644,101.38885847119387,1.3888584711938705,-70.17976286600607,29.235253772290807,100.0,46.50448144133441,194 days 16:00:00,91,0.0,46,40.0,27.002563280999663,-24.31428259206645,8.195717971110104,-4.686724931491977,3 days 21:36:40,2 days 11:00:00,1.0263243054515905,0.07999023083134604,0.3228174410892039,0.022390953221279514,1.0218943789105668,0.504340110372556,long
3863,"{'window_k': 237, 'window_d': 27, 'window_ma': 117}","open_time
2022-01-01 00:00:00    100.000000
2022-01-01 01:00:00    100.000000
2022-01-01 02:00:00    100.000000
2022-01-01 03:00:00    100.000000
2022-01-01 04:00:00    100.000000
                          ...    
2023-05-01 19:00:00    101.820601
2023-05-01 20:00:00    101.820601
2023-05-01 21:00:00    101.820601
2023-05-01 22:00:00    101.820601
2023-05-01 23:00:00    101.820601
Freq: H, Length: 11664, dtype: float64",2022-01-01,2023-05-01 23:00:00,486 days,100.0,44.384806915336014,122.68892754503285,101.82060058694012,1.8206005869401167,-70.17976286600607,36.92558299039781,100.0,62.24560731729232,266 days 23:00:00,186,0.0,93,33.33333333333333,29.846743295019152,-13.671753347866696,8.172099257669444,-3.6438663072036444,3 days 00:27:05.806451612,1 days 09:14:30.967741935,1.0095551297181755,0.01957635039720529,0.3598341275963962,0.021917174775640345,1.0210307082096322,0.5599973422178637,long
971,"{'window_k': 57, 'window_d': 192, 'window_ma': 177}","open_time
2022-01-01 00:00:00    100.000000
2022-01-01 01:00:00    100.000000
2022-01-01 02:00:00    100.000000
2022-01-01 03:00:00    100.000000
2022-01-01 04:00:00    100.000000
                          ...    
2023-05-01 19:00:00    100.722887
2023-05-01 20:00:00    100.491573
2023-05-01 21:00:00    100.997573
2023-05-01 22:00:00    101.445744
2023-05-01 23:00:00    101.445744
Freq: H, Length: 11664, dtype: float64",2022-01-01,2023-05-01 23:00:00,486 days,100.0,63.159346929323014,126.67098564839358,101.44574426385422,1.4457442638542233,-70.17976286600607,38.97462277091906,100.0,50.13905780709934,451 days 16:00:00,57,0.0,29,35.714285714285715,44.426155918000916,-12.900311213733563,14.571936542577376,-6.690739659473905,9 days 22:54:00,4 days 20:43:20,1.023054382057361,0.0924235087049281,0.29723206320366374,0.021616941968586545,1.014523308881414,0.4195424439055118,long
1000,"{'window_k': 57, 'window_d': 222, 'window_ma': 132}","open_time
2022-01-01 00:00:00    100.000000
2022-01-01 01:00:00    100.000000
2022-01-01 02:00:00    100.000000
2022-01-01 03:00:00    100.000000
2022-01-01 04:00:00    100.000000
                          ...    
2023-05-01 19:00:00    100.894671
2023-05-01 20:00:00    100.662962
2023-05-01 21:00:00    101.169825
2023-05-01 22:00:00    101.618761
2023-05-01 23:00:00    101.618761
Freq: H, Length: 11664, dtype: float64",2022-01-01,2023-05-01 23:00:00,486 days,100.0,60.43551570639751,141.550377549459,101.61876052721662,1.6187605272166223,-70.17976286600607,34.78223593964335,100.0,57.30458883072863,391 days 18:00:00,55,0.0,28,37.03703703703704,43.77218934911243,-21.71103078102749,15.524445288299543,-7.513051049352998,8 days 17:54:00,4 days 17:24:42.352941176,1.0195027154174037,0.0856995082038079,0.3279440100509468,0.021172864429271604,1.0189989935523067,0.48783722636888266,long
1128,"{'window_k': 72, 'window_d': 102, 'window_ma': 132}","open_time
2022-01-01 00:00:00    100.000000
2022-01-01 01:00:00    100.000000
2022-01-01 02:00:00    100.000000
2022-01-01 03:00:00    100.000000
2022-01-01 04:00:00    100.000000
                          ...    
2023-05-01 19:00:00    100.658193
2023-05-01 20:00:00    100.427028
2023-05-01 21:00:00    100.932703
2023-05-01 22:00:00    101.380586
2023-05-01 23:00:00    101.380586
Freq: H, Length: 11664, dtype: float64",2022-01-01,2023-05-01 23:00:00,486 days,100.0,72.6108616564347,191.0172968009838,101.38058603468181,1.3805860346818122,-70.17976286600607,40.054869684499316,100.0,50.57962282947835,194 days 16:00:00,83,0.0,42,46.34146341463415,33.96101312823232,-22.120518688024408,8.911797122198713,-6.569579377761291,5 days 23:22:06.315789473,3 days 10:40:54.545454545,1.0177782259530588,0.08406412304723876,0.3391382539380243,0.020464527181463105,1.017302306049254,0.4857092336095899,long
1182,"{'window_k': 72, 'window_d': 147, 'window_ma': 222}","open_time
2022-01-01 00:00:00    100.000000
2022-01-01 01:00:00    100.000000
2022-01-01 02:00:00    100.000000
2022-01-01 03:00:00    100.000000
2022-01-01 04:00:00    100.000000
                          ...    
2023-05-01 19:00:00    100.733479
2023-05-01 20:00:00    100.502141
2023-05-01 21:00:00    101.008194
2023-05-01 22:00:00    101.456412
2023-05-01 23:00:00    101.456412
Freq: H, Length: 11664, dtype: float64",2022-01-01,2023-05-01 23:00:00,486 days,100.0,63.86187878440715,148.29104509436905,101.45641218441264,1.4564121844126419,-70.17976286600607,39.90912208504801,100.0,56.9347705764924,391 days 18:00:00,69,0.0,35,38.23529411764706,31.716223265519044,-15.100558283446558,11.650841062521486,-6.200730912804423,7 days 07:41:32.307692307,4 days 12:45:42.857142857,1.0069087985431568,0.026675974461248586,0.3226605415347475,0.019176969044745803,1.0155908373084248,0.45635871381114423,long
3818,"{'window_k': 222, 'window_d': 222, 'window_ma': 162}","open_time
2022-01-01 00:00:00    100.000000
2022-01-01 01:00:00    100.000000
2022-01-01 02:00:00    100.000000
2022-01-01 03:00:00    100.000000
2022-01-01 04:00:00    100.000000
                          ...    
2023-05-01 19:00:00    101.385254
2023-05-01 20:00:00    101.385254
2023-05-01 21:00:00    101.385254
2023-05-01 22:00:00    101.385254
2023-05-01 23:00:00    101.385254
Freq: H, Length: 11664, dtype: float64",2022-01-01,2023-05-01 23:00:00,486 days,100.0,67.59416638542896,147.9759704077247,101.38525398116417,1.385253981164169,-70.17976286600607,30.212620027434845,100.0,54.320849392517054,349 days 17:00:00,36,0.0,18,44.44444444444444,41.701818181818204,-18.721404723630524,10.708555896370548,-6.98103708881221,8 days 10:07:30,7 days 22:42:00,1.0198497415164287,0.07695855450912026,0.28139433251408763,0.01911939656124442,1.0159829382583885,0.40133169344959824,long
1990,"{'window_k': 117, 'window_d': 192, 'window_ma': 102}","open_time
2022-01-01 00:00:00    100.000000
2022-01-01 01:00:00    100.000000
2022-01-01 02:00:00    100.000000
2022-01-01 03:00:00    100.000000
2022-01-01 04:00:00    100.000000
                          ...    
2023-05-01 19:00:00    100.482228
2023-05-01 20:00:00    100.251467
2023-05-01 21:00:00    100.756258
2023-05-01 22:00:00    101.203358
2023-05-01 23:00:00    101.203358
Freq: H, Length: 11664, dtype: float64",2022-01-01,2023-05-01 23:00:00,486 days,100.0,59.81558458835328,134.4031949244476,101.20335813979506,1.203358139795057,-70.17976286600607,31.584362139917694,100.0,55.495414657384025,391 days 18:00:00,51,0.0,26,32.0,39.4976498237368,-13.09768931594601,15.937209384701296,-6.33176445023524,9 days 18:22:30,4 days 08:56:28.235294117,0.9993079762398552,-0.002633213335386131,0.27222722361012525,0.016260974639575966,1.0148034663573078,0.3815475774206749,long
686,"{'window_k': 42, 'window_d': 162, 'window_ma': 222}","open_time
2022-01-01 00:00:00    100.000000
2022-01-01 01:00:00    100.000000
2022-01-01 02:00:00    100.000000
2022-01-01 03:00:00    100.000000
2022-01-01 04:00:00    100.000000
                          ...    
2023-05-01 19:00:00    100.495586
2023-05-01 20:00:00    100.264793
2023-05-01 21:00:00    100.769651
2023-05-01 22:00:00    101.216811
2023-05-01 23:00:00    101.216811
Freq: H, Length: 11664, dtype: float64",2022-01-01,2023-05-01 23:00:00,486 days,100.0,68.1044080698956,164.2569904332432,101.21681126052704,1.216811260527038,-70.17976286600607,39.360425240054866,100.0,58.53789364442643,395 days 04:00:00,79,0.0,40,25.64102564102564,33.8166821870427,-16.30898513251454,16.764084294034838,-4.964765565083164,8 days 02:48:00,3 days 16:08:16.551724137,1.0042286320678608,0.01714563454766349,0.3064483734050656,0.015587902856264733,1.0149038220324826,0.43087404276641655,long
1858,"{'window_k': 117, 'window_d': 72, 'window_ma': 42}","open_time
2022-01-01 00:00:00    100.000000
2022-01-01 01:00:00    100.000000
2022-01-01 02:00:00    100.000000
2022-01-01 03:00:00    100.000000
2022-01-01 04:00:00    100.000000
                          ...    
2023-05-01 19:00:00    100.952654
2023-05-01 20:00:00    100.952654
2023-05-01 21:00:00    100.952654
2023-05-01 22:00:00    100.952654
2023-05-01 23:00:00    100.952654
Freq: H, Length: 11664, dtype: float64",2022-01-01,2023-05-01 23:00:00,486 days,100.0,68.15432571929621,140.9322594225257,100.95265363665409,0.9526536366540909,-70.17976286600607,30.54698216735254,100.0,45.84810834457865,194 days 16:00:00,92,0.0,46,39.130434782608695,24.17336537664706,-17.60829774252592,8.825997673896092,-5.040091291674939,4 days 10:03:20,2 days 11:04:17.142857142,1.006188223839124,0.020709861666392992,0.3120695074026118,0.015586797554221345,1.0207587690487772,0.4847582698526308,long
3685,"{'window_k': 222, 'window_d': 102, 'window_ma': 87}","open_time
2022-01-01 00:00:00    100.000000
2022-01-01 01:00:00    100.000000
2022-01-01 02:00:00    100.000000
2022-01-01 03:00:00    100.000000
2022-01-01 04:00:00    100.000000
                          ...    
2023-05-01 19:00:00    101.145529
2023-05-01 20:00:00    101.145529
2023-05-01 21:00:00    101.145529
2023-05-01 22:00:00    101.145529
2023-05-01 23:00:00    101.145529
Freq: H, Length: 11664, dtype: float64",2022-01-01,2023-05-01 23:00:00,486 days,100.0,73.35360730121423,167.44832510762365,101.14552896579028,1.1455289657902767,-70.17976286600607,38.760288065843625,100.0,56.19328694146816,355 days 14:00:00,64,0.0,32,40.625,31.461318051575926,-25.0729517396184,13.438998134362073,-7.68593399850287,7 days 13:32:18.461538461,4 days 17:44:12.631578947,1.006544442156918,0.03579778018094615,0.3501292245675896,0.015288378249227796,1.0196500409085179,0.5339071492759447,long
3119,"{'window_k': 192, 'window_d': 42, 'window_ma': 237}","open_time
2022-01-01 00:00:00    100.000000
2022-01-01 01:00:00    100.000000
2022-01-01 02:00:00    100.000000
2022-01-01 03:00:00    100.000000
2022-01-01 04:00:00    100.000000
                          ...    
2023-05-01 19:00:00    101.007898
2023-05-01 20:00:00    101.007898
2023-05-01 21:00:00    101.007898
2023-05-01 22:00:00    101.007898
2023-05-01 23:00:00    101.007898
Freq: H, Length: 11664, dtype: float64",2022-01-01,2023-05-01 23:00:00,486 days,100.0,59.33644647804843,127.61374333249455,101.007898017864,1.0078980178639938,-70.17976286600607,41.169410150891636,100.0,51.45738022503087,266 days 11:00:00,132,0.0,66,33.33333333333333,33.141762452107294,-15.937687237866996,9.286423939803704,-4.166497791410646,4 days 03:57:16.363636363,2 days 11:09:32.727272727,1.0058749970995478,0.015271182088846924,0.37116148617316685,0.014692054977319942,1.0200686563045662,0.5765677855401703,long
3899,"{'window_k': 237, 'window_d': 57, 'window_ma': 177}","open_time
2022-01-01 00:00:00    100.000000
2022-01-01 01:00:00    100.000000
2022-01-01 02:00:00    100.000000
2022-01-01 03:00:00    100.000000
2022-01-01 04:00:00    100.000000
                          ...    
2023-05-01 19:00:00    100.126935
2023-05-01 20:00:00     99.896989
2023-05-01 21:00:00    100.399995
2023-05-01 22:00:00    100.845515
2023-05-01 23:00:00    100.845515
Freq: H, Length: 11664, dtype: float64",2022-01-01,2023-05-01 23:00:00,486 days,100.0,65.6249174550705,141.15845699032764,100.84551460000537,0.8455146000053729,-70.17976286600607,39.52331961591221,100.0,44.826030564484284,194 days 16:00:00,101,0.0,51,42.0,31.941251596423985,-16.37594675235253,7.912249216444131,-5.08604668024998,4 days 20:20:00,2 days 22:45:31.034482758,1.0028889197073252,0.008862196207602313,0.3561718708128745,0.014151147962463147,1.0198449792025155,0.5453401291900238,long
420,"{'window_k': 27, 'window_d': 162, 'window_ma': 72}","open_time
2022-01-01 00:00:00    100.000000
2022-01-01 01:00:00    100.000000
2022-01-01 02:00:00    100.000000
2022-01-01 03:00:00    100.000000
2022-01-01 04:00:00    100.000000
                          ...    
2023-05-01 19:00:00    100.883789
2023-05-01 20:00:00    100.883789
2023-05-01 21:00:00    100.883789
2023-05-01 22:00:00    100.883789
2023-05-01 23:00:00    100.883789
Freq: H, Length: 11664, dtype: float64",2022-01-01,2023-05-01 23:00:00,486 days,100.0,63.23957568093759,126.92989256839074,100.88378915994042,0.8837891599404202,-70.17976286600607,31.069958847736622,100.0,50.17755518317827,453 days 11:00:00,74,0.0,37,35.13513513513514,37.28304841445909,-13.111499740038756,12.119653199340608,-5.633607641219608,6 days 07:27:41.538461538,2 days 20:57:29.999999999,1.0064864106854277,0.02388619351190302,0.27918806272825003,0.013213548105209867,1.015150100377156,0.3979801025906379,long
3444,"{'window_k': 207, 'window_d': 117, 'window_ma': 72}","open_time
2022-01-01 00:00:00    100.000000
2022-01-01 01:00:00    100.000000
2022-01-01 02:00:00    100.000000
2022-01-01 03:00:00    100.000000
2022-01-01 04:00:00    100.000000
                          ...    
2023-05-01 19:00:00    100.097704
2023-05-01 20:00:00     99.867825
2023-05-01 21:00:00    100.370684
2023-05-01 22:00:00    100.816074
2023-05-01 23:00:00    100.816074
Freq: H, Length: 11664, dtype: float64",2022-01-01,2023-05-01 23:00:00,486 days,100.0,68.47324182889452,146.77639785180764,100.81607392350492,0.8160739235049165,-70.17976286600607,33.19615912208505,100.0,53.3486017976621,309 days 12:00:00,57,0.0,29,39.285714285714285,31.123701605287994,-21.56029954174584,12.044686113397775,-6.645570283875834,7 days 02:49:05.454545454,4 days 17:35:17.647058823,1.0077628976248063,0.03427671298514401,0.3363686073746439,0.011476861122894998,1.020528759218079,0.5145380162206744,long
817,"{'window_k': 57, 'window_d': 57, 'window_ma': 27}","open_time
2022-01-01 00:00:00    100.000000
2022-01-01 01:00:00    100.000000
2022-01-01 02:00:00    100.000000
2022-01-01 03:00:00    100.000000
2022-01-01 04:00:00    100.000000
                          ...    
2023-05-01 19:00:00    100.682574
2023-05-01 20:00:00    100.682574
2023-05-01 21:00:00    100.682574
2023-05-01 22:00:00    100.682574
2023-05-01 23:00:00    100.682574
Freq: H, Length: 11664, dtype: float64",2022-01-01,2023-05-01 23:00:00,486 days,100.0,83.60987343445463,157.08601037818434,100.68257416890013,0.6825741689001319,-70.17976286600607,30.61556927297668,100.0,46.77446245329933,391 days 18:00:00,134,0.0,67,41.7910447761194,21.36970172684458,-14.937355552852456,5.35041720270577,-3.5024074284125453,3 days 08:17:08.571428571,1 days 09:55:23.076923076,1.0042101050811676,0.010187674162688065,0.27764728944161,0.01095038792981708,1.01615037478511,0.4092875357883346,long
434,"{'window_k': 27, 'window_d': 177, 'window_ma': 42}","open_time
2022-01-01 00:00:00    100.000000
2022-01-01 01:00:00    100.000000
2022-01-01 02:00:00    100.000000
2022-01-01 03:00:00    100.000000
2022-01-01 04:00:00    100.000000
                          ...    
2023-05-01 19:00:00    100.614226
2023-05-01 20:00:00    100.614226
2023-05-01 21:00:00    100.614226
2023-05-01 22:00:00    100.614226
2023-05-01 23:00:00    100.614226
Freq: H, Length: 11664, dtype: float64",2022-01-01,2023-05-01 23:00:00,486 days,100.0,81.85142090493233,141.4049067768226,100.61422634979407,0.6142263497940661,-70.17976286600607,25.608710562414267,100.0,42.11557238666598,451 days 16:00:00,68,0.0,34,44.11764705882353,30.839133797370444,-12.43711243711245,8.116821246982326,-5.615759986714878,4 days 07:20:00,3 days 03:37:53.684210526,1.0051838338209995,0.01806548087629567,0.23341706672834645,0.010944879368196667,1.0138191606424969,0.3333732581609131,long
3090,"{'window_k': 192, 'window_d': 27, 'window_ma': 42}","open_time
2022-01-01 00:00:00    100.000000
2022-01-01 01:00:00    100.000000
2022-01-01 02:00:00    100.000000
2022-01-01 03:00:00    100.000000
2022-01-01 04:00:00    100.000000
                          ...    
2023-05-01 19:00:00    100.800748
2023-05-01 20:00:00    100.800748
2023-05-01 21:00:00    100.800748
2023-05-01 22:00:00    100.800748
2023-05-01 23:00:00    100.800748
Freq: H, Length: 11664, dtype: float64",2022-01-01,2023-05-01 23:00:00,486 days,100.0,45.072139694257366,110.13661045093242,100.8007481647831,0.8007481647831015,-70.17976286600607,33.49622770919068,100.0,59.076151418026704,355 days 14:00:00,190,0.0,95,37.89473684210527,25.370287253141814,-14.919252771730877,6.90391044782656,-3.786559816622493,2 days 17:00:00,1 days 02:33:33.559322033,1.004579477118209,0.008428928050348228,0.33260680268805004,0.010169712201099183,1.0204933456494172,0.5214280527035599,long
1896,"{'window_k': 117, 'window_d': 102, 'window_ma': 132}","open_time
2022-01-01 00:00:00    100.000000
2022-01-01 01:00:00    100.000000
2022-01-01 02:00:00    100.000000
2022-01-01 03:00:00    100.000000
2022-01-01 04:00:00    100.000000
                          ...    
2023-05-01 19:00:00    100.040521
2023-05-01 20:00:00     99.810774
2023-05-01 21:00:00    100.313346
2023-05-01 22:00:00    100.758481
2023-05-01 23:00:00    100.758481
Freq: H, Length: 11664, dtype: float64",2022-01-01,2023-05-01 23:00:00,486 days,100.0,55.732493102568874,130.95402353793355,100.75848087841825,0.7584808784182542,-70.17976286600607,40.414951989026065,100.0,56.35424107297216,330 days 15:00:00,75,0.0,38,27.027027027027028,34.08123791102513,-22.86787450287229,17.379378160594467,-5.548396108250012,7 days 11:30:00,4 days 08:08:53.333333333,0.9960552319522749,-0.01636872367720521,0.3307099155311299,0.010098704455738046,1.0167179672635351,0.47234915649708914,long
2952,"{'window_k': 177, 'window_d': 132, 'window_ma': 132}","open_time
2022-01-01 00:00:00    100.000000
2022-01-01 01:00:00    100.000000
2022-01-01 02:00:00    100.000000
2022-01-01 03:00:00    100.000000
2022-01-01 04:00:00    100.000000
                          ...    
2023-05-01 19:00:00     99.920136
2023-05-01 20:00:00     99.690665
2023-05-01 21:00:00    100.192632
2023-05-01 22:00:00    100.637232
2023-05-01 23:00:00    100.637232
Freq: H, Length: 11664, dtype: float64",2022-01-01,2023-05-01 23:00:00,486 days,100.0,74.64021445437874,143.00127639022716,100.63723167653713,0.6372316765371266,-70.17976286600607,40.003429355281206,100.0,47.80451172288996,391 days 18:00:00,57,0.0,29,32.142857142857146,39.96322402696905,-13.252279635258363,16.711335619770445,-6.593222512519333,9 days 10:46:40,5 days 14:56:50.526315789,1.0068920472082674,0.03402692324327017,0.3242997518360695,0.01000325478154032,1.0167765638136037,0.4696511385118889,long
1606,"{'window_k': 102, 'window_d': 72, 'window_ma': 102}","open_time
2022-01-01 00:00:00    100.000000
2022-01-01 01:00:00    100.000000
2022-01-01 02:00:00    100.000000
2022-01-01 03:00:00    100.000000
2022-01-01 04:00:00    100.000000
                          ...    
2023-05-01 19:00:00     99.905521
2023-05-01 20:00:00     99.676084
2023-05-01 21:00:00    100.177977
2023-05-01 22:00:00    100.622512
2023-05-01 23:00:00    100.622512
Freq: H, Length: 11664, dtype: float64",2022-01-01,2023-05-01 23:00:00,486 days,100.0,66.63878902150732,172.34736133527616,100.62251166043698,0.6225116604369845,-70.17976286600607,41.66666666666667,100.0,48.1459115514393,194 days 16:00:00,103,0.0,52,43.13725490196079,28.92247204816317,-17.674642298905848,8.742683544614296,-5.874085687742709,5 days 02:00:00,2 days 22:22:45.517241379,1.0035186955667719,0.013893148547502232,0.35634262101343045,0.009703063211434071,1.0194390958806723,0.5446973523794797,long
1910,"{'window_k': 117, 'window_d': 117, 'window_ma': 102}","open_time
2022-01-01 00:00:00    100.000000
2022-01-01 01:00:00    100.000000
2022-01-01 02:00:00    100.000000
2022-01-01 03:00:00    100.000000
2022-01-01 04:00:00    100.000000
                          ...    
2023-05-01 19:00:00     99.939930
2023-05-01 20:00:00     99.710414
2023-05-01 21:00:00    100.212481
2023-05-01 22:00:00    100.657168
2023-05-01 23:00:00    100.657168
Freq: H, Length: 11664, dtype: float64",2022-01-01,2023-05-01 23:00:00,486 days,100.0,64.51321027980337,133.18801750970167,100.65716836248167,0.65716836248167,-70.17976286600607,40.11488340192044,100.0,51.56230155982004,391 days 18:00:00,71,0.0,36,34.285714285714285,30.990717939003616,-15.605817987723498,12.580532398875308,-5.701501982852726,7 days 11:15:00,4 days 09:49:33.913043478,1.0023999909862702,0.008939833298049038,0.3046231960296162,0.00956415232436794,1.014825334964962,0.4270413146768714,long
1141,"{'window_k': 72, 'window_d': 117, 'window_ma': 87}","open_time
2022-01-01 00:00:00    100.000000
2022-01-01 01:00:00    100.000000
2022-01-01 02:00:00    100.000000
2022-01-01 03:00:00    100.000000
2022-01-01 04:00:00    100.000000
                          ...    
2023-05-01 19:00:00    100.563965
2023-05-01 20:00:00    100.563965
2023-05-01 21:00:00    100.563965
2023-05-01 22:00:00    100.563965
2023-05-01 23:00:00    100.563965
Freq: H, Length: 11664, dtype: float64",2022-01-01,2023-05-01 23:00:00,486 days,100.0,70.35360602575939,131.95819450271978,100.5639650315593,0.5639650315593059,-70.17976286600607,39.57475994513032,100.0,45.240058986947844,244 days 00:00:00,80,0.0,40,37.5,33.63134367604521,-20.031796502384733,10.632659022900942,-5.554085877084399,6 days 08:28:00,3 days 21:09:36,1.0036591883091168,0.014099125788982203,0.2961076343067725,0.009355808364543316,1.0145526204423039,0.41448247769572477,long
1137,"{'window_k': 72, 'window_d': 117, 'window_ma': 27}","open_time
2022-01-01 00:00:00    100.000000
2022-01-01 01:00:00    100.000000
2022-01-01 02:00:00    100.000000
2022-01-01 03:00:00    100.000000
2022-01-01 04:00:00    100.000000
                          ...    
2023-05-01 19:00:00     99.782206
2023-05-01 20:00:00     99.553052
2023-05-01 21:00:00    100.054326
2023-05-01 22:00:00    100.498312
2023-05-01 23:00:00    100.498312
Freq: H, Length: 11664, dtype: float64",2022-01-01,2023-05-01 23:00:00,486 days,100.0,72.64744205630485,128.47640944132948,100.49831185278363,0.4983118527836296,-70.17976286600607,30.444101508916322,100.0,43.45464480817367,439 days 04:00:00,79,0.0,40,46.15384615384615,22.078612839742558,-20.031796502384744,7.847318698931444,-5.961268172099642,4 days 07:56:40,3 days 02:28:34.285714285,1.0025175619807747,0.008737654855067056,0.2669271033389071,0.008607017339230659,1.0149823128842874,0.37426251033614616,long
2382,"{'window_k': 147, 'window_d': 72, 'window_ma': 222}","open_time
2022-01-01 00:00:00    100.000000
2022-01-01 01:00:00    100.000000
2022-01-01 02:00:00    100.000000
2022-01-01 03:00:00    100.000000
2022-01-01 04:00:00    100.000000
                          ...    
2023-05-01 19:00:00     99.720444
2023-05-01 20:00:00     99.491432
2023-05-01 21:00:00     99.992396
2023-05-01 22:00:00    100.436107
2023-05-01 23:00:00    100.436107
Freq: H, Length: 11664, dtype: float64",2022-01-01,2023-05-01 23:00:00,486 days,100.0,63.79318649519694,157.91012488177648,100.43610651817046,0.43610651817046175,-70.17976286600607,39.120370370370374,100.0,44.82603056448429,194 days 16:00:00,83,0.0,42,36.58536585365854,24.688463911165954,-24.500212675457256,11.115441652899193,-5.693840922321021,6 days 07:32:00,3 days 11:18:27.692307692,0.9875726885474873,-0.05010731115082656,0.3476254671946051,0.007302700326078521,1.0193056216259566,0.5353720915625002,long
969,"{'window_k': 57, 'window_d': 192, 'window_ma': 147}","open_time
2022-01-01 00:00:00    100.000000
2022-01-01 01:00:00    100.000000
2022-01-01 02:00:00    100.000000
2022-01-01 03:00:00    100.000000
2022-01-01 04:00:00    100.000000
                          ...    
2023-05-01 19:00:00     99.787425
2023-05-01 20:00:00     99.558259
2023-05-01 21:00:00    100.059559
2023-05-01 22:00:00    100.503568
2023-05-01 23:00:00    100.503568
Freq: H, Length: 11664, dtype: float64",2022-01-01,2023-05-01 23:00:00,486 days,100.0,62.62722147935176,152.26292963146417,100.50356793794971,0.5035679379497111,-70.17976286600607,38.34019204389575,100.0,58.86902896789512,391 days 18:00:00,57,0.0,29,39.285714285714285,32.07905739262635,-12.90031121373355,12.130662754802156,-6.740144720280537,9 days 07:05:27.272727272,4 days 19:24:42.352941176,1.0135184001274222,0.05839551949190369,0.28052822602690547,0.006420310499491463,1.0136647959473526,0.3950974605498737,long
448,"{'window_k': 27, 'window_d': 192, 'window_ma': 12}","open_time
2022-01-01 00:00:00    100.000000
2022-01-01 01:00:00    100.000000
2022-01-01 02:00:00    100.000000
2022-01-01 03:00:00    100.000000
2022-01-01 04:00:00    100.000000
                          ...    
2023-05-01 19:00:00    100.337248
2023-05-01 20:00:00    100.337248
2023-05-01 21:00:00    100.337248
2023-05-01 22:00:00    100.337248
2023-05-01 23:00:00    100.337248
Freq: H, Length: 11664, dtype: float64",2022-01-01,2023-05-01 23:00:00,486 days,100.0,82.09275968248744,146.2146244735436,100.33724750087008,0.3372475008700775,-70.17976286600607,14.934842249657066,100.0,43.854617841362725,315 days 13:00:00,72,0.0,36,38.88888888888889,23.232460306690182,-10.208012326656396,7.10000502645837,-4.057772594144698,2 days 07:17:08.571428571,1 days 20:00:00,1.003335790773197,0.009367986135279782,0.1879847302607362,0.005773084234393146,1.0150076139141857,0.27039309766733016,long
2380,"{'window_k': 147, 'window_d': 72, 'window_ma': 192}","open_time
2022-01-01 00:00:00    100.000000
2022-01-01 01:00:00    100.000000
2022-01-01 02:00:00    100.000000
2022-01-01 03:00:00    100.000000
2022-01-01 04:00:00    100.000000
                          ...    
2023-05-01 19:00:00     99.628705
2023-05-01 20:00:00     99.399903
2023-05-01 21:00:00     99.900406
2023-05-01 22:00:00    100.343709
2023-05-01 23:00:00    100.343709
Freq: H, Length: 11664, dtype: float64",2022-01-01,2023-05-01 23:00:00,486 days,100.0,63.79318649519694,157.91012488177648,100.34370899607465,0.34370899607465333,-70.17976286600607,39.231824417009605,100.0,44.82603056448429,194 days 16:00:00,83,0.0,42,36.58536585365854,24.688463911165954,-24.50021267545725,11.115441652899193,-5.697351788451694,6 days 07:32:00,3 days 11:48:27.692307692,0.9870308969701634,-0.052305026954959644,0.3466717240928499,0.005756143555787863,1.0192354407510296,0.5338970928953964,long
429,"{'window_k': 27, 'window_d': 162, 'window_ma': 207}","open_time
2022-01-01 00:00:00    100.000000
2022-01-01 01:00:00    100.000000
2022-01-01 02:00:00    100.000000
2022-01-01 03:00:00    100.000000
2022-01-01 04:00:00    100.000000
                          ...    
2023-05-01 19:00:00     99.679587
2023-05-01 20:00:00     99.450669
2023-05-01 21:00:00     99.951428
2023-05-01 22:00:00    100.394957
2023-05-01 23:00:00    100.394957
Freq: H, Length: 11664, dtype: float64",2022-01-01,2023-05-01 23:00:00,486 days,100.0,60.84954236767967,129.46278573115438,100.39495688422521,0.39495688422520914,-70.17976286600607,33.290466392318244,100.0,52.99842960737664,439 days 04:00:00,73,0.0,37,33.33333333333333,37.28304841445912,-13.11149974003875,13.169865721239447,-5.63942178329055,7 days 00:20:00,3 days 01:45:00,1.000281205114785,0.0010353369376869814,0.27786004027886574,0.0055940977763018805,1.0146027287310038,0.39556370404419644,long
2378,"{'window_k': 147, 'window_d': 72, 'window_ma': 162}","open_time
2022-01-01 00:00:00    100.000000
2022-01-01 01:00:00    100.000000
2022-01-01 02:00:00    100.000000
2022-01-01 03:00:00    100.000000
2022-01-01 04:00:00    100.000000
                          ...    
2023-05-01 19:00:00     99.546885
2023-05-01 20:00:00     99.318272
2023-05-01 21:00:00     99.818364
2023-05-01 22:00:00    100.261302
2023-05-01 23:00:00    100.261302
Freq: H, Length: 11664, dtype: float64",2022-01-01,2023-05-01 23:00:00,486 days,100.0,63.79318649519694,157.91012488177648,100.26130244611893,0.2613024461189326,-70.17976286600607,39.00891632373114,100.0,44.82603056448429,194 days 16:00:00,83,0.0,42,36.58536585365854,24.688463911165954,-24.500212675457252,11.115441652899191,-5.700500931884681,6 days 07:32:00,3 days 10:48:27.692307692,0.9865501505185668,-0.05426510308139543,0.3456315996293442,0.004376517295460477,1.0192278711738394,0.5323715477468832,long
3112,"{'window_k': 192, 'window_d': 42, 'window_ma': 132}","open_time
2022-01-01 00:00:00    100.000000
2022-01-01 01:00:00    100.000000
2022-01-01 02:00:00    100.000000
2022-01-01 03:00:00    100.000000
2022-01-01 04:00:00    100.000000
                          ...    
2023-05-01 19:00:00    100.178887
2023-05-01 20:00:00    100.178887
2023-05-01 21:00:00    100.178887
2023-05-01 22:00:00    100.178887
2023-05-01 23:00:00    100.178887
Freq: H, Length: 11664, dtype: float64",2022-01-01,2023-05-01 23:00:00,486 days,100.0,59.33644647804843,124.20410285113583,100.17888708295084,0.17888708295083688,-70.17976286600607,41.09224965706447,100.0,51.45738022503087,266 days 11:00:00,132,0.0,66,31.818181818181817,33.14176245210728,-15.937687237866982,9.765205078873786,-4.1046413086777225,4 days 07:48:34.285714285,2 days 10:04:00,1.0010552428738324,0.0027104103477393338,0.36274516497509945,0.0026103049944897995,1.0196294926554974,0.5632573714027396,long
2208,"{'window_k': 132, 'window_d': 162, 'window_ma': 12}","open_time
2022-01-01 00:00:00    100.000000
2022-01-01 01:00:00    100.000000
2022-01-01 02:00:00    100.000000
2022-01-01 03:00:00    100.000000
2022-01-01 04:00:00    100.000000
                          ...    
2023-05-01 19:00:00     99.809704
2023-05-01 20:00:00     99.580487
2023-05-01 21:00:00    100.081899
2023-05-01 22:00:00    100.081899
2023-05-01 23:00:00    100.081899
Freq: H, Length: 11664, dtype: float64",2022-01-01,2023-05-01 23:00:00,486 days,100.0,80.19116911061641,121.38116070635684,100.08189905550881,0.08189905550881349,-70.17976286600607,14.40329218106996,100.0,33.934418946105254,391 days 18:00:00,54,0.0,27,44.44444444444444,18.815789473684198,-12.078005703247166,6.6074936439236165,-4.786599482249508,2 days 14:50:00,2 days 13:44:00,1.0011232096842575,0.0030332983521779155,0.1824224380616235,0.0018123864505228304,1.0150502272899184,0.25449113839760923,long
3709,"{'window_k': 222, 'window_d': 117, 'window_ma': 207}","open_time
2022-01-01 00:00:00    100.000000
2022-01-01 01:00:00    100.000000
2022-01-01 02:00:00    100.000000
2022-01-01 03:00:00    100.000000
2022-01-01 04:00:00    100.000000
                          ...    
2023-05-01 19:00:00     99.391506
2023-05-01 20:00:00     99.163249
2023-05-01 21:00:00     99.662561
2023-05-01 22:00:00    100.104808
2023-05-01 23:00:00    100.104808
Freq: H, Length: 11664, dtype: float64",2022-01-01,2023-05-01 23:00:00,486 days,100.0,69.9176914518133,147.1083170249125,100.10480815310169,0.10480815310168624,-70.17976286600607,37.337105624142666,100.0,52.47196564693696,309 days 12:00:00,59,0.0,30,34.48275862068966,40.57547314971535,-24.955752212389378,15.757483410546408,-6.859689058465281,9 days 16:06:00,4 days 08:03:09.473684210,1.0080607515202136,0.03903320997448567,0.3364305273851379,0.0014999185900775396,1.0194706331066552,0.5166238554250738,long
2377,"{'window_k': 147, 'window_d': 72, 'window_ma': 147}","open_time
2022-01-01 00:00:00    100.000000
2022-01-01 01:00:00    100.000000
2022-01-01 02:00:00    100.000000
2022-01-01 03:00:00    100.000000
2022-01-01 04:00:00    100.000000
                          ...    
2023-05-01 19:00:00     99.370591
2023-05-01 20:00:00     99.142382
2023-05-01 21:00:00     99.641589
2023-05-01 22:00:00    100.083743
2023-05-01 23:00:00    100.083743
Freq: H, Length: 11664, dtype: float64",2022-01-01,2023-05-01 23:00:00,486 days,100.0,63.79318649519694,156.83838519885416,100.08374290341675,0.0837429034167485,-70.17976286600607,39.14609053497942,100.0,44.82603056448429,194 days 16:00:00,83,0.0,42,36.58536585365854,24.688463911165954,-24.500212675457245,11.115441652899193,-5.707385024341102,6 days 07:32:00,3 days 11:25:23.076923076,0.9854803742667763,-0.058488435096365254,0.34385658451099943,0.001402907592112394,1.0190936983006058,0.5295720967939195,long
1427,"{'window_k': 87, 'window_d': 147, 'window_ma': 57}","open_time
2022-01-01 00:00:00    100.000000
2022-01-01 01:00:00    100.000000
2022-01-01 02:00:00    100.000000
2022-01-01 03:00:00    100.000000
2022-01-01 04:00:00    100.000000
                          ...    
2023-05-01 19:00:00     99.338133
2023-05-01 20:00:00     99.109999
2023-05-01 21:00:00     99.609042
2023-05-01 22:00:00    100.051052
2023-05-01 23:00:00    100.051052
Freq: H, Length: 11664, dtype: float64",2022-01-01,2023-05-01 23:00:00,486 days,100.0,66.7909140966478,123.60100609749563,100.05105185612153,0.05105185612153207,-70.17976286600607,30.04115226337449,100.0,45.96248347366721,451 days 16:00:00,67,0.0,34,36.36363636363637,29.734345351043658,-16.10582844755384,9.615331550524862,-4.8321303819756505,4 days 19:20:00,4 days 01:08:34.285714285,0.994437122903179,-0.01616793091969848,0.2489023833466811,0.0008341363545876932,1.0139682280851545,0.34992627581195096,long
2274,"{'window_k': 132, 'window_d': 222, 'window_ma': 42}","open_time
2022-01-01 00:00:00    100.000000
2022-01-01 01:00:00    100.000000
2022-01-01 02:00:00    100.000000
2022-01-01 03:00:00    100.000000
2022-01-01 04:00:00    100.000000
                          ...    
2023-05-01 19:00:00    100.015457
2023-05-01 20:00:00    100.015457
2023-05-01 21:00:00    100.015457
2023-05-01 22:00:00    100.015457
2023-05-01 23:00:00    100.015457
Freq: H, Length: 11664, dtype: float64",2022-01-01,2023-05-01 23:00:00,486 days,100.0,71.1808267583947,120.28083196560591,100.01545734494634,0.015457344946341324,-70.17976286600607,22.830932784636488,100.0,40.82113866759025,424 days 03:00:00,42,0.0,21,52.38095238095239,28.39053037254544,-22.865444792132312,8.197742340717841,-7.61867348892862,5 days 19:27:16.363636363,4 days 16:54:00,1.0002040154016818,0.000736064045064655,0.2146698016572111,0.0002843793275013333,1.0137390067746042,0.3025995398469082,long
419,"{'window_k': 27, 'window_d': 162, 'window_ma': 57}","open_time
2022-01-01 00:00:00    100.000000
2022-01-01 01:00:00    100.000000
2022-01-01 02:00:00    100.000000
2022-01-01 03:00:00    100.000000
2022-01-01 04:00:00    100.000000
                          ...    
2023-05-01 19:00:00     99.290529
2023-05-01 20:00:00     99.062504
2023-05-01 21:00:00     99.561308
2023-05-01 22:00:00    100.003106
2023-05-01 23:00:00    100.003106
Freq: H, Length: 11664, dtype: float64",2022-01-01,2023-05-01 23:00:00,486 days,100.0,74.71578650398347,128.78502602724555,100.0031058622011,0.0031058622010959884,-70.17976286600607,26.989026063100134,100.0,41.98410420154225,451 days 16:00:00,75,0.0,38,32.432432432432435,32.160707420222984,-12.263143848412058,10.95701945022544,-4.6548332764508284,5 days 05:00:00,2 days 14:12:00,0.9970873765559282,-0.009545481481228801,0.23992366689830924,5.5558717006745994e-05,1.014187776282615,0.3437156236807622,long
2381,"{'window_k': 147, 'window_d': 72, 'window_ma': 207}","open_time
2022-01-01 00:00:00    100.000000
2022-01-01 01:00:00    100.000000
2022-01-01 02:00:00    100.000000
2022-01-01 03:00:00    100.000000
2022-01-01 04:00:00    100.000000
                          ...    
2023-05-01 19:00:00     99.205971
2023-05-01 20:00:00     98.978141
2023-05-01 21:00:00     99.476520
2023-05-01 22:00:00     99.917942
2023-05-01 23:00:00     99.917942
Freq: H, Length: 11664, dtype: float64",2022-01-01,2023-05-01 23:00:00,486 days,100.0,63.79318649519694,157.91012488177648,99.9179418213035,-0.08205817869649934,-70.17976286600607,39.128943758573385,100.0,44.82603056448429,194 days 16:00:00,83,0.0,42,36.58536585365854,24.688463911165954,-24.50021267545725,11.115441652899193,-5.713622362855457,6 days 07:32:00,3 days 11:20:46.153846153,0.9845510773943333,-0.062432086941540454,0.34205309811275636,-0.0013749679089499315,1.0189991558078184,0.5267784959020406,long
1410,"{'window_k': 87, 'window_d': 132, 'window_ma': 42}","open_time
2022-01-01 00:00:00    100.000000
2022-01-01 01:00:00    100.000000
2022-01-01 02:00:00    100.000000
2022-01-01 03:00:00    100.000000
2022-01-01 04:00:00    100.000000
                          ...    
2023-05-01 19:00:00     99.886545
2023-05-01 20:00:00     99.886545
2023-05-01 21:00:00     99.886545
2023-05-01 22:00:00     99.886545
2023-05-01 23:00:00     99.886545
Freq: H, Length: 11664, dtype: float64",2022-01-01,2023-05-01 23:00:00,486 days,100.0,80.65140622825837,136.639635478162,99.88654528546138,-0.11345471453861931,-70.17976286600607,28.926611796982165,100.0,40.97510144401094,451 days 16:00:00,72,0.0,36,41.66666666666667,35.84181224803228,-16.273018414731773,8.441314546743158,-5.23223837743649,4 days 14:48:00,3 days 09:31:25.714285714,0.9990476433006946,-0.0031515198482949813,0.23280466712979697,-0.002079794700798231,1.0131965074740121,0.32554461455685313,long
700,"{'window_k': 42, 'window_d': 177, 'window_ma': 192}","open_time
2022-01-01 00:00:00    100.000000
2022-01-01 01:00:00    100.000000
2022-01-01 02:00:00    100.000000
2022-01-01 03:00:00    100.000000
2022-01-01 04:00:00    100.000000
                          ...    
2023-05-01 19:00:00     99.131244
2023-05-01 20:00:00     98.903586
2023-05-01 21:00:00     99.401589
2023-05-01 22:00:00     99.842679
2023-05-01 23:00:00     99.842679
Freq: H, Length: 11664, dtype: float64",2022-01-01,2023-05-01 23:00:00,486 days,100.0,70.44396772402703,155.54150893157455,99.84267871345165,-0.15732128654835265,-70.17976286600607,39.09465020576132,100.0,54.71050254821909,309 days 12:00:00,69,0.0,35,32.35294117647059,37.36202319407572,-11.770211770211771,13.478120204086174,-5.609114515669342,8 days 09:32:43.636363636,4 days 02:39:07.826086956,0.9952860742442398,-0.01969276254052943,0.2822277189129049,-0.002160023525218715,1.013550688235113,0.3988816935199405,long
687,"{'window_k': 42, 'window_d': 162, 'window_ma': 237}","open_time
2022-01-01 00:00:00    100.000000
2022-01-01 01:00:00    100.000000
2022-01-01 02:00:00    100.000000
2022-01-01 03:00:00    100.000000
2022-01-01 04:00:00    100.000000
                          ...    
2023-05-01 19:00:00     99.097518
2023-05-01 20:00:00     98.869936
2023-05-01 21:00:00     99.367771
2023-05-01 22:00:00     99.808710
2023-05-01 23:00:00     99.808710
Freq: H, Length: 11664, dtype: float64",2022-01-01,2023-05-01 23:00:00,486 days,100.0,67.15695754603624,164.2569904332432,99.80870973567802,-0.19129026432197804,-70.17976286600607,39.18895747599451,100.0,59.11470350887139,395 days 04:00:00,79,0.0,40,25.64102564102564,33.81668218704269,-16.30898513251454,16.764084294034838,-5.011202110303346,8 days 02:48:00,3 days 15:26:53.793103448,0.9953581713609203,-0.01876400812204526,0.28770142930660403,-0.002430845937273496,1.0140305014905504,0.4043162913042267,long
702,"{'window_k': 42, 'window_d': 177, 'window_ma': 222}","open_time
2022-01-01 00:00:00    100.000000
2022-01-01 01:00:00    100.000000
2022-01-01 02:00:00    100.000000
2022-01-01 03:00:00    100.000000
2022-01-01 04:00:00    100.000000
                          ...    
2023-05-01 19:00:00     99.052616
2023-05-01 20:00:00     98.825137
2023-05-01 21:00:00     99.322746
2023-05-01 22:00:00     99.763486
2023-05-01 23:00:00     99.763486
Freq: H, Length: 11664, dtype: float64",2022-01-01,2023-05-01 23:00:00,486 days,100.0,70.38809307185649,155.54150893157455,99.76348563099002,-0.23651436900998132,-70.17976286600607,38.95747599451303,100.0,54.74642521127821,309 days 12:00:00,69,0.0,35,32.35294117647059,37.36202319407572,-11.770211770211771,13.478120204086174,-5.612252607395764,8 days 09:32:43.636363636,4 days 01:57:23.478260869,0.9947332049251101,-0.022010021083498366,0.28098829897595684,-0.003245535281276798,1.013514738154183,0.39709465616095074,long
3451,"{'window_k': 207, 'window_d': 117, 'window_ma': 177}","open_time
2022-01-01 00:00:00    100.000000
2022-01-01 01:00:00    100.000000
2022-01-01 02:00:00    100.000000
2022-01-01 03:00:00    100.000000
2022-01-01 04:00:00    100.000000
                          ...    
2023-05-01 19:00:00     99.035885
2023-05-01 20:00:00     98.808445
2023-05-01 21:00:00     99.305970
2023-05-01 22:00:00     99.746635
2023-05-01 23:00:00     99.746635
Freq: H, Length: 11664, dtype: float64",2022-01-01,2023-05-01 23:00:00,486 days,100.0,69.39158996253983,145.9599899854134,99.7466347629435,-0.2533652370564994,-70.17976286600607,39.22325102880658,100.0,52.4584853907742,309 days 12:00:00,57,0.0,29,32.142857142857146,43.01476301476302,-21.560299541745845,18.042128482699223,-7.140007700691944,10 days 00:20:00,5 days 03:41:03.157894736,0.9992496959993995,-0.003971973782018523,0.33883916957457033,-0.003628482026689471,1.018998187135954,0.5162502767014958,long
902,"{'window_k': 57, 'window_d': 132, 'window_ma': 102}","open_time
2022-01-01 00:00:00    100.000000
2022-01-01 01:00:00    100.000000
2022-01-01 02:00:00    100.000000
2022-01-01 03:00:00    100.000000
2022-01-01 04:00:00    100.000000
                          ...    
2023-05-01 19:00:00     99.065201
2023-05-01 20:00:00     98.837693
2023-05-01 21:00:00     99.335365
2023-05-01 22:00:00     99.776161
2023-05-01 23:00:00     99.776161
Freq: H, Length: 11664, dtype: float64",2022-01-01,2023-05-01 23:00:00,486 days,100.0,64.18320997042564,117.51138299825973,99.77616084367816,-0.22383915632184426,-70.17976286600607,37.25137174211248,100.0,45.34987583676139,330 days 15:00:00,73,0.0,37,41.66666666666667,31.914893617021278,-19.067215363511657,9.790139426021481,-6.161943945773044,6 days 23:12:00,3 days 10:22:51.428571428,0.987363990872282,-0.04374065618442469,0.2839637256606019,-0.0037079824008541635,1.0143029630514477,0.3972884785945714,long
3861,"{'window_k': 237, 'window_d': 27, 'window_ma': 87}","open_time
2022-01-01 00:00:00    100.00000
2022-01-01 01:00:00    100.00000
2022-01-01 02:00:00    100.00000
2022-01-01 03:00:00    100.00000
2022-01-01 04:00:00    100.00000
                         ...    
2023-05-01 19:00:00     99.58582
2023-05-01 20:00:00     99.58582
2023-05-01 21:00:00     99.58582
2023-05-01 22:00:00     99.58582
2023-05-01 23:00:00     99.58582
Freq: H, Length: 11664, dtype: float64",2022-01-01,2023-05-01 23:00:00,486 days,100.0,42.48406141165195,117.85455999889437,99.58581981735027,-0.41418018264973,-70.17976286600607,36.574074074074076,100.0,63.86241038850685,389 days 04:00:00,186,0.0,93,32.25806451612903,29.846743295019156,-13.671753347866694,8.394402365857623,-3.5973139587823626,3 days 01:42:00,1 days 08:37:08.571428571,0.9977462057581121,-0.004453550351072089,0.3348492554156824,-0.00487331914207439,1.01968453716576,0.5213763184141882,long
675,"{'window_k': 42, 'window_d': 162, 'window_ma': 57}","open_time
2022-01-01 00:00:00    100.000000
2022-01-01 01:00:00    100.000000
2022-01-01 02:00:00    100.000000
2022-01-01 03:00:00    100.000000
2022-01-01 04:00:00    100.000000
                          ...    
2023-05-01 19:00:00     98.942276
2023-05-01 20:00:00     98.715051
2023-05-01 21:00:00     99.212106
2023-05-01 22:00:00     99.652354
2023-05-01 23:00:00     99.652354
Freq: H, Length: 11664, dtype: float64",2022-01-01,2023-05-01 23:00:00,486 days,100.0,68.70356200256398,135.59754614165215,99.65235422339157,-0.3476457766084309,-70.17976286600607,30.12688614540466,100.0,49.33273945031961,430 days 01:00:00,79,0.0,40,35.8974358974359,33.51309707241911,-16.308985132514536,9.39600066059584,-4.611018293830309,4 days 13:04:17.142857142,3 days 04:00:00,0.9923411588032843,-0.022751412777577862,0.2454042119481677,-0.005294762707045578,1.0138508898015397,0.3436108364293298,long
2200,"{'window_k': 132, 'window_d': 147, 'window_ma': 132}","open_time
2022-01-01 00:00:00    100.000000
2022-01-01 01:00:00    100.000000
2022-01-01 02:00:00    100.000000
2022-01-01 03:00:00    100.000000
2022-01-01 04:00:00    100.000000
                          ...    
2023-05-01 19:00:00     98.932834
2023-05-01 20:00:00     98.705631
2023-05-01 21:00:00     99.202638
2023-05-01 22:00:00     99.642844
2023-05-01 23:00:00     99.642844
Freq: H, Length: 11664, dtype: float64",2022-01-01,2023-05-01 23:00:00,486 days,100.0,75.4904378605099,136.72761479216882,99.64284431217321,-0.35715568782678986,-70.17976286600607,39.18895747599451,100.0,44.78771682278065,451 days 16:00:00,55,0.0,28,29.629629629629626,44.250432593990865,-13.254342805502558,17.99615980184929,-6.262121481484632,9 days 13:52:30,5 days 20:37:53.684210526,1.0007702236440017,0.0036018851387842332,0.2896306022713658,-0.005991679541349602,1.0144508687748477,0.41015544153917505,long
3819,"{'window_k': 222, 'window_d': 222, 'window_ma': 177}","open_time
2022-01-01 00:00:00    100.000000
2022-01-01 01:00:00    100.000000
2022-01-01 02:00:00    100.000000
2022-01-01 03:00:00    100.000000
2022-01-01 04:00:00    100.000000
                          ...    
2023-05-01 19:00:00     99.563703
2023-05-01 20:00:00     99.563703
2023-05-01 21:00:00     99.563703
2023-05-01 22:00:00     99.563703
2023-05-01 23:00:00     99.563703
Freq: H, Length: 11664, dtype: float64",2022-01-01,2023-05-01 23:00:00,486 days,100.0,66.86901331830438,145.391410935334,99.56370338842635,-0.4362966115736526,-70.17976286600607,34.05349794238683,100.0,54.00759034655367,349 days 17:00:00,36,0.0,18,44.44444444444444,41.701818181818176,-18.767692017361767,11.923393257798272,-7.9481113880233405,10 days 03:30:00,8 days 10:24:00,0.9946229244725211,-0.024238700642980504,0.2592825854840842,-0.006070435885381044,1.0140650215565763,0.3676896970774413,long
1230,"{'window_k': 72, 'window_d': 192, 'window_ma': 222}","open_time
2022-01-01 00:00:00    100.000000
2022-01-01 01:00:00    100.000000
2022-01-01 02:00:00    100.000000
2022-01-01 03:00:00    100.000000
2022-01-01 04:00:00    100.000000
                          ...    
2023-05-01 19:00:00     98.813584
2023-05-01 20:00:00     98.586655
2023-05-01 21:00:00     99.083063
2023-05-01 22:00:00     99.522739
2023-05-01 23:00:00     99.522739
Freq: H, Length: 11664, dtype: float64",2022-01-01,2023-05-01 23:00:00,486 days,100.0,61.96973435801379,147.47159123405834,99.52273886260292,-0.477261137397079,-70.17976286600607,37.62002743484225,100.0,57.978527362833546,391 days 18:00:00,53,0.0,27,30.76923076923077,48.51515617787353,-13.957558521111354,19.918963877612896,-7.448324058444693,10 days 21:37:30,5 days 04:50:00,0.9967148279721371,-0.01617418382644864,0.27044551365023856,-0.006185914993582875,1.0134304994130883,0.3820468286047472,long
2383,"{'window_k': 147, 'window_d': 72, 'window_ma': 237}","open_time
2022-01-01 00:00:00    100.000000
2022-01-01 01:00:00    100.000000
2022-01-01 02:00:00    100.000000
2022-01-01 03:00:00    100.000000
2022-01-01 04:00:00    100.000000
                          ...    
2023-05-01 19:00:00     98.862600
2023-05-01 20:00:00     98.635558
2023-05-01 21:00:00     99.132213
2023-05-01 22:00:00     99.572107
2023-05-01 23:00:00     99.572107
Freq: H, Length: 11664, dtype: float64",2022-01-01,2023-05-01 23:00:00,486 days,100.0,63.79318649519694,156.69586007668906,99.57210657769208,-0.42789342230791755,-70.17976286600607,39.10322359396434,100.0,44.82603056448429,194 days 16:00:00,83,0.0,42,36.58536585365854,24.688463911165957,-24.50021267545725,11.055878811369137,-5.697351788451694,6 days 06:32:00,3 days 11:48:27.692307692,0.9823794809028198,-0.07065793070088633,0.3379665488883284,-0.0071728807017510466,1.0187973161004213,0.5204494398843796,long
1228,"{'window_k': 72, 'window_d': 192, 'window_ma': 192}","open_time
2022-01-01 00:00:00    100.000000
2022-01-01 01:00:00    100.000000
2022-01-01 02:00:00    100.000000
2022-01-01 03:00:00    100.000000
2022-01-01 04:00:00    100.000000
                          ...    
2023-05-01 19:00:00     98.729393
2023-05-01 20:00:00     98.502657
2023-05-01 21:00:00     98.998642
2023-05-01 22:00:00     99.437943
2023-05-01 23:00:00     99.437943
Freq: H, Length: 11664, dtype: float64",2022-01-01,2023-05-01 23:00:00,486 days,100.0,62.96782835138648,149.20321433185677,99.43794326317114,-0.5620567368288647,-70.17976286600607,38.80315500685871,100.0,57.79727090105856,391 days 18:00:00,53,0.0,27,30.76923076923077,48.515156177873514,-13.957558521111354,20.096046651991205,-7.511518415407672,10 days 20:15:00,5 days 13:06:40,0.9961575716544823,-0.019437412159894585,0.2706843958622828,-0.007308594962319929,1.01328060150577,0.38249774580959334,long
3642,"{'window_k': 222, 'window_d': 57, 'window_ma': 162}","open_time
2022-01-01 00:00:00    100.000000
2022-01-01 01:00:00    100.000000
2022-01-01 02:00:00    100.000000
2022-01-01 03:00:00    100.000000
2022-01-01 04:00:00    100.000000
                          ...    
2023-05-01 19:00:00     98.845816
2023-05-01 20:00:00     98.618812
2023-05-01 21:00:00     99.115382
2023-05-01 22:00:00     99.555201
2023-05-01 23:00:00     99.555201
Freq: H, Length: 11664, dtype: float64",2022-01-01,2023-05-01 23:00:00,486 days,100.0,67.92430409023403,135.3200108667766,99.55520149014022,-0.4447985098597797,-70.17976286600607,40.39780521262003,100.0,44.8260305644843,194 days 16:00:00,99,0.0,50,42.857142857142854,30.952380952380942,-17.211997273346967,8.873565040856306,-5.924996434892787,4 days 13:20:00,3 days 10:06:25.714285714,0.9934332104006183,-0.02297569115010223,0.34804855082825,-0.007456422164915446,1.019080639331394,0.5336902595809653,long
3944,"{'window_k': 237, 'window_d': 102, 'window_ma': 132}","open_time
2022-01-01 00:00:00    100.000000
2022-01-01 01:00:00    100.000000
2022-01-01 02:00:00    100.000000
2022-01-01 03:00:00    100.000000
2022-01-01 04:00:00    100.000000
                          ...    
2023-05-01 19:00:00     98.788655
2023-05-01 20:00:00     98.561783
2023-05-01 21:00:00     99.058066
2023-05-01 22:00:00     99.497630
2023-05-01 23:00:00     99.497630
Freq: H, Length: 11664, dtype: float64",2022-01-01,2023-05-01 23:00:00,486 days,100.0,73.66556474453192,145.797992040612,99.49763047625454,-0.5023695237454575,-70.17976286600607,38.1258573388203,100.0,48.86642310760907,309 days 12:00:00,63,0.0,32,32.25806451612903,41.424148606811144,-25.375982042648715,18.47889235955284,-7.31101338152854,9 days 04:24:00,4 days 07:48:34.285714285,0.9982822076668328,-0.00934441467485847,0.3365637864288965,-0.007725763540762338,1.0191143912624683,0.5125664316514911,long
1941,"{'window_k': 117, 'window_d': 147, 'window_ma': 87}","open_time
2022-01-01 00:00:00    100.000000
2022-01-01 01:00:00    100.000000
2022-01-01 02:00:00    100.000000
2022-01-01 03:00:00    100.000000
2022-01-01 04:00:00    100.000000
                          ...    
2023-05-01 19:00:00     99.468012
2023-05-01 20:00:00     99.468012
2023-05-01 21:00:00     99.468012
2023-05-01 22:00:00     99.468012
2023-05-01 23:00:00     99.468012
Freq: H, Length: 11664, dtype: float64",2022-01-01,2023-05-01 23:00:00,486 days,100.0,73.77442437324832,139.8941289701636,99.4680120892913,-0.5319879107086933,-70.17976286600607,38.948902606310014,100.0,47.26410256360163,451 days 16:00:00,60,0.0,30,33.33333333333333,39.02338941321296,-12.13444354183591,15.634866541565733,-6.557216657231373,8 days 13:30:00,5 days 04:24:00,0.9962032204533432,-0.017732930356957333,0.28411335849175184,-0.008458923481544808,1.014012891939097,0.40304554100093765,long
673,"{'window_k': 42, 'window_d': 162, 'window_ma': 27}","open_time
2022-01-01 00:00:00    100.000000
2022-01-01 01:00:00    100.000000
2022-01-01 02:00:00    100.000000
2022-01-01 03:00:00    100.000000
2022-01-01 04:00:00    100.000000
                          ...    
2023-05-01 19:00:00     98.679320
2023-05-01 20:00:00     98.452699
2023-05-01 21:00:00     98.948433
2023-05-01 22:00:00     99.387511
2023-05-01 23:00:00     99.387511
Freq: H, Length: 11664, dtype: float64",2022-01-01,2023-05-01 23:00:00,486 days,100.0,67.84120222489226,140.3504890017605,99.38751120665437,-0.6124887933456336,-70.17976286600607,25.017146776406037,100.0,51.663009721297605,397 days 07:00:00,79,0.0,40,35.8974358974359,29.489907412732165,-16.308985132514536,8.414803485629648,-4.232508811173406,3 days 22:17:08.571428571,2 days 12:26:24,0.98939688099702,-0.029505484076251864,0.2285116288250017,-0.008910598834282612,1.0139896072157866,0.3213699035062129,long
3157,"{'window_k': 192, 'window_d': 87, 'window_ma': 87}","open_time
2022-01-01 00:00:00    100.00000
2022-01-01 01:00:00    100.00000
2022-01-01 02:00:00    100.00000
2022-01-01 03:00:00    100.00000
2022-01-01 04:00:00    100.00000
                         ...    
2023-05-01 19:00:00     99.25866
2023-05-01 20:00:00     99.25866
2023-05-01 21:00:00     99.25866
2023-05-01 22:00:00     99.25866
2023-05-01 23:00:00     99.25866
Freq: H, Length: 11664, dtype: float64",2022-01-01,2023-05-01 23:00:00,486 days,100.0,69.826180142504,168.73657933867784,99.258660223351,-0.7413397766489993,-70.17976286600607,38.85459533607682,100.0,58.6182317929101,309 days 12:00:00,70,0.0,35,34.285714285714285,35.90052146008825,-16.535433070866155,14.017857325120675,-6.305394337082855,8 days 10:15:00,3 days 19:31:18.260869565,0.9955624782327269,-0.021181136475685314,0.33505204387013204,-0.00950698993023516,1.0187463723376875,0.5143648039935661,long
1554,"{'window_k': 102, 'window_d': 27, 'window_ma': 42}","open_time
2022-01-01 00:00:00    100.000000
2022-01-01 01:00:00    100.000000
2022-01-01 02:00:00    100.000000
2022-01-01 03:00:00    100.000000
2022-01-01 04:00:00    100.000000
                          ...    
2023-05-01 19:00:00     99.230429
2023-05-01 20:00:00     99.230429
2023-05-01 21:00:00     99.230429
2023-05-01 22:00:00     99.230429
2023-05-01 23:00:00     99.230429
Freq: H, Length: 11664, dtype: float64",2022-01-01,2023-05-01 23:00:00,486 days,100.0,46.884161229576684,106.58936408658369,99.23042884027309,-0.7695711597269081,-70.17976286600607,33.1275720164609,100.0,53.720486980750934,427 days 03:00:00,200,0.0,100,38.0,29.492129492129493,-14.893299507536176,6.565683397372164,-3.635060044619741,2 days 03:56:50.526315789,1 days 06:29:01.935483870,0.9954891635476832,-0.007695711597269339,0.3173106125175719,-0.010769179921820643,1.0199464535266412,0.49972825359924683,long
1892,"{'window_k': 117, 'window_d': 102, 'window_ma': 72}","open_time
2022-01-01 00:00:00    100.000000
2022-01-01 01:00:00    100.000000
2022-01-01 02:00:00    100.000000
2022-01-01 03:00:00    100.000000
2022-01-01 04:00:00    100.000000
                          ...    
2023-05-01 19:00:00     99.219038
2023-05-01 20:00:00     99.219038
2023-05-01 21:00:00     99.219038
2023-05-01 22:00:00     99.219038
2023-05-01 23:00:00     99.219038
Freq: H, Length: 11664, dtype: float64",2022-01-01,2023-05-01 23:00:00,486 days,100.0,57.348441020991736,134.4245084887074,99.21903781857722,-0.7809621814227796,-70.17976286600607,38.537379972565155,100.0,53.804957212441394,308 days 18:00:00,76,0.0,38,34.21052631578947,34.081237911025156,-22.8678745028723,13.07613546189447,-5.906094630876695,5 days 21:32:18.461538461,4 days 10:12:00,0.9948955018016226,-0.02055163635323165,0.30667199271070744,-0.010911581363470257,1.0159250080535638,0.4385207489350574,long
3960,"{'window_k': 237, 'window_d': 117, 'window_ma': 132}","open_time
2022-01-01 00:00:00    100.000000
2022-01-01 01:00:00    100.000000
2022-01-01 02:00:00    100.000000
2022-01-01 03:00:00    100.000000
2022-01-01 04:00:00    100.000000
                          ...    
2023-05-01 19:00:00     98.553164
2023-05-01 20:00:00     98.326832
2023-05-01 21:00:00     98.821932
2023-05-01 22:00:00     99.260449
2023-05-01 23:00:00     99.260449
Freq: H, Length: 11664, dtype: float64",2022-01-01,2023-05-01 23:00:00,486 days,100.0,67.51960898974386,134.20566388717663,99.26044932031874,-0.7395506796812583,-70.17976286600607,35.89677640603566,100.0,49.68944898889966,309 days 12:00:00,59,0.0,30,37.93103448275862,41.55562441896499,-25.376746232537684,15.698467711262905,-7.854176964890707,8 days 19:00:00,4 days 04:50:00,1.0039839805239383,0.019862082073908383,0.3233270217177441,-0.011188226047604711,1.018990159740818,0.4994492757948185,long
3111,"{'window_k': 192, 'window_d': 42, 'window_ma': 117}","open_time
2022-01-01 00:00:00    100.000000
2022-01-01 01:00:00    100.000000
2022-01-01 02:00:00    100.000000
2022-01-01 03:00:00    100.000000
2022-01-01 04:00:00    100.000000
                          ...    
2023-05-01 19:00:00     99.225445
2023-05-01 20:00:00     99.225445
2023-05-01 21:00:00     99.225445
2023-05-01 22:00:00     99.225445
2023-05-01 23:00:00     99.225445
Freq: H, Length: 11664, dtype: float64",2022-01-01,2023-05-01 23:00:00,486 days,100.0,60.99061000396521,127.23258580915397,99.22544478331703,-0.7745552166829697,-70.17976286600607,40.80932784636489,100.0,51.45738022503089,266 days 11:00:00,132,0.0,66,33.33333333333333,33.14176245210728,-15.93768723786699,9.363508404035455,-4.2394474013827175,4 days 07:19:05.454545454,2 days 08:31:21.818181818,0.9955711848425208,-0.011735685101256443,0.35227371256103324,-0.011315694418490617,1.0191344262514588,0.5473825383683434,long
2626,"{'window_k': 162, 'window_d': 72, 'window_ma': 42}","open_time
2022-01-01 00:00:00    100.000000
2022-01-01 01:00:00    100.000000
2022-01-01 02:00:00    100.000000
2022-01-01 03:00:00    100.000000
2022-01-01 04:00:00    100.000000
                          ...    
2023-05-01 19:00:00     99.257445
2023-05-01 20:00:00     99.257445
2023-05-01 21:00:00     99.257445
2023-05-01 22:00:00     99.257445
2023-05-01 23:00:00     99.257445
Freq: H, Length: 11664, dtype: float64",2022-01-01,2023-05-01 23:00:00,486 days,100.0,71.34977131095741,139.64648785053166,99.25744487398578,-0.7425551260142242,-70.17976286600607,26.45747599451303,100.0,44.82603056448429,194 days 16:00:00,82,0.0,41,41.46341463414634,25.819536423841065,-16.449054301403297,7.477638832975021,-4.7825503156867715,4 days 02:56:28.235294117,2 days 10:30:00,0.9941413446595085,-0.01811110063449295,0.27966272840931977,-0.012452527887930845,1.0200589541385126,0.44508568167129037,long
3171,"{'window_k': 192, 'window_d': 102, 'window_ma': 57}","open_time
2022-01-01 00:00:00    100.000000
2022-01-01 01:00:00    100.000000
2022-01-01 02:00:00    100.000000
2022-01-01 03:00:00    100.000000
2022-01-01 04:00:00    100.000000
                          ...    
2023-05-01 19:00:00     98.461114
2023-05-01 20:00:00     98.234994
2023-05-01 21:00:00     98.729631
2023-05-01 22:00:00     99.167739
2023-05-01 23:00:00     99.167739
Freq: H, Length: 11664, dtype: float64",2022-01-01,2023-05-01 23:00:00,486 days,100.0,63.4395052921611,133.05034678927515,99.16773866887765,-0.8322613311223535,-70.17976286600607,29.475308641975307,100.0,50.153505323200044,314 days 09:00:00,65,0.0,33,37.5,29.633131618759467,-18.254243158988576,11.24267764563998,-5.999788660933212,5 days 22:15:00,3 days 10:27:00,0.9857325402304511,-0.055156443782205855,0.3032050593910767,-0.012475739575098932,1.0198846216729756,0.4686741438934104,long
1090,"{'window_k': 72, 'window_d': 72, 'window_ma': 42}","open_time
2022-01-01 00:00:00    100.000000
2022-01-01 01:00:00    100.000000
2022-01-01 02:00:00    100.000000
2022-01-01 03:00:00    100.000000
2022-01-01 04:00:00    100.000000
                          ...    
2023-05-01 19:00:00     99.235254
2023-05-01 20:00:00     99.235254
2023-05-01 21:00:00     99.235254
2023-05-01 22:00:00     99.235254
2023-05-01 23:00:00     99.235254
Freq: H, Length: 11664, dtype: float64",2022-01-01,2023-05-01 23:00:00,486 days,100.0,78.68787108359666,159.90747185577854,99.23525364484416,-0.764746355155836,-70.17976286600607,31.05281207133059,100.0,44.826030564484306,194 days 16:00:00,110,0.0,55,34.54545454545455,21.203383314109946,-14.776928765097363,8.715834759769882,-4.211247905087321,3 days 18:06:18.947368421,2 days 05:03:20,0.9956024929747435,-0.013904479184651208,0.300577432323289,-0.012825027354580075,1.0193393894303386,0.46505354546895034,long
1416,"{'window_k': 87, 'window_d': 132, 'window_ma': 132}","open_time
2022-01-01 00:00:00    100.000000
2022-01-01 01:00:00    100.000000
2022-01-01 02:00:00    100.000000
2022-01-01 03:00:00    100.000000
2022-01-01 04:00:00    100.000000
                          ...    
2023-05-01 19:00:00     98.348853
2023-05-01 20:00:00     98.122990
2023-05-01 21:00:00     98.617064
2023-05-01 22:00:00     99.054672
2023-05-01 23:00:00     99.054672
Freq: H, Length: 11664, dtype: float64",2022-01-01,2023-05-01 23:00:00,486 days,100.0,64.07451287506619,129.49971319031332,99.05467184827035,-0.9453281517296545,-70.17976286600607,40.32921810699588,100.0,50.521502097149806,391 days 18:00:00,73,0.0,37,36.11111111111111,35.84181224803226,-16.27301841473178,12.434508547024045,-6.088984388623291,6 days 21:55:23.076923077,4 days 10:39:07.826086956,0.990562987327315,-0.03567003849795514,0.28136977278769904,-0.01406940489016523,1.0135640063612097,0.39659109974519485,long
1220,"{'window_k': 72, 'window_d': 192, 'window_ma': 72}","open_time
2022-01-01 00:00:00    100.000000
2022-01-01 01:00:00    100.000000
2022-01-01 02:00:00    100.000000
2022-01-01 03:00:00    100.000000
2022-01-01 04:00:00    100.000000
                          ...    
2023-05-01 19:00:00     98.160294
2023-05-01 20:00:00     97.934864
2023-05-01 21:00:00     98.427991
2023-05-01 22:00:00     98.864760
2023-05-01 23:00:00     98.864760
Freq: H, Length: 11664, dtype: float64",2022-01-01,2023-05-01 23:00:00,486 days,100.0,59.6728482952948,149.79099418395558,98.86475953027086,-1.1352404697291405,-70.17976286600607,31.858710562414267,100.0,60.16259280447016,391 days 18:00:00,53,0.0,27,38.46153846153847,32.29801829268291,-13.95755852111136,12.74347680836324,-6.986092795093104,6 days 15:30:00,5 days 09:33:45,0.9902272271549921,-0.041495507273371146,0.23546423543172568,-0.014191691013639322,1.012624585432792,0.3303510360246171,long
824,"{'window_k': 57, 'window_d': 57, 'window_ma': 132}","open_time
2022-01-01 00:00:00    100.000000
2022-01-01 01:00:00    100.000000
2022-01-01 02:00:00    100.000000
2022-01-01 03:00:00    100.000000
2022-01-01 04:00:00    100.000000
                          ...    
2023-05-01 19:00:00     98.982319
2023-05-01 20:00:00     98.982319
2023-05-01 21:00:00     98.982319
2023-05-01 22:00:00     98.982319
2023-05-01 23:00:00     98.982319
Freq: H, Length: 11664, dtype: float64",2022-01-01,2023-05-01 23:00:00,486 days,100.0,76.15190735200815,164.16860940638784,98.98231946637131,-1.0176805336286918,-70.17976286600607,42.969821673525374,100.0,53.61360029340355,391 days 18:00:00,134,0.0,67,44.776119402985074,22.566718995290415,-14.937355552852457,6.86082062213759,-5.0711889338852405,4 days 00:30:00,2 days 09:12:58.378378378,0.9951168833530449,-0.015189261695951028,0.34746153896343074,-0.014273986326992612,1.0186616652797384,0.5382326886700594,long
1221,"{'window_k': 72, 'window_d': 192, 'window_ma': 87}","open_time
2022-01-01 00:00:00    100.000000
2022-01-01 01:00:00    100.000000
2022-01-01 02:00:00    100.000000
2022-01-01 03:00:00    100.000000
2022-01-01 04:00:00    100.000000
                          ...    
2023-05-01 19:00:00     98.838509
2023-05-01 20:00:00     98.838509
2023-05-01 21:00:00     98.838509
2023-05-01 22:00:00     98.838509
2023-05-01 23:00:00     98.838509
Freq: H, Length: 11664, dtype: float64",2022-01-01,2023-05-01 23:00:00,486 days,100.0,61.52991081153546,147.47159123405834,98.8385086323305,-1.1614913676694982,-70.17976286600607,35.005144032921805,100.0,58.276770260192855,391 days 18:00:00,54,0.0,27,33.33333333333333,31.13567073170734,-13.957558521111347,17.293024633466096,-7.474651320968426,9 days 06:06:40,4 days 19:46:40,0.9915970471274775,-0.04301819880257263,0.24131058783270617,-0.014990207586267448,1.0123200564485109,0.3394305079694288,long
1810,"{'window_k': 117, 'window_d': 27, 'window_ma': 42}","open_time
2022-01-01 00:00:00    100.00000
2022-01-01 01:00:00    100.00000
2022-01-01 02:00:00    100.00000
2022-01-01 03:00:00    100.00000
2022-01-01 04:00:00    100.00000
                         ...    
2023-05-01 19:00:00     98.88324
2023-05-01 20:00:00     98.88324
2023-05-01 21:00:00     98.88324
2023-05-01 22:00:00     98.88324
2023-05-01 23:00:00     98.88324
Freq: H, Length: 11664, dtype: float64",2022-01-01,2023-05-01 23:00:00,486 days,100.0,45.01739131987559,111.3073229721501,98.88323993753829,-1.116760062461708,-70.17976286600607,32.15877914951989,100.0,55.44414344917675,305 days 00:00:00,186,0.0,93,38.70967741935484,27.840492596393478,-14.46156976448447,6.348031349737174,-3.6278537069058725,2 days 10:10:00,1 days 05:04:12.631578947,0.9931567599707198,-0.012008172714641052,0.3050372625480125,-0.015148406517829817,1.0192241790276904,0.4824718050086904,long
1229,"{'window_k': 72, 'window_d': 192, 'window_ma': 207}","open_time
2022-01-01 00:00:00    100.000000
2022-01-01 01:00:00    100.000000
2022-01-01 02:00:00    100.000000
2022-01-01 03:00:00    100.000000
2022-01-01 04:00:00    100.000000
                          ...    
2023-05-01 19:00:00     98.220829
2023-05-01 20:00:00     97.995261
2023-05-01 21:00:00     98.488691
2023-05-01 22:00:00     98.925729
2023-05-01 23:00:00     98.925729
Freq: H, Length: 11664, dtype: float64",2022-01-01,2023-05-01 23:00:00,486 days,100.0,62.58229155651075,133.52981245521954,98.92572940588427,-1.0742705941157311,-70.17976286600607,37.165637860082306,100.0,53.132345200066624,397 days 07:00:00,53,0.0,27,30.76923076923077,48.51515617787353,-13.95755852111136,19.6927348153458,-7.409203728968549,10 days 21:15:00,5 days 02:03:20,0.9920651547394668,-0.03914917530659867,0.25658721365685927,-0.015205275966741654,1.0128905654088387,0.3624128204891095,long
3392,"{'window_k': 207, 'window_d': 72, 'window_ma': 12}","open_time
2022-01-01 00:00:00    100.000000
2022-01-01 01:00:00    100.000000
2022-01-01 02:00:00    100.000000
2022-01-01 03:00:00    100.000000
2022-01-01 04:00:00    100.000000
                          ...    
2023-05-01 19:00:00     98.844788
2023-05-01 20:00:00     98.844788
2023-05-01 21:00:00     98.844788
2023-05-01 22:00:00     98.844788
2023-05-01 23:00:00     98.844788
Freq: H, Length: 11664, dtype: float64",2022-01-01,2023-05-01 23:00:00,486 days,100.0,88.8446329895605,187.80368288631485,98.84478835356005,-1.1552116464399518,-70.17976286600607,12.620027434842248,100.0,52.69281644314625,355 days 14:00:00,70,0.0,35,40.0,19.342359767891686,-22.063666300768382,7.756374000551134,-4.59809014036512,1 days 20:47:08.571428571,1 days 16:14:17.142857142,0.990750622643409,-0.03300604704114152,0.19647995565612053,-0.016488982560140503,1.0214824119354378,0.325028906456052,long
758,"{'window_k': 42, 'window_d': 237, 'window_ma': 102}","open_time
2022-01-01 00:00:00    100.000000
2022-01-01 01:00:00    100.000000
2022-01-01 02:00:00    100.000000
2022-01-01 03:00:00    100.000000
2022-01-01 04:00:00    100.000000
                          ...    
2023-05-01 19:00:00     98.020905
2023-05-01 20:00:00     97.795796
2023-05-01 21:00:00     98.288222
2023-05-01 22:00:00     98.724371
2023-05-01 23:00:00     98.724371
Freq: H, Length: 11664, dtype: float64",2022-01-01,2023-05-01 23:00:00,486 days,100.0,62.805040914078084,139.3805745970835,98.7243705076548,-1.2756294923452032,-70.17976286600607,31.310013717421125,100.0,54.93988951069206,391 days 18:00:00,53,0.0,27,38.46153846153847,29.89202500473577,-22.284940167080602,11.936851607617253,-6.4974917041176905,8 days 00:06:00,4 days 11:45:00,0.9850190710839949,-0.057179584226225266,0.23015816574798115,-0.017465706183568578,1.0122809592635387,0.32330851401455213,long
437,"{'window_k': 27, 'window_d': 177, 'window_ma': 87}","open_time
2022-01-01 00:00:00    100.000000
2022-01-01 01:00:00    100.000000
2022-01-01 02:00:00    100.000000
2022-01-01 03:00:00    100.000000
2022-01-01 04:00:00    100.000000
                          ...    
2023-05-01 19:00:00     98.907104
2023-05-01 20:00:00     98.907104
2023-05-01 21:00:00     98.907104
2023-05-01 22:00:00     98.907104
2023-05-01 23:00:00     98.907104
Freq: H, Length: 11664, dtype: float64",2022-01-01,2023-05-01 23:00:00,486 days,100.0,71.39530270314471,131.8422542624284,98.90710371804029,-1.0928962819597103,-70.17976286600607,34.044924554183815,100.0,45.84793539631512,451 days 16:00:00,70,0.0,35,34.285714285714285,35.21351603033124,-12.437112437112443,12.539688754176748,-5.68272937067511,7 days 14:35:00,3 days 05:23:28.695652173,0.9916902445654803,-0.031225608055992282,0.2507279561468491,-0.01792705359864775,1.0130954896731914,0.35812929899338986,long
3646,"{'window_k': 222, 'window_d': 57, 'window_ma': 222}","open_time
2022-01-01 00:00:00    100.000000
2022-01-01 01:00:00    100.000000
2022-01-01 02:00:00    100.000000
2022-01-01 03:00:00    100.000000
2022-01-01 04:00:00    100.000000
                          ...    
2023-05-01 19:00:00     98.185946
2023-05-01 20:00:00     97.960458
2023-05-01 21:00:00     98.453713
2023-05-01 22:00:00     98.890596
2023-05-01 23:00:00     98.890596
Freq: H, Length: 11664, dtype: float64",2022-01-01,2023-05-01 23:00:00,486 days,100.0,67.92430409023403,135.3200108667766,98.89059600750531,-1.1094039924946912,-70.17976286600607,40.08916323731139,100.0,44.8260305644843,194 days 16:00:00,99,0.0,50,42.857142857142854,30.952380952380942,-17.211997273346963,8.858817017589518,-5.938577830508552,4 days 15:14:17.142857142,3 days 07:23:34.285714285,0.9895838682131135,-0.036446287656203946,0.3405149453551292,-0.018613077615949002,1.0187215137753967,0.5224576809371608,long
664,"{'window_k': 42, 'window_d': 147, 'window_ma': 132}","open_time
2022-01-01 00:00:00    100.000000
2022-01-01 01:00:00    100.000000
2022-01-01 02:00:00    100.000000
2022-01-01 03:00:00    100.000000
2022-01-01 04:00:00    100.000000
                          ...    
2023-05-01 19:00:00     97.966421
2023-05-01 20:00:00     97.741437
2023-05-01 21:00:00     98.233589
2023-05-01 22:00:00     98.669495
2023-05-01 23:00:00     98.669495
Freq: H, Length: 11664, dtype: float64",2022-01-01,2023-05-01 23:00:00,486 days,100.0,64.43283755862629,136.7306966948199,98.66949518132422,-1.3305048186757773,-70.17976286600607,37.54286694101509,100.0,52.8760994303722,286 days 02:00:00,77,0.0,39,39.473684210526315,35.68102444703143,-25.922934933087205,11.940112064254341,-6.591986684889804,6 days 22:00:00,3 days 05:49:33.913043478,0.994699070781302,-0.02243194901285861,0.27289365651137065,-0.018929378946542372,1.0136048693780457,0.38214642831946166,long
2278,"{'window_k': 132, 'window_d': 222, 'window_ma': 102}","open_time
2022-01-01 00:00:00    100.000000
2022-01-01 01:00:00    100.000000
2022-01-01 02:00:00    100.000000
2022-01-01 03:00:00    100.000000
2022-01-01 04:00:00    100.000000
                          ...    
2023-05-01 19:00:00     98.652186
2023-05-01 20:00:00     98.652186
2023-05-01 21:00:00     98.652186
2023-05-01 22:00:00     98.652186
2023-05-01 23:00:00     98.652186
Freq: H, Length: 11664, dtype: float64",2022-01-01,2023-05-01 23:00:00,486 days,100.0,56.98029088441641,120.56504388414095,98.65218603820458,-1.3478139617954241,-70.17976286600607,27.99211248285322,100.0,52.7389622657355,391 days 18:00:00,42,0.0,21,38.095238095238095,43.62237348327909,-17.715367623856114,11.691750948413768,-6.137678932839162,9 days 00:52:30,4 days 21:41:32.307692307,0.9809492382211918,-0.0641816172283538,0.22005589481940313,-0.01922592052404628,1.0127280775141767,0.3086883437391957,long
826,"{'window_k': 57, 'window_d': 57, 'window_ma': 162}","open_time
2022-01-01 00:00:00    100.000000
2022-01-01 01:00:00    100.000000
2022-01-01 02:00:00    100.000000
2022-01-01 03:00:00    100.000000
2022-01-01 04:00:00    100.000000
                          ...    
2023-05-01 19:00:00     98.574463
2023-05-01 20:00:00     98.574463
2023-05-01 21:00:00     98.574463
2023-05-01 22:00:00     98.574463
2023-05-01 23:00:00     98.574463
Freq: H, Length: 11664, dtype: float64",2022-01-01,2023-05-01 23:00:00,486 days,100.0,75.83812390315073,164.16860940638784,98.57446344991597,-1.4255365500840327,-70.17976286600607,43.064128943758575,100.0,53.804735157731166,391 days 18:00:00,134,0.0,67,44.776119402985074,22.56671899529043,-14.937355552852457,6.8467018728385804,-5.0711889338852405,4 days 00:52:00,2 days 09:12:58.378378378,0.9931576766864487,-0.02127666492663005,0.34299178728127583,-0.019933752763562185,1.0184282037931616,0.5312239579321058,long
2627,"{'window_k': 162, 'window_d': 72, 'window_ma': 57}","open_time
2022-01-01 00:00:00    100.000000
2022-01-01 01:00:00    100.000000
2022-01-01 02:00:00    100.000000
2022-01-01 03:00:00    100.000000
2022-01-01 04:00:00    100.000000
                          ...    
2023-05-01 19:00:00     98.105839
2023-05-01 20:00:00     97.880535
2023-05-01 21:00:00     98.373387
2023-05-01 22:00:00     98.809914
2023-05-01 23:00:00     98.809914
Freq: H, Length: 11664, dtype: float64",2022-01-01,2023-05-01 23:00:00,486 days,100.0,62.69631641346324,140.5228029483124,98.80991404055057,-1.1900859594494335,-70.17976286600607,32.91323731138546,100.0,44.82603056448429,275 days 07:00:00,81,0.0,41,45.0,26.36589403973509,-23.549047055023152,8.017231476046351,-5.921223624764938,5 days 11:03:19.999999999,2 days 13:46:21.818181818,0.9788058598988233,-0.0744609244000527,0.31056813310100656,-0.01996874509521944,1.0193463741554016,0.48435229632846527,long
1605,"{'window_k': 102, 'window_d': 72, 'window_ma': 87}","open_time
2022-01-01 00:00:00    100.000000
2022-01-01 01:00:00    100.000000
2022-01-01 02:00:00    100.000000
2022-01-01 03:00:00    100.000000
2022-01-01 04:00:00    100.000000
                          ...    
2023-05-01 19:00:00     98.605896
2023-05-01 20:00:00     98.605896
2023-05-01 21:00:00     98.605896
2023-05-01 22:00:00     98.605896
2023-05-01 23:00:00     98.605896
Freq: H, Length: 11664, dtype: float64",2022-01-01,2023-05-01 23:00:00,486 days,100.0,63.30577165743253,166.28087742292996,98.60589620732458,-1.3941037926754234,-70.17976286600607,41.26371742112483,100.0,47.233485779814465,194 days 16:00:00,104,0.0,52,44.230769230769226,28.92247204816315,-17.674642298905855,8.482738307570772,-6.029224797451558,4 days 20:44:20.869565217,3 days 01:22:45.517241379,0.9929562894109075,-0.026809688320680092,0.33225545079332625,-0.02220542832828313,1.0182345939215285,0.5095078163443392,long
1604,"{'window_k': 102, 'window_d': 72, 'window_ma': 72}","open_time
2022-01-01 00:00:00    100.000000
2022-01-01 01:00:00    100.000000
2022-01-01 02:00:00    100.000000
2022-01-01 03:00:00    100.000000
2022-01-01 04:00:00    100.000000
                          ...    
2023-05-01 19:00:00     98.504253
2023-05-01 20:00:00     98.504253
2023-05-01 21:00:00     98.504253
2023-05-01 22:00:00     98.504253
2023-05-01 23:00:00     98.504253
Freq: H, Length: 11664, dtype: float64",2022-01-01,2023-05-01 23:00:00,486 days,100.0,66.6737372181199,169.87285455518494,98.50425260860067,-1.495747391399334,-70.17976286600607,39.62620027434842,100.0,48.07628930124141,194 days 16:00:00,104,0.0,52,46.15384615384615,28.922472048163154,-17.67464229890585,8.080871230768546,-6.206888676387083,4 days 13:52:30,2 days 22:53:34.285714285,0.9925773314377544,-0.028764372911524116,0.3314774949093194,-0.023409755532003862,1.0184537192935312,0.5076753445210719,long
1865,"{'window_k': 117, 'window_d': 72, 'window_ma': 147}","open_time
2022-01-01 00:00:00    100.000000
2022-01-01 01:00:00    100.000000
2022-01-01 02:00:00    100.000000
2022-01-01 03:00:00    100.000000
2022-01-01 04:00:00    100.000000
                          ...    
2023-05-01 19:00:00     97.785366
2023-05-01 20:00:00     97.560798
2023-05-01 21:00:00     98.052041
2023-05-01 22:00:00     98.487141
2023-05-01 23:00:00     98.487141
Freq: H, Length: 11664, dtype: float64",2022-01-01,2023-05-01 23:00:00,486 days,100.0,67.59382364917235,165.32132619642124,98.48714141328657,-1.5128585867134348,-70.17976286600607,42.14677640603566,100.0,47.96795426934851,194 days 16:00:00,95,0.0,48,44.680851063829785,29.50356352912265,-17.912825765335157,9.10898830096644,-6.448987077631614,5 days 11:28:34.285714285,3 days 05:53:04.615384615,1.00462386991942,0.01917549665134466,0.33058729599167136,-0.023731547139889553,1.0178894462614627,0.5020439735592397,long
217,"{'window_k': 12, 'window_d': 207, 'window_ma': 147}","open_time
2022-01-01 00:00:00    100.000000
2022-01-01 01:00:00    100.000000
2022-01-01 02:00:00    100.000000
2022-01-01 03:00:00    100.000000
2022-01-01 04:00:00    100.000000
                          ...    
2023-05-01 19:00:00     97.431188
2023-05-01 20:00:00     97.207433
2023-05-01 21:00:00     97.696897
2023-05-01 22:00:00     98.130422
2023-05-01 23:00:00     98.130422
Freq: H, Length: 11664, dtype: float64",2022-01-01,2023-05-01 23:00:00,486 days,100.0,60.671883877036066,146.70638812779984,98.1304215609358,-1.8695784390641992,-70.17976286600607,32.38168724279835,100.0,58.644006814356864,391 days 18:00:00,99,0.0,50,36.734693877551024,33.66549433372411,-15.225643188528052,8.726003231840622,-4.532680086067061,5 days 15:46:40,1 days 15:54:11.612903225,0.988018425805752,-0.03387364093469758,0.2413288343754985,-0.023999056402690185,1.0128500749335478,0.3380247069194754,long
2992,"{'window_k': 177, 'window_d': 177, 'window_ma': 12}","open_time
2022-01-01 00:00:00    100.000000
2022-01-01 01:00:00    100.000000
2022-01-01 02:00:00    100.000000
2022-01-01 03:00:00    100.000000
2022-01-01 04:00:00    100.000000
                          ...    
2023-05-01 19:00:00     98.613268
2023-05-01 20:00:00     98.386799
2023-05-01 21:00:00     98.882201
2023-05-01 22:00:00     98.882201
2023-05-01 23:00:00     98.882201
Freq: H, Length: 11664, dtype: float64",2022-01-01,2023-05-01 23:00:00,486 days,100.0,74.1049603105175,113.04696680262158,98.88220077126911,-1.1177992287308882,-70.17976286600607,12.77434842249657,100.0,34.44763499059314,391 days 18:00:00,46,0.0,23,43.47826086956522,21.115156160183947,-10.736277269528491,4.812564086707329,-3.4588888650690834,2 days 15:12:00,2 days 18:00:00,0.9738376806126836,-0.048599966466560396,0.1237904488633389,-0.02440437650577127,1.0103843977659175,0.1737138469448329,long
1864,"{'window_k': 117, 'window_d': 72, 'window_ma': 132}","open_time
2022-01-01 00:00:00    100.000000
2022-01-01 01:00:00    100.000000
2022-01-01 02:00:00    100.000000
2022-01-01 03:00:00    100.000000
2022-01-01 04:00:00    100.000000
                          ...    
2023-05-01 19:00:00     97.742175
2023-05-01 20:00:00     97.517706
2023-05-01 21:00:00     98.008732
2023-05-01 22:00:00     98.443640
2023-05-01 23:00:00     98.443640
Freq: H, Length: 11664, dtype: float64",2022-01-01,2023-05-01 23:00:00,486 days,100.0,66.59206031224565,162.8712082055344,98.44364027551289,-1.556359724487109,-70.17976286600607,41.615226337448554,100.0,47.9679542693485,194 days 16:00:00,95,0.0,48,44.680851063829785,29.50356352912265,-17.912825765335167,9.042208765113488,-6.3978962554986865,5 days 10:45:42.857142857,3 days 04:04:36.923076923,1.0044765919382905,0.01822725338967679,0.3299634820340032,-0.024415267012588848,1.0179220938854276,0.5010443007341929,long
2470,"{'window_k': 147, 'window_d': 162, 'window_ma': 102}","open_time
2022-01-01 00:00:00    100.000000
2022-01-01 01:00:00    100.000000
2022-01-01 02:00:00    100.000000
2022-01-01 03:00:00    100.000000
2022-01-01 04:00:00    100.000000
                          ...    
2023-05-01 19:00:00     97.738592
2023-05-01 20:00:00     97.514132
2023-05-01 21:00:00     98.005139
2023-05-01 22:00:00     98.440032
2023-05-01 23:00:00     98.440032
Freq: H, Length: 11664, dtype: float64",2022-01-01,2023-05-01 23:00:00,486 days,100.0,72.9915736417808,138.42906143844405,98.44003187629117,-1.5599681237088276,-70.17976286600607,32.218792866941016,100.0,47.27149567922316,391 days 18:00:00,51,0.0,26,28.000000000000004,39.16592460670823,-13.210357470210814,16.1700983599843,-5.704918096675236,10 days 05:25:42.857142857,4 days 20:56:28.235294117,0.9868366192225829,-0.05061453985841746,0.237871440665397,-0.024832534344454222,1.0127933982667898,0.3372694185210287,long
3700,"{'window_k': 222, 'window_d': 117, 'window_ma': 72}","open_time
2022-01-01 00:00:00    100.000000
2022-01-01 01:00:00    100.000000
2022-01-01 02:00:00    100.000000
2022-01-01 03:00:00    100.000000
2022-01-01 04:00:00    100.000000
                          ...    
2023-05-01 19:00:00     97.439360
2023-05-01 20:00:00     97.215587
2023-05-01 21:00:00     97.705091
2023-05-01 22:00:00     98.138652
2023-05-01 23:00:00     98.138652
Freq: H, Length: 11664, dtype: float64",2022-01-01,2023-05-01 23:00:00,486 days,100.0,68.1493128282537,151.7226454272246,98.13865234534859,-1.861347654651411,-70.17976286600607,32.227366255144034,100.0,55.08296560717283,355 days 14:00:00,59,0.0,30,41.37931034482759,31.87084520417851,-24.955752212389385,10.684451869044672,-6.5196942201202965,6 days 21:15:00,4 days 05:07:03.529411764,0.9929930618573962,-0.029460932434156817,0.3021899692646051,-0.02543781378405756,1.0187738201304917,0.46517574307095816,long
3462,"{'window_k': 207, 'window_d': 132, 'window_ma': 102}","open_time
2022-01-01 00:00:00    100.000000
2022-01-01 01:00:00    100.000000
2022-01-01 02:00:00    100.000000
2022-01-01 03:00:00    100.000000
2022-01-01 04:00:00    100.000000
                          ...    
2023-05-01 19:00:00     97.385528
2023-05-01 20:00:00     97.161878
2023-05-01 21:00:00     97.651113
2023-05-01 22:00:00     98.084434
2023-05-01 23:00:00     98.084434
Freq: H, Length: 11664, dtype: float64",2022-01-01,2023-05-01 23:00:00,486 days,100.0,69.34535957531129,146.38938005974194,98.08443409253722,-1.9155659074627778,-70.17976286600607,33.90775034293553,100.0,52.62951482750234,391 days 18:00:00,53,0.0,27,34.61538461538461,37.23372781065089,-15.168253506795551,13.504502554085052,-6.035131366756244,8 days 22:40:00,4 days 20:00:00,0.9939837131340197,-0.02367696913024675,0.2718637195235563,-0.027401039852467758,1.015261096811383,0.39344233858017846,long
631,"{'window_k': 42, 'window_d': 117, 'window_ma': 117}","open_time
2022-01-01 00:00:00    100.000000
2022-01-01 01:00:00    100.000000
2022-01-01 02:00:00    100.000000
2022-01-01 03:00:00    100.000000
2022-01-01 04:00:00    100.000000
                          ...    
2023-05-01 19:00:00     97.297364
2023-05-01 20:00:00     97.073916
2023-05-01 21:00:00     97.562707
2023-05-01 22:00:00     97.995637
2023-05-01 23:00:00     97.995637
Freq: H, Length: 11664, dtype: float64",2022-01-01,2023-05-01 23:00:00,486 days,100.0,60.938198763441,154.191371474345,97.99563654533006,-2.0043634546699423,-70.17976286600607,41.81241426611797,100.0,52.10079997429605,266 days 11:00:00,87,0.0,44,41.86046511627907,42.50568257788475,-17.11440481704493,9.405601243975656,-5.965001516608172,5 days 21:26:40,3 days 16:07:12,0.9978213308094948,-0.008614059826851594,0.2986165991610526,-0.02896543663773005,1.0149873759439192,0.42793739368273076,long
829,"{'window_k': 57, 'window_d': 57, 'window_ma': 207}","open_time
2022-01-01 00:00:00    100.000000
2022-01-01 01:00:00    100.000000
2022-01-01 02:00:00    100.000000
2022-01-01 03:00:00    100.000000
2022-01-01 04:00:00    100.000000
                          ...    
2023-05-01 19:00:00     97.862242
2023-05-01 20:00:00     97.862242
2023-05-01 21:00:00     97.862242
2023-05-01 22:00:00     97.862242
2023-05-01 23:00:00     97.862242
Freq: H, Length: 11664, dtype: float64",2022-01-01,2023-05-01 23:00:00,486 days,100.0,75.2901774276014,164.16860940638784,97.86224211522782,-2.137757884772185,-70.17976286600607,43.57853223593964,100.0,54.138505710780635,391 days 18:00:00,134,0.0,67,44.776119402985074,22.56671899529043,-14.937355552852457,6.822241815591637,-5.071188933885241,4 days 02:52:00,2 days 09:12:58.378378378,0.9897246461188235,-0.03190683410107775,0.3359976484042671,-0.029735376445776382,1.017961140053957,0.5204211159853738,long
830,"{'window_k': 57, 'window_d': 57, 'window_ma': 222}","open_time
2022-01-01 00:00:00    100.000000
2022-01-01 01:00:00    100.000000
2022-01-01 02:00:00    100.000000
2022-01-01 03:00:00    100.000000
2022-01-01 04:00:00    100.000000
                          ...    
2023-05-01 19:00:00     97.862242
2023-05-01 20:00:00     97.862242
2023-05-01 21:00:00     97.862242
2023-05-01 22:00:00     97.862242
2023-05-01 23:00:00     97.862242
Freq: H, Length: 11664, dtype: float64",2022-01-01,2023-05-01 23:00:00,486 days,100.0,75.2901774276014,164.16860940638784,97.86224211522782,-2.137757884772185,-70.17976286600607,43.57853223593964,100.0,54.138505710780635,391 days 18:00:00,134,0.0,67,44.776119402985074,22.56671899529043,-14.937355552852457,6.822241815591637,-5.071188933885241,4 days 02:52:00,2 days 09:12:58.378378378,0.9897246461188235,-0.03190683410107775,0.3359976484042671,-0.029735376445776382,1.017961140053957,0.5204211159853738,long
828,"{'window_k': 57, 'window_d': 57, 'window_ma': 192}","open_time
2022-01-01 00:00:00    100.000000
2022-01-01 01:00:00    100.000000
2022-01-01 02:00:00    100.000000
2022-01-01 03:00:00    100.000000
2022-01-01 04:00:00    100.000000
                          ...    
2023-05-01 19:00:00     97.862242
2023-05-01 20:00:00     97.862242
2023-05-01 21:00:00     97.862242
2023-05-01 22:00:00     97.862242
2023-05-01 23:00:00     97.862242
Freq: H, Length: 11664, dtype: float64",2022-01-01,2023-05-01 23:00:00,486 days,100.0,75.2901774276014,164.16860940638784,97.86224211522782,-2.137757884772185,-70.17976286600607,43.57853223593964,100.0,54.138505710780635,391 days 18:00:00,134,0.0,67,44.776119402985074,22.56671899529043,-14.937355552852457,6.822241815591637,-5.071188933885241,4 days 02:52:00,2 days 09:12:58.378378378,0.9897246461188235,-0.03190683410107775,0.3359976484042671,-0.029735376445776382,1.017961140053957,0.5204211159853738,long
1908,"{'window_k': 117, 'window_d': 117, 'window_ma': 72}","open_time
2022-01-01 00:00:00    100.000000
2022-01-01 01:00:00    100.000000
2022-01-01 02:00:00    100.000000
2022-01-01 03:00:00    100.000000
2022-01-01 04:00:00    100.000000
                          ...    
2023-05-01 19:00:00     98.028695
2023-05-01 20:00:00     98.028695
2023-05-01 21:00:00     98.028695
2023-05-01 22:00:00     98.028695
2023-05-01 23:00:00     98.028695
Freq: H, Length: 11664, dtype: float64",2022-01-01,2023-05-01 23:00:00,486 days,100.0,64.86448334668567,127.92071279601156,98.02869465385868,-1.971305346141321,-70.17976286600607,37.714334705075444,100.0,49.293213015376445,391 days 18:00:00,72,0.0,36,36.11111111111111,30.990717939003616,-15.60581798772349,11.191770583752321,-5.633616310292715,6 days 01:04:36.923076923,4 days 13:15:39.130434782,0.9844481911661657,-0.05475848183725862,0.2659342449795201,-0.030109021389771964,1.0133020080614648,0.37346561469714795,long
3113,"{'window_k': 192, 'window_d': 42, 'window_ma': 147}","open_time
2022-01-01 00:00:00    100.000000
2022-01-01 01:00:00    100.000000
2022-01-01 02:00:00    100.000000
2022-01-01 03:00:00    100.000000
2022-01-01 04:00:00    100.000000
                          ...    
2023-05-01 19:00:00     97.933904
2023-05-01 20:00:00     97.933904
2023-05-01 21:00:00     97.933904
2023-05-01 22:00:00     97.933904
2023-05-01 23:00:00     97.933904
Freq: H, Length: 11664, dtype: float64",2022-01-01,2023-05-01 23:00:00,486 days,100.0,60.26041897384912,124.13919819985128,97.93390424546203,-2.066095754537969,-70.17976286600607,41.237997256515776,100.0,51.45738022503088,430 days 01:00:00,132,0.0,66,33.33333333333333,33.141762452107294,-15.937687237866992,9.22802621203358,-4.206794184882382,4 days 08:32:43.636363636,2 days 09:02:43.636363636,0.9878535583083733,-0.03130448112936435,0.34013702250490385,-0.030233235889440078,1.0183421923444456,0.5278851146091307,long
3650,"{'window_k': 222, 'window_d': 72, 'window_ma': 42}","open_time
2022-01-01 00:00:00    100.000000
2022-01-01 01:00:00    100.000000
2022-01-01 02:00:00    100.000000
2022-01-01 03:00:00    100.000000
2022-01-01 04:00:00    100.000000
                          ...    
2023-05-01 19:00:00     97.971653
2023-05-01 20:00:00     97.971653
2023-05-01 21:00:00     97.971653
2023-05-01 22:00:00     97.971653
2023-05-01 23:00:00     97.971653
Freq: H, Length: 11664, dtype: float64",2022-01-01,2023-05-01 23:00:00,486 days,100.0,80.41223320002359,166.8156718921773,97.97165315064102,-2.0283468493589822,-70.17976286600607,24.20267489711934,100.0,49.74845812768639,286 days 02:00:00,72,0.0,36,38.88888888888889,26.53180153180153,-15.614986443184604,9.693505351870257,-5.524802654110486,4 days 10:42:51.428571428,2 days 12:24:32.727272727,0.9856652673456465,-0.056342968037748964,0.2634206567328868,-0.030698965922692983,1.0198055257015273,0.4152452241220308,long
1365,"{'window_k': 87, 'window_d': 87, 'window_ma': 87}","open_time
2022-01-01 00:00:00    100.000000
2022-01-01 01:00:00    100.000000
2022-01-01 02:00:00    100.000000
2022-01-01 03:00:00    100.000000
2022-01-01 04:00:00    100.000000
                          ...    
2023-05-01 19:00:00     98.079814
2023-05-01 20:00:00     98.079814
2023-05-01 21:00:00     98.079814
2023-05-01 22:00:00     98.079814
2023-05-01 23:00:00     98.079814
Freq: H, Length: 11664, dtype: float64",2022-01-01,2023-05-01 23:00:00,486 days,100.0,60.79243332050108,171.5116128973399,98.07981428230981,-1.9201857176901882,-70.17976286600607,37.594307270233195,100.0,46.80146821920449,194 days 16:00:00,92,0.0,46,41.30434782608695,35.90052146008824,-24.314282592066437,9.052733301568546,-5.615670171319037,5 days 03:15:47.368421052,3 days 03:40:00,0.9891977116818346,-0.04174316777587306,0.31063199072498,-0.030887702188372255,1.0179664688365844,0.4774221930862186,long
1848,"{'window_k': 117, 'window_d': 57, 'window_ma': 132}","open_time
2022-01-01 00:00:00    100.000000
2022-01-01 01:00:00    100.000000
2022-01-01 02:00:00    100.000000
2022-01-01 03:00:00    100.000000
2022-01-01 04:00:00    100.000000
                          ...    
2023-05-01 19:00:00     97.200429
2023-05-01 20:00:00     96.977204
2023-05-01 21:00:00     97.465508
2023-05-01 22:00:00     97.898006
2023-05-01 23:00:00     97.898006
Freq: H, Length: 11664, dtype: float64",2022-01-01,2023-05-01 23:00:00,486 days,100.0,60.62681559299854,165.1466706491856,97.89800612137425,-2.1019938786257484,-70.17976286600607,41.22085048010974,100.0,51.01442053636749,275 days 07:00:00,111,0.0,56,36.36363636363637,48.27935222672064,-20.09324539458721,11.413616603295958,-5.730313797151273,4 days 15:09:00,2 days 21:53:08.571428571,0.9850424268947118,-0.059525887935824695,0.3277227689686933,-0.031027018676829797,1.0176733382386538,0.500817058002608,long
2901,"{'window_k': 177, 'window_d': 87, 'window_ma': 87}","open_time
2022-01-01 00:00:00    100.00000
2022-01-01 01:00:00    100.00000
2022-01-01 02:00:00    100.00000
2022-01-01 03:00:00    100.00000
2022-01-01 04:00:00    100.00000
                         ...    
2023-05-01 19:00:00     97.63305
2023-05-01 20:00:00     97.63305
2023-05-01 21:00:00     97.63305
2023-05-01 22:00:00     97.63305
2023-05-01 23:00:00     97.63305
Freq: H, Length: 11664, dtype: float64",2022-01-01,2023-05-01 23:00:00,486 days,100.0,74.6610810621887,169.84394917012634,97.63305021584816,-2.366949784151842,-70.17976286600607,37.765775034293554,100.0,56.04136536686186,286 days 02:00:00,72,0.0,36,38.88888888888889,35.92964824120601,-19.102132435465766,12.267548415457876,-6.789866318891952,7 days 11:04:17.142857142,3 days 14:16:21.818181818,0.9863253794035407,-0.06574860511532776,0.31456662820562875,-0.03181467173755617,1.0178145688960376,0.48312181389481346,long
3820,"{'window_k': 222, 'window_d': 222, 'window_ma': 192}","open_time
2022-01-01 00:00:00    100.000000
2022-01-01 01:00:00    100.000000
2022-01-01 02:00:00    100.000000
2022-01-01 03:00:00    100.000000
2022-01-01 04:00:00    100.000000
                          ...    
2023-05-01 19:00:00     97.644903
2023-05-01 20:00:00     97.644903
2023-05-01 21:00:00     97.644903
2023-05-01 22:00:00     97.644903
2023-05-01 23:00:00     97.644903
Freq: H, Length: 11664, dtype: float64",2022-01-01,2023-05-01 23:00:00,486 days,100.0,60.98389575057992,137.29139947934817,97.64490332534795,-2.355096674652046,-70.17976286600607,33.33333333333333,100.0,55.580687514403756,349 days 17:00:00,36,0.0,18,44.44444444444444,41.70181818181819,-18.767692017361767,12.431682495965418,-8.503823325050039,10 days 00:07:30,8 days 04:42:00,0.9707621530419296,-0.13083870414733578,0.22982339282734188,-0.03191724646737753,1.012580862798654,0.32577589302276416,long
445,"{'window_k': 27, 'window_d': 177, 'window_ma': 207}","open_time
2022-01-01 00:00:00    100.000000
2022-01-01 01:00:00    100.000000
2022-01-01 02:00:00    100.000000
2022-01-01 03:00:00    100.000000
2022-01-01 04:00:00    100.000000
                          ...    
2023-05-01 19:00:00     97.315679
2023-05-01 20:00:00     97.092190
2023-05-01 21:00:00     97.581073
2023-05-01 22:00:00     98.014083
2023-05-01 23:00:00     98.014083
Freq: H, Length: 11664, dtype: float64",2022-01-01,2023-05-01 23:00:00,486 days,100.0,70.61960735982512,131.8422542624284,98.01408345309227,-1.985916546907731,-70.17976286600607,35.759602194787384,100.0,46.43628648880751,451 days 16:00:00,69,0.0,35,35.294117647058826,33.816682187042694,-12.437112437112443,12.526420489586496,-6.011454405848871,8 days 02:50:00,3 days 07:40:54.545454545,0.9809385115519544,-0.07525318273783999,0.24524703025316225,-0.0321989264387624,1.0124641118714872,0.34928724756059193,long
950,"{'window_k': 57, 'window_d': 177, 'window_ma': 102}","open_time
2022-01-01 00:00:00    100.000000
2022-01-01 01:00:00    100.000000
2022-01-01 02:00:00    100.000000
2022-01-01 03:00:00    100.000000
2022-01-01 04:00:00    100.000000
                          ...    
2023-05-01 19:00:00     96.724242
2023-05-01 20:00:00     96.502110
2023-05-01 21:00:00     96.988022
2023-05-01 22:00:00     97.418402
2023-05-01 23:00:00     97.418402
Freq: H, Length: 11664, dtype: float64",2022-01-01,2023-05-01 23:00:00,486 days,100.0,64.8078178994362,145.5179260548469,97.41840153835832,-2.5815984616416756,-70.17976286600607,34.57647462277092,100.0,55.46403136957188,391 days 18:00:00,63,0.0,32,35.483870967741936,39.55439416861503,-26.766441214563237,13.353787202981229,-6.294475679512732,7 days 06:38:10.909090909,4 days 06:21:00,0.9812412481095443,-0.07745538340224911,0.23694991037716087,-0.03507054309444958,1.0122989276129988,0.3298077671323328,long
3954,"{'window_k': 237, 'window_d': 117, 'window_ma': 42}","open_time
2022-01-01 00:00:00    100.000000
2022-01-01 01:00:00    100.000000
2022-01-01 02:00:00    100.000000
2022-01-01 03:00:00    100.000000
2022-01-01 04:00:00    100.000000
                          ...    
2023-05-01 19:00:00     97.411742
2023-05-01 20:00:00     97.411742
2023-05-01 21:00:00     97.411742
2023-05-01 22:00:00     97.411742
2023-05-01 23:00:00     97.411742
Freq: H, Length: 11664, dtype: float64",2022-01-01,2023-05-01 23:00:00,486 days,100.0,71.28004970296358,160.39294098252262,97.41174226736183,-2.5882577326381693,-70.17976286600607,25.76303155006859,100.0,55.55911047810347,355 days 14:00:00,60,0.0,30,36.666666666666664,31.50375939849624,-25.376746232537677,11.934025318039334,-5.946511647111163,5 days 21:21:49.090909090,3 days 04:18:56.842105263,0.9790621380479747,-0.08627525775460576,0.25415816269037783,-0.03510113295183328,1.0182418887167974,0.4013192486284101,long
1736,"{'window_k': 102, 'window_d': 192, 'window_ma': 132}","open_time
2022-01-01 00:00:00    100.000000
2022-01-01 01:00:00    100.000000
2022-01-01 02:00:00    100.000000
2022-01-01 03:00:00    100.000000
2022-01-01 04:00:00    100.000000
                          ...    
2023-05-01 19:00:00     96.602337
2023-05-01 20:00:00     96.380486
2023-05-01 21:00:00     96.865785
2023-05-01 22:00:00     97.295622
2023-05-01 23:00:00     97.295622
Freq: H, Length: 11664, dtype: float64",2022-01-01,2023-05-01 23:00:00,486 days,100.0,59.801015801374426,141.82388631826944,97.29562202395493,-2.704377976045066,-70.17976286600607,34.91083676268861,100.0,57.834313137369584,391 days 18:00:00,51,0.0,26,32.0,40.65462085308056,-23.765936580581894,18.453086122200986,-7.418597774211376,9 days 21:37:30,5 days 05:42:21.176470588,0.9761543179128724,-0.11372139933389125,0.2391667013827258,-0.03523827875404516,1.012488723057239,0.3360913534150496,long
1651,"{'window_k': 102, 'window_d': 117, 'window_ma': 57}","open_time
2022-01-01 00:00:00    100.000000
2022-01-01 01:00:00    100.000000
2022-01-01 02:00:00    100.000000
2022-01-01 03:00:00    100.000000
2022-01-01 04:00:00    100.000000
                          ...    
2023-05-01 19:00:00     97.028526
2023-05-01 20:00:00     96.805696
2023-05-01 21:00:00     97.293136
2023-05-01 22:00:00     97.724869
2023-05-01 23:00:00     97.724869
Freq: H, Length: 11664, dtype: float64",2022-01-01,2023-05-01 23:00:00,486 days,100.0,69.06493003805997,130.95326024837127,97.724869318552,-2.2751306814480046,-70.17976286600607,32.42455418381344,100.0,47.25986210112782,398 days 09:00:00,71,0.0,36,31.428571428571427,36.69689369091261,-17.041348855881154,11.776250281257473,-4.776642424595378,5 days 18:16:21.818181818,3 days 18:02:30,0.9840142561411636,-0.053464324524044926,0.23216407772011102,-0.03625855858838923,1.0126978264621336,0.32554210023588237,long
1607,"{'window_k': 102, 'window_d': 72, 'window_ma': 117}","open_time
2022-01-01 00:00:00    100.000000
2022-01-01 01:00:00    100.000000
2022-01-01 02:00:00    100.000000
2022-01-01 03:00:00    100.000000
2022-01-01 04:00:00    100.000000
                          ...    
2023-05-01 19:00:00     96.925711
2023-05-01 20:00:00     96.703117
2023-05-01 21:00:00     97.190041
2023-05-01 22:00:00     97.621316
2023-05-01 23:00:00     97.621316
Freq: H, Length: 11664, dtype: float64",2022-01-01,2023-05-01 23:00:00,486 days,100.0,65.11922297921477,168.60083107298783,97.62131642640445,-2.378683573595552,-70.17976286600607,42.189643347050755,100.0,48.57462847391689,194 days 16:00:00,103,0.0,52,43.13725490196079,28.92247204816315,-17.674642298905862,8.897830203998316,-6.081235602285024,5 days 03:35:27.272727272,2 days 23:16:33.103448275,0.9886737716642588,-0.04500413488072663,0.3251866123934717,-0.03688762959076701,1.0176091967600551,0.49691628990034675,long
3572,"{'window_k': 207, 'window_d': 237, 'window_ma': 72}","open_time
2022-01-01 00:00:00    100.000000
2022-01-01 01:00:00    100.000000
2022-01-01 02:00:00    100.000000
2022-01-01 03:00:00    100.000000
2022-01-01 04:00:00    100.000000
                          ...    
2023-05-01 19:00:00     97.703757
2023-05-01 20:00:00     97.703757
2023-05-01 21:00:00     97.703757
2023-05-01 22:00:00     97.703757
2023-05-01 23:00:00     97.703757
Freq: H, Length: 11664, dtype: float64",2022-01-01,2023-05-01 23:00:00,486 days,100.0,67.48485621596649,124.7665845440248,97.7037567509307,-2.296243249069306,-70.17976286600607,25.857338820301784,100.0,45.91111357051377,349 days 17:00:00,34,0.0,17,35.294117647058826,27.863720073664815,-13.46057257659467,11.208136951439467,-5.558784436090405,7 days 20:00:00,7 days 03:38:10.909090909,0.9587865741783833,-0.13507313229819395,0.2021129509605835,-0.03767110039151435,1.0122717299285033,0.2876908087678529,long
1134,"{'window_k': 72, 'window_d': 102, 'window_ma': 222}","open_time
2022-01-01 00:00:00    100.000000
2022-01-01 01:00:00    100.000000
2022-01-01 02:00:00    100.000000
2022-01-01 03:00:00    100.000000
2022-01-01 04:00:00    100.000000
                          ...    
2023-05-01 19:00:00     96.879956
2023-05-01 20:00:00     96.657468
2023-05-01 21:00:00     97.144162
2023-05-01 22:00:00     97.575234
2023-05-01 23:00:00     97.575234
Freq: H, Length: 11664, dtype: float64",2022-01-01,2023-05-01 23:00:00,486 days,100.0,72.6108616564347,175.66847314825998,97.57523380632199,-2.4247661936780105,-70.17976286600607,40.80075445816186,100.0,48.27866488695729,194 days 16:00:00,83,0.0,42,48.78048780487805,33.96101312823232,-22.120518688024415,8.068606452290108,-6.711385488927702,5 days 22:33:00,3 days 12:42:51.428571428,0.9975735607241049,-0.01064079898898651,0.29656873570987696,-0.03783498142402643,1.0150088806041015,0.424791085112157,long
701,"{'window_k': 42, 'window_d': 177, 'window_ma': 207}","open_time
2022-01-01 00:00:00    100.000000
2022-01-01 01:00:00    100.000000
2022-01-01 02:00:00    100.000000
2022-01-01 03:00:00    100.000000
2022-01-01 04:00:00    100.000000
                          ...    
2023-05-01 19:00:00     96.565918
2023-05-01 20:00:00     96.344150
2023-05-01 21:00:00     96.829267
2023-05-01 22:00:00     97.258941
2023-05-01 23:00:00     97.258941
Freq: H, Length: 11664, dtype: float64",2022-01-01,2023-05-01 23:00:00,486 days,100.0,68.62101271300988,150.6203759700622,97.25894134949299,-2.7410586505070142,-70.17976286600607,37.86865569272977,100.0,54.441082575275736,309 days 12:00:00,69,0.0,35,32.35294117647059,37.362023194075725,-11.770211770211773,12.975104878835616,-5.4958813109140445,8 days 03:43:38.181818181,3 days 23:13:02.608695652,0.9759906292278561,-0.09529516736325139,0.24103269718735332,-0.037944136641966913,1.011757717198692,0.34073024720865835,long
2651,"{'window_k': 162, 'window_d': 87, 'window_ma': 177}","open_time
2022-01-01 00:00:00    100.000000
2022-01-01 01:00:00    100.000000
2022-01-01 02:00:00    100.000000
2022-01-01 03:00:00    100.000000
2022-01-01 04:00:00    100.000000
                          ...    
2023-05-01 19:00:00     96.607621
2023-05-01 20:00:00     96.385758
2023-05-01 21:00:00     96.871084
2023-05-01 22:00:00     97.300944
2023-05-01 23:00:00     97.300944
Freq: H, Length: 11664, dtype: float64",2022-01-01,2023-05-01 23:00:00,486 days,100.0,73.2363003026617,159.36183363850034,97.3009442412023,-2.699055758797698,-70.17976286600607,36.35116598079561,100.0,53.546974518980825,286 days 02:00:00,71,0.0,36,34.285714285714285,37.3387644263408,-16.87549384806412,14.082714620387765,-6.5029466585429425,7 days 02:20:00,3 days 18:49:33.913043478,0.9756957829519586,-0.11475341095053793,0.305109865816988,-0.037984539330671536,1.0175945676778029,0.46703169237846703,long
982,"{'window_k': 57, 'window_d': 207, 'window_ma': 102}","open_time
2022-01-01 00:00:00    100.000000
2022-01-01 01:00:00    100.000000
2022-01-01 02:00:00    100.000000
2022-01-01 03:00:00    100.000000
2022-01-01 04:00:00    100.000000
                          ...    
2023-05-01 19:00:00     96.245536
2023-05-01 20:00:00     96.024505
2023-05-01 21:00:00     96.508012
2023-05-01 22:00:00     96.936261
2023-05-01 23:00:00     96.936261
Freq: H, Length: 11664, dtype: float64",2022-01-01,2023-05-01 23:00:00,486 days,100.0,52.435955233402126,131.09562284873354,96.93626086890623,-3.0637391310937687,-70.17976286600607,34.02777777777778,100.0,60.001749796096504,355 days 14:00:00,55,0.0,28,33.33333333333333,43.62209570703185,-19.541431030243412,14.872305470891579,-6.416099227619888,9 days 18:53:20,4 days 04:30:00,0.9672014140756775,-0.11756500123950886,0.2626790368537671,-0.03849630889193541,1.0154263486421702,0.39306411629924776,long
1870,"{'window_k': 117, 'window_d': 72, 'window_ma': 222}","open_time
2022-01-01 00:00:00    100.000000
2022-01-01 01:00:00    100.000000
2022-01-01 02:00:00    100.000000
2022-01-01 03:00:00    100.000000
2022-01-01 04:00:00    100.000000
                          ...    
2023-05-01 19:00:00     96.852422
2023-05-01 20:00:00     96.629996
2023-05-01 21:00:00     97.116552
2023-05-01 22:00:00     97.547502
2023-05-01 23:00:00     97.547502
Freq: H, Length: 11664, dtype: float64",2022-01-01,2023-05-01 23:00:00,486 days,100.0,66.59206031224565,162.8712082055344,97.54750173294775,-2.452498267052249,-70.17976286600607,42.29252400548697,100.0,47.9679542693485,194 days 16:00:00,95,0.0,48,42.5531914893617,29.50356352912265,-17.912825765335164,9.521838230625042,-6.21443733470389,5 days 16:03:00,3 days 05:06:40,0.9996809543301138,-0.0013068870488952555,0.32050628964154215,-0.03851693113678658,1.01731439224779,0.48667342942460456,long
2450,"{'window_k': 147, 'window_d': 147, 'window_ma': 42}","open_time
2022-01-01 00:00:00    100.000000
2022-01-01 01:00:00    100.000000
2022-01-01 02:00:00    100.000000
2022-01-01 03:00:00    100.000000
2022-01-01 04:00:00    100.000000
                          ...    
2023-05-01 19:00:00     97.443422
2023-05-01 20:00:00     97.443422
2023-05-01 21:00:00     97.443422
2023-05-01 22:00:00     97.443422
2023-05-01 23:00:00     97.443422
Freq: H, Length: 11664, dtype: float64",2022-01-01,2023-05-01 23:00:00,486 days,100.0,80.65007625432052,161.02441528553314,97.4434224995934,-2.556577500406604,-70.17976286600607,26.543209876543212,100.0,49.91438030604894,314 days 09:00:00,56,0.0,28,35.714285714285715,33.435056265496875,-13.368193702398546,12.295793688283716,-5.982484593911013,5 days 13:06:00,4 days 02:03:20,0.9797203349216442,-0.09130633930023713,0.2036445060861876,-0.03859088434894659,1.0121849469468691,0.2908071255612234,long
1946,"{'window_k': 117, 'window_d': 147, 'window_ma': 162}","open_time
2022-01-01 00:00:00    100.000000
2022-01-01 01:00:00    100.000000
2022-01-01 02:00:00    100.000000
2022-01-01 03:00:00    100.000000
2022-01-01 04:00:00    100.000000
                          ...    
2023-05-01 19:00:00     96.543574
2023-05-01 20:00:00     96.321858
2023-05-01 21:00:00     96.806862
2023-05-01 22:00:00     97.236437
2023-05-01 23:00:00     97.236437
Freq: H, Length: 11664, dtype: float64",2022-01-01,2023-05-01 23:00:00,486 days,100.0,69.01583011385371,139.8941289701636,97.23643747341791,-2.763562526582092,-70.17976286600607,40.0977366255144,100.0,50.66567080268729,451 days 16:00:00,59,0.0,30,34.48275862068966,37.51142247943954,-12.134443541835905,15.264016934331373,-6.839516798563997,9 days 10:54:00,5 days 03:18:56.842105263,0.9798817144730643,-0.08908338155057827,0.2683847260921317,-0.04110749445958413,1.0131048202052972,0.38160776226332893,long
2739,"{'window_k': 162, 'window_d': 177, 'window_ma': 57}","open_time
2022-01-01 00:00:00    100.000000
2022-01-01 01:00:00    100.000000
2022-01-01 02:00:00    100.000000
2022-01-01 03:00:00    100.000000
2022-01-01 04:00:00    100.000000
                          ...    
2023-05-01 19:00:00     96.843145
2023-05-01 20:00:00     96.620740
2023-05-01 21:00:00     97.107250
2023-05-01 22:00:00     97.538158
2023-05-01 23:00:00     97.538158
Freq: H, Length: 11664, dtype: float64",2022-01-01,2023-05-01 23:00:00,486 days,100.0,74.053579265715,134.62574281902013,97.53815794120699,-2.4618420587930103,-70.17976286600607,22.325102880658438,100.0,44.99300229283296,391 days 18:00:00,47,0.0,24,30.434782608695656,32.66886007354362,-11.822609056056368,11.767263541350612,-4.714599553642408,5 days 18:08:34.285714285,4 days 04:45:00,0.9533542968627434,-0.1602202330078928,0.1661370432155804,-0.04122061998674336,1.0106312214128623,0.23630295606181057,long
214,"{'window_k': 12, 'window_d': 207, 'window_ma': 102}","open_time
2022-01-01 00:00:00    100.000000
2022-01-01 01:00:00    100.000000
2022-01-01 02:00:00    100.000000
2022-01-01 03:00:00    100.000000
2022-01-01 04:00:00    100.000000
                          ...    
2023-05-01 19:00:00     96.153396
2023-05-01 20:00:00     95.932576
2023-05-01 21:00:00     96.415620
2023-05-01 22:00:00     96.843459
2023-05-01 23:00:00     96.843459
Freq: H, Length: 11664, dtype: float64",2022-01-01,2023-05-01 23:00:00,486 days,100.0,59.87618329156659,141.53060699284416,96.84345915102188,-3.156540848978125,-70.17976286600607,32.56172839506173,100.0,57.693827106532545,391 days 18:00:00,99,0.0,50,34.69387755102041,33.66549433372412,-15.225643188528057,8.93696935879225,-4.280530404285977,5 days 17:14:07.058823529,1 days 18:46:52.500000,0.9775467198761316,-0.06019432471581876,0.22332670769407628,-0.041253860199398786,1.0118683469490666,0.3125321965829681,long
1912,"{'window_k': 117, 'window_d': 117, 'window_ma': 132}","open_time
2022-01-01 00:00:00    100.000000
2022-01-01 01:00:00    100.000000
2022-01-01 02:00:00    100.000000
2022-01-01 03:00:00    100.000000
2022-01-01 04:00:00    100.000000
                          ...    
2023-05-01 19:00:00     96.584450
2023-05-01 20:00:00     96.362639
2023-05-01 21:00:00     96.847849
2023-05-01 22:00:00     97.277606
2023-05-01 23:00:00     97.277606
Freq: H, Length: 11664, dtype: float64",2022-01-01,2023-05-01 23:00:00,486 days,100.0,65.16396114373244,128.27769610180908,97.27760629642813,-2.7223937035718677,-70.17976286600607,41.57235939643347,100.0,49.200864122150826,391 days 18:00:00,71,0.0,36,34.285714285714285,30.99071793900361,-15.605817987723503,12.733426464813402,-5.893875337461519,7 days 13:50:00,4 days 15:52:10.434782608,0.9765742058163129,-0.0872888257866733,0.2665037073107048,-0.04169855551712391,1.012705483706085,0.3741545977032833,long
1949,"{'window_k': 117, 'window_d': 147, 'window_ma': 207}","open_time
2022-01-01 00:00:00    100.000000
2022-01-01 01:00:00    100.000000
2022-01-01 02:00:00    100.000000
2022-01-01 03:00:00    100.000000
2022-01-01 04:00:00    100.000000
                          ...    
2023-05-01 19:00:00     96.383318
2023-05-01 20:00:00     96.161970
2023-05-01 21:00:00     96.646169
2023-05-01 22:00:00     97.075032
2023-05-01 23:00:00     97.075032
Freq: H, Length: 11664, dtype: float64",2022-01-01,2023-05-01 23:00:00,486 days,100.0,67.55684659186521,139.8941289701636,97.07503168816383,-2.9249683118361673,-70.17976286600607,39.21467764060357,100.0,51.70859056831926,451 days 16:00:00,59,0.0,30,31.03448275862069,37.51142247943954,-12.134443541835914,17.398511705228426,-6.675699975533996,9 days 16:46:40,5 days 00:42:00,0.9790628356861536,-0.09465940957285213,0.2589120366394336,-0.04263959134094945,1.0128459981306461,0.3678457090714223,long
2930,"{'window_k': 177, 'window_d': 117, 'window_ma': 42}","open_time
2022-01-01 00:00:00    100.000000
2022-01-01 01:00:00    100.000000
2022-01-01 02:00:00    100.000000
2022-01-01 03:00:00    100.000000
2022-01-01 04:00:00    100.000000
                          ...    
2023-05-01 19:00:00     97.131301
2023-05-01 20:00:00     97.131301
2023-05-01 21:00:00     97.131301
2023-05-01 22:00:00     97.131301
2023-05-01 23:00:00     97.131301
Freq: H, Length: 11664, dtype: float64",2022-01-01,2023-05-01 23:00:00,486 days,100.0,81.22129471371343,168.0627301158915,97.13130086572451,-2.868699134275488,-70.17976286600607,28.12071330589849,100.0,50.65567034378512,314 days 09:00:00,64,0.0,32,37.5,33.4096109839817,-23.72098264593193,11.816841814384553,-6.164763581353214,5 days 12:35:00,3 days 12:27:00,0.9813143185166721,-0.089646847946109,0.2669288831613877,-0.04268550700794442,1.017936380357806,0.4120448833523456,long
1899,"{'window_k': 117, 'window_d': 102, 'window_ma': 177}","open_time
2022-01-01 00:00:00    100.000000
2022-01-01 01:00:00    100.000000
2022-01-01 02:00:00    100.000000
2022-01-01 03:00:00    100.000000
2022-01-01 04:00:00    100.000000
                          ...    
2023-05-01 19:00:00     96.111394
2023-05-01 20:00:00     95.890670
2023-05-01 21:00:00     96.373503
2023-05-01 22:00:00     96.801155
2023-05-01 23:00:00     96.801155
Freq: H, Length: 11664, dtype: float64",2022-01-01,2023-05-01 23:00:00,486 days,100.0,57.62544117502669,132.0298755060526,96.80115522739683,-3.198844772603167,-70.17976286600607,41.56378600823045,100.0,56.35424107297218,391 days 18:00:00,75,0.0,38,27.027027027027028,34.08123791102514,-22.867874502872287,17.759815970431276,-5.813192883274002,7 days 12:30:00,4 days 12:44:26.666666666,0.9713606354182776,-0.12187545888925833,0.2850942249499256,-0.042802830248539675,1.0142358526802178,0.4070047920402824,long
242,"{'window_k': 12, 'window_d': 237, 'window_ma': 42}","open_time
2022-01-01 00:00:00    100.000000
2022-01-01 01:00:00    100.000000
2022-01-01 02:00:00    100.000000
2022-01-01 03:00:00    100.000000
2022-01-01 04:00:00    100.000000
                          ...    
2023-05-01 19:00:00     97.270818
2023-05-01 20:00:00     97.270818
2023-05-01 21:00:00     97.270818
2023-05-01 22:00:00     97.270818
2023-05-01 23:00:00     97.270818
Freq: H, Length: 11664, dtype: float64",2022-01-01,2023-05-01 23:00:00,486 days,100.0,65.31634548349822,123.60898427542493,97.27081757361346,-2.7291824263865436,-70.17976286600607,25.017146776406037,100.0,47.158901218732886,409 days 07:00:00,86,0.0,43,30.23255813953488,35.89743589743593,-17.621558289396607,10.61290215376734,-4.225869816413982,5 days 00:09:13.846153846,1 days 19:45:31.034482758,0.9767062128906827,-0.06346935875317516,0.17617675242218758,-0.04361294770223111,1.0106292556727638,0.24586215715073584,long
1181,"{'window_k': 72, 'window_d': 147, 'window_ma': 207}","open_time
2022-01-01 00:00:00    100.000000
2022-01-01 01:00:00    100.000000
2022-01-01 02:00:00    100.000000
2022-01-01 03:00:00    100.000000
2022-01-01 04:00:00    100.000000
                          ...    
2023-05-01 19:00:00     96.114917
2023-05-01 20:00:00     95.894185
2023-05-01 21:00:00     96.377036
2023-05-01 22:00:00     96.804704
2023-05-01 23:00:00     96.804704
Freq: H, Length: 11664, dtype: float64",2022-01-01,2023-05-01 23:00:00,486 days,100.0,60.93385459725709,134.27179617810032,96.80470392790644,-3.195296072093555,-70.17976286600607,40.14917695473251,100.0,54.61902176654178,397 days 07:00:00,69,0.0,35,35.294117647058826,31.716223265519044,-15.100558283446558,12.149987521109546,-5.890570231344849,7 days 05:20:00,4 days 18:21:49.090909090,0.9702823410247319,-0.10939806389164586,0.2606277614278632,-0.04411346289251542,1.0126135086608343,0.3685689943876097,long
1866,"{'window_k': 117, 'window_d': 72, 'window_ma': 162}","open_time
2022-01-01 00:00:00    100.000000
2022-01-01 01:00:00    100.000000
2022-01-01 02:00:00    100.000000
2022-01-01 03:00:00    100.000000
2022-01-01 04:00:00    100.000000
                          ...    
2023-05-01 19:00:00     96.484894
2023-05-01 20:00:00     96.263313
2023-05-01 21:00:00     96.748022
2023-05-01 22:00:00     97.177337
2023-05-01 23:00:00     97.177337
Freq: H, Length: 11664, dtype: float64",2022-01-01,2023-05-01 23:00:00,486 days,100.0,66.59206031224565,162.8712082055344,97.17733662037568,-2.8226633796243163,-70.17976286600607,42.20679012345679,100.0,47.9679542693485,194 days 16:00:00,95,0.0,48,42.5531914893617,29.50356352912265,-17.912825765335164,9.485176764166383,-6.201923131082779,5 days 16:15:00,3 days 04:35:33.333333333,0.9977031926343394,-0.00937579263769539,0.31638286057684656,-0.04435126371828391,1.0171077736152225,0.480463018007346,long
2698,"{'window_k': 162, 'window_d': 132, 'window_ma': 162}","open_time
2022-01-01 00:00:00    100.000000
2022-01-01 01:00:00    100.000000
2022-01-01 02:00:00    100.000000
2022-01-01 03:00:00    100.000000
2022-01-01 04:00:00    100.000000
                          ...    
2023-05-01 19:00:00     96.671265
2023-05-01 20:00:00     96.449256
2023-05-01 21:00:00     96.934902
2023-05-01 22:00:00     97.365045
2023-05-01 23:00:00     97.365045
Freq: H, Length: 11664, dtype: float64",2022-01-01,2023-05-01 23:00:00,486 days,100.0,74.69607450953755,134.6201171286463,97.36504508053817,-2.6349549194618334,-70.17976286600607,40.93792866941015,100.0,44.513438182380916,391 days 18:00:00,59,0.0,30,41.37931034482759,41.022078122587615,-13.748003194888176,11.54867980065057,-7.04516798740972,8 days 14:25:00,5 days 11:17:38.823529411,0.9805028043206451,-0.0841619517071166,0.29215397307883945,-0.044604294053262945,1.0147315900442626,0.4201222106700163,long
3114,"{'window_k': 192, 'window_d': 42, 'window_ma': 162}","open_time
2022-01-01 00:00:00    100.000000
2022-01-01 01:00:00    100.000000
2022-01-01 02:00:00    100.000000
2022-01-01 03:00:00    100.000000
2022-01-01 04:00:00    100.000000
                          ...    
2023-05-01 19:00:00     96.864115
2023-05-01 20:00:00     96.864115
2023-05-01 21:00:00     96.864115
2023-05-01 22:00:00     96.864115
2023-05-01 23:00:00     96.864115
Freq: H, Length: 11664, dtype: float64",2022-01-01,2023-05-01 23:00:00,486 days,100.0,59.33644647804843,122.23577292102621,96.86411531627458,-3.135884683725422,-70.17976286600607,40.75788751714678,100.0,51.45738022503087,430 days 01:00:00,132,0.0,66,33.33333333333333,33.14176245210728,-15.937687237866985,9.232675321976217,-4.233848231527566,4 days 04:02:43.636363636,2 days 10:01:21.818181818,0.9814308684166949,-0.047513404298869855,0.32856710576267434,-0.045949788508087154,1.017791373157059,0.5098423844874983,long
3645,"{'window_k': 222, 'window_d': 57, 'window_ma': 207}","open_time
2022-01-01 00:00:00    100.000000
2022-01-01 01:00:00    100.000000
2022-01-01 02:00:00    100.000000
2022-01-01 03:00:00    100.000000
2022-01-01 04:00:00    100.000000
                          ...    
2023-05-01 19:00:00     96.499833
2023-05-01 20:00:00     96.278218
2023-05-01 21:00:00     96.763002
2023-05-01 22:00:00     97.192383
2023-05-01 23:00:00     97.192383
Freq: H, Length: 11664, dtype: float64",2022-01-01,2023-05-01 23:00:00,486 days,100.0,67.92430409023403,135.3200108667766,97.19238276726605,-2.8076172327339464,-70.17976286600607,41.22085048010974,100.0,44.8260305644843,194 days 16:00:00,99,0.0,50,40.816326530612244,30.952380952380942,-17.211997273346963,9.290231819598548,-5.785202812924734,4 days 15:24:00,3 days 12:55:51.724137931,0.9798206657868537,-0.07086662564362012,0.3237259221850564,-0.04720602404288764,1.0175900961774855,0.49624520069717387,long
3644,"{'window_k': 222, 'window_d': 57, 'window_ma': 192}","open_time
2022-01-01 00:00:00    100.000000
2022-01-01 01:00:00    100.000000
2022-01-01 02:00:00    100.000000
2022-01-01 03:00:00    100.000000
2022-01-01 04:00:00    100.000000
                          ...    
2023-05-01 19:00:00     96.499833
2023-05-01 20:00:00     96.278218
2023-05-01 21:00:00     96.763002
2023-05-01 22:00:00     97.192383
2023-05-01 23:00:00     97.192383
Freq: H, Length: 11664, dtype: float64",2022-01-01,2023-05-01 23:00:00,486 days,100.0,67.92430409023403,135.3200108667766,97.19238276726605,-2.8076172327339464,-70.17976286600607,41.22085048010974,100.0,44.8260305644843,194 days 16:00:00,99,0.0,50,40.816326530612244,30.952380952380942,-17.211997273346963,9.290231819598548,-5.785202812924734,4 days 15:24:00,3 days 12:55:51.724137931,0.9798206657868537,-0.07086662564362012,0.3237259221850564,-0.04720602404288764,1.0175900961774855,0.49624520069717387,long
3647,"{'window_k': 222, 'window_d': 57, 'window_ma': 237}","open_time
2022-01-01 00:00:00    100.000000
2022-01-01 01:00:00    100.000000
2022-01-01 02:00:00    100.000000
2022-01-01 03:00:00    100.000000
2022-01-01 04:00:00    100.000000
                          ...    
2023-05-01 19:00:00     96.499833
2023-05-01 20:00:00     96.278218
2023-05-01 21:00:00     96.763002
2023-05-01 22:00:00     97.192383
2023-05-01 23:00:00     97.192383
Freq: H, Length: 11664, dtype: float64",2022-01-01,2023-05-01 23:00:00,486 days,100.0,67.92430409023403,135.3200108667766,97.19238276726605,-2.8076172327339464,-70.17976286600607,41.22085048010974,100.0,44.8260305644843,194 days 16:00:00,99,0.0,50,40.816326530612244,30.952380952380942,-17.211997273346963,9.290231819598548,-5.785202812924734,4 days 15:24:00,3 days 12:55:51.724137931,0.9798206657868537,-0.07086662564362012,0.3237259221850564,-0.04720602404288764,1.0175900961774855,0.49624520069717387,long
2603,"{'window_k': 162, 'window_d': 42, 'window_ma': 177}","open_time
2022-01-01 00:00:00    100.000000
2022-01-01 01:00:00    100.000000
2022-01-01 02:00:00    100.000000
2022-01-01 03:00:00    100.000000
2022-01-01 04:00:00    100.000000
                          ...    
2023-05-01 19:00:00     96.575544
2023-05-01 20:00:00     96.575544
2023-05-01 21:00:00     96.575544
2023-05-01 22:00:00     96.575544
2023-05-01 23:00:00     96.575544
Freq: H, Length: 11664, dtype: float64",2022-01-01,2023-05-01 23:00:00,486 days,100.0,56.272445254509165,121.80432935843902,96.57554438635358,-3.4244556136464155,-70.17976286600607,41.67524005486968,100.0,53.8009481675206,430 days 01:00:00,138,0.0,69,37.68115942028986,32.01605821101493,-15.937687237866992,8.075604560665713,-4.490145396567315,4 days 01:11:32.307692307,2 days 06:16:44.651162790,0.9791266109022738,-0.04962979150212199,0.3280326976269978,-0.048010082133376146,1.0177293254508846,0.5051855696681339,long
2904,"{'window_k': 177, 'window_d': 87, 'window_ma': 132}","open_time
2022-01-01 00:00:00    100.000000
2022-01-01 01:00:00    100.000000
2022-01-01 02:00:00    100.000000
2022-01-01 03:00:00    100.000000
2022-01-01 04:00:00    100.000000
                          ...    
2023-05-01 19:00:00     95.660263
2023-05-01 20:00:00     95.440575
2023-05-01 21:00:00     95.921142
2023-05-01 22:00:00     96.346787
2023-05-01 23:00:00     96.346787
Freq: H, Length: 11664, dtype: float64",2022-01-01,2023-05-01 23:00:00,486 days,100.0,76.82804065749588,179.38940825305434,96.34678676193366,-3.6532132380663427,-70.17976286600607,38.62311385459534,100.0,57.17247667759795,286 days 02:00:00,71,0.0,36,37.142857142857146,35.92964824120602,-19.10213243546578,14.074133034934947,-7.236811561002117,7 days 20:36:55.384615384,3 days 16:43:38.181818181,0.9820612716517798,-0.0957469328884919,0.303468785126809,-0.048210953079463166,1.016956451106231,0.46525795317049196,long
1850,"{'window_k': 117, 'window_d': 57, 'window_ma': 162}","open_time
2022-01-01 00:00:00    100.000000
2022-01-01 01:00:00    100.000000
2022-01-01 02:00:00    100.000000
2022-01-01 03:00:00    100.000000
2022-01-01 04:00:00    100.000000
                          ...    
2023-05-01 19:00:00     95.977136
2023-05-01 20:00:00     95.756720
2023-05-01 21:00:00     96.238879
2023-05-01 22:00:00     96.665934
2023-05-01 23:00:00     96.665934
Freq: H, Length: 11664, dtype: float64",2022-01-01,2023-05-01 23:00:00,486 days,100.0,60.62681559299854,165.1466706491856,96.66593404461544,-3.3340659553845597,-70.17976286600607,41.80384087791495,100.0,51.783312639647725,275 days 07:00:00,111,0.0,56,36.36363636363637,48.27935222672064,-20.09324539458721,11.413616603295958,-5.766026434717028,4 days 15:09:00,2 days 23:49:42.857142857,0.9795272426160394,-0.08165903395307783,0.3145659400783122,-0.04855848463000316,1.0168910329266752,0.4807076818588087,long
3174,"{'window_k': 192, 'window_d': 102, 'window_ma': 102}","open_time
2022-01-01 00:00:00    100.000000
2022-01-01 01:00:00    100.000000
2022-01-01 02:00:00    100.000000
2022-01-01 03:00:00    100.000000
2022-01-01 04:00:00    100.000000
                          ...    
2023-05-01 19:00:00     96.124634
2023-05-01 20:00:00     95.903879
2023-05-01 21:00:00     96.386779
2023-05-01 22:00:00     96.814490
2023-05-01 23:00:00     96.814490
Freq: H, Length: 11664, dtype: float64",2022-01-01,2023-05-01 23:00:00,486 days,100.0,73.26189387730803,144.20322995191745,96.81449022525976,-3.1855097747402397,-70.17976286600607,36.66838134430727,100.0,49.19538632960151,286 days 02:00:00,65,0.0,33,37.5,33.421260881034016,-18.25424315898857,11.874075231344316,-6.358647473039365,8 days 06:50:00,3 days 18:27:00,0.9704352213098023,-0.12800376961406013,0.3006433718605792,-0.04882622142953217,1.017220611958197,0.4587019771110955,long
1947,"{'window_k': 117, 'window_d': 147, 'window_ma': 177}","open_time
2022-01-01 00:00:00    100.000000
2022-01-01 01:00:00    100.000000
2022-01-01 02:00:00    100.000000
2022-01-01 03:00:00    100.000000
2022-01-01 04:00:00    100.000000
                          ...    
2023-05-01 19:00:00     95.932971
2023-05-01 20:00:00     95.712657
2023-05-01 21:00:00     96.194594
2023-05-01 22:00:00     96.621452
2023-05-01 23:00:00     96.621452
Freq: H, Length: 11664, dtype: float64",2022-01-01,2023-05-01 23:00:00,486 days,100.0,67.03846150523881,139.8941289701636,96.62145186822956,-3.3785481317704438,-70.17976286600607,40.080589849108364,100.0,52.0791458521203,451 days 16:00:00,59,0.0,30,37.93103448275862,37.51142247943953,-12.13444354183591,14.084489483410225,-7.3837871510031725,8 days 11:32:43.636363636,5 days 11:43:20,0.975471276855785,-0.11032906963063294,0.25611681993194463,-0.048929599511227044,1.0125503646255838,0.36360751133254343,long
1156,"{'window_k': 72, 'window_d': 132, 'window_ma': 72}","open_time
2022-01-01 00:00:00    100.000000
2022-01-01 01:00:00    100.000000
2022-01-01 02:00:00    100.000000
2022-01-01 03:00:00    100.000000
2022-01-01 04:00:00    100.000000
                          ...    
2023-05-01 19:00:00     96.547028
2023-05-01 20:00:00     96.547028
2023-05-01 21:00:00     96.547028
2023-05-01 22:00:00     96.547028
2023-05-01 23:00:00     96.547028
Freq: H, Length: 11664, dtype: float64",2022-01-01,2023-05-01 23:00:00,486 days,100.0,61.248207408417464,130.53657895575913,96.5470283717189,-3.4529716282811056,-70.17976286600607,36.171124828532236,100.0,53.079659434635985,391 days 18:00:00,72,0.0,36,41.66666666666667,36.90453042971028,-17.940288493794043,10.332774546039767,-6.533669255592961,5 days 17:52:00,4 days 06:25:42.857142857,0.9737718984020698,-0.09591587856336448,0.2378646939403103,-0.049069487492182776,1.0120841005172536,0.3348878324112769,long
3105,"{'window_k': 192, 'window_d': 42, 'window_ma': 27}","open_time
2022-01-01 00:00:00    100.000000
2022-01-01 01:00:00    100.000000
2022-01-01 02:00:00    100.000000
2022-01-01 03:00:00    100.000000
2022-01-01 04:00:00    100.000000
                          ...    
2023-05-01 19:00:00     96.897834
2023-05-01 20:00:00     96.897834
2023-05-01 21:00:00     96.897834
2023-05-01 22:00:00     96.897834
2023-05-01 23:00:00     96.897834
Freq: H, Length: 11664, dtype: float64",2022-01-01,2023-05-01 23:00:00,486 days,100.0,70.40594574780536,134.50787981498627,96.89783441991949,-3.1021655800805092,-70.17976286600607,27.794924554183815,100.0,47.65663852210906,430 days 01:00:00,132,0.0,66,36.36363636363637,18.89657823913878,-15.937687237866982,6.462785784004586,-3.471433512914981,2 days 15:07:30,1 days 17:07:08.571428571,0.9786233639708959,-0.04700250878909884,0.22214656012714173,-0.049078810792452576,1.0135210045600112,0.3337590824026183,long
1412,"{'window_k': 87, 'window_d': 132, 'window_ma': 72}","open_time
2022-01-01 00:00:00    100.00000
2022-01-01 01:00:00    100.00000
2022-01-01 02:00:00    100.00000
2022-01-01 03:00:00    100.00000
2022-01-01 04:00:00    100.00000
                         ...    
2023-05-01 19:00:00     96.54383
2023-05-01 20:00:00     96.54383
2023-05-01 21:00:00     96.54383
2023-05-01 22:00:00     96.54383
2023-05-01 23:00:00     96.54383
Freq: H, Length: 11664, dtype: float64",2022-01-01,2023-05-01 23:00:00,486 days,100.0,60.41147361677167,128.4587754218749,96.54383024789713,-3.456169752102866,-70.17976286600607,36.762688614540465,100.0,52.97209286140807,453 days 11:00:00,74,0.0,37,43.24324324324324,35.84181224803228,-16.273018414731787,9.381158428855429,-6.372664218939004,5 days 15:45:00,4 days 04:45:42.857142857,0.9730631987996816,-0.09340999330007671,0.2383657344240398,-0.049214870375624664,1.0120067022623456,0.335808196505792,long
1057,"{'window_k': 72, 'window_d': 42, 'window_ma': 27}","open_time
2022-01-01 00:00:00    100.000000
2022-01-01 01:00:00    100.000000
2022-01-01 02:00:00    100.000000
2022-01-01 03:00:00    100.000000
2022-01-01 04:00:00    100.000000
                          ...    
2023-05-01 19:00:00     97.521893
2023-05-01 20:00:00     97.521893
2023-05-01 21:00:00     97.521893
2023-05-01 22:00:00     97.521893
2023-05-01 23:00:00     97.521893
Freq: H, Length: 11664, dtype: float64",2022-01-01,2023-05-01 23:00:00,486 days,100.0,80.16776660134781,135.26358733597323,97.52189330442977,-2.478106695570233,-70.17976286600607,30.941358024691358,100.0,37.698148040101785,172 days 03:00:00,144,0.0,72,41.66666666666667,20.635849424614776,-10.770951993490653,5.329980321301639,-3.5736926641269067,3 days 00:05:59.999999999,1 days 10:25:42.857142857,0.9843806905922816,-0.03441814854958691,0.2256293878565654,-0.04952314783844575,1.0125631828378865,0.32294916397874907,long
1898,"{'window_k': 117, 'window_d': 102, 'window_ma': 162}","open_time
2022-01-01 00:00:00    100.000000
2022-01-01 01:00:00    100.000000
2022-01-01 02:00:00    100.000000
2022-01-01 03:00:00    100.000000
2022-01-01 04:00:00    100.000000
                          ...    
2023-05-01 19:00:00     95.614892
2023-05-01 20:00:00     95.395308
2023-05-01 21:00:00     95.875647
2023-05-01 22:00:00     96.301090
2023-05-01 23:00:00     96.301090
Freq: H, Length: 11664, dtype: float64",2022-01-01,2023-05-01 23:00:00,486 days,100.0,57.62544117502669,132.0298755060526,96.30108996765705,-3.698910032342951,-70.17976286600607,41.658093278463646,100.0,56.35424107297218,391 days 18:00:00,75,0.0,38,27.027027027027028,34.081237911025134,-22.867874502872283,17.759815970431266,-5.82935792363664,7 days 12:30:00,4 days 13:08:53.333333333,0.9680722752008354,-0.13520775893246828,0.2812064565869014,-0.049525655327506,1.0140149004001247,0.4015033373472035,long
1868,"{'window_k': 117, 'window_d': 72, 'window_ma': 192}","open_time
2022-01-01 00:00:00    100.000000
2022-01-01 01:00:00    100.000000
2022-01-01 02:00:00    100.000000
2022-01-01 03:00:00    100.000000
2022-01-01 04:00:00    100.000000
                          ...    
2023-05-01 19:00:00     96.154467
2023-05-01 20:00:00     95.933644
2023-05-01 21:00:00     96.416694
2023-05-01 22:00:00     96.844538
2023-05-01 23:00:00     96.844538
Freq: H, Length: 11664, dtype: float64",2022-01-01,2023-05-01 23:00:00,486 days,100.0,66.59206031224565,162.8712082055344,96.84453752236067,-3.155462477639333,-70.17976286600607,42.32681755829904,100.0,47.9679542693485,194 days 16:00:00,95,0.0,48,42.5531914893617,29.50356352912265,-17.912825765335167,9.485176764166381,-6.21443733470389,5 days 16:15:00,3 days 05:06:40,0.9959318164125788,-0.016630189150814267,0.31284870577689106,-0.0496013793778018,1.0168913950922853,0.47502983732793774,long
1871,"{'window_k': 117, 'window_d': 72, 'window_ma': 237}","open_time
2022-01-01 00:00:00    100.000000
2022-01-01 01:00:00    100.000000
2022-01-01 02:00:00    100.000000
2022-01-01 03:00:00    100.000000
2022-01-01 04:00:00    100.000000
                          ...    
2023-05-01 19:00:00     96.154467
2023-05-01 20:00:00     95.933644
2023-05-01 21:00:00     96.416694
2023-05-01 22:00:00     96.844538
2023-05-01 23:00:00     96.844538
Freq: H, Length: 11664, dtype: float64",2022-01-01,2023-05-01 23:00:00,486 days,100.0,66.59206031224565,162.8712082055344,96.84453752236067,-3.155462477639333,-70.17976286600607,42.32681755829904,100.0,47.9679542693485,194 days 16:00:00,95,0.0,48,42.5531914893617,29.50356352912265,-17.912825765335167,9.485176764166381,-6.21443733470389,5 days 16:15:00,3 days 05:06:40,0.9959318164125788,-0.016630189150814267,0.31284870577689106,-0.0496013793778018,1.0168913950922853,0.47502983732793774,long
1869,"{'window_k': 117, 'window_d': 72, 'window_ma': 207}","open_time
2022-01-01 00:00:00    100.000000
2022-01-01 01:00:00    100.000000
2022-01-01 02:00:00    100.000000
2022-01-01 03:00:00    100.000000
2022-01-01 04:00:00    100.000000
                          ...    
2023-05-01 19:00:00     96.154467
2023-05-01 20:00:00     95.933644
2023-05-01 21:00:00     96.416694
2023-05-01 22:00:00     96.844538
2023-05-01 23:00:00     96.844538
Freq: H, Length: 11664, dtype: float64",2022-01-01,2023-05-01 23:00:00,486 days,100.0,66.59206031224565,162.8712082055344,96.84453752236067,-3.155462477639333,-70.17976286600607,42.32681755829904,100.0,47.9679542693485,194 days 16:00:00,95,0.0,48,42.5531914893617,29.50356352912265,-17.912825765335167,9.485176764166381,-6.21443733470389,5 days 16:15:00,3 days 05:06:40,0.9959318164125788,-0.016630189150814267,0.31284870577689106,-0.0496013793778018,1.0168913950922853,0.47502983732793774,long
216,"{'window_k': 12, 'window_d': 207, 'window_ma': 132}","open_time
2022-01-01 00:00:00    100.000000
2022-01-01 01:00:00    100.000000
2022-01-01 02:00:00    100.000000
2022-01-01 03:00:00    100.000000
2022-01-01 04:00:00    100.000000
                          ...    
2023-05-01 19:00:00     95.417712
2023-05-01 20:00:00     95.198581
2023-05-01 21:00:00     95.677930
2023-05-01 22:00:00     96.102495
2023-05-01 23:00:00     96.102495
Freq: H, Length: 11664, dtype: float64",2022-01-01,2023-05-01 23:00:00,486 days,100.0,59.41806163551644,141.53060699284416,96.10249532458937,-3.8975046754106306,-70.17976286600607,32.49314128943759,100.0,58.01751797862307,391 days 18:00:00,99,0.0,50,34.69387755102041,33.665494333724126,-15.225643188528057,9.466728524939272,-4.5582693963786705,5 days 14:00:00,1 days 20:15:00,0.9738488407092599,-0.07534836062125327,0.2098663160723556,-0.05070151217565615,1.0111565361009438,0.2932926404424518,long
3897,"{'window_k': 237, 'window_d': 57, 'window_ma': 147}","open_time
2022-01-01 00:00:00    100.000000
2022-01-01 01:00:00    100.000000
2022-01-01 02:00:00    100.000000
2022-01-01 03:00:00    100.000000
2022-01-01 04:00:00    100.000000
                          ...    
2023-05-01 19:00:00     96.290009
2023-05-01 20:00:00     96.068875
2023-05-01 21:00:00     96.552605
2023-05-01 22:00:00     96.981052
2023-05-01 23:00:00     96.981052
Freq: H, Length: 11664, dtype: float64",2022-01-01,2023-05-01 23:00:00,486 days,100.0,73.40854418183208,141.56975427390663,96.98105230621135,-3.018947693788647,-70.17976286600607,39.67764060356653,100.0,44.8260305644843,275 days 07:00:00,101,0.0,51,40.0,31.941251596424003,-16.375946752352522,8.32538575749376,-5.047376636846691,5 days 01:21:00,2 days 21:32:00,0.9790871285642575,-0.06811864167561277,0.3154877926868663,-0.05077287756593062,1.0175545217703716,0.48382411902855266,long
3710,"{'window_k': 222, 'window_d': 117, 'window_ma': 222}","open_time
2022-01-01 00:00:00    100.000000
2022-01-01 01:00:00    100.000000
2022-01-01 02:00:00    100.000000
2022-01-01 03:00:00    100.000000
2022-01-01 04:00:00    100.000000
                          ...    
2023-05-01 19:00:00     95.756803
2023-05-01 20:00:00     95.536894
2023-05-01 21:00:00     96.017946
2023-05-01 22:00:00     96.444020
2023-05-01 23:00:00     96.444020
Freq: H, Length: 11664, dtype: float64",2022-01-01,2023-05-01 23:00:00,486 days,100.0,68.66758082152224,142.66375435407676,96.44401997945498,-3.5559800205450216,-70.17976286600607,38.425925925925924,100.0,51.86753556821703,355 days 14:00:00,59,0.0,30,34.48275862068966,40.57547314971536,-24.95575221238939,15.453039194071463,-6.91960258758064,9 days 21:06:00,4 days 12:06:18.947368421,0.981441418476857,-0.08849612697067588,0.3035731195356892,-0.05172106394482493,1.0170425326168988,0.4646121309689125,long
3410,"{'window_k': 207, 'window_d': 87, 'window_ma': 42}","open_time
2022-01-01 00:00:00    100.00000
2022-01-01 01:00:00    100.00000
2022-01-01 02:00:00    100.00000
2022-01-01 03:00:00    100.00000
2022-01-01 04:00:00    100.00000
                         ...    
2023-05-01 19:00:00     96.22288
2023-05-01 20:00:00     96.22288
2023-05-01 21:00:00     96.22288
2023-05-01 22:00:00     96.22288
2023-05-01 23:00:00     96.22288
Freq: H, Length: 11664, dtype: float64",2022-01-01,2023-05-01 23:00:00,486 days,100.0,69.95255894016321,154.22634379982793,96.22287999005573,-3.7771200099442694,-70.17976286600607,27.52914951989026,100.0,54.64292466729588,355 days 14:00:00,68,0.0,34,35.294117647058826,32.52509945065355,-19.64245558803688,11.736238867764746,-5.735596305425594,5 days 17:54:59.999999999,2 days 22:43:38.181818181,0.9734950508331588,-0.1110917649983616,0.2571751086030401,-0.052161894014431893,1.0176317008818183,0.40004336798990126,long
3118,"{'window_k': 192, 'window_d': 42, 'window_ma': 222}","open_time
2022-01-01 00:00:00    100.000000
2022-01-01 01:00:00    100.000000
2022-01-01 02:00:00    100.000000
2022-01-01 03:00:00    100.000000
2022-01-01 04:00:00    100.000000
                          ...    
2023-05-01 19:00:00     96.432285
2023-05-01 20:00:00     96.432285
2023-05-01 21:00:00     96.432285
2023-05-01 22:00:00     96.432285
2023-05-01 23:00:00     96.432285
Freq: H, Length: 11664, dtype: float64",2022-01-01,2023-05-01 23:00:00,486 days,100.0,59.33644647804843,122.23577292102621,96.4322845177854,-3.567715482214595,-70.17976286600607,41.34087791495199,100.0,51.45738022503087,430 days 01:00:00,132,0.0,66,31.818181818181817,33.14176245210728,-15.937687237866985,9.662790982204703,-4.145239541450628,4 days 08:14:17.142857142,2 days 10:30:40,0.9788802047682607,-0.05405629518506938,0.3245096876228024,-0.05230615564791086,1.0174751364807655,0.5035651511109024,long
3116,"{'window_k': 192, 'window_d': 42, 'window_ma': 192}","open_time
2022-01-01 00:00:00    100.000000
2022-01-01 01:00:00    100.000000
2022-01-01 02:00:00    100.000000
2022-01-01 03:00:00    100.000000
2022-01-01 04:00:00    100.000000
                          ...    
2023-05-01 19:00:00     96.432285
2023-05-01 20:00:00     96.432285
2023-05-01 21:00:00     96.432285
2023-05-01 22:00:00     96.432285
2023-05-01 23:00:00     96.432285
Freq: H, Length: 11664, dtype: float64",2022-01-01,2023-05-01 23:00:00,486 days,100.0,59.33644647804843,122.23577292102621,96.4322845177854,-3.567715482214595,-70.17976286600607,41.34087791495199,100.0,51.45738022503087,430 days 01:00:00,132,0.0,66,31.818181818181817,33.14176245210728,-15.937687237866985,9.662790982204703,-4.145239541450628,4 days 08:14:17.142857142,2 days 10:30:40,0.9788802047682607,-0.05405629518506938,0.3245096876228024,-0.05230615564791086,1.0174751364807655,0.5035651511109024,long
3109,"{'window_k': 192, 'window_d': 42, 'window_ma': 87}","open_time
2022-01-01 00:00:00    100.000000
2022-01-01 01:00:00    100.000000
2022-01-01 02:00:00    100.000000
2022-01-01 03:00:00    100.000000
2022-01-01 04:00:00    100.000000
                          ...    
2023-05-01 19:00:00     96.347467
2023-05-01 20:00:00     96.347467
2023-05-01 21:00:00     96.347467
2023-05-01 22:00:00     96.347467
2023-05-01 23:00:00     96.347467
Freq: H, Length: 11664, dtype: float64",2022-01-01,2023-05-01 23:00:00,486 days,100.0,57.94044765579612,122.23577292102621,96.34746707900226,-3.652532920997743,-70.17976286600607,40.38923182441701,100.0,52.599434460785766,430 days 01:00:00,132,0.0,66,30.303030303030305,33.14176245210728,-15.937687237866987,10.140371159199832,-4.055189232122731,4 days 09:09:00,2 days 08:41:44.347826086,0.977997103042621,-0.055341407893905625,0.3205410468498717,-0.052392652607525916,1.0174893365151374,0.4985593056766795,long
712,"{'window_k': 42, 'window_d': 192, 'window_ma': 132}","open_time
2022-01-01 00:00:00    100.000000
2022-01-01 01:00:00    100.000000
2022-01-01 02:00:00    100.000000
2022-01-01 03:00:00    100.000000
2022-01-01 04:00:00    100.000000
                          ...    
2023-05-01 19:00:00     95.594503
2023-05-01 20:00:00     95.374966
2023-05-01 21:00:00     95.855203
2023-05-01 22:00:00     96.280555
2023-05-01 23:00:00     96.280555
Freq: H, Length: 11664, dtype: float64",2022-01-01,2023-05-01 23:00:00,486 days,100.0,66.70130620438404,142.02369139588046,96.280555295372,-3.7194447046280033,-70.17976286600607,36.21399176954733,100.0,53.0350848166176,309 days 12:00:00,59,0.0,30,31.03448275862069,34.345749761222535,-12.20043572984749,15.046840198217948,-6.0580441527904805,9 days 12:00:00,4 days 09:30:00,0.9714425939344625,-0.12352531998359151,0.21020829729167315,-0.05291871736011003,1.0105441753212443,0.2945706804823529,long
1852,"{'window_k': 117, 'window_d': 57, 'window_ma': 192}","open_time
2022-01-01 00:00:00    100.000000
2022-01-01 01:00:00    100.000000
2022-01-01 02:00:00    100.000000
2022-01-01 03:00:00    100.000000
2022-01-01 04:00:00    100.000000
                          ...    
2023-05-01 19:00:00     95.674742
2023-05-01 20:00:00     95.455021
2023-05-01 21:00:00     95.935661
2023-05-01 22:00:00     96.361370
2023-05-01 23:00:00     96.361370
Freq: H, Length: 11664, dtype: float64",2022-01-01,2023-05-01 23:00:00,486 days,100.0,60.62681559299854,165.1466706491856,96.36137014283099,-3.6386298571690077,-70.17976286600607,41.85528120713306,100.0,51.783312639647725,275 days 07:00:00,111,0.0,56,36.36363636363637,48.27935222672064,-20.09324539458721,11.413616603295955,-5.7748353202015155,4 days 15:09:00,3 days 00:00:00,0.9781769592530696,-0.08713027012256624,0.3113175830568825,-0.053014864531765946,1.0167035466580019,0.4757003625618127,long
1855,"{'window_k': 117, 'window_d': 57, 'window_ma': 237}","open_time
2022-01-01 00:00:00    100.000000
2022-01-01 01:00:00    100.000000
2022-01-01 02:00:00    100.000000
2022-01-01 03:00:00    100.000000
2022-01-01 04:00:00    100.000000
                          ...    
2023-05-01 19:00:00     95.674742
2023-05-01 20:00:00     95.455021
2023-05-01 21:00:00     95.935661
2023-05-01 22:00:00     96.361370
2023-05-01 23:00:00     96.361370
Freq: H, Length: 11664, dtype: float64",2022-01-01,2023-05-01 23:00:00,486 days,100.0,60.62681559299854,165.1466706491856,96.36137014283099,-3.6386298571690077,-70.17976286600607,41.85528120713306,100.0,51.783312639647725,275 days 07:00:00,111,0.0,56,36.36363636363637,48.27935222672064,-20.09324539458721,11.413616603295955,-5.7748353202015155,4 days 15:09:00,3 days 00:00:00,0.9781769592530696,-0.08713027012256624,0.3113175830568825,-0.053014864531765946,1.0167035466580019,0.4757003625618127,long
1853,"{'window_k': 117, 'window_d': 57, 'window_ma': 207}","open_time
2022-01-01 00:00:00    100.000000
2022-01-01 01:00:00    100.000000
2022-01-01 02:00:00    100.000000
2022-01-01 03:00:00    100.000000
2022-01-01 04:00:00    100.000000
                          ...    
2023-05-01 19:00:00     95.674742
2023-05-01 20:00:00     95.455021
2023-05-01 21:00:00     95.935661
2023-05-01 22:00:00     96.361370
2023-05-01 23:00:00     96.361370
Freq: H, Length: 11664, dtype: float64",2022-01-01,2023-05-01 23:00:00,486 days,100.0,60.62681559299854,165.1466706491856,96.36137014283099,-3.6386298571690077,-70.17976286600607,41.85528120713306,100.0,51.783312639647725,275 days 07:00:00,111,0.0,56,36.36363636363637,48.27935222672064,-20.09324539458721,11.413616603295955,-5.7748353202015155,4 days 15:09:00,3 days 00:00:00,0.9781769592530696,-0.08713027012256624,0.3113175830568825,-0.053014864531765946,1.0167035466580019,0.4757003625618127,long
1854,"{'window_k': 117, 'window_d': 57, 'window_ma': 222}","open_time
2022-01-01 00:00:00    100.000000
2022-01-01 01:00:00    100.000000
2022-01-01 02:00:00    100.000000
2022-01-01 03:00:00    100.000000
2022-01-01 04:00:00    100.000000
                          ...    
2023-05-01 19:00:00     95.674742
2023-05-01 20:00:00     95.455021
2023-05-01 21:00:00     95.935661
2023-05-01 22:00:00     96.361370
2023-05-01 23:00:00     96.361370
Freq: H, Length: 11664, dtype: float64",2022-01-01,2023-05-01 23:00:00,486 days,100.0,60.62681559299854,165.1466706491856,96.36137014283099,-3.6386298571690077,-70.17976286600607,41.85528120713306,100.0,51.783312639647725,275 days 07:00:00,111,0.0,56,36.36363636363637,48.27935222672064,-20.09324539458721,11.413616603295955,-5.7748353202015155,4 days 15:09:00,3 days 00:00:00,0.9781769592530696,-0.08713027012256624,0.3113175830568825,-0.053014864531765946,1.0167035466580019,0.4757003625618127,long
1472,"{'window_k': 87, 'window_d': 192, 'window_ma': 12}","open_time
2022-01-01 00:00:00    100.000000
2022-01-01 01:00:00    100.000000
2022-01-01 02:00:00    100.000000
2022-01-01 03:00:00    100.000000
2022-01-01 04:00:00    100.000000
                          ...    
2023-05-01 19:00:00     96.997953
2023-05-01 20:00:00     96.775194
2023-05-01 21:00:00     97.262481
2023-05-01 22:00:00     97.262481
2023-05-01 23:00:00     97.262481
Freq: H, Length: 11664, dtype: float64",2022-01-01,2023-05-01 23:00:00,486 days,100.0,77.5374962386682,126.67144570606855,97.26248060003392,-2.737519399966075,-70.17976286600607,15.492112482853223,100.0,38.78849664462814,391 days 18:00:00,52,0.0,26,30.76923076923077,20.74498567335245,-7.974137931034483,6.661136543529747,-2.843697558658367,2 days 22:22:30,2 days 21:06:40,0.9455348425075678,-0.10528920769100258,0.10803258603799945,-0.05318698920285858,1.008219644114906,0.148857525358984,long
674,"{'window_k': 42, 'window_d': 162, 'window_ma': 42}","open_time
2022-01-01 00:00:00    100.000000
2022-01-01 01:00:00    100.000000
2022-01-01 02:00:00    100.000000
2022-01-01 03:00:00    100.000000
2022-01-01 04:00:00    100.000000
                          ...    
2023-05-01 19:00:00     96.055342
2023-05-01 20:00:00     96.055342
2023-05-01 21:00:00     96.055342
2023-05-01 22:00:00     96.055342
2023-05-01 23:00:00     96.055342
Freq: H, Length: 11664, dtype: float64",2022-01-01,2023-05-01 23:00:00,486 days,100.0,72.35342640983941,164.2912062235238,96.05534182179498,-3.9446581782050174,-70.17976286600607,27.572016460905353,100.0,55.96025613726391,399 days 10:00:00,80,0.0,40,42.5,33.5130970724191,-16.30898513251455,7.392106872232302,-4.962037993274702,4 days 12:49:24.705882352,2 days 11:23:28.695652173,0.9694833154468407,-0.09861645445512535,0.16701669786044565,-0.053204616671213414,1.0096367306698992,0.23083714519208118,long
1895,"{'window_k': 117, 'window_d': 102, 'window_ma': 117}","open_time
2022-01-01 00:00:00    100.000000
2022-01-01 01:00:00    100.000000
2022-01-01 02:00:00    100.000000
2022-01-01 03:00:00    100.000000
2022-01-01 04:00:00    100.000000
                          ...    
2023-05-01 19:00:00     95.401744
2023-05-01 20:00:00     95.182650
2023-05-01 21:00:00     95.661918
2023-05-01 22:00:00     96.086413
2023-05-01 23:00:00     96.086413
Freq: H, Length: 11664, dtype: float64",2022-01-01,2023-05-01 23:00:00,486 days,100.0,54.961588898153366,124.88181889491223,96.0864127824237,-3.9135872175763065,-70.17976286600607,38.81172839506173,100.0,54.86040815468141,390 days 13:00:00,75,0.0,38,27.027027027027028,34.081237911025156,-22.867874502872294,15.852017390926326,-5.24783189064801,7 days 00:24:00,4 days 05:20:00,0.9637204296905967,-0.1409312931916804,0.26431364561084425,-0.05384164726740395,1.013757957044327,0.3780701538152342,long
2693,"{'window_k': 162, 'window_d': 132, 'window_ma': 87}","open_time
2022-01-01 00:00:00    100.000000
2022-01-01 01:00:00    100.000000
2022-01-01 02:00:00    100.000000
2022-01-01 03:00:00    100.000000
2022-01-01 04:00:00    100.000000
                          ...    
2023-05-01 19:00:00     96.497741
2023-05-01 20:00:00     96.497741
2023-05-01 21:00:00     96.497741
2023-05-01 22:00:00     96.497741
2023-05-01 23:00:00     96.497741
Freq: H, Length: 11664, dtype: float64",2022-01-01,2023-05-01 23:00:00,486 days,100.0,76.19156776525992,149.08009482250623,96.49774050732753,-3.502259492672465,-70.17976286600607,40.08916323731139,100.0,48.892192578779145,309 days 12:00:00,60,0.0,30,40.0,31.23569794050345,-14.595021037868161,11.213813073174544,-6.553664637134633,8 days 00:25:00,5 days 11:30:00,0.9739696287643633,-0.11674198308908057,0.2688547991756021,-0.05403594721357623,1.013701276253409,0.3861460500145709,long
2692,"{'window_k': 162, 'window_d': 132, 'window_ma': 72}","open_time
2022-01-01 00:00:00    100.000000
2022-01-01 01:00:00    100.000000
2022-01-01 02:00:00    100.000000
2022-01-01 03:00:00    100.000000
2022-01-01 04:00:00    100.000000
                          ...    
2023-05-01 19:00:00     95.638619
2023-05-01 20:00:00     95.418981
2023-05-01 21:00:00     95.899439
2023-05-01 22:00:00     96.324987
2023-05-01 23:00:00     96.324987
Freq: H, Length: 11664, dtype: float64",2022-01-01,2023-05-01 23:00:00,486 days,100.0,69.25814892587876,139.05676623856402,96.3249872517325,-3.6750127482675055,-70.17976286600607,35.25377229080932,100.0,50.194333724789516,309 days 12:00:00,59,0.0,30,41.37931034482759,32.39893211289092,-14.595021037868158,9.843713503155504,-6.2810531273802885,6 days 14:35:00,5 days 06:03:31.764705882,0.9686976779710924,-0.12009756912065228,0.257354222529022,-0.05524258048125659,1.0139849563431842,0.36971352104731353,long
905,"{'window_k': 57, 'window_d': 132, 'window_ma': 147}","open_time
2022-01-01 00:00:00    100.000000
2022-01-01 01:00:00    100.000000
2022-01-01 02:00:00    100.000000
2022-01-01 03:00:00    100.000000
2022-01-01 04:00:00    100.000000
                          ...    
2023-05-01 19:00:00     95.938918
2023-05-01 20:00:00     95.718591
2023-05-01 21:00:00     96.200557
2023-05-01 22:00:00     96.627442
2023-05-01 23:00:00     96.627442
Freq: H, Length: 11664, dtype: float64",2022-01-01,2023-05-01 23:00:00,486 days,100.0,66.4886199214587,121.6623400943405,96.62744225835577,-3.372557741644229,-70.17976286600607,38.93175582990398,100.0,45.34987583676139,391 days 18:00:00,73,0.0,37,41.66666666666667,31.914893617021267,-19.067215363511657,9.919675296671993,-6.39446569847882,7 days 02:40:00,3 days 17:14:17.142857142,0.963637188218304,-0.1300209201766398,0.2478803851743473,-0.056089991852601585,1.012172703651949,0.3466832428483094,long
823,"{'window_k': 57, 'window_d': 57, 'window_ma': 117}","open_time
2022-01-01 00:00:00    100.000000
2022-01-01 01:00:00    100.000000
2022-01-01 02:00:00    100.000000
2022-01-01 03:00:00    100.000000
2022-01-01 04:00:00    100.000000
                          ...    
2023-05-01 19:00:00     95.934062
2023-05-01 20:00:00     95.934062
2023-05-01 21:00:00     95.934062
2023-05-01 22:00:00     95.934062
2023-05-01 23:00:00     95.934062
Freq: H, Length: 11664, dtype: float64",2022-01-01,2023-05-01 23:00:00,486 days,100.0,75.53594362188723,166.28963108575203,95.93406174508543,-4.06593825491457,-70.17976286600607,43.38134430727023,100.0,54.57567430471059,391 days 18:00:00,134,0.0,67,44.776119402985074,22.566718995290426,-14.937355552852466,6.835727214618608,-5.13382571882855,4 days 02:14:00,2 days 09:06:29.189189189,0.9807253025497767,-0.060685645595738524,0.31493841188768673,-0.05624045097725864,1.0168752929326825,0.4880644544935561,long
2294,"{'window_k': 132, 'window_d': 237, 'window_ma': 102}","open_time
2022-01-01 00:00:00    100.000000
2022-01-01 01:00:00    100.000000
2022-01-01 02:00:00    100.000000
2022-01-01 03:00:00    100.000000
2022-01-01 04:00:00    100.000000
                          ...    
2023-05-01 19:00:00     96.191116
2023-05-01 20:00:00     96.191116
2023-05-01 21:00:00     96.191116
2023-05-01 22:00:00     96.191116
2023-05-01 23:00:00     96.191116
Freq: H, Length: 11664, dtype: float64",2022-01-01,2023-05-01 23:00:00,486 days,100.0,58.99778248783041,119.45143561559401,96.1911159535462,-3.8088840464537985,-70.17976286600607,28.155006858710564,100.0,50.60939855282205,451 days 16:00:00,40,0.0,20,25.0,42.211496270293964,-16.391880301153147,17.952620790930997,-5.644192633332079,11 days 01:23:59.999999999,5 days 19:42:51.428571428,0.9462680036821373,-0.19044420232268955,0.1797814894995174,-0.05679508169377205,1.010339617148116,0.2521819234612002,long
647,"{'window_k': 42, 'window_d': 132, 'window_ma': 117}","open_time
2022-01-01 00:00:00    100.000000
2022-01-01 01:00:00    100.000000
2022-01-01 02:00:00    100.000000
2022-01-01 03:00:00    100.000000
2022-01-01 04:00:00    100.000000
                          ...    
2023-05-01 19:00:00     95.987963
2023-05-01 20:00:00     95.767523
2023-05-01 21:00:00     96.249736
2023-05-01 22:00:00     96.676839
2023-05-01 23:00:00     96.676839
Freq: H, Length: 11664, dtype: float64",2022-01-01,2023-05-01 23:00:00,486 days,100.0,72.37161759599097,128.83112091205354,96.67683934924372,-3.3231606507562788,-70.17976286600607,37.06275720164609,100.0,43.8244291568375,439 days 04:00:00,83,0.0,42,41.46341463414634,38.51599727705921,-18.897364771151178,8.78581791734658,-5.633787865466456,5 days 17:17:38.823529411,3 days 06:07:30,0.9694258586125714,-0.10591943745746768,0.23704115180128466,-0.05718864385904594,1.0119511603464897,0.33267243822972303,long
1902,"{'window_k': 117, 'window_d': 102, 'window_ma': 222}","open_time
2022-01-01 00:00:00    100.000000
2022-01-01 01:00:00    100.000000
2022-01-01 02:00:00    100.000000
2022-01-01 03:00:00    100.000000
2022-01-01 04:00:00    100.000000
                          ...    
2023-05-01 19:00:00     95.039431
2023-05-01 20:00:00     94.821169
2023-05-01 21:00:00     95.298617
2023-05-01 22:00:00     95.721500
2023-05-01 23:00:00     95.721500
Freq: H, Length: 11664, dtype: float64",2022-01-01,2023-05-01 23:00:00,486 days,100.0,57.62544117502669,132.0298755060526,95.72149966760057,-4.278500332399432,-70.17976286600607,41.73525377229081,100.0,56.35424107297218,391 days 18:00:00,75,0.0,38,29.72972972972973,34.081237911025156,-22.867874502872297,16.166243698338334,-6.0834229710080985,7 days 05:32:43.636363636,4 days 13:41:32.307692307,0.9645429072630464,-0.15066028564170075,0.2739903650318612,-0.057328492329203826,1.0136294797286216,0.3914261857381576,long
1219,"{'window_k': 72, 'window_d': 192, 'window_ma': 57}","open_time
2022-01-01 00:00:00    100.000000
2022-01-01 01:00:00    100.000000
2022-01-01 02:00:00    100.000000
2022-01-01 03:00:00    100.000000
2022-01-01 04:00:00    100.000000
                          ...    
2023-05-01 19:00:00     95.068259
2023-05-01 20:00:00     94.849931
2023-05-01 21:00:00     95.327524
2023-05-01 22:00:00     95.750535
2023-05-01 23:00:00     95.750535
Freq: H, Length: 11664, dtype: float64",2022-01-01,2023-05-01 23:00:00,486 days,100.0,56.00002597572706,126.89150706677789,95.75053467252368,-4.249465327476315,-70.17976286600607,23.0281207133059,100.0,55.86779031140633,424 days 03:00:00,53,0.0,27,34.61538461538461,30.621189024390272,-13.041463979615475,11.881715841430823,-5.7615503020441645,5 days 13:20:00,3 days 12:35:17.647058823,0.9546519498766658,-0.1613416651002022,0.1307965509790653,-0.05743308747161126,1.0082700449804,0.18436293251888752,long
2701,"{'window_k': 162, 'window_d': 132, 'window_ma': 207}","open_time
2022-01-01 00:00:00    100.000000
2022-01-01 01:00:00    100.000000
2022-01-01 02:00:00    100.000000
2022-01-01 03:00:00    100.000000
2022-01-01 04:00:00    100.000000
                          ...    
2023-05-01 19:00:00     95.592577
2023-05-01 20:00:00     95.373044
2023-05-01 21:00:00     95.853271
2023-05-01 22:00:00     96.278615
2023-05-01 23:00:00     96.278615
Freq: H, Length: 11664, dtype: float64",2022-01-01,2023-05-01 23:00:00,486 days,100.0,72.58681356770487,138.77535604212736,96.27861505593934,-3.7213849440606594,-70.17976286600607,40.294924554183815,100.0,47.69473800112605,309 days 12:00:00,59,0.0,30,37.93103448275862,41.0220781225876,-13.748003194888177,12.732574175707148,-6.779701688411564,8 days 22:32:43.636363636,5 days 06:20:00,0.972510551394584,-0.12169980068941211,0.2719464577580522,-0.05887483141854831,1.0139319174043118,0.3910069609572699,long
3452,"{'window_k': 207, 'window_d': 117, 'window_ma': 192}","open_time
2022-01-01 00:00:00    100.000000
2022-01-01 01:00:00    100.000000
2022-01-01 02:00:00    100.000000
2022-01-01 03:00:00    100.000000
2022-01-01 04:00:00    100.000000
                          ...    
2023-05-01 19:00:00     95.188272
2023-05-01 20:00:00     94.969668
2023-05-01 21:00:00     95.447864
2023-05-01 22:00:00     95.871409
2023-05-01 23:00:00     95.871409
Freq: H, Length: 11664, dtype: float64",2022-01-01,2023-05-01 23:00:00,486 days,100.0,68.1336085437241,142.71591214963186,95.87140869153957,-4.128591308460429,-70.17976286600607,41.09224965706447,100.0,52.25927682661708,391 days 18:00:00,57,0.0,29,32.142857142857146,43.01476301476302,-21.56029954174585,17.863374074933898,-7.250253391087684,10 days 07:40:00,5 days 11:41:03.157894736,0.9730167399140359,-0.14257014151627345,0.30223574200107894,-0.05964314176552207,1.0164707992604627,0.45987100956049165,long
1129,"{'window_k': 72, 'window_d': 102, 'window_ma': 147}","open_time
2022-01-01 00:00:00    100.000000
2022-01-01 01:00:00    100.000000
2022-01-01 02:00:00    100.000000
2022-01-01 03:00:00    100.000000
2022-01-01 04:00:00    100.000000
                          ...    
2023-05-01 19:00:00     95.299909
2023-05-01 20:00:00     95.081049
2023-05-01 21:00:00     95.559805
2023-05-01 22:00:00     95.983847
2023-05-01 23:00:00     95.983847
Freq: H, Length: 11664, dtype: float64",2022-01-01,2023-05-01 23:00:00,486 days,100.0,74.82165195034909,181.01706902666365,95.98384671738381,-4.016153282616187,-70.17976286600607,40.70644718792867,100.0,50.76877516378886,194 days 16:00:00,83,0.0,42,46.34146341463415,33.961013128232324,-22.120518688024415,8.622155149173425,-6.585316334185583,5 days 23:37:53.684210526,3 days 13:54:32.727272727,0.9889863419728151,-0.0502461183242513,0.2779395831935594,-0.05971356615731384,1.0140723818730828,0.3977361327518904,long
3603,"{'window_k': 222, 'window_d': 27, 'window_ma': 57}","open_time
2022-01-01 00:00:00    100.000000
2022-01-01 01:00:00    100.000000
2022-01-01 02:00:00    100.000000
2022-01-01 03:00:00    100.000000
2022-01-01 04:00:00    100.000000
                          ...    
2023-05-01 19:00:00     94.869857
2023-05-01 20:00:00     94.869857
2023-05-01 21:00:00     94.869857
2023-05-01 22:00:00     94.869857
2023-05-01 23:00:00     94.869857
Freq: H, Length: 11664, dtype: float64",2022-01-01,2023-05-01 23:00:00,486 days,100.0,40.527303308977025,112.92781535149136,94.86985710182803,-5.130142898171968,-70.17976286600607,35.039437585733886,100.0,64.11220461244687,439 days 04:00:00,186,0.0,93,35.483870967741936,21.839698762775704,-11.895365881159089,6.972612955372415,-3.5694393242133367,2 days 17:52:43.636363636,1 days 07:53:00,0.9695927298588164,-0.05516282686206386,0.2729959281409462,-0.06048820141940445,1.0164602863269527,0.42418641930046525,long
3159,"{'window_k': 192, 'window_d': 87, 'window_ma': 117}","open_time
2022-01-01 00:00:00    100.000000
2022-01-01 01:00:00    100.000000
2022-01-01 02:00:00    100.000000
2022-01-01 03:00:00    100.000000
2022-01-01 04:00:00    100.000000
                          ...    
2023-05-01 19:00:00     94.304434
2023-05-01 20:00:00     94.087860
2023-05-01 21:00:00     94.561615
2023-05-01 22:00:00     94.981227
2023-05-01 23:00:00     94.981227
Freq: H, Length: 11664, dtype: float64",2022-01-01,2023-05-01 23:00:00,486 days,100.0,68.9877918169914,184.63641018602348,94.98122730373107,-5.018772696268925,-70.17976286600607,37.73148148148148,100.0,62.635868111015945,309 days 12:00:00,69,0.0,35,35.294117647058826,34.61247637051041,-16.535433070866144,13.992149659929106,-6.737495317097307,7 days 19:45:00,3 days 21:16:21.818181818,0.9719483689671528,-0.14163925257216814,0.2831286468841523,-0.06056111749667483,1.016156818647425,0.43516402963470147,long
1415,"{'window_k': 87, 'window_d': 132, 'window_ma': 117}","open_time
2022-01-01 00:00:00    100.000000
2022-01-01 01:00:00    100.000000
2022-01-01 02:00:00    100.000000
2022-01-01 03:00:00    100.000000
2022-01-01 04:00:00    100.000000
                          ...    
2023-05-01 19:00:00     95.267595
2023-05-01 20:00:00     95.048809
2023-05-01 21:00:00     95.527404
2023-05-01 22:00:00     95.951301
2023-05-01 23:00:00     95.951301
Freq: H, Length: 11664, dtype: float64",2022-01-01,2023-05-01 23:00:00,486 days,100.0,69.73072725122998,135.1337931453729,95.95130139970055,-4.048698600299446,-70.17976286600607,38.297325102880656,100.0,48.3987493962996,451 days 16:00:00,73,0.0,37,41.66666666666667,35.84181224803225,-16.273018414731784,10.059068101643314,-6.404081426070732,6 days 01:11:59.999999999,4 days 08:31:25.714285714,0.9683451135325675,-0.12157993013749957,0.22518497365583653,-0.0631478889109267,1.0112188873222991,0.3170203782820128,long
3821,"{'window_k': 222, 'window_d': 222, 'window_ma': 207}","open_time
2022-01-01 00:00:00    100.000000
2022-01-01 01:00:00    100.000000
2022-01-01 02:00:00    100.000000
2022-01-01 03:00:00    100.000000
2022-01-01 04:00:00    100.000000
                          ...    
2023-05-01 19:00:00     95.465383
2023-05-01 20:00:00     95.465383
2023-05-01 21:00:00     95.465383
2023-05-01 22:00:00     95.465383
2023-05-01 23:00:00     95.465383
Freq: H, Length: 11664, dtype: float64",2022-01-01,2023-05-01 23:00:00,486 days,100.0,60.296524844798455,131.2718326062097,95.46538267438945,-4.534617325610554,-70.17976286600607,33.813443072702334,100.0,54.067431186341054,349 days 17:00:00,36,0.0,18,44.44444444444444,41.70181818181819,-18.767692017361775,11.510073993976464,-8.069243627282157,10 days 02:45:00,8 days 08:12:00,0.9397064049045115,-0.25192318475614206,0.2025987038636696,-0.06335099002664113,1.0109984531133744,0.2868879110814024,long
2948,"{'window_k': 177, 'window_d': 132, 'window_ma': 72}","open_time
2022-01-01 00:00:00    100.000000
2022-01-01 01:00:00    100.000000
2022-01-01 02:00:00    100.000000
2022-01-01 03:00:00    100.000000
2022-01-01 04:00:00    100.000000
                          ...    
2023-05-01 19:00:00     94.924144
2023-05-01 20:00:00     94.706147
2023-05-01 21:00:00     95.183016
2023-05-01 22:00:00     95.605385
2023-05-01 23:00:00     95.605385
Freq: H, Length: 11664, dtype: float64",2022-01-01,2023-05-01 23:00:00,486 days,100.0,68.89061612265598,142.7734095173097,95.6053853601259,-4.394614639874106,-70.17976286600607,33.924897119341566,100.0,51.748286774433474,391 days 18:00:00,57,0.0,29,32.142857142857146,32.829538932466015,-13.172389546466668,13.323173669624442,-5.671213133063062,7 days 00:20:00,5 days 05:18:56.842105263,0.9642423394325593,-0.14624530451594042,0.24380415853137846,-0.06413500750777273,1.0135672518175716,0.3525011993278413,long
1024,"{'window_k': 72, 'window_d': 12, 'window_ma': 12}","open_time
2022-01-01 00:00:00    100.000000
2022-01-01 01:00:00    100.000000
2022-01-01 02:00:00    100.000000
2022-01-01 03:00:00    100.000000
2022-01-01 04:00:00    100.000000
                          ...    
2023-05-01 19:00:00     95.257871
2023-05-01 20:00:00     95.039108
2023-05-01 21:00:00     95.517653
2023-05-01 22:00:00     95.517653
2023-05-01 23:00:00     95.517653
Freq: H, Length: 11664, dtype: float64",2022-01-01,2023-05-01 23:00:00,486 days,100.0,47.475146660186276,113.79711984945953,95.5176529795573,-4.4823470204427025,-70.17976286600607,31.567215363511657,100.0,52.53954957766901,430 days 00:00:00,460,0.0,230,34.78260869565217,39.06012176560119,-14.636025163692379,4.405976853457889,-2.2081252686403254,0 days 22:04:30,0 days 12:51:04.864864864,0.9811936202688329,-0.019488465306272573,0.2769681814978343,-0.06443746334146638,1.018190256121298,0.4507302468163612,long
1307,"{'window_k': 87, 'window_d': 27, 'window_ma': 177}","open_time
2022-01-01 00:00:00    100.000000
2022-01-01 01:00:00    100.000000
2022-01-01 02:00:00    100.000000
2022-01-01 03:00:00    100.000000
2022-01-01 04:00:00    100.000000
                          ...    
2023-05-01 19:00:00     95.044653
2023-05-01 20:00:00     95.044653
2023-05-01 21:00:00     95.044653
2023-05-01 22:00:00     95.044653
2023-05-01 23:00:00     95.044653
Freq: H, Length: 11664, dtype: float64",2022-01-01,2023-05-01 23:00:00,486 days,100.0,42.4391178267706,108.57927297521698,95.04465311126572,-4.955346888734283,-70.17976286600607,37.808641975308646,100.0,57.94479514299281,427 days 03:00:00,202,0.0,101,40.5940594059406,28.719620628334336,-14.50820528901432,6.081453117349621,-3.85096878649913,2 days 12:57:04.390243902,1 days 07:51:00,0.9701040797324267,-0.049062840482517966,0.2864387734535711,-0.06463139553803479,1.0166240062074807,0.4485559319811815,long
2903,"{'window_k': 177, 'window_d': 87, 'window_ma': 117}","open_time
2022-01-01 00:00:00    100.000000
2022-01-01 01:00:00    100.000000
2022-01-01 02:00:00    100.000000
2022-01-01 03:00:00    100.000000
2022-01-01 04:00:00    100.000000
                          ...    
2023-05-01 19:00:00     94.310498
2023-05-01 20:00:00     94.093910
2023-05-01 21:00:00     94.567696
2023-05-01 22:00:00     94.987335
2023-05-01 23:00:00     94.987335
Freq: H, Length: 11664, dtype: float64",2022-01-01,2023-05-01 23:00:00,486 days,100.0,74.99765994817184,178.01493450520155,94.98733540825526,-5.012664591744738,-70.17976286600607,36.95987654320987,100.0,57.87001795291483,286 days 02:00:00,71,0.0,36,37.142857142857146,35.929648241206024,-19.102132435465776,13.35991564523262,-6.928141321011324,7 days 09:00:00,3 days 14:46:21.818181818,0.973424642730673,-0.13471017757401782,0.28082233657719846,-0.06546829929385321,1.0161466533652208,0.4319692568852097,long
3968,"{'window_k': 237, 'window_d': 132, 'window_ma': 12}","open_time
2022-01-01 00:00:00    100.000000
2022-01-01 01:00:00    100.000000
2022-01-01 02:00:00    100.000000
2022-01-01 03:00:00    100.000000
2022-01-01 04:00:00    100.000000
                          ...    
2023-05-01 19:00:00     96.205065
2023-05-01 20:00:00     95.984126
2023-05-01 21:00:00     96.467430
2023-05-01 22:00:00     96.467430
2023-05-01 23:00:00     96.467430
Freq: H, Length: 11664, dtype: float64",2022-01-01,2023-05-01 23:00:00,486 days,100.0,66.43213842521233,111.91615896082654,96.46743017808708,-3.5325698219129147,-70.17976286600607,13.21159122085048,100.0,40.64115580622701,391 days 18:00:00,54,0.0,27,51.85185185185185,20.744985673352442,-11.916666666666675,4.779993426854797,-4.90045613250873,2 days 10:12:51.428571428,2 days 07:50:46.153846153,0.9387957517950218,-0.13083591933010785,0.08458531937359491,-0.0655715533765473,1.0071682877300803,0.11760411855026301,long
825,"{'window_k': 57, 'window_d': 57, 'window_ma': 147}","open_time
2022-01-01 00:00:00    100.000000
2022-01-01 01:00:00    100.000000
2022-01-01 02:00:00    100.000000
2022-01-01 03:00:00    100.000000
2022-01-01 04:00:00    100.000000
                          ...    
2023-05-01 19:00:00     94.967638
2023-05-01 20:00:00     94.967638
2023-05-01 21:00:00     94.967638
2023-05-01 22:00:00     94.967638
2023-05-01 23:00:00     94.967638
Freq: H, Length: 11664, dtype: float64",2022-01-01,2023-05-01 23:00:00,486 days,100.0,73.06321775756464,164.2987804119805,94.96763788057113,-5.032362119428868,-70.17976286600607,43.424211248285324,100.0,55.53027382530896,391 days 18:00:00,134,0.0,67,43.28358208955223,22.566718995290408,-14.937355552852463,6.99080379951728,-4.96619763391317,4 days 04:45:31.034482758,2 days 08:23:41.052631578,0.9756336286672161,-0.07510988237953375,0.304921277150852,-0.06849662030916348,1.016321305255588,0.4721297939660592,long
212,"{'window_k': 12, 'window_d': 207, 'window_ma': 72}","open_time
2022-01-01 00:00:00    100.000000
2022-01-01 01:00:00    100.000000
2022-01-01 02:00:00    100.000000
2022-01-01 03:00:00    100.000000
2022-01-01 04:00:00    100.000000
                          ...    
2023-05-01 19:00:00     94.506845
2023-05-01 20:00:00     94.506845
2023-05-01 21:00:00     94.506845
2023-05-01 22:00:00     94.506845
2023-05-01 23:00:00     94.506845
Freq: H, Length: 11664, dtype: float64",2022-01-01,2023-05-01 23:00:00,486 days,100.0,57.903301183140414,145.2111790981352,94.50684542469733,-5.493154575302668,-70.17976286600607,29.226680384087793,100.0,60.12476343573467,391 days 18:00:00,102,0.0,51,37.254901960784316,35.65846033606876,-15.225643188528046,8.095811563538511,-4.406416006605122,4 days 18:34:44.210526315,1 days 14:30:00,0.9594290680084971,-0.10770891324122811,0.17891882751013952,-0.06909622552840833,1.009981989521631,0.250274757942632,long
1682,"{'window_k': 102, 'window_d': 147, 'window_ma': 42}","open_time
2022-01-01 00:00:00    100.000000
2022-01-01 01:00:00    100.000000
2022-01-01 02:00:00    100.000000
2022-01-01 03:00:00    100.000000
2022-01-01 04:00:00    100.000000
                          ...    
2023-05-01 19:00:00     95.512276
2023-05-01 20:00:00     95.512276
2023-05-01 21:00:00     95.512276
2023-05-01 22:00:00     95.512276
2023-05-01 23:00:00     95.512276
Freq: H, Length: 11664, dtype: float64",2022-01-01,2023-05-01 23:00:00,486 days,100.0,70.59883198793585,138.35068636965954,95.51227629406614,-4.48772370593386,-70.17976286600607,28.712277091906724,100.0,48.971101018391295,451 days 16:00:00,66,0.0,33,39.39393939393939,29.749240121580566,-18.83506805444356,9.192768551548172,-5.37150591553879,4 days 09:27:41.538461538,4 days 02:54:00,0.959752170284063,-0.13599162745254123,0.18272403998278025,-0.06921632703150955,1.0105492782627037,0.2591604010403479,long
4066,"{'window_k': 237, 'window_d': 222, 'window_ma': 42}","open_time
2022-01-01 00:00:00    100.00000
2022-01-01 01:00:00    100.00000
2022-01-01 02:00:00    100.00000
2022-01-01 03:00:00    100.00000
2022-01-01 04:00:00    100.00000
                         ...    
2023-05-01 19:00:00     95.72195
2023-05-01 20:00:00     95.72195
2023-05-01 21:00:00     95.72195
2023-05-01 22:00:00     95.72195
2023-05-01 23:00:00     95.72195
Freq: H, Length: 11664, dtype: float64",2022-01-01,2023-05-01 23:00:00,486 days,100.0,70.91595451011052,132.36695115207866,95.72195018080451,-4.278049819195488,-70.17976286600607,20.001714677640603,100.0,46.424727703644116,351 days 13:00:00,34,0.0,17,41.17647058823529,29.077490774907762,-17.666603379532948,12.124861105822504,-7.736509331149651,6 days 14:42:51.428571428,5 days 02:12:00,0.9450932266146613,-0.2516499893644406,0.1303183865448209,-0.06958278023369627,1.0089878441403684,0.1856848262990743,long
4080,"{'window_k': 237, 'window_d': 237, 'window_ma': 12}","open_time
2022-01-01 00:00:00    100.000000
2022-01-01 01:00:00    100.000000
2022-01-01 02:00:00    100.000000
2022-01-01 03:00:00    100.000000
2022-01-01 04:00:00    100.000000
                          ...    
2023-05-01 19:00:00     96.822085
2023-05-01 20:00:00     96.822085
2023-05-01 21:00:00     96.822085
2023-05-01 22:00:00     96.822085
2023-05-01 23:00:00     96.822085
Freq: H, Length: 11664, dtype: float64",2022-01-01,2023-05-01 23:00:00,486 days,100.0,75.19843596725782,114.3539072439368,96.8220847675754,-3.1779152324245956,-70.17976286600607,11.539780521262003,100.0,34.240606394981796,426 days 23:00:00,36,0.0,18,38.88888888888889,16.58059756547398,-21.49414734909341,7.9376464695828055,-4.758435009800465,4 days 05:25:42.857142857,2 days 09:49:05.454545454,0.9390705001595404,-0.1765508462458114,0.042367893870975386,-0.06998342776210813,1.0037775628270125,0.057945015717123315,long
464,"{'window_k': 27, 'window_d': 207, 'window_ma': 12}","open_time
2022-01-01 00:00:00    100.000000
2022-01-01 01:00:00    100.000000
2022-01-01 02:00:00    100.000000
2022-01-01 03:00:00    100.000000
2022-01-01 04:00:00    100.000000
                          ...    
2023-05-01 19:00:00     96.465353
2023-05-01 20:00:00     96.465353
2023-05-01 21:00:00     96.465353
2023-05-01 22:00:00     96.465353
2023-05-01 23:00:00     96.465353
Freq: H, Length: 11664, dtype: float64",2022-01-01,2023-05-01 23:00:00,486 days,100.0,87.56860045194951,140.9639747642,96.46535283972837,-3.534647160271632,-70.17976286600607,14.540466392318244,100.0,37.87873774243991,172 days 03:00:00,72,0.0,36,50.0,21.791907514450877,-10.669077757685342,4.65740628701465,-4.438871508972578,2 days 02:16:40,1 days 19:56:40,0.959952018533052,-0.09818464334087862,0.10783068785390981,-0.07039510960092456,1.0087201937355543,0.15233787775528748,long
629,"{'window_k': 42, 'window_d': 117, 'window_ma': 87}","open_time
2022-01-01 00:00:00    100.000000
2022-01-01 01:00:00    100.000000
2022-01-01 02:00:00    100.000000
2022-01-01 03:00:00    100.000000
2022-01-01 04:00:00    100.000000
                          ...    
2023-05-01 19:00:00     95.055742
2023-05-01 20:00:00     95.055742
2023-05-01 21:00:00     95.055742
2023-05-01 22:00:00     95.055742
2023-05-01 23:00:00     95.055742
Freq: H, Length: 11664, dtype: float64",2022-01-01,2023-05-01 23:00:00,486 days,100.0,58.127995564120184,139.14581055778817,95.05574222834056,-4.944257771659437,-70.17976286600607,41.33230452674897,100.0,52.964722659944826,194 days 16:00:00,88,0.0,44,40.909090909090914,42.50568257788475,-17.114404817044942,9.114651410903855,-5.7101482234039,5 days 19:43:20,3 days 16:41:32.307692307,0.968929612979874,-0.11236949481044123,0.261743321174744,-0.0705491997551234,1.0132056514347703,0.3751235120699923,long
1147,"{'window_k': 72, 'window_d': 117, 'window_ma': 177}","open_time
2022-01-01 00:00:00    100.000000
2022-01-01 01:00:00    100.000000
2022-01-01 02:00:00    100.000000
2022-01-01 03:00:00    100.000000
2022-01-01 04:00:00    100.000000
                          ...    
2023-05-01 19:00:00     94.796952
2023-05-01 20:00:00     94.579246
2023-05-01 21:00:00     95.055476
2023-05-01 22:00:00     95.477280
2023-05-01 23:00:00     95.477280
Freq: H, Length: 11664, dtype: float64",2022-01-01,2023-05-01 23:00:00,486 days,100.0,66.79972943512098,128.47640944132948,95.4772799100277,-4.522720089972296,-70.17976286600607,42.06104252400549,100.0,48.006229528366454,439 days 04:00:00,79,0.0,40,38.46153846153847,32.84249276886667,-20.03179650238474,10.948585292769094,-6.1600721201641315,6 days 18:40:00,4 days 01:55:00,0.9696545902622545,-0.11980493143152593,0.24066827996075835,-0.0711613152382095,1.0114100175462093,0.3353667875364223,long
1914,"{'window_k': 117, 'window_d': 117, 'window_ma': 162}","open_time
2022-01-01 00:00:00    100.000000
2022-01-01 01:00:00    100.000000
2022-01-01 02:00:00    100.000000
2022-01-01 03:00:00    100.000000
2022-01-01 04:00:00    100.000000
                          ...    
2023-05-01 19:00:00     94.431487
2023-05-01 20:00:00     94.214621
2023-05-01 21:00:00     94.689015
2023-05-01 22:00:00     95.109193
2023-05-01 23:00:00     95.109193
Freq: H, Length: 11664, dtype: float64",2022-01-01,2023-05-01 23:00:00,486 days,100.0,62.99684521131689,130.0574701936289,95.10919257599876,-4.890807424001238,-70.17976286600607,40.90363511659808,100.0,51.56230155982004,391 days 18:00:00,71,0.0,36,31.428571428571427,30.99071793900361,-15.605817987723498,13.365289750902686,-5.535063941294809,7 days 21:00:00,4 days 12:15:00,0.9580668174313651,-0.149031602093042,0.2375414136807204,-0.07167967267369256,1.011392423243473,0.33286618356619474,long
1900,"{'window_k': 117, 'window_d': 102, 'window_ma': 192}","open_time
2022-01-01 00:00:00    100.000000
2022-01-01 01:00:00    100.000000
2022-01-01 02:00:00    100.000000
2022-01-01 03:00:00    100.000000
2022-01-01 04:00:00    100.000000
                          ...    
2023-05-01 19:00:00     93.946521
2023-05-01 20:00:00     93.730769
2023-05-01 21:00:00     94.202727
2023-05-01 22:00:00     94.620746
2023-05-01 23:00:00     94.620746
Freq: H, Length: 11664, dtype: float64",2022-01-01,2023-05-01 23:00:00,486 days,100.0,57.62544117502669,132.0298755060526,94.62074645155182,-5.379253548448176,-70.17976286600607,42.009602194787384,100.0,56.35424107297218,391 days 18:00:00,75,0.0,38,27.027027027027028,34.08123791102516,-22.867874502872297,17.75981597043127,-5.892262265031346,7 days 12:30:00,4 days 14:40:00,0.9576555155428162,-0.18000759954534473,0.26133249382801765,-0.07218005981165236,1.0129628889437245,0.3730296258882714,long
3480,"{'window_k': 207, 'window_d': 147, 'window_ma': 132}","open_time
2022-01-01 00:00:00    100.000000
2022-01-01 01:00:00    100.000000
2022-01-01 02:00:00    100.000000
2022-01-01 03:00:00    100.000000
2022-01-01 04:00:00    100.000000
                          ...    
2023-05-01 19:00:00     94.661934
2023-05-01 20:00:00     94.444539
2023-05-01 21:00:00     94.920091
2023-05-01 22:00:00     95.341294
2023-05-01 23:00:00     95.341294
Freq: H, Length: 11664, dtype: float64",2022-01-01,2023-05-01 23:00:00,486 days,100.0,73.03606254288097,142.32799671000072,95.3412937629835,-4.658706237016503,-70.17976286600607,35.82818930041152,100.0,48.68468310441057,309 days 12:00:00,47,0.0,24,34.78260869565217,38.717576637039734,-23.145400593471813,17.838636285574648,-8.100168345092694,9 days 12:15:00,6 days 10:20:00,0.966405290436428,-0.19132824682695038,0.23402568529562628,-0.0722920984665312,1.0126452313564889,0.3454739545699675,long
1948,"{'window_k': 117, 'window_d': 147, 'window_ma': 192}","open_time
2022-01-01 00:00:00    100.000000
2022-01-01 01:00:00    100.000000
2022-01-01 02:00:00    100.000000
2022-01-01 03:00:00    100.000000
2022-01-01 04:00:00    100.000000
                          ...    
2023-05-01 19:00:00     94.415806
2023-05-01 20:00:00     94.198976
2023-05-01 21:00:00     94.673291
2023-05-01 22:00:00     95.093399
2023-05-01 23:00:00     95.093399
Freq: H, Length: 11664, dtype: float64",2022-01-01,2023-05-01 23:00:00,486 days,100.0,68.26079048613592,139.8941289701636,95.09339899683721,-4.906601003162791,-70.17976286600607,41.9238683127572,100.0,51.205392972070705,451 days 16:00:00,59,0.0,30,37.93103448275862,37.51142247943951,-12.134443541835909,14.365865934126749,-7.547170413814226,9 days 07:05:27.272727272,5 days 11:43:20,0.9651037888885312,-0.16311816648353616,0.2434730321849368,-0.07241384895220927,1.011662480784684,0.34616208484995187,long
561,"{'window_k': 42, 'window_d': 57, 'window_ma': 27}","open_time
2022-01-01 00:00:00    100.000000
2022-01-01 01:00:00    100.000000
2022-01-01 02:00:00    100.000000
2022-01-01 03:00:00    100.000000
2022-01-01 04:00:00    100.000000
                          ...    
2023-05-01 19:00:00     95.930823
2023-05-01 20:00:00     95.930823
2023-05-01 21:00:00     95.930823
2023-05-01 22:00:00     95.930823
2023-05-01 23:00:00     95.930823
Freq: H, Length: 11664, dtype: float64",2022-01-01,2023-05-01 23:00:00,486 days,100.0,87.74309074300876,150.198763709845,95.93082305872107,-4.069176941278926,-70.17976286600607,29.4238683127572,100.0,41.58201534034497,387 days 01:00:00,132,0.0,66,37.878787878787875,20.918866080156388,-15.315205462748452,5.97982621584267,-3.4456654715168553,2 days 21:50:24,1 days 17:07:19.024390243,0.9759169451034766,-0.06165419607998324,0.1836407460414251,-0.07387372004016861,1.010323550973462,0.25800768538769614,long
3859,"{'window_k': 237, 'window_d': 27, 'window_ma': 57}","open_time
2022-01-01 00:00:00    100.000000
2022-01-01 01:00:00    100.000000
2022-01-01 02:00:00    100.000000
2022-01-01 03:00:00    100.000000
2022-01-01 04:00:00    100.000000
                          ...    
2023-05-01 19:00:00     93.617798
2023-05-01 20:00:00     93.617798
2023-05-01 21:00:00     93.617798
2023-05-01 22:00:00     93.617798
2023-05-01 23:00:00     93.617798
Freq: H, Length: 11664, dtype: float64",2022-01-01,2023-05-01 23:00:00,486 days,100.0,41.26544122919727,117.56196765857449,93.61779794195671,-6.3822020580432905,-70.17976286600607,34.447873799725656,100.0,64.89898727363847,439 days 04:00:00,186,0.0,93,34.40860215053764,22.264685067232833,-13.671753347866703,7.212999993511147,-3.5374037512433643,2 days 19:07:30,1 days 06:39:20.655737704,0.9623527067691777,-0.06862582858111033,0.2599079873408277,-0.07445954522805288,1.0158540051969864,0.40502558776846564,long
1414,"{'window_k': 87, 'window_d': 132, 'window_ma': 102}","open_time
2022-01-01 00:00:00    100.000000
2022-01-01 01:00:00    100.000000
2022-01-01 02:00:00    100.000000
2022-01-01 03:00:00    100.000000
2022-01-01 04:00:00    100.000000
                          ...    
2023-05-01 19:00:00     93.783115
2023-05-01 20:00:00     93.567739
2023-05-01 21:00:00     94.038875
2023-05-01 22:00:00     94.456168
2023-05-01 23:00:00     94.456168
Freq: H, Length: 11664, dtype: float64",2022-01-01,2023-05-01 23:00:00,486 days,100.0,58.42791186052669,129.42658713388678,94.45616776272313,-5.543832237276874,-70.17976286600607,38.75171467764061,100.0,54.85632963489543,391 days 18:00:00,73,0.0,37,41.66666666666667,35.84181224803226,-16.27301841473178,10.19074364987273,-6.527694954997224,6 days 07:28:00,4 days 06:34:17.142857142,0.9549725020670008,-0.16296937134925216,0.21486936588230027,-0.07643596203408017,1.0105610920426957,0.3019525598529476,long
693,"{'window_k': 42, 'window_d': 177, 'window_ma': 87}","open_time
2022-01-01 00:00:00    100.000000
2022-01-01 01:00:00    100.000000
2022-01-01 02:00:00    100.000000
2022-01-01 03:00:00    100.000000
2022-01-01 04:00:00    100.000000
                          ...    
2023-05-01 19:00:00     94.835179
2023-05-01 20:00:00     94.835179
2023-05-01 21:00:00     94.835179
2023-05-01 22:00:00     94.835179
2023-05-01 23:00:00     94.835179
Freq: H, Length: 11664, dtype: float64",2022-01-01,2023-05-01 23:00:00,486 days,100.0,68.5860116390259,140.06439964906778,94.83517883030574,-5.164821169694264,-70.17976286600607,35.408093278463646,100.0,51.03251660602653,309 days 12:00:00,70,0.0,35,34.285714285714285,42.01481067486377,-11.770211770211784,12.180683406672916,-5.671991881589351,6 days 22:20:00,3 days 20:46:57.391304347,0.9624757812231113,-0.14756631913412255,0.19199362271452233,-0.07650849941109522,1.0096719960697498,0.2715788250074846,long
1602,"{'window_k': 102, 'window_d': 72, 'window_ma': 42}","open_time
2022-01-01 00:00:00    100.000000
2022-01-01 01:00:00    100.000000
2022-01-01 02:00:00    100.000000
2022-01-01 03:00:00    100.000000
2022-01-01 04:00:00    100.000000
                          ...    
2023-05-01 19:00:00     95.354178
2023-05-01 20:00:00     95.354178
2023-05-01 21:00:00     95.354178
2023-05-01 22:00:00     95.354178
2023-05-01 23:00:00     95.354178
Freq: H, Length: 11664, dtype: float64",2022-01-01,2023-05-01 23:00:00,486 days,100.0,69.73124219594465,141.21376876849607,95.35417781448707,-4.645822185512927,-70.17976286600607,31.88443072702332,100.0,44.8260305644843,194 days 16:00:00,106,0.0,53,39.62264150943396,23.674841772151876,-17.674642298905855,8.062977714831739,-4.9055564236109,3 days 21:08:34.285714285,2 days 07:05:37.500000,0.9726181870713614,-0.08765702236816741,0.25250934117594437,-0.0782966083322452,1.0163020045495297,0.3929944853578369,long
1897,"{'window_k': 117, 'window_d': 102, 'window_ma': 147}","open_time
2022-01-01 00:00:00    100.000000
2022-01-01 01:00:00    100.000000
2022-01-01 02:00:00    100.000000
2022-01-01 03:00:00    100.000000
2022-01-01 04:00:00    100.000000
                          ...    
2023-05-01 19:00:00     93.458417
2023-05-01 20:00:00     93.243786
2023-05-01 21:00:00     93.713291
2023-05-01 22:00:00     94.129139
2023-05-01 23:00:00     94.129139
Freq: H, Length: 11664, dtype: float64",2022-01-01,2023-05-01 23:00:00,486 days,100.0,57.62544117502669,132.0298755060526,94.1291391673469,-5.8708608326530936,-70.17976286600607,41.786694101508914,100.0,56.35424107297218,391 days 18:00:00,75,0.0,38,27.027027027027028,34.08123791102516,-22.867874502872297,17.75981597043127,-5.910569739057617,7 days 12:30:00,4 days 13:42:13.333333333,0.9546989503360795,-0.19311440048540351,0.2551606825110287,-0.07882679549353924,1.0126780640357715,0.36415793283208786,long
3690,"{'window_k': 222, 'window_d': 102, 'window_ma': 162}","open_time
2022-01-01 00:00:00    100.000000
2022-01-01 01:00:00    100.000000
2022-01-01 02:00:00    100.000000
2022-01-01 03:00:00    100.000000
2022-01-01 04:00:00    100.000000
                          ...    
2023-05-01 19:00:00     93.681596
2023-05-01 20:00:00     93.466453
2023-05-01 21:00:00     93.937079
2023-05-01 22:00:00     94.353920
2023-05-01 23:00:00     94.353920
Freq: H, Length: 11664, dtype: float64",2022-01-01,2023-05-01 23:00:00,486 days,100.0,70.30748318232622,152.99979047257645,94.35392000445844,-5.646079995541555,-70.17976286600607,38.79458161865569,100.0,54.04733368250718,355 days 14:00:00,63,0.0,32,41.935483870967744,37.70761633996708,-25.0729517396184,13.591083519086222,-8.531532510815376,8 days 05:50:46.153846153,4 days 08:36:40,0.967435567458115,-0.1760590108292437,0.2843517063745675,-0.07902140131450922,1.0158423852656417,0.43181763307644117,long
1400,"{'window_k': 87, 'window_d': 117, 'window_ma': 132}","open_time
2022-01-01 00:00:00    100.000000
2022-01-01 01:00:00    100.000000
2022-01-01 02:00:00    100.000000
2022-01-01 03:00:00    100.000000
2022-01-01 04:00:00    100.000000
                          ...    
2023-05-01 19:00:00     93.425500
2023-05-01 20:00:00     93.210945
2023-05-01 21:00:00     93.680285
2023-05-01 22:00:00     94.095986
2023-05-01 23:00:00     94.095986
Freq: H, Length: 11664, dtype: float64",2022-01-01,2023-05-01 23:00:00,486 days,100.0,59.75349126969864,133.89367744390944,94.09598634719903,-5.90401365280097,-70.17976286600607,39.240397805212616,100.0,55.37243250732994,391 days 18:00:00,71,0.0,36,37.142857142857146,33.744221879815086,-17.202666354812308,12.643806656987785,-6.776040759120418,6 days 17:04:36.923076923,4 days 11:57:16.363636363,0.9434326347523551,-0.2242406474970915,0.21696207264631526,-0.08068097722017807,1.0105965635581229,0.3026453035817268,long
900,"{'window_k': 57, 'window_d': 132, 'window_ma': 72}","open_time
2022-01-01 00:00:00    100.000000
2022-01-01 01:00:00    100.000000
2022-01-01 02:00:00    100.000000
2022-01-01 03:00:00    100.000000
2022-01-01 04:00:00    100.000000
                          ...    
2023-05-01 19:00:00     95.152197
2023-05-01 20:00:00     95.152197
2023-05-01 21:00:00     95.152197
2023-05-01 22:00:00     95.152197
2023-05-01 23:00:00     95.152197
Freq: H, Length: 11664, dtype: float64",2022-01-01,2023-05-01 23:00:00,486 days,100.0,61.8466034331689,113.16827615694811,95.15219715163994,-4.847802848360061,-70.17976286600607,35.79389574759945,100.0,45.34987583676139,391 days 18:00:00,74,0.0,37,45.94594594594595,31.914893617021274,-19.06721536351165,8.435000876675575,-6.514920988282793,5 days 23:21:10.588235294,3 days 14:54:00,0.9599574513886371,-0.13102169860432644,0.21689416288119884,-0.08077789070752356,1.011073613290298,0.3037288953116377,long
1893,"{'window_k': 117, 'window_d': 102, 'window_ma': 87}","open_time
2022-01-01 00:00:00    100.000000
2022-01-01 01:00:00    100.000000
2022-01-01 02:00:00    100.000000
2022-01-01 03:00:00    100.000000
2022-01-01 04:00:00    100.000000
                          ...    
2023-05-01 19:00:00     94.115353
2023-05-01 20:00:00     94.115353
2023-05-01 21:00:00     94.115353
2023-05-01 22:00:00     94.115353
2023-05-01 23:00:00     94.115353
Freq: H, Length: 11664, dtype: float64",2022-01-01,2023-05-01 23:00:00,486 days,100.0,54.661755017511105,122.547103183202,94.11535290690814,-5.884647093091857,-70.17976286600607,38.117283950617285,100.0,55.106659750840116,394 days 07:00:00,76,0.0,38,31.57894736842105,34.08123791102516,-22.867874502872287,13.781543489633933,-5.698879131827257,6 days 07:24:59.999999999,4 days 05:06:55.384615384,0.959770400764671,-0.15485913402873308,0.23843976971586142,-0.0808021293947142,1.0125076921455394,0.34144591341413455,long
1904,"{'window_k': 117, 'window_d': 117, 'window_ma': 12}","open_time
2022-01-01 00:00:00    100.000000
2022-01-01 01:00:00    100.000000
2022-01-01 02:00:00    100.000000
2022-01-01 03:00:00    100.000000
2022-01-01 04:00:00    100.000000
                          ...    
2023-05-01 19:00:00     96.225667
2023-05-01 20:00:00     96.225667
2023-05-01 21:00:00     96.225667
2023-05-01 22:00:00     96.225667
2023-05-01 23:00:00     96.225667
Freq: H, Length: 11664, dtype: float64",2022-01-01,2023-05-01 23:00:00,486 days,100.0,69.42719502261166,106.79250737433188,96.22566687095156,-3.7743331290484434,-70.17976286600607,18.372770919067214,100.0,34.98870217621762,391 days 18:00:00,70,0.0,35,48.57142857142857,19.73858685357078,-14.74506201194304,5.362456193958687,-5.028802835594205,2 days 12:38:49.411764705,2 days 16:52:56.470588235,0.9527949139668848,-0.10783808940138373,0.13588373195691472,-0.08140242670437087,1.0099362739903655,0.1901444522706005,long
2859,"{'window_k': 177, 'window_d': 42, 'window_ma': 177}","open_time
2022-01-01 00:00:00    100.000000
2022-01-01 01:00:00    100.000000
2022-01-01 02:00:00    100.000000
2022-01-01 03:00:00    100.000000
2022-01-01 04:00:00    100.000000
                          ...    
2023-05-01 19:00:00     94.317717
2023-05-01 20:00:00     94.317717
2023-05-01 21:00:00     94.317717
2023-05-01 22:00:00     94.317717
2023-05-01 23:00:00     94.317717
Freq: H, Length: 11664, dtype: float64",2022-01-01,2023-05-01 23:00:00,486 days,100.0,57.785277086961976,121.77743887776491,94.31771680218192,-5.68228319781808,-70.17976286600607,40.90363511659808,100.0,52.548454278986426,430 days 01:00:00,136,0.0,68,33.82352941176471,29.82059967381759,-15.937687237866987,8.654182814582505,-4.138568216974522,4 days 08:13:02.608695652,2 days 04:45:20,0.9648107445705407,-0.08356298820320696,0.30009527299421634,-0.08180037551249524,1.0163442040765513,0.4642414113860337,long
1398,"{'window_k': 87, 'window_d': 117, 'window_ma': 102}","open_time
2022-01-01 00:00:00    100.000000
2022-01-01 01:00:00    100.000000
2022-01-01 02:00:00    100.000000
2022-01-01 03:00:00    100.000000
2022-01-01 04:00:00    100.000000
                          ...    
2023-05-01 19:00:00     93.306339
2023-05-01 20:00:00     93.092058
2023-05-01 21:00:00     93.560799
2023-05-01 22:00:00     93.975970
2023-05-01 23:00:00     93.975970
Freq: H, Length: 11664, dtype: float64",2022-01-01,2023-05-01 23:00:00,486 days,100.0,62.39783387878594,140.07739379123083,93.9759700810266,-6.0240299189733975,-70.17976286600607,38.228737997256516,100.0,55.45474384554676,391 days 18:00:00,71,0.0,36,40.0,33.744221879815086,-17.20266635481231,11.511208731230168,-6.9702266907295005,6 days 07:55:42.857142857,4 days 09:54:17.142857142,0.9429293636506824,-0.22759882572196144,0.21103083389118443,-0.08221169033004803,1.0104905317290183,0.294449959386057,long
3707,"{'window_k': 222, 'window_d': 117, 'window_ma': 177}","open_time
2022-01-01 00:00:00    100.000000
2022-01-01 01:00:00    100.000000
2022-01-01 02:00:00    100.000000
2022-01-01 03:00:00    100.000000
2022-01-01 04:00:00    100.000000
                          ...    
2023-05-01 19:00:00     93.314154
2023-05-01 20:00:00     93.099854
2023-05-01 21:00:00     93.568634
2023-05-01 22:00:00     93.983840
2023-05-01 23:00:00     93.983840
Freq: H, Length: 11664, dtype: float64",2022-01-01,2023-05-01 23:00:00,486 days,100.0,65.41724189784682,145.5433125576599,93.98384027099361,-6.0161597290063895,-70.17976286600607,38.30589849108368,100.0,55.05307612678496,309 days 12:00:00,59,0.0,30,37.93103448275862,40.57547314971535,-24.95575221238938,14.310389589124684,-7.5480749175236355,8 days 14:43:38.181818181,4 days 22:43:20,0.9647004965128283,-0.17420037209597616,0.2705777089825817,-0.08270247057430499,1.0153751317764315,0.41438729852681183,long
906,"{'window_k': 57, 'window_d': 132, 'window_ma': 162}","open_time
2022-01-01 00:00:00    100.000000
2022-01-01 01:00:00    100.000000
2022-01-01 02:00:00    100.000000
2022-01-01 03:00:00    100.000000
2022-01-01 04:00:00    100.000000
                          ...    
2023-05-01 19:00:00     94.327732
2023-05-01 20:00:00     94.111104
2023-05-01 21:00:00     94.584977
2023-05-01 22:00:00     95.004693
2023-05-01 23:00:00     95.004693
Freq: H, Length: 11664, dtype: float64",2022-01-01,2023-05-01 23:00:00,486 days,100.0,64.26066085339102,117.58557155596931,95.00469285370647,-4.995307146293527,-70.17976286600607,39.017489711934154,100.0,45.349875836761385,391 days 18:00:00,75,0.0,38,40.54054054054054,31.914893617021285,-19.06721536351165,9.72374129816159,-6.05187986611819,7 days 02:44:00,3 days 13:35:27.272727272,0.949479163113808,-0.16977115833225032,0.22623970918620612,-0.08325156271390347,1.011094378800208,0.3163985959398814,long
649,"{'window_k': 42, 'window_d': 132, 'window_ma': 147}","open_time
2022-01-01 00:00:00    100.000000
2022-01-01 01:00:00    100.000000
2022-01-01 02:00:00    100.000000
2022-01-01 03:00:00    100.000000
2022-01-01 04:00:00    100.000000
                          ...    
2023-05-01 19:00:00     94.013331
2023-05-01 20:00:00     93.797425
2023-05-01 21:00:00     94.269719
2023-05-01 22:00:00     94.688035
2023-05-01 23:00:00     94.688035
Freq: H, Length: 11664, dtype: float64",2022-01-01,2023-05-01 23:00:00,486 days,100.0,65.97164302770598,127.28873055255941,94.68803538323868,-5.3119646167613155,-70.17976286600607,38.460219478738,100.0,48.17165452014206,439 days 04:00:00,83,0.0,42,39.02439024390244,38.51599727705922,-18.89736477115118,10.117635174392095,-5.891577328494293,6 days 02:00:00,3 days 09:26:24,0.9563486875998526,-0.1539153009387455,0.21888355128729411,-0.08337726049992253,1.0108146926386223,0.3077163543571584,long
3822,"{'window_k': 222, 'window_d': 222, 'window_ma': 222}","open_time
2022-01-01 00:00:00    100.000000
2022-01-01 01:00:00    100.000000
2022-01-01 02:00:00    100.000000
2022-01-01 03:00:00    100.000000
2022-01-01 04:00:00    100.000000
                          ...    
2023-05-01 19:00:00     93.378001
2023-05-01 20:00:00     93.378001
2023-05-01 21:00:00     93.378001
2023-05-01 22:00:00     93.378001
2023-05-01 23:00:00     93.378001
Freq: H, Length: 11664, dtype: float64",2022-01-01,2023-05-01 23:00:00,486 days,100.0,58.97812172671771,146.2860661373154,93.37800104649875,-6.621998953501247,-70.17976286600607,35.288065843621396,100.0,59.68302157270653,349 days 17:00:00,36,0.0,18,44.44444444444444,41.701818181818176,-18.767692017361767,11.560947265777418,-8.304035989373194,10 days 10:37:30,8 days 19:06:00,0.9135567386636237,-0.36788883075006984,0.17633952374374634,-0.0840353461163001,1.009321882240141,0.24968710524808452,long
708,"{'window_k': 42, 'window_d': 192, 'window_ma': 72}","open_time
2022-01-01 00:00:00    100.000000
2022-01-01 01:00:00    100.000000
2022-01-01 02:00:00    100.000000
2022-01-01 03:00:00    100.000000
2022-01-01 04:00:00    100.000000
                          ...    
2023-05-01 19:00:00     93.260887
2023-05-01 20:00:00     93.046710
2023-05-01 21:00:00     93.515223
2023-05-01 22:00:00     93.930192
2023-05-01 23:00:00     93.930192
Freq: H, Length: 11664, dtype: float64",2022-01-01,2023-05-01 23:00:00,486 days,100.0,64.72401372925219,142.3400081598667,93.9301917941019,-6.069808205898099,-70.17976286600607,32.475994513031544,100.0,54.52858646982895,309 days 12:00:00,59,0.0,30,31.03448275862069,34.345749761222535,-12.200435729847491,14.113112525356946,-5.815699468673028,8 days 09:40:00,3 days 23:33:00,0.9511283205809892,-0.20468783821972192,0.1638902601927156,-0.08424841761016444,1.0087038417501837,0.2297132124759259,long
1256,"{'window_k': 72, 'window_d': 222, 'window_ma': 132}","open_time
2022-01-01 00:00:00    100.000000
2022-01-01 01:00:00    100.000000
2022-01-01 02:00:00    100.000000
2022-01-01 03:00:00    100.000000
2022-01-01 04:00:00    100.000000
                          ...    
2023-05-01 19:00:00     92.611631
2023-05-01 20:00:00     92.398944
2023-05-01 21:00:00     92.864196
2023-05-01 22:00:00     93.276276
2023-05-01 23:00:00     93.276276
Freq: H, Length: 11664, dtype: float64",2022-01-01,2023-05-01 23:00:00,486 days,100.0,61.610667674658146,152.9224658788153,93.27627571003482,-6.723724289965176,-70.17976286600607,33.89917695473251,100.0,59.71117303099073,391 days 18:00:00,49,0.0,25,45.83333333333333,40.3702071397091,-27.28974020255394,12.806475602198708,-9.516291898491163,8 days 19:21:49.090909091,5 days 04:27:41.538461538,0.9423124052784693,-0.2890171117408098,0.17259187498169978,-0.08529738596621018,1.0090511682815855,0.24142347414047,long
3712,"{'window_k': 222, 'window_d': 132, 'window_ma': 12}","open_time
2022-01-01 00:00:00    100.000000
2022-01-01 01:00:00    100.000000
2022-01-01 02:00:00    100.000000
2022-01-01 03:00:00    100.000000
2022-01-01 04:00:00    100.000000
                          ...    
2023-05-01 19:00:00     94.847482
2023-05-01 20:00:00     94.629661
2023-05-01 21:00:00     95.106145
2023-05-01 22:00:00     95.106145
2023-05-01 23:00:00     95.106145
Freq: H, Length: 11664, dtype: float64",2022-01-01,2023-05-01 23:00:00,486 days,100.0,64.52147087284543,113.87695399561305,95.10614488486485,-4.893855115135153,-70.17976286600607,13.005829903978054,100.0,43.341063657769574,391 days 18:00:00,54,0.0,27,44.44444444444444,22.33404296497,-15.049967087547126,6.295670516383684,-5.130123993269293,2 days 10:05:00,2 days 10:08:34.285714285,0.9240995595112633,-0.18125389315315354,0.060663102195800685,-0.08532985243399427,1.0052487609808607,0.08313405820835502,long
1588,"{'window_k': 102, 'window_d': 57, 'window_ma': 72}","open_time
2022-01-01 00:00:00    100.00000
2022-01-01 01:00:00    100.00000
2022-01-01 02:00:00    100.00000
2022-01-01 03:00:00    100.00000
2022-01-01 04:00:00    100.00000
                         ...    
2023-05-01 19:00:00     94.13386
2023-05-01 20:00:00     94.13386
2023-05-01 21:00:00     94.13386
2023-05-01 22:00:00     94.13386
2023-05-01 23:00:00     94.13386
Freq: H, Length: 11664, dtype: float64",2022-01-01,2023-05-01 23:00:00,486 days,100.0,71.32458297645836,171.33642297776208,94.1338602354767,-5.866139764523297,-70.17976286600607,42.018175582990395,100.0,51.84393787335543,194 days 16:00:00,114,0.0,57,35.08771929824561,34.98877294941222,-20.093245394587214,9.997133264468859,-4.912062034679588,4 days 13:33:00,3 days 01:14:35.675675675,0.9717708162947024,-0.10291473271093476,0.29735902548898396,-0.08561511661201439,1.0157346662164075,0.4504702050882749,long
821,"{'window_k': 57, 'window_d': 57, 'window_ma': 87}","open_time
2022-01-01 00:00:00    100.000000
2022-01-01 01:00:00    100.000000
2022-01-01 02:00:00    100.000000
2022-01-01 03:00:00    100.000000
2022-01-01 04:00:00    100.000000
                          ...    
2023-05-01 19:00:00     93.946095
2023-05-01 20:00:00     93.946095
2023-05-01 21:00:00     93.946095
2023-05-01 22:00:00     93.946095
2023-05-01 23:00:00     93.946095
Freq: H, Length: 11664, dtype: float64",2022-01-01,2023-05-01 23:00:00,486 days,100.0,71.1527918888436,152.7998000060735,93.94609461495506,-6.053905385044942,-70.17976286600607,42.712620027434845,100.0,53.43397577351842,391 days 18:00:00,134,0.0,67,43.28358208955223,22.56671899529042,-14.937355552852457,6.839050353565986,-4.886819699270923,4 days 01:20:41.379310344,2 days 08:48:56.842105263,0.9689638066568554,-0.09035679679171427,0.29163084771284253,-0.0857472455990671,1.0157532793270687,0.4518535442199083,long
679,"{'window_k': 42, 'window_d': 162, 'window_ma': 117}","open_time
2022-01-01 00:00:00    100.000000
2022-01-01 01:00:00    100.000000
2022-01-01 02:00:00    100.000000
2022-01-01 03:00:00    100.000000
2022-01-01 04:00:00    100.000000
                          ...    
2023-05-01 19:00:00     92.657316
2023-05-01 20:00:00     92.444525
2023-05-01 21:00:00     92.910006
2023-05-01 22:00:00     93.322289
2023-05-01 23:00:00     93.322289
Freq: H, Length: 11664, dtype: float64",2022-01-01,2023-05-01 23:00:00,486 days,100.0,68.44139753883266,166.33497262748836,93.32228932280252,-6.677710677197482,-70.17976286600607,35.871056241426615,100.0,58.853272731700855,397 days 07:00:00,79,0.0,40,30.76923076923077,33.816682187042694,-16.308985132514543,12.442666186121876,-5.043686236087119,6 days 14:55:00,3 days 09:06:40,0.9513416600202,-0.18418179591746453,0.18268865497637124,-0.08594335139120335,1.0093273398866769,0.2553608110379067,long
2272,"{'window_k': 132, 'window_d': 222, 'window_ma': 12}","open_time
2022-01-01 00:00:00    100.000000
2022-01-01 01:00:00    100.000000
2022-01-01 02:00:00    100.000000
2022-01-01 03:00:00    100.000000
2022-01-01 04:00:00    100.000000
                          ...    
2023-05-01 19:00:00     95.703299
2023-05-01 20:00:00     95.703299
2023-05-01 21:00:00     95.703299
2023-05-01 22:00:00     95.703299
2023-05-01 23:00:00     95.703299
Freq: H, Length: 11664, dtype: float64",2022-01-01,2023-05-01 23:00:00,486 days,100.0,79.03169732318578,126.82350183141007,95.7032987725795,-4.296701227420499,-70.17976286600607,12.311385459533607,100.0,37.68371304851307,391 days 18:00:00,40,0.0,20,60.0,16.00293631859058,-22.865444792132315,4.331123712802531,-6.221850270485536,2 days 19:34:59.999999999,3 days 06:07:30,0.919853126638504,-0.21483506137102504,0.0671599978753053,-0.08609881478124577,1.0057584655051668,0.09302293969832971,long
1843,"{'window_k': 117, 'window_d': 57, 'window_ma': 57}","open_time
2022-01-01 00:00:00    100.000000
2022-01-01 01:00:00    100.000000
2022-01-01 02:00:00    100.000000
2022-01-01 03:00:00    100.000000
2022-01-01 04:00:00    100.000000
                          ...    
2023-05-01 19:00:00     93.456502
2023-05-01 20:00:00     93.241875
2023-05-01 21:00:00     93.711371
2023-05-01 22:00:00     94.127210
2023-05-01 23:00:00     94.127210
Freq: H, Length: 11664, dtype: float64",2022-01-01,2023-05-01 23:00:00,486 days,100.0,61.11968404683501,149.59636348333453,94.12720993067072,-5.872790069329284,-70.17976286600607,35.339506172839506,100.0,51.54423376335775,275 days 07:00:00,111,0.0,56,40.0,31.868131868131865,-20.093245394587207,8.920130290636068,-5.438552348160609,3 days 15:13:38.181818181,2 days 14:32:43.636363636,0.9632455990985115,-0.12726509269866693,0.2629468800343844,-0.08621129501047084,1.015710229555953,0.4059644787064321,long
2900,"{'window_k': 177, 'window_d': 87, 'window_ma': 72}","open_time
2022-01-01 00:00:00    100.000000
2022-01-01 01:00:00    100.000000
2022-01-01 02:00:00    100.000000
2022-01-01 03:00:00    100.000000
2022-01-01 04:00:00    100.000000
                          ...    
2023-05-01 19:00:00     93.706086
2023-05-01 20:00:00     93.706086
2023-05-01 21:00:00     93.706086
2023-05-01 22:00:00     93.706086
2023-05-01 23:00:00     93.706086
Freq: H, Length: 11664, dtype: float64",2022-01-01,2023-05-01 23:00:00,486 days,100.0,75.5964870812042,168.33486192362494,93.70608583755488,-6.293914162445119,-70.17976286600607,36.599794238683124,100.0,55.091603594564376,286 days 02:00:00,72,0.0,36,38.88888888888889,35.92964824120603,-19.102132435465773,12.56842940382406,-7.179887952729433,7 days 04:00:00,3 days 12:35:27.272727272,0.9648463965866375,-0.17483094895681006,0.26880483948265776,-0.08649144713245548,1.0154031883923753,0.41303817285462663,long
1418,"{'window_k': 87, 'window_d': 132, 'window_ma': 162}","open_time
2022-01-01 00:00:00    100.000000
2022-01-01 01:00:00    100.000000
2022-01-01 02:00:00    100.000000
2022-01-01 03:00:00    100.000000
2022-01-01 04:00:00    100.000000
                          ...    
2023-05-01 19:00:00     93.047788
2023-05-01 20:00:00     92.834100
2023-05-01 21:00:00     93.301542
2023-05-01 22:00:00     93.715563
2023-05-01 23:00:00     93.715563
Freq: H, Length: 11664, dtype: float64",2022-01-01,2023-05-01 23:00:00,486 days,100.0,59.74299969831084,132.33970391670093,93.71556302394413,-6.284436976055872,-70.17976286600607,39.531893004115226,100.0,54.85632963489544,391 days 18:00:00,73,0.0,37,36.11111111111111,35.84181224803226,-16.273018414731784,11.772468043736094,-6.002483107498789,6 days 13:50:46.153846153,4 days 11:10:26.086956521,0.9489050156961986,-0.183471362300915,0.20962020264486364,-0.08673053532824508,1.0101731632084017,0.29465894950343274,long
984,"{'window_k': 57, 'window_d': 207, 'window_ma': 132}","open_time
2022-01-01 00:00:00    100.000000
2022-01-01 01:00:00    100.000000
2022-01-01 02:00:00    100.000000
2022-01-01 03:00:00    100.000000
2022-01-01 04:00:00    100.000000
                          ...    
2023-05-01 19:00:00     92.474096
2023-05-01 20:00:00     92.261726
2023-05-01 21:00:00     92.726286
2023-05-01 22:00:00     93.137754
2023-05-01 23:00:00     93.137754
Freq: H, Length: 11664, dtype: float64",2022-01-01,2023-05-01 23:00:00,486 days,100.0,52.19857473064771,129.70740459035437,93.1377541004833,-6.862245899516693,-70.17976286600607,35.32235939643347,100.0,59.75667318646708,355 days 14:00:00,55,0.0,28,33.33333333333333,43.62209570703187,-14.715020355688882,16.037380635881824,-7.140564069889899,9 days 23:46:40,4 days 10:26:40,0.9346685569546388,-0.25809004327961427,0.21952189676592423,-0.08700415465474436,1.0125630751518615,0.3280604028545635,long
3682,"{'window_k': 222, 'window_d': 102, 'window_ma': 42}","open_time
2022-01-01 00:00:00    100.000000
2022-01-01 01:00:00    100.000000
2022-01-01 02:00:00    100.000000
2022-01-01 03:00:00    100.000000
2022-01-01 04:00:00    100.000000
                          ...    
2023-05-01 19:00:00     93.835607
2023-05-01 20:00:00     93.835607
2023-05-01 21:00:00     93.835607
2023-05-01 22:00:00     93.835607
2023-05-01 23:00:00     93.835607
Freq: H, Length: 11664, dtype: float64",2022-01-01,2023-05-01 23:00:00,486 days,100.0,79.94659887431179,171.4040772558822,93.83560713861108,-6.164392861388919,-70.17976286600607,26.808984910836763,100.0,53.35781963053145,355 days 14:00:00,64,0.0,32,37.5,33.63896848137536,-25.07295173961841,12.221815600253587,-6.454092059418729,4 days 19:05:00,3 days 15:18:00,0.959578502276207,-0.19263727691840238,0.2158889090636066,-0.08744937748996194,1.015079083141476,0.33525235349136656,long
1665,"{'window_k': 102, 'window_d': 132, 'window_ma': 27}","open_time
2022-01-01 00:00:00    100.000000
2022-01-01 01:00:00    100.000000
2022-01-01 02:00:00    100.000000
2022-01-01 03:00:00    100.000000
2022-01-01 04:00:00    100.000000
                          ...    
2023-05-01 19:00:00     93.450221
2023-05-01 20:00:00     93.235608
2023-05-01 21:00:00     93.705073
2023-05-01 22:00:00     94.120884
2023-05-01 23:00:00     94.120884
Freq: H, Length: 11664, dtype: float64",2022-01-01,2023-05-01 23:00:00,486 days,100.0,66.22653821395961,132.81146483233272,94.12088398391278,-5.879116016087224,-70.17976286600607,28.935185185185187,100.0,50.1349237450494,451 days 16:00:00,69,0.0,35,35.294117647058826,30.207134637514383,-15.248774592090239,8.760856499163106,-4.52754941222659,3 days 21:35:00,4 days 02:21:49.090909090,0.9370038359863134,-0.18632844243952595,0.16174587447802907,-0.08873092749252519,1.0092367756307876,0.22816451895098902,long
644,"{'window_k': 42, 'window_d': 132, 'window_ma': 72}","open_time
2022-01-01 00:00:00    100.000000
2022-01-01 01:00:00    100.000000
2022-01-01 02:00:00    100.000000
2022-01-01 03:00:00    100.000000
2022-01-01 04:00:00    100.000000
                          ...    
2023-05-01 19:00:00     94.255459
2023-05-01 20:00:00     94.255459
2023-05-01 21:00:00     94.255459
2023-05-01 22:00:00     94.255459
2023-05-01 23:00:00     94.255459
Freq: H, Length: 11664, dtype: float64",2022-01-01,2023-05-01 23:00:00,486 days,100.0,60.41406498079075,120.7264808107445,94.25545894597374,-5.744541054026257,-70.17976286600607,35.63100137174211,100.0,48.971946924391794,391 days 23:00:00,84,0.0,42,40.476190476190474,38.51599727705922,-18.89736477115119,9.515086575185457,-5.891577328494288,5 days 04:42:21.176470588,3 days 09:26:24,0.9583301079097376,-0.13677478700062506,0.20272597556088232,-0.08874326873015027,1.0103823286544653,0.28507577698740594,long
2224,"{'window_k': 132, 'window_d': 177, 'window_ma': 12}","open_time
2022-01-01 00:00:00    100.000000
2022-01-01 01:00:00    100.000000
2022-01-01 02:00:00    100.000000
2022-01-01 03:00:00    100.000000
2022-01-01 04:00:00    100.000000
                          ...    
2023-05-01 19:00:00     94.919460
2023-05-01 20:00:00     94.701474
2023-05-01 21:00:00     95.178319
2023-05-01 22:00:00     95.178319
2023-05-01 23:00:00     95.178319
Freq: H, Length: 11664, dtype: float64",2022-01-01,2023-05-01 23:00:00,486 days,100.0,76.44010725588797,128.37266354433348,95.17831933780323,-4.821680662196769,-70.17976286600607,14.257544581618657,100.0,40.45452891184315,391 days 18:00:00,52,0.0,26,42.30769230769231,20.744985673352442,-8.974236184273536,5.307666438266551,-3.8744995928497916,2 days 13:43:38.181818181,2 days 17:35:59.999999999,0.9157783929178813,-0.1854492562383374,0.04723558109499284,-0.0900617396473058,1.0036995671368625,0.065504006643712,long
2912,"{'window_k': 177, 'window_d': 102, 'window_ma': 12}","open_time
2022-01-01 00:00:00    100.00000
2022-01-01 01:00:00    100.00000
2022-01-01 02:00:00    100.00000
2022-01-01 03:00:00    100.00000
2022-01-01 04:00:00    100.00000
                         ...    
2023-05-01 19:00:00     94.92354
2023-05-01 20:00:00     94.92354
2023-05-01 21:00:00     94.92354
2023-05-01 22:00:00     94.92354
2023-05-01 23:00:00     94.92354
Freq: H, Length: 11664, dtype: float64",2022-01-01,2023-05-01 23:00:00,486 days,100.0,75.58614126209484,131.45956451814212,94.9235402457438,-5.076459754256206,-70.17976286600607,17.386831275720166,100.0,42.502364480552075,355 days 14:00:00,68,0.0,34,47.05882352941176,19.797596457938017,-17.295454545454554,5.625361110443423,-4.747172436639722,2 days 08:30:00,2 days 14:26:40,0.9395573723697455,-0.14930763983106488,0.14631569674201203,-0.09028168580385669,1.0129307183641396,0.2329856070970216,long
3156,"{'window_k': 192, 'window_d': 87, 'window_ma': 72}","open_time
2022-01-01 00:00:00    100.000000
2022-01-01 01:00:00    100.000000
2022-01-01 02:00:00    100.000000
2022-01-01 03:00:00    100.000000
2022-01-01 04:00:00    100.000000
                          ...    
2023-05-01 19:00:00     93.079726
2023-05-01 20:00:00     93.079726
2023-05-01 21:00:00     93.079726
2023-05-01 22:00:00     93.079726
2023-05-01 23:00:00     93.079726
Freq: H, Length: 11664, dtype: float64",2022-01-01,2023-05-01 23:00:00,486 days,100.0,69.24358664772558,163.96967543484618,93.07972590770727,-6.920274092292729,-70.17976286600607,36.43689986282579,100.0,57.77049234006704,286 days 02:00:00,70,0.0,35,42.857142857142854,34.61247637051039,-16.535433070866155,10.924436145125698,-7.440627044399608,7 days 07:44:00,3 days 08:42:00,0.9574800505238071,-0.19772211692264818,0.2633777256082242,-0.09076331419237535,1.015117210740326,0.4036847581269995,long
3711,"{'window_k': 222, 'window_d': 117, 'window_ma': 237}","open_time
2022-01-01 00:00:00    100.000000
2022-01-01 01:00:00    100.000000
2022-01-01 02:00:00    100.000000
2022-01-01 03:00:00    100.000000
2022-01-01 04:00:00    100.000000
                          ...    
2023-05-01 19:00:00     92.886107
2023-05-01 20:00:00     92.672791
2023-05-01 21:00:00     93.139421
2023-05-01 22:00:00     93.552722
2023-05-01 23:00:00     93.552722
Freq: H, Length: 11664, dtype: float64",2022-01-01,2023-05-01 23:00:00,486 days,100.0,66.58631426549391,142.66375435407676,93.5527220524637,-6.447277947536306,-70.17976286600607,39.711934156378604,100.0,53.326397046699384,355 days 14:00:00,59,0.0,30,34.48275862068966,40.57547314971535,-24.955752212389378,15.33410956077116,-7.021558804788648,9 days 13:36:00,4 days 23:56:50.526315789,0.9603374086197077,-0.18921905603674105,0.271151883606376,-0.0915500883030016,1.015093671326497,0.41479317652988684,long
3474,"{'window_k': 207, 'window_d': 147, 'window_ma': 42}","open_time
2022-01-01 00:00:00    100.000000
2022-01-01 01:00:00    100.000000
2022-01-01 02:00:00    100.000000
2022-01-01 03:00:00    100.000000
2022-01-01 04:00:00    100.000000
                          ...    
2023-05-01 19:00:00     93.618535
2023-05-01 20:00:00     93.618535
2023-05-01 21:00:00     93.618535
2023-05-01 22:00:00     93.618535
2023-05-01 23:00:00     93.618535
Freq: H, Length: 11664, dtype: float64",2022-01-01,2023-05-01 23:00:00,486 days,100.0,72.62158687482992,153.12053275333642,93.61853539195218,-6.381464608047821,-70.17976286600607,25.137174211248286,100.0,52.572273901491165,353 days 18:00:00,46,0.0,23,34.78260869565217,37.84690730999459,-23.145400593471805,15.474857719723092,-7.195066145383406,6 days 15:30:00,4 days 14:24:00,0.9477414870277185,-0.27745498295860127,0.15807820782360066,-0.09190749619442261,1.0101809719298165,0.2366210240657981,long
3583,"{'window_k': 207, 'window_d': 237, 'window_ma': 237}","open_time
2022-01-01 00:00:00    100.000000
2022-01-01 01:00:00    100.000000
2022-01-01 02:00:00    100.000000
2022-01-01 03:00:00    100.000000
2022-01-01 04:00:00    100.000000
                          ...    
2023-05-01 19:00:00     94.381215
2023-05-01 20:00:00     94.381215
2023-05-01 21:00:00     94.381215
2023-05-01 22:00:00     94.381215
2023-05-01 23:00:00     94.381215
Freq: H, Length: 11664, dtype: float64",2022-01-01,2023-05-01 23:00:00,486 days,100.0,67.94891030645394,126.25407686333351,94.38121453485451,-5.618785465145493,-70.17976286600607,34.516460905349795,100.0,46.18081887366954,349 days 17:00:00,34,0.0,17,41.17647058823529,40.20245842371655,-23.423197492163013,11.370995843847734,-7.094453684382199,12 days 03:51:25.714285714,8 days 06:18:00,0.9182705409337711,-0.3305167920673817,0.18309033938366526,-0.09203169522598831,1.0097708956304297,0.2594982070516247,long
910,"{'window_k': 57, 'window_d': 132, 'window_ma': 222}","open_time
2022-01-01 00:00:00    100.000000
2022-01-01 01:00:00    100.000000
2022-01-01 02:00:00    100.000000
2022-01-01 03:00:00    100.000000
2022-01-01 04:00:00    100.000000
                          ...    
2023-05-01 19:00:00     93.788254
2023-05-01 20:00:00     93.572866
2023-05-01 21:00:00     94.044028
2023-05-01 22:00:00     94.461344
2023-05-01 23:00:00     94.461344
Freq: H, Length: 11664, dtype: float64",2022-01-01,2023-05-01 23:00:00,486 days,100.0,64.26066085339102,117.58557155596931,94.46134357009477,-5.538656429905231,-70.17976286600607,38.63168724279835,100.0,45.349875836761385,391 days 18:00:00,73,0.0,37,41.66666666666667,31.914893617021285,-19.067215363511664,9.688280976935891,-6.341276120760941,7 days 04:44:00,3 days 14:05:42.857142857,0.9451046028058595,-0.18937572169098837,0.21798330900776186,-0.0923718865189826,1.0107269678167228,0.30499410830769064,long
1419,"{'window_k': 87, 'window_d': 132, 'window_ma': 177}","open_time
2022-01-01 00:00:00    100.000000
2022-01-01 01:00:00    100.000000
2022-01-01 02:00:00    100.000000
2022-01-01 03:00:00    100.000000
2022-01-01 04:00:00    100.000000
                          ...    
2023-05-01 19:00:00     92.891639
2023-05-01 20:00:00     92.678309
2023-05-01 21:00:00     93.144967
2023-05-01 22:00:00     93.558293
2023-05-01 23:00:00     93.558293
Freq: H, Length: 11664, dtype: float64",2022-01-01,2023-05-01 23:00:00,486 days,100.0,62.517164069826826,132.33970391670093,93.55829325976154,-6.441706740238459,-70.17976286600607,40.45781893004115,100.0,52.76008467634381,391 days 18:00:00,73,0.0,37,36.11111111111111,35.84181224803227,-16.273018414731784,12.295254244977023,-6.283251350407559,6 days 11:46:09.230769230,4 days 17:02:36.521739130,0.950407374258739,-0.18782502507595566,0.20562253366862857,-0.09245213076336667,1.0098989958060234,0.2891659360112367,long
80,"{'window_k': 12, 'window_d': 87, 'window_ma': 12}","open_time
2022-01-01 00:00:00    100.000000
2022-01-01 01:00:00    100.000000
2022-01-01 02:00:00    100.000000
2022-01-01 03:00:00    100.000000
2022-01-01 04:00:00    100.000000
                          ...    
2023-05-01 19:00:00     93.988293
2023-05-01 20:00:00     93.988293
2023-05-01 21:00:00     93.988293
2023-05-01 22:00:00     93.988293
2023-05-01 23:00:00     93.988293
Freq: H, Length: 11664, dtype: float64",2022-01-01,2023-05-01 23:00:00,486 days,100.0,76.82319110653042,164.6181911180434,93.98829267185724,-6.011707328142762,-70.17976286600607,18.218449931412895,100.0,49.15385224800084,209 days 11:00:00,150,0.0,75,37.333333333333336,25.59366754617416,-15.314559616536846,5.2401203414525295,-2.9844652764692308,1 days 10:12:51.428571428,1 days 00:49:47.234042553,0.9625016258365184,-0.0801560977085698,0.1507309849700039,-0.09255896093023146,1.013262750550542,0.24331897174663342,long
2954,"{'window_k': 177, 'window_d': 132, 'window_ma': 162}","open_time
2022-01-01 00:00:00    100.000000
2022-01-01 01:00:00    100.000000
2022-01-01 02:00:00    100.000000
2022-01-01 03:00:00    100.000000
2022-01-01 04:00:00    100.000000
                          ...    
2023-05-01 19:00:00     93.452218
2023-05-01 20:00:00     93.237601
2023-05-01 21:00:00     93.707075
2023-05-01 22:00:00     94.122895
2023-05-01 23:00:00     94.122895
Freq: H, Length: 11664, dtype: float64",2022-01-01,2023-05-01 23:00:00,486 days,100.0,74.02034694162919,141.81368808861257,94.1228954279398,-5.877104572060205,-70.17976286600607,39.8062414266118,100.0,47.80451172288995,391 days 18:00:00,57,0.0,29,28.57142857142857,39.963224026969044,-13.252279635258347,17.19018407180908,-6.026197499718132,10 days 06:30:00,5 days 10:30:00,0.9558137909871103,-0.19935737231382955,0.24940709253494378,-0.09302437183830181,1.0127964749427558,0.3603612361819928,long
928,"{'window_k': 57, 'window_d': 162, 'window_ma': 12}","open_time
2022-01-01 00:00:00    100.000000
2022-01-01 01:00:00    100.000000
2022-01-01 02:00:00    100.000000
2022-01-01 03:00:00    100.000000
2022-01-01 04:00:00    100.000000
                          ...    
2023-05-01 19:00:00     94.622693
2023-05-01 20:00:00     94.622693
2023-05-01 21:00:00     94.622693
2023-05-01 22:00:00     94.622693
2023-05-01 23:00:00     94.622693
Freq: H, Length: 11664, dtype: float64",2022-01-01,2023-05-01 23:00:00,486 days,100.0,67.03221709364706,118.87789048823149,94.62269305053317,-5.377306949466828,-70.17976286600607,17.91838134430727,100.0,43.612544924589635,391 days 18:00:00,72,0.0,36,50.0,29.46963216424294,-18.394715772618103,6.389235237242222,-5.916808132835402,2 days 14:33:20,2 days 05:33:20,0.9468377148300259,-0.1493696374851896,0.10431742339826192,-0.09323396020839136,1.0076799679213566,0.14555542806026106,long
660,"{'window_k': 42, 'window_d': 147, 'window_ma': 72}","open_time
2022-01-01 00:00:00    100.000000
2022-01-01 01:00:00    100.000000
2022-01-01 02:00:00    100.000000
2022-01-01 03:00:00    100.000000
2022-01-01 04:00:00    100.000000
                          ...    
2023-05-01 19:00:00     93.447905
2023-05-01 20:00:00     93.447905
2023-05-01 21:00:00     93.447905
2023-05-01 22:00:00     93.447905
2023-05-01 23:00:00     93.447905
Freq: H, Length: 11664, dtype: float64",2022-01-01,2023-05-01 23:00:00,486 days,100.0,61.17223608553679,130.44237265435157,93.44790484736761,-6.55209515263239,-70.17976286600607,34.919410150891636,100.0,53.10401456156274,286 days 02:00:00,78,0.0,39,41.02564102564102,35.68102444703144,-25.922934933087216,10.806427742457773,-6.666790637646929,6 days 06:15:00,3 days 00:33:54.782608695,0.9579387689643023,-0.16800243981108665,0.1917650777115555,-0.09344087060735395,1.009911682632164,0.2683562306509501,long
3708,"{'window_k': 222, 'window_d': 117, 'window_ma': 192}","open_time
2022-01-01 00:00:00    100.000000
2022-01-01 01:00:00    100.000000
2022-01-01 02:00:00    100.000000
2022-01-01 03:00:00    100.000000
2022-01-01 04:00:00    100.000000
                          ...    
2023-05-01 19:00:00     92.637810
2023-05-01 20:00:00     92.425064
2023-05-01 21:00:00     92.890447
2023-05-01 22:00:00     93.302643
2023-05-01 23:00:00     93.302643
Freq: H, Length: 11664, dtype: float64",2022-01-01,2023-05-01 23:00:00,486 days,100.0,66.40832003307501,143.007143192157,93.30264296134543,-6.697357038654574,-70.17976286600607,40.23491083676269,100.0,53.56293500399282,355 days 14:00:00,59,0.0,30,34.48275862068966,40.57547314971533,-24.955752212389378,15.9110674253616,-7.25278737729364,9 days 17:36:00,5 days 01:03:09.473684210,0.9607617400256916,-0.19793095608704991,0.2691568597984063,-0.09471211681661013,1.014867967253856,0.4117580106955757,long
1903,"{'window_k': 117, 'window_d': 102, 'window_ma': 237}","open_time
2022-01-01 00:00:00    100.000000
2022-01-01 01:00:00    100.000000
2022-01-01 02:00:00    100.000000
2022-01-01 03:00:00    100.000000
2022-01-01 04:00:00    100.000000
                          ...    
2023-05-01 19:00:00     92.196454
2023-05-01 20:00:00     91.984721
2023-05-01 21:00:00     92.447886
2023-05-01 22:00:00     92.858119
2023-05-01 23:00:00     92.858119
Freq: H, Length: 11664, dtype: float64",2022-01-01,2023-05-01 23:00:00,486 days,100.0,57.62544117502669,132.0298755060526,92.85811899724607,-7.141881002753933,-70.17976286600607,41.84670781893004,100.0,56.35424107297218,391 days 18:00:00,75,0.0,38,27.027027027027028,34.081237911025156,-22.867874502872294,17.759815970431266,-5.9561852701308196,7 days 12:30:00,4 days 13:57:46.666666666,0.9464527780856287,-0.227001222132591,0.2389486149128917,-0.09605174304137626,1.0118815808619148,0.3409265891622941,long
1951,"{'window_k': 117, 'window_d': 147, 'window_ma': 237}","open_time
2022-01-01 00:00:00    100.000000
2022-01-01 01:00:00    100.000000
2022-01-01 02:00:00    100.000000
2022-01-01 03:00:00    100.000000
2022-01-01 04:00:00    100.000000
                          ...    
2023-05-01 19:00:00     92.717416
2023-05-01 20:00:00     92.504487
2023-05-01 21:00:00     92.970270
2023-05-01 22:00:00     93.382820
2023-05-01 23:00:00     93.382820
Freq: H, Length: 11664, dtype: float64",2022-01-01,2023-05-01 23:00:00,486 days,100.0,67.03288756200797,139.8941289701636,93.38282017315372,-6.617179826846282,-70.17976286600607,41.529492455418385,100.0,52.08313025323268,451 days 16:00:00,59,0.0,30,34.48275862068966,37.51142247943954,-12.134443541835894,15.374501588912521,-7.089970684486224,9 days 09:00:00,5 days 13:06:18.947368421,0.9512537181583138,-0.22221292222695332,0.22001999377216677,-0.09622697029570332,1.0105965557784449,0.31270475056401736,long
443,"{'window_k': 27, 'window_d': 177, 'window_ma': 177}","open_time
2022-01-01 00:00:00    100.000000
2022-01-01 01:00:00    100.000000
2022-01-01 02:00:00    100.000000
2022-01-01 03:00:00    100.000000
2022-01-01 04:00:00    100.000000
                          ...    
2023-05-01 19:00:00     93.107574
2023-05-01 20:00:00     92.893749
2023-05-01 21:00:00     93.361492
2023-05-01 22:00:00     93.775778
2023-05-01 23:00:00     93.775778
Freq: H, Length: 11664, dtype: float64",2022-01-01,2023-05-01 23:00:00,486 days,100.0,67.56588849623137,131.8422542624284,93.77577816185052,-6.224221838149475,-70.17976286600607,34.88511659807956,100.0,48.75247781963489,451 days 16:00:00,69,0.0,35,32.35294117647059,33.816682187042694,-12.437112437112443,13.21432226360217,-6.014775285882082,8 days 01:16:21.818181818,3 days 08:16:21.818181818,0.9478347298004759,-0.19918086136580326,0.18065304663184983,-0.09664662569558165,1.0092718334363013,0.2565950141773264,long
423,"{'window_k': 27, 'window_d': 162, 'window_ma': 117}","open_time
2022-01-01 00:00:00    100.000000
2022-01-01 01:00:00    100.000000
2022-01-01 02:00:00    100.000000
2022-01-01 03:00:00    100.000000
2022-01-01 04:00:00    100.000000
                          ...    
2023-05-01 19:00:00     93.149014
2023-05-01 20:00:00     92.935093
2023-05-01 21:00:00     93.403044
2023-05-01 22:00:00     93.817515
2023-05-01 23:00:00     93.817515
Freq: H, Length: 11664, dtype: float64",2022-01-01,2023-05-01 23:00:00,486 days,100.0,66.87487472318524,129.46278573115438,93.8175153242369,-6.1824846757631065,-70.17976286600607,31.198559670781894,100.0,48.34432586514919,439 days 04:00:00,73,0.0,37,33.33333333333333,37.2830484144591,-13.11149974003875,12.426618737879513,-5.624820775052508,6 days 03:54:59.999999999,3 days 01:47:30,0.9528546232009021,-0.18102042995952594,0.1706339890485535,-0.0968037672497164,1.0092694781659963,0.24208608068203777,long
1173,"{'window_k': 72, 'window_d': 147, 'window_ma': 87}","open_time
2022-01-01 00:00:00    100.000000
2022-01-01 01:00:00    100.000000
2022-01-01 02:00:00    100.000000
2022-01-01 03:00:00    100.000000
2022-01-01 04:00:00    100.000000
                          ...    
2023-05-01 19:00:00     93.160889
2023-05-01 20:00:00     93.160889
2023-05-01 21:00:00     93.160889
2023-05-01 22:00:00     93.160889
2023-05-01 23:00:00     93.160889
Freq: H, Length: 11664, dtype: float64",2022-01-01,2023-05-01 23:00:00,486 days,100.0,60.51350576529676,130.08558792597324,93.16088890568818,-6.839111094311817,-70.17976286600607,37.74862825788752,100.0,53.48177555246727,409 days 07:00:00,70,0.0,35,37.142857142857146,32.550860719874805,-15.10055828344656,11.060779299940767,-5.944060229627224,6 days 11:36:55.384615384,4 days 12:10:54.545454545,0.9449102432611208,-0.1954031741231943,0.19892492250300367,-0.09688149203833238,1.0099343793344309,0.2815027882906202,long
3427,"{'window_k': 207, 'window_d': 102, 'window_ma': 57}","open_time
2022-01-01 00:00:00    100.000000
2022-01-01 01:00:00    100.000000
2022-01-01 02:00:00    100.000000
2022-01-01 03:00:00    100.000000
2022-01-01 04:00:00    100.000000
                          ...    
2023-05-01 19:00:00     92.938531
2023-05-01 20:00:00     92.725094
2023-05-01 21:00:00     93.191988
2023-05-01 22:00:00     93.605522
2023-05-01 23:00:00     93.605522
Freq: H, Length: 11664, dtype: float64",2022-01-01,2023-05-01 23:00:00,486 days,100.0,68.47247963945352,136.6827973379981,93.60552202561578,-6.394477974384216,-70.17976286600607,29.038065843621396,100.0,49.90409841398671,314 days 09:00:00,65,0.0,33,43.75,30.945558739255024,-18.92700897996777,9.791298266903654,-6.971703214317536,5 days 05:12:51.428571428,3 days 14:33:20,0.9478497444732377,-0.2106660410383716,0.23434992959246764,-0.09702051700708549,1.0155034433902586,0.3618804092069347,long
3200,"{'window_k': 192, 'window_d': 132, 'window_ma': 12}","open_time
2022-01-01 00:00:00    100.000000
2022-01-01 01:00:00    100.000000
2022-01-01 02:00:00    100.000000
2022-01-01 03:00:00    100.000000
2022-01-01 04:00:00    100.000000
                          ...    
2023-05-01 19:00:00     94.957421
2023-05-01 20:00:00     94.957421
2023-05-01 21:00:00     94.957421
2023-05-01 22:00:00     94.957421
2023-05-01 23:00:00     94.957421
Freq: H, Length: 11664, dtype: float64",2022-01-01,2023-05-01 23:00:00,486 days,100.0,74.00726111015372,121.10200204358092,94.95742084189538,-5.0425791581046155,-70.17976286600607,15.646433470507546,100.0,38.888490808334645,391 days 18:00:00,58,0.0,29,44.827586206896555,18.815789473684198,-15.95572354211663,5.997414835447186,-4.723917502852384,2 days 13:36:55.384615384,2 days 16:00:00,0.933373538437347,-0.17388203993464169,0.06941844037730707,-0.09800865698191356,1.005350219919177,0.0978092505757698,long
1421,"{'window_k': 87, 'window_d': 132, 'window_ma': 207}","open_time
2022-01-01 00:00:00    100.000000
2022-01-01 01:00:00    100.000000
2022-01-01 02:00:00    100.000000
2022-01-01 03:00:00    100.000000
2022-01-01 04:00:00    100.000000
                          ...    
2023-05-01 19:00:00     92.767634
2023-05-01 20:00:00     92.554590
2023-05-01 21:00:00     93.020625
2023-05-01 22:00:00     93.433399
2023-05-01 23:00:00     93.433399
Freq: H, Length: 11664, dtype: float64",2022-01-01,2023-05-01 23:00:00,486 days,100.0,62.85705174736838,127.15033978599946,93.43339875870238,-6.566601241297619,-70.17976286600607,39.69478737997256,100.0,50.56477878615188,451 days 16:00:00,73,0.0,37,36.11111111111111,35.84181224803228,-16.273018414731784,12.26060262097079,-6.270160101971904,6 days 15:09:13.846153846,4 days 11:15:39.130434782,0.9494937702377543,-0.1912824508748372,0.1998664461144155,-0.0983523619872255,1.0097253770141,0.2812993551376102,long
1926,"{'window_k': 117, 'window_d': 132, 'window_ma': 102}","open_time
2022-01-01 00:00:00    100.000000
2022-01-01 01:00:00    100.000000
2022-01-01 02:00:00    100.000000
2022-01-01 03:00:00    100.000000
2022-01-01 04:00:00    100.000000
                          ...    
2023-05-01 19:00:00     92.539204
2023-05-01 20:00:00     92.326684
2023-05-01 21:00:00     92.791572
2023-05-01 22:00:00     93.203330
2023-05-01 23:00:00     93.203330
Freq: H, Length: 11664, dtype: float64",2022-01-01,2023-05-01 23:00:00,486 days,100.0,67.40961824842255,141.36039956959584,93.20332966173581,-6.796670338264192,-70.17976286600607,36.97702331961592,100.0,52.31364763139707,391 days 18:00:00,63,0.0,32,35.483870967741936,37.15755805868446,-17.38808979701573,11.155461543207796,-5.619518590861151,6 days 19:00:00,5 days 02:03:00,0.9334192722254431,-0.23595767707184612,0.19016726421203506,-0.09842469184273597,1.0095088456876569,0.26788080697764044,long
2968,"{'window_k': 177, 'window_d': 147, 'window_ma': 132}","open_time
2022-01-01 00:00:00    100.000000
2022-01-01 01:00:00    100.000000
2022-01-01 02:00:00    100.000000
2022-01-01 03:00:00    100.000000
2022-01-01 04:00:00    100.000000
                          ...    
2023-05-01 19:00:00     92.331797
2023-05-01 20:00:00     92.119753
2023-05-01 21:00:00     92.583598
2023-05-01 22:00:00     92.994433
2023-05-01 23:00:00     92.994433
Freq: H, Length: 11664, dtype: float64",2022-01-01,2023-05-01 23:00:00,486 days,100.0,71.61689251031636,154.83731436996734,92.99443321958599,-7.005566780414014,-70.17976286600607,37.019890260631,100.0,53.74700678468538,309 days 12:00:00,53,0.0,27,30.76923076923077,36.686390532544394,-21.425364758698088,18.092211280323365,-7.084781844937692,9 days 10:45:00,5 days 16:23:20,0.9579776252290316,-0.23478388002342054,0.19900886425358041,-0.09877126866938962,1.0103717261635479,0.28675910393043874,long
665,"{'window_k': 42, 'window_d': 147, 'window_ma': 147}","open_time
2022-01-01 00:00:00    100.000000
2022-01-01 01:00:00    100.000000
2022-01-01 02:00:00    100.000000
2022-01-01 03:00:00    100.000000
2022-01-01 04:00:00    100.000000
                          ...    
2023-05-01 19:00:00     92.161636
2023-05-01 20:00:00     91.949983
2023-05-01 21:00:00     92.412974
2023-05-01 22:00:00     92.823051
2023-05-01 23:00:00     92.823051
Freq: H, Length: 11664, dtype: float64",2022-01-01,2023-05-01 23:00:00,486 days,100.0,60.01903408425691,132.67132320649728,92.82305134784822,-7.176948652151779,-70.17976286600607,38.80315500685871,100.0,54.76110991156708,286 days 02:00:00,77,0.0,39,39.473684210526315,35.681024447031426,-25.92293493308721,11.680454369121216,-6.710607112402118,7 days 07:32:00,3 days 06:00:00,0.9580808855332031,-0.1770312134677514,0.19758738658041258,-0.09933603504908467,1.0097079681546985,0.2765690853987296,long
1130,"{'window_k': 72, 'window_d': 102, 'window_ma': 162}","open_time
2022-01-01 00:00:00    100.000000
2022-01-01 01:00:00    100.000000
2022-01-01 02:00:00    100.000000
2022-01-01 03:00:00    100.000000
2022-01-01 04:00:00    100.000000
                          ...    
2023-05-01 19:00:00     92.608967
2023-05-01 20:00:00     92.396287
2023-05-01 21:00:00     92.861525
2023-05-01 22:00:00     93.273593
2023-05-01 23:00:00     93.273593
Freq: H, Length: 11664, dtype: float64",2022-01-01,2023-05-01 23:00:00,486 days,100.0,72.6108616564347,175.66847314825998,93.27359279797992,-6.726407202020085,-70.17976286600607,40.87791495198903,100.0,50.55881946562918,194 days 16:00:00,83,0.0,42,46.34146341463415,33.96101312823232,-22.120518688024415,8.460791345059922,-6.579197317738414,6 days 00:31:34.736842105,3 days 14:02:43.636363636,0.9734049174310517,-0.11769700610873102,0.24502120016742818,-0.10077879982591753,1.012380267825243,0.3505652846659451,long
1913,"{'window_k': 117, 'window_d': 117, 'window_ma': 147}","open_time
2022-01-01 00:00:00    100.000000
2022-01-01 01:00:00    100.000000
2022-01-01 02:00:00    100.000000
2022-01-01 03:00:00    100.000000
2022-01-01 04:00:00    100.000000
                          ...    
2023-05-01 19:00:00     92.389675
2023-05-01 20:00:00     92.177498
2023-05-01 21:00:00     92.641634
2023-05-01 22:00:00     93.052727
2023-05-01 23:00:00     93.052727
Freq: H, Length: 11664, dtype: float64",2022-01-01,2023-05-01 23:00:00,486 days,100.0,65.19500512004203,136.15550048520174,93.05272670763085,-6.947273292369147,-70.17976286600607,43.30418381344307,100.0,52.11724470350882,391 days 18:00:00,71,0.0,36,31.428571428571427,30.99071793900361,-15.605817987723498,13.874880704600187,-5.837621608142604,7 days 18:00:00,5 days 01:17:30,0.9461314252577849,-0.2075868080927452,0.21562595756524244,-0.10100465965543291,1.0100872868776474,0.30263337821615366,long
850,"{'window_k': 57, 'window_d': 87, 'window_ma': 42}","open_time
2022-01-01 00:00:00    100.000000
2022-01-01 01:00:00    100.000000
2022-01-01 02:00:00    100.000000
2022-01-01 03:00:00    100.000000
2022-01-01 04:00:00    100.000000
                          ...    
2023-05-01 19:00:00     93.257383
2023-05-01 20:00:00     93.257383
2023-05-01 21:00:00     93.257383
2023-05-01 22:00:00     93.257383
2023-05-01 23:00:00     93.257383
Freq: H, Length: 11664, dtype: float64",2022-01-01,2023-05-01 23:00:00,486 days,100.0,79.13848698392904,171.61506235658933,93.2573833234182,-6.742616676581805,-70.17976286600607,32.84465020576132,100.0,49.94243696193442,194 days 16:00:00,108,0.0,54,37.03703703703704,23.214884344619538,-14.483879030242452,8.991764895618477,-4.946786650197888,4 days 03:18:00,2 days 06:15:52.941176470,0.9668844045580244,-0.12486327178855294,0.22655368743083665,-0.10227062194149682,1.014073283510918,0.3498140931665813,long
218,"{'window_k': 12, 'window_d': 207, 'window_ma': 162}","open_time
2022-01-01 00:00:00    100.000000
2022-01-01 01:00:00    100.000000
2022-01-01 02:00:00    100.000000
2022-01-01 03:00:00    100.000000
2022-01-01 04:00:00    100.000000
                          ...    
2023-05-01 19:00:00     91.275280
2023-05-01 20:00:00     91.065663
2023-05-01 21:00:00     91.524201
2023-05-01 22:00:00     91.930335
2023-05-01 23:00:00     91.930335
Freq: H, Length: 11664, dtype: float64",2022-01-01,2023-05-01 23:00:00,486 days,100.0,56.83850646235875,141.53060699284416,91.93033483762183,-8.069665162378172,-70.17976286600607,32.647462277091904,100.0,59.840130929960246,391 days 18:00:00,99,0.0,50,34.69387755102041,33.6654943337241,-15.225643188528057,8.936969358792249,-4.441528081746336,5 days 17:14:07.058823529,1 days 19:05:37.500000,0.940925989237433,-0.16067650697240587,0.15043417920067478,-0.10233226324867675,1.0079607644698536,0.2104922822773231,long
3889,"{'window_k': 237, 'window_d': 57, 'window_ma': 27}","open_time
2022-01-01 00:00:00    100.000000
2022-01-01 01:00:00    100.000000
2022-01-01 02:00:00    100.000000
2022-01-01 03:00:00    100.000000
2022-01-01 04:00:00    100.000000
                          ...    
2023-05-01 19:00:00     95.032710
2023-05-01 20:00:00     94.814463
2023-05-01 21:00:00     95.291877
2023-05-01 22:00:00     95.714730
2023-05-01 23:00:00     95.714730
Freq: H, Length: 11664, dtype: float64",2022-01-01,2023-05-01 23:00:00,486 days,100.0,83.0908494123383,122.24179160563497,95.71472991349977,-4.285270086500233,-70.17976286600607,24.931412894375857,100.0,31.546587494667982,234 days 18:00:00,101,0.0,51,40.0,21.340811965811966,-16.375946752352537,5.945228159872902,-3.734292773299431,3 days 04:35:59.999999999,1 days 18:02:00,0.959886500226155,-0.09334402917072815,0.170923174543932,-0.10257349253045588,1.0104357826173203,0.24258855768091106,long
946,"{'window_k': 57, 'window_d': 177, 'window_ma': 42}","open_time
2022-01-01 00:00:00    100.000000
2022-01-01 01:00:00    100.000000
2022-01-01 02:00:00    100.000000
2022-01-01 03:00:00    100.000000
2022-01-01 04:00:00    100.000000
                          ...    
2023-05-01 19:00:00     93.280179
2023-05-01 20:00:00     93.280179
2023-05-01 21:00:00     93.280179
2023-05-01 22:00:00     93.280179
2023-05-01 23:00:00     93.280179
Freq: H, Length: 11664, dtype: float64",2022-01-01,2023-05-01 23:00:00,486 days,100.0,71.02024458681343,139.42071814659337,93.28017882012348,-6.719821179876519,-70.17976286600607,25.600137174211245,100.0,49.060480012633796,314 days 09:00:00,64,0.0,32,34.375,32.29954614220879,-26.766441214563248,12.329806670837993,-5.81226882648472,4 days 13:27:16.363636363,3 days 12:51:25.714285714,0.9507289565748412,-0.20999441187114076,0.11838716818988268,-0.10375406838984103,1.0071305056874222,0.165743526113956,long
246,"{'window_k': 12, 'window_d': 237, 'window_ma': 102}","open_time
2022-01-01 00:00:00    100.000000
2022-01-01 01:00:00    100.000000
2022-01-01 02:00:00    100.000000
2022-01-01 03:00:00    100.000000
2022-01-01 04:00:00    100.000000
                          ...    
2023-05-01 19:00:00     92.423244
2023-05-01 20:00:00     92.210990
2023-05-01 21:00:00     92.675296
2023-05-01 22:00:00     93.086537
2023-05-01 23:00:00     93.086537
Freq: H, Length: 11664, dtype: float64",2022-01-01,2023-05-01 23:00:00,486 days,100.0,64.91196034554856,130.89331090874688,93.08653720229927,-6.913462797700731,-70.17976286600607,30.25548696844993,100.0,50.408496893472,409 days 07:00:00,85,0.0,43,23.809523809523807,32.45920745920748,-17.621558289396607,12.284269917425144,-3.6501876711636303,6 days 05:00:00,2 days 12:48:23.225806451,0.9361475229921017,-0.15986845006830874,0.1414805215585872,-0.10391569048255148,1.007754679834111,0.19689134601476074,long
907,"{'window_k': 57, 'window_d': 132, 'window_ma': 177}","open_time
2022-01-01 00:00:00    100.000000
2022-01-01 01:00:00    100.000000
2022-01-01 02:00:00    100.000000
2022-01-01 03:00:00    100.000000
2022-01-01 04:00:00    100.000000
                          ...    
2023-05-01 19:00:00     93.304745
2023-05-01 20:00:00     93.090467
2023-05-01 21:00:00     93.559200
2023-05-01 22:00:00     93.974364
2023-05-01 23:00:00     93.974364
Freq: H, Length: 11664, dtype: float64",2022-01-01,2023-05-01 23:00:00,486 days,100.0,66.01001902378087,117.58557155596931,93.97436400215733,-6.02563599784267,-70.17976286600607,38.61454046639231,100.0,43.862143841040144,391 days 18:00:00,73,0.0,37,38.88888888888889,31.914893617021274,-19.06721536351165,10.248459959174545,-5.994019425961723,7 days 11:17:08.571428571,3 days 13:46:21.818181818,0.9413532554882527,-0.20271979310985566,0.2081193072222286,-0.10396786036623258,1.0102404167989483,0.2904931217032979,long
1206,"{'window_k': 72, 'window_d': 177, 'window_ma': 102}","open_time
2022-01-01 00:00:00    100.000000
2022-01-01 01:00:00    100.000000
2022-01-01 02:00:00    100.000000
2022-01-01 03:00:00    100.000000
2022-01-01 04:00:00    100.000000
                          ...    
2023-05-01 19:00:00     90.643428
2023-05-01 20:00:00     90.435262
2023-05-01 21:00:00     90.890626
2023-05-01 22:00:00     91.293948
2023-05-01 23:00:00     91.293948
Freq: H, Length: 11664, dtype: float64",2022-01-01,2023-05-01 23:00:00,486 days,100.0,53.80551632590992,146.1277729131905,91.29394828579858,-8.706051714201422,-70.17976286600607,34.233539094650205,100.0,63.179130665411606,391 days 18:00:00,57,0.0,29,32.142857142857146,48.690707765973364,-29.682583116705423,17.93849748794197,-7.332636856434959,9 days 21:13:20,3 days 22:41:03.157894736,0.938968477893992,-0.2681819745732703,0.15145323547429967,-0.10465576355765298,1.0079616954333763,0.2100837018955967,long
1950,"{'window_k': 117, 'window_d': 147, 'window_ma': 222}","open_time
2022-01-01 00:00:00    100.000000
2022-01-01 01:00:00    100.000000
2022-01-01 02:00:00    100.000000
2022-01-01 03:00:00    100.000000
2022-01-01 04:00:00    100.000000
                          ...    
2023-05-01 19:00:00     92.003424
2023-05-01 20:00:00     91.792134
2023-05-01 21:00:00     92.254330
2023-05-01 22:00:00     92.663704
2023-05-01 23:00:00     92.663704
Freq: H, Length: 11664, dtype: float64",2022-01-01,2023-05-01 23:00:00,486 days,100.0,65.5987915638043,139.8941289701636,92.66370388256074,-7.336296117439262,-70.17976286600607,40.2863511659808,100.0,53.108259762784535,451 days 16:00:00,59,0.0,30,34.48275862068966,37.511422479439524,-12.134443541835905,15.158775932437033,-7.021494335963552,9 days 13:36:00,5 days 03:03:09.473684210,0.9447470842461714,-0.2470559759087445,0.20987818047729928,-0.10472366998307105,1.0101881779300306,0.2982536814073429,long
2963,"{'window_k': 177, 'window_d': 147, 'window_ma': 57}","open_time
2022-01-01 00:00:00    100.000000
2022-01-01 01:00:00    100.000000
2022-01-01 02:00:00    100.000000
2022-01-01 03:00:00    100.000000
2022-01-01 04:00:00    100.000000
                          ...    
2023-05-01 19:00:00     91.673672
2023-05-01 20:00:00     91.463139
2023-05-01 21:00:00     91.923679
2023-05-01 22:00:00     92.331585
2023-05-01 23:00:00     92.331585
Freq: H, Length: 11664, dtype: float64",2022-01-01,2023-05-01 23:00:00,486 days,100.0,69.46432714024901,155.46078465307968,92.33158508613471,-7.668414913865291,-70.17976286600607,25.240054869684496,100.0,55.31713846983152,353 days 18:00:00,53,0.0,27,34.61538461538461,29.315223542727793,-13.749714024250743,11.740459581058522,-5.768944915632091,5 days 22:00:00,3 days 23:07:03.529411764,0.9380663920690299,-0.26052509654978495,0.11081651624875583,-0.1051394424302133,1.0069354644231563,0.1602882128073323,long
2664,"{'window_k': 162, 'window_d': 102, 'window_ma': 132}","open_time
2022-01-01 00:00:00    100.000000
2022-01-01 01:00:00    100.000000
2022-01-01 02:00:00    100.000000
2022-01-01 03:00:00    100.000000
2022-01-01 04:00:00    100.000000
                          ...    
2023-05-01 19:00:00     92.136551
2023-05-01 20:00:00     91.924956
2023-05-01 21:00:00     92.387820
2023-05-01 22:00:00     92.797786
2023-05-01 23:00:00     92.797786
Freq: H, Length: 11664, dtype: float64",2022-01-01,2023-05-01 23:00:00,486 days,100.0,61.32772793501263,131.3853819300185,92.79778649406931,-7.202213505930686,-70.17976286600607,40.94650205761317,100.0,51.89560084785189,286 days 02:00:00,67,0.0,34,33.33333333333333,32.74034822104468,-22.165857962064404,16.26009176757606,-7.239637798919472,8 days 01:16:21.818181818,4 days 20:08:10.909090909,0.9539462367222152,-0.22105413552616326,0.265843582235167,-0.10519353944026542,1.0143453825843494,0.4038463614543115,long
1369,"{'window_k': 87, 'window_d': 87, 'window_ma': 147}","open_time
2022-01-01 00:00:00    100.000000
2022-01-01 01:00:00    100.000000
2022-01-01 02:00:00    100.000000
2022-01-01 03:00:00    100.000000
2022-01-01 04:00:00    100.000000
                          ...    
2023-05-01 19:00:00     92.311400
2023-05-01 20:00:00     92.099403
2023-05-01 21:00:00     92.563147
2023-05-01 22:00:00     92.973890
2023-05-01 23:00:00     92.973890
Freq: H, Length: 11664, dtype: float64",2022-01-01,2023-05-01 23:00:00,486 days,100.0,64.80923213495589,174.04009700014151,92.97389049448024,-7.026109505519757,-70.17976286600607,38.92318244170096,100.0,50.4532060769814,194 days 16:00:00,91,0.0,46,40.0,35.098275170477336,-24.31428259206644,9.671211777217254,-5.7977181398003195,5 days 10:23:20,3 days 04:19:59.999999999,0.9730709410955114,-0.11108642552080372,0.25732809774615206,-0.10553085910351027,1.01452054389738,0.39305798915610823,long
2720,"{'window_k': 162, 'window_d': 162, 'window_ma': 12}","open_time
2022-01-01 00:00:00    100.000000
2022-01-01 01:00:00    100.000000
2022-01-01 02:00:00    100.000000
2022-01-01 03:00:00    100.000000
2022-01-01 04:00:00    100.000000
                          ...    
2023-05-01 19:00:00     94.127164
2023-05-01 20:00:00     93.910997
2023-05-01 21:00:00     94.383862
2023-05-01 22:00:00     94.383862
2023-05-01 23:00:00     94.383862
Freq: H, Length: 11664, dtype: float64",2022-01-01,2023-05-01 23:00:00,486 days,100.0,73.38724209547588,122.61350540425087,94.38386221160432,-5.616137788395676,-70.17976286600607,13.69170096021948,100.0,40.147505078236165,391 days 18:00:00,50,0.0,25,48.0,19.78396816372938,-9.32181425485961,4.4430125059654095,-4.192836898327672,2 days 10:35:00,2 days 20:46:09.230769230,0.8907733990957836,-0.22464551153582724,0.013473158230219561,-0.10581184880098338,1.001073351432997,0.018801299540206626,long
1133,"{'window_k': 72, 'window_d': 102, 'window_ma': 207}","open_time
2022-01-01 00:00:00    100.000000
2022-01-01 01:00:00    100.000000
2022-01-01 02:00:00    100.000000
2022-01-01 03:00:00    100.000000
2022-01-01 04:00:00    100.000000
                          ...    
2023-05-01 19:00:00     92.215696
2023-05-01 20:00:00     92.003919
2023-05-01 21:00:00     92.467181
2023-05-01 22:00:00     92.877499
2023-05-01 23:00:00     92.877499
Freq: H, Length: 11664, dtype: float64",2022-01-01,2023-05-01 23:00:00,486 days,100.0,72.6108616564347,175.66847314825998,92.87749945870085,-7.1225005412991464,-70.17976286600607,40.97222222222222,100.0,50.76877516378884,194 days 16:00:00,83,0.0,42,46.34146341463415,33.96101312823232,-22.120518688024415,8.460791345059922,-6.59846298507627,6 days 00:31:34.736842105,3 days 14:32:43.636363636,0.97122997672917,-0.1275546977399893,0.2402441426832603,-0.1063271106264878,1.0121228077025293,0.34369284457654015,long
1132,"{'window_k': 72, 'window_d': 102, 'window_ma': 192}","open_time
2022-01-01 00:00:00    100.000000
2022-01-01 01:00:00    100.000000
2022-01-01 02:00:00    100.000000
2022-01-01 03:00:00    100.000000
2022-01-01 04:00:00    100.000000
                          ...    
2023-05-01 19:00:00     92.215696
2023-05-01 20:00:00     92.003919
2023-05-01 21:00:00     92.467181
2023-05-01 22:00:00     92.877499
2023-05-01 23:00:00     92.877499
Freq: H, Length: 11664, dtype: float64",2022-01-01,2023-05-01 23:00:00,486 days,100.0,72.6108616564347,175.66847314825998,92.87749945870085,-7.1225005412991464,-70.17976286600607,40.97222222222222,100.0,50.76877516378884,194 days 16:00:00,83,0.0,42,46.34146341463415,33.96101312823232,-22.120518688024415,8.460791345059922,-6.59846298507627,6 days 00:31:34.736842105,3 days 14:32:43.636363636,0.97122997672917,-0.1275546977399893,0.2402441426832603,-0.1063271106264878,1.0121228077025293,0.34369284457654015,long
1135,"{'window_k': 72, 'window_d': 102, 'window_ma': 237}","open_time
2022-01-01 00:00:00    100.000000
2022-01-01 01:00:00    100.000000
2022-01-01 02:00:00    100.000000
2022-01-01 03:00:00    100.000000
2022-01-01 04:00:00    100.000000
                          ...    
2023-05-01 19:00:00     92.215696
2023-05-01 20:00:00     92.003919
2023-05-01 21:00:00     92.467181
2023-05-01 22:00:00     92.877499
2023-05-01 23:00:00     92.877499
Freq: H, Length: 11664, dtype: float64",2022-01-01,2023-05-01 23:00:00,486 days,100.0,72.6108616564347,175.66847314825998,92.87749945870085,-7.1225005412991464,-70.17976286600607,40.97222222222222,100.0,50.76877516378884,194 days 16:00:00,83,0.0,42,46.34146341463415,33.96101312823232,-22.120518688024415,8.460791345059922,-6.59846298507627,6 days 00:31:34.736842105,3 days 14:32:43.636363636,0.97122997672917,-0.1275546977399893,0.2402441426832603,-0.1063271106264878,1.0121228077025293,0.34369284457654015,long
1984,"{'window_k': 117, 'window_d': 192, 'window_ma': 12}","open_time
2022-01-01 00:00:00    100.000000
2022-01-01 01:00:00    100.000000
2022-01-01 02:00:00    100.000000
2022-01-01 03:00:00    100.000000
2022-01-01 04:00:00    100.000000
                          ...    
2023-05-01 19:00:00     94.334191
2023-05-01 20:00:00     94.117549
2023-05-01 21:00:00     94.591454
2023-05-01 22:00:00     94.591454
2023-05-01 23:00:00     94.591454
Freq: H, Length: 11664, dtype: float64",2022-01-01,2023-05-01 23:00:00,486 days,100.0,75.22812157512686,122.09631113264975,94.59145416451521,-5.408545835484787,-70.17976286600607,13.005829903978054,100.0,38.38624535232979,391 days 18:00:00,52,0.0,26,46.15384615384615,21.510957324106112,-8.411931946387487,4.2179976398256205,-3.692924919723793,1 days 19:10:00,2 days 23:21:25.714285714,0.8893683907040222,-0.2080209936724915,0.01114171663626401,-0.10654747846323263,1.0009131534573834,0.015355122534866537,long
2976,"{'window_k': 177, 'window_d': 162, 'window_ma': 12}","open_time
2022-01-01 00:00:00    100.000000
2022-01-01 01:00:00    100.000000
2022-01-01 02:00:00    100.000000
2022-01-01 03:00:00    100.000000
2022-01-01 04:00:00    100.000000
                          ...    
2023-05-01 19:00:00     94.235601
2023-05-01 20:00:00     94.019185
2023-05-01 21:00:00     94.492594
2023-05-01 22:00:00     94.492594
2023-05-01 23:00:00     94.492594
Freq: H, Length: 11664, dtype: float64",2022-01-01,2023-05-01 23:00:00,486 days,100.0,70.65759955215196,115.88911197110164,94.4925944720296,-5.5074055279704055,-70.17976286600607,12.808641975308642,100.0,39.029993111198145,391 days 18:00:00,48,0.0,24,50.0,20.583746661579543,-9.70657347713443,4.342699904300262,-4.423620149987205,2 days 04:40:00,2 days 23:49:59.999999999,0.8869453689403408,-0.22947523033210038,0.011998469825350471,-0.10671918122918322,1.0010062143396534,0.016623563806358044,long
1856,"{'window_k': 117, 'window_d': 72, 'window_ma': 12}","open_time
2022-01-01 00:00:00    100.000000
2022-01-01 01:00:00    100.000000
2022-01-01 02:00:00    100.000000
2022-01-01 03:00:00    100.000000
2022-01-01 04:00:00    100.000000
                          ...    
2023-05-01 19:00:00     93.237119
2023-05-01 20:00:00     93.237119
2023-05-01 21:00:00     93.237119
2023-05-01 22:00:00     93.237119
2023-05-01 23:00:00     93.237119
Freq: H, Length: 11664, dtype: float64",2022-01-01,2023-05-01 23:00:00,486 days,100.0,81.67642082161996,162.6788056012165,93.23711949046465,-6.76288050953535,-70.17976286600607,18.00411522633745,100.0,47.50829398951342,355 days 14:00:00,96,0.0,48,43.75,17.643159028756113,-17.912825765335167,4.42362148005527,-3.3774641683275575,1 days 21:00:00,1 days 18:46:40,0.9391765215697933,-0.14089334394865283,0.12953621582992803,-0.10783653994701338,1.0114852431133732,0.20736888484868168,long
592,"{'window_k': 42, 'window_d': 87, 'window_ma': 12}","open_time
2022-01-01 00:00:00    100.000000
2022-01-01 01:00:00    100.000000
2022-01-01 02:00:00    100.000000
2022-01-01 03:00:00    100.000000
2022-01-01 04:00:00    100.000000
                          ...    
2023-05-01 19:00:00     92.276431
2023-05-01 20:00:00     92.276431
2023-05-01 21:00:00     92.276431
2023-05-01 22:00:00     92.276431
2023-05-01 23:00:00     92.276431
Freq: H, Length: 11664, dtype: float64",2022-01-01,2023-05-01 23:00:00,486 days,100.0,81.66582075308006,178.57496598842647,92.27643050315586,-7.723569496844135,-70.17976286600607,17.63545953360768,100.0,54.26804630702108,204 days 00:00:00,108,0.0,54,46.2962962962963,16.360655737704917,-16.699073544549925,4.863853845257671,-4.099291544029733,1 days 09:33:36,1 days 18:00:00,0.9482400448221092,-0.14302906475637256,0.12081545369344239,-0.10795063319855447,1.0107546439817625,0.19593225207570727,long
699,"{'window_k': 42, 'window_d': 177, 'window_ma': 177}","open_time
2022-01-01 00:00:00    100.000000
2022-01-01 01:00:00    100.000000
2022-01-01 02:00:00    100.000000
2022-01-01 03:00:00    100.000000
2022-01-01 04:00:00    100.000000
                          ...    
2023-05-01 19:00:00     91.518630
2023-05-01 20:00:00     91.308454
2023-05-01 21:00:00     91.768215
2023-05-01 22:00:00     92.175431
2023-05-01 23:00:00     92.175431
Freq: H, Length: 11664, dtype: float64",2022-01-01,2023-05-01 23:00:00,486 days,100.0,65.03434388160662,143.59696517023124,92.17543121576146,-7.8245687842385365,-70.17976286600607,37.174211248285324,100.0,54.710502548219075,309 days 12:00:00,69,0.0,35,35.294117647058826,37.362023194075725,-11.770211770211777,11.18279832346209,-5.646654357735539,7 days 11:20:00,3 days 23:54:32.727272727,0.9344606764936934,-0.24404309987831718,0.16727578676185306,-0.10849228078236926,1.0082107609804756,0.23543253353711874,long
2422,"{'window_k': 147, 'window_d': 117, 'window_ma': 102}","open_time
2022-01-01 00:00:00    100.000000
2022-01-01 01:00:00    100.000000
2022-01-01 02:00:00    100.000000
2022-01-01 03:00:00    100.000000
2022-01-01 04:00:00    100.000000
                          ...    
2023-05-01 19:00:00     91.522637
2023-05-01 20:00:00     91.312452
2023-05-01 21:00:00     91.772233
2023-05-01 22:00:00     92.179467
2023-05-01 23:00:00     92.179467
Freq: H, Length: 11664, dtype: float64",2022-01-01,2023-05-01 23:00:00,486 days,100.0,67.39159364421319,147.97008035403147,92.17946691032785,-7.820533089672153,-70.17976286600607,37.67146776406036,100.0,54.455932251322125,391 days 18:00:00,67,0.0,34,36.36363636363637,33.7511545058715,-15.048543689320395,10.688873347123854,-5.685631352217048,7 days 08:00:00,4 days 08:37:08.571428571,0.9302990768979335,-0.2656475067380648,0.2147189816965582,-0.10894266137500948,1.0111622292425262,0.30803277952408525,long
1016,"{'window_k': 57, 'window_d': 237, 'window_ma': 132}","open_time
2022-01-01 00:00:00    100.000000
2022-01-01 01:00:00    100.000000
2022-01-01 02:00:00    100.000000
2022-01-01 03:00:00    100.000000
2022-01-01 04:00:00    100.000000
                          ...    
2023-05-01 19:00:00     90.790939
2023-05-01 20:00:00     90.790939
2023-05-01 21:00:00     91.248094
2023-05-01 22:00:00     91.653003
2023-05-01 23:00:00     91.653003
Freq: H, Length: 11664, dtype: float64",2022-01-01,2023-05-01 23:00:00,486 days,100.0,55.11841879540767,131.33553163859048,91.65300277387425,-8.346997226125751,-70.17976286600607,31.98731138545953,100.0,58.03236328529684,391 days 18:00:00,51,0.0,26,36.0,40.41986989946777,-22.721238938053105,14.76728675768901,-7.5551237492756105,9 days 07:40:00,4 days 11:07:30,0.9105664598644818,-0.3683624210847949,0.1374930571596264,-0.10918648190907125,1.0073136238268712,0.19340652490048751,long
685,"{'window_k': 42, 'window_d': 162, 'window_ma': 207}","open_time
2022-01-01 00:00:00    100.000000
2022-01-01 01:00:00    100.000000
2022-01-01 02:00:00    100.000000
2022-01-01 03:00:00    100.000000
2022-01-01 04:00:00    100.000000
                          ...    
2023-05-01 19:00:00     90.485693
2023-05-01 20:00:00     90.277889
2023-05-01 21:00:00     90.732460
2023-05-01 22:00:00     91.135081
2023-05-01 23:00:00     91.135081
Freq: H, Length: 11664, dtype: float64",2022-01-01,2023-05-01 23:00:00,486 days,100.0,61.320848298059836,158.27393411589944,91.13508074470296,-8.864919255297039,-70.17976286600607,38.768861454046636,100.0,61.25650844493676,397 days 07:00:00,79,0.0,40,25.64102564102564,33.81668218704269,-16.30898513251454,15.58245026297474,-4.942818470491183,7 days 19:48:00,3 days 16:10:20.689655172,0.9339988552684103,-0.23996035811460859,0.16699782179271563,-0.1099334189038877,1.008160055415153,0.23409834495798654,long
1915,"{'window_k': 117, 'window_d': 117, 'window_ma': 177}","open_time
2022-01-01 00:00:00    100.000000
2022-01-01 01:00:00    100.000000
2022-01-01 02:00:00    100.000000
2022-01-01 03:00:00    100.000000
2022-01-01 04:00:00    100.000000
                          ...    
2023-05-01 19:00:00     91.814298
2023-05-01 20:00:00     91.603443
2023-05-01 21:00:00     92.064689
2023-05-01 22:00:00     92.473221
2023-05-01 23:00:00     92.473221
Freq: H, Length: 11664, dtype: float64",2022-01-01,2023-05-01 23:00:00,486 days,100.0,62.6225490852745,130.0574701936289,92.47322080243019,-7.526779197569809,-70.17976286600607,41.906721536351164,100.0,51.85009442976065,391 days 18:00:00,71,0.0,36,31.428571428571427,30.990717939003602,-15.605817987723498,13.481194329133524,-5.696632299395374,7 days 21:27:16.363636363,4 days 16:55:00,0.9380496682583721,-0.22408748927545696,0.20079929807616262,-0.11007746976864179,1.0095425387409,0.281310583319404,long
3611,"{'window_k': 222, 'window_d': 27, 'window_ma': 177}","open_time
2022-01-01 00:00:00    100.000000
2022-01-01 01:00:00    100.000000
2022-01-01 02:00:00    100.000000
2022-01-01 03:00:00    100.000000
2022-01-01 04:00:00    100.000000
                          ...    
2023-05-01 19:00:00     90.441725
2023-05-01 20:00:00     90.441725
2023-05-01 21:00:00     90.441725
2023-05-01 22:00:00     90.441725
2023-05-01 23:00:00     90.441725
Freq: H, Length: 11664, dtype: float64",2022-01-01,2023-05-01 23:00:00,486 days,100.0,38.54297957980427,112.92781535149136,90.44172462231586,-9.55827537768414,-70.17976286600607,36.04252400548697,100.0,65.86936578925393,439 days 04:00:00,186,0.0,93,32.25806451612903,29.846743295019156,-11.895365881159092,7.816687472934182,-3.5099295051677823,2 days 18:46:00,1 days 10:56:11.428571428,0.9437873975847647,-0.10277715459875392,0.2243187862669673,-0.110332762088493,1.013229617542916,0.3473484219038365,long
2075,"{'window_k': 132, 'window_d': 27, 'window_ma': 177}","open_time
2022-01-01 00:00:00    100.000000
2022-01-01 01:00:00    100.000000
2022-01-01 02:00:00    100.000000
2022-01-01 03:00:00    100.000000
2022-01-01 04:00:00    100.000000
                          ...    
2023-05-01 19:00:00     90.585885
2023-05-01 20:00:00     90.585885
2023-05-01 21:00:00     90.585885
2023-05-01 22:00:00     90.585885
2023-05-01 23:00:00     90.585885
Freq: H, Length: 11664, dtype: float64",2022-01-01,2023-05-01 23:00:00,486 days,100.0,36.70655967640232,104.42254808052861,90.58588482752398,-9.414115172476016,-70.17976286600607,36.37688614540466,100.0,64.8480521198401,445 days 12:00:00,194,0.0,97,37.11340206185567,25.406504065040643,-14.461569764484466,6.763263150413218,-3.7577058650659376,2 days 17:51:40,1 days 06:41:18.688524590,0.9440183316752075,-0.09705273373686563,0.2212177606957329,-0.11035891026386871,1.0130347198676402,0.3462513148036691,long
908,"{'window_k': 57, 'window_d': 132, 'window_ma': 192}","open_time
2022-01-01 00:00:00    100.000000
2022-01-01 01:00:00    100.000000
2022-01-01 02:00:00    100.000000
2022-01-01 03:00:00    100.000000
2022-01-01 04:00:00    100.000000
                          ...    
2023-05-01 19:00:00     92.724113
2023-05-01 20:00:00     92.511168
2023-05-01 21:00:00     92.976985
2023-05-01 22:00:00     93.389565
2023-05-01 23:00:00     93.389565
Freq: H, Length: 11664, dtype: float64",2022-01-01,2023-05-01 23:00:00,486 days,100.0,64.26066085339102,117.58557155596931,93.38956506285973,-6.610434937140269,-70.17976286600607,39.19753086419753,100.0,45.349875836761385,391 days 18:00:00,73,0.0,37,41.66666666666667,31.914893617021285,-19.067215363511654,9.68828097693589,-6.394465698478821,7 days 04:44:00,3 days 17:14:17.142857142,0.9368370049727606,-0.21874428227829634,0.20450864771454613,-0.11040050475522095,1.0099996118791112,0.28592632208649726,long
1937,"{'window_k': 117, 'window_d': 147, 'window_ma': 27}","open_time
2022-01-01 00:00:00    100.000000
2022-01-01 01:00:00    100.000000
2022-01-01 02:00:00    100.000000
2022-01-01 03:00:00    100.000000
2022-01-01 04:00:00    100.000000
                          ...    
2023-05-01 19:00:00     92.768843
2023-05-01 20:00:00     92.555796
2023-05-01 21:00:00     93.021837
2023-05-01 22:00:00     93.434616
2023-05-01 23:00:00     93.434616
Freq: H, Length: 11664, dtype: float64",2022-01-01,2023-05-01 23:00:00,486 days,100.0,77.09261458265586,139.8941289701636,93.43461644915428,-6.565383550845723,-70.17976286600607,25.017146776406037,100.0,44.892172995266975,451 days 16:00:00,59,0.0,30,48.275862068965516,35.01564003849853,-12.134443541835909,8.2699609593932,-7.144460459208644,3 days 05:00:00,4 days 22:20:00,0.9444680715974284,-0.22042353477734133,0.11829250573559762,-0.11075951507069372,1.0072400106804391,0.16933638179948102,long
3648,"{'window_k': 222, 'window_d': 72, 'window_ma': 12}","open_time
2022-01-01 00:00:00    100.000000
2022-01-01 01:00:00    100.000000
2022-01-01 02:00:00    100.000000
2022-01-01 03:00:00    100.000000
2022-01-01 04:00:00    100.000000
                          ...    
2023-05-01 19:00:00     93.558684
2023-05-01 20:00:00     93.558684
2023-05-01 21:00:00     93.558684
2023-05-01 22:00:00     93.558684
2023-05-01 23:00:00     93.558684
Freq: H, Length: 11664, dtype: float64",2022-01-01,2023-05-01 23:00:00,486 days,100.0,80.67922795811351,150.23198642214552,93.55868435950386,-6.441315640496143,-70.17976286600607,13.700274348422498,100.0,43.743072864822054,355 days 14:00:00,70,0.0,35,51.42857142857142,23.11411992263056,-21.995165897604927,5.663356236974293,-6.010277604143921,1 days 21:36:40,1 days 20:45:00,0.9430417292038203,-0.18403758972846118,0.11557700176073869,-0.1115029944440174,1.0122406717362928,0.18693067029824958,long
1160,"{'window_k': 72, 'window_d': 132, 'window_ma': 132}","open_time
2022-01-01 00:00:00    100.000000
2022-01-01 01:00:00    100.000000
2022-01-01 02:00:00    100.000000
2022-01-01 03:00:00    100.000000
2022-01-01 04:00:00    100.000000
                          ...    
2023-05-01 19:00:00     91.552379
2023-05-01 20:00:00     91.342125
2023-05-01 21:00:00     91.802055
2023-05-01 22:00:00     92.209422
2023-05-01 23:00:00     92.209422
Freq: H, Length: 11664, dtype: float64",2022-01-01,2023-05-01 23:00:00,486 days,100.0,61.95734163410829,131.0892803230728,92.20942176646795,-7.790578233532046,-70.17976286600607,39.360425240054866,100.0,52.73653079686389,391 days 18:00:00,71,0.0,36,40.0,36.9045304297103,-17.940288493794043,11.375579591145755,-6.85474011999213,6 days 21:17:08.571428571,4 days 07:40:00,0.9450017432328165,-0.21169980754277118,0.18877725674519602,-0.11205927463731587,1.009187759015447,0.26542810836086816,long
683,"{'window_k': 42, 'window_d': 162, 'window_ma': 177}","open_time
2022-01-01 00:00:00    100.000000
2022-01-01 01:00:00    100.000000
2022-01-01 02:00:00    100.000000
2022-01-01 03:00:00    100.000000
2022-01-01 04:00:00    100.000000
                          ...    
2023-05-01 19:00:00     90.810853
2023-05-01 20:00:00     90.602303
2023-05-01 21:00:00     91.058507
2023-05-01 22:00:00     91.462575
2023-05-01 23:00:00     91.462575
Freq: H, Length: 11664, dtype: float64",2022-01-01,2023-05-01 23:00:00,486 days,100.0,61.541204813980315,144.98643478488106,91.46257472804486,-8.537425271955144,-70.17976286600607,37.92866941015089,100.0,57.553818807055926,395 days 04:00:00,79,0.0,40,25.64102564102564,33.81668218704269,-16.308985132514547,15.428184826130392,-4.8872165637394955,7 days 13:48:00,3 days 14:51:43.448275862,0.9352656326543819,-0.23160855129474855,0.1674626235480211,-0.11263443418465431,1.0082693643525003,0.23429509277929939,long
1683,"{'window_k': 102, 'window_d': 147, 'window_ma': 57}","open_time
2022-01-01 00:00:00    100.000000
2022-01-01 01:00:00    100.000000
2022-01-01 02:00:00    100.000000
2022-01-01 03:00:00    100.000000
2022-01-01 04:00:00    100.000000
                          ...    
2023-05-01 19:00:00     92.098617
2023-05-01 20:00:00     91.887109
2023-05-01 21:00:00     92.349783
2023-05-01 22:00:00     92.759581
2023-05-01 23:00:00     92.759581
Freq: H, Length: 11664, dtype: float64",2022-01-01,2023-05-01 23:00:00,486 days,100.0,65.97089969367399,128.54094919230357,92.75958068514859,-7.240419314851408,-70.17976286600607,29.209533607681752,100.0,48.6771335452189,451 days 16:00:00,65,0.0,33,37.5,30.224164133738597,-18.835068054443546,9.63359904720944,-5.350229691098547,5 days 01:00:00,3 days 22:06:00,0.9250185147194465,-0.23989547035290304,0.1327194543132101,-0.11274936882532607,1.007542770588887,0.1865229737315661,long
2288,"{'window_k': 132, 'window_d': 237, 'window_ma': 12}","open_time
2022-01-01 00:00:00    100.000000
2022-01-01 01:00:00    100.000000
2022-01-01 02:00:00    100.000000
2022-01-01 03:00:00    100.000000
2022-01-01 04:00:00    100.000000
                          ...    
2023-05-01 19:00:00     94.576763
2023-05-01 20:00:00     94.576763
2023-05-01 21:00:00     94.576763
2023-05-01 22:00:00     94.576763
2023-05-01 23:00:00     94.576763
Freq: H, Length: 11664, dtype: float64",2022-01-01,2023-05-01 23:00:00,486 days,100.0,77.87443673859168,122.14597202740386,94.57676336853022,-5.423236631469777,-70.17976286600607,10.948216735253773,100.0,36.24477709251002,314 days 15:00:00,40,0.0,20,55.00000000000001,16.580597565473983,-21.73669467787115,5.225326687406433,-6.172705896456441,2 days 13:05:27.272727272,2 days 19:13:20,0.9099340445827329,-0.2711618315734885,0.034477598771818746,-0.1131513339917656,1.0031281539109065,0.04768153911053467,long
1396,"{'window_k': 87, 'window_d': 117, 'window_ma': 72}","open_time
2022-01-01 00:00:00    100.000000
2022-01-01 01:00:00    100.000000
2022-01-01 02:00:00    100.000000
2022-01-01 03:00:00    100.000000
2022-01-01 04:00:00    100.000000
                          ...    
2023-05-01 19:00:00     91.716979
2023-05-01 20:00:00     91.716979
2023-05-01 21:00:00     91.716979
2023-05-01 22:00:00     91.716979
2023-05-01 23:00:00     91.716979
Freq: H, Length: 11664, dtype: float64",2022-01-01,2023-05-01 23:00:00,486 days,100.0,58.87395654537575,132.16661352499608,91.7169793136199,-8.283020686380098,-70.17976286600607,36.84842249657064,100.0,55.45474384554676,391 days 18:00:00,72,0.0,36,44.44444444444444,33.744221879815086,-17.202666354812305,10.297993576146549,-7.511086615191169,5 days 15:52:30,4 days 10:12:00,0.9401203237782786,-0.23008390795500322,0.17484126012819848,-0.11337626190442962,1.0088061497900485,0.24400414378491891,long
2196,"{'window_k': 132, 'window_d': 147, 'window_ma': 72}","open_time
2022-01-01 00:00:00    100.000000
2022-01-01 01:00:00    100.000000
2022-01-01 02:00:00    100.000000
2022-01-01 03:00:00    100.000000
2022-01-01 04:00:00    100.000000
                          ...    
2023-05-01 19:00:00     91.769515
2023-05-01 20:00:00     91.558762
2023-05-01 21:00:00     92.019783
2023-05-01 22:00:00     92.428116
2023-05-01 23:00:00     92.428116
Freq: H, Length: 11664, dtype: float64",2022-01-01,2023-05-01 23:00:00,486 days,100.0,66.8927065855311,134.75806925745192,92.42811617469361,-7.571883825306386,-70.17976286600607,33.25617283950617,100.0,50.3608897380874,453 days 11:00:00,55,0.0,28,33.33333333333333,34.85747082456475,-12.592714686006289,12.539840705890532,-5.814279173461825,6 days 23:53:20,5 days 08:13:20,0.9320603396170668,-0.2648288499600695,0.16857183469003184,-0.11401845031903089,1.0089899927984975,0.23746984931185722,long
2656,"{'window_k': 162, 'window_d': 102, 'window_ma': 12}","open_time
2022-01-01 00:00:00    100.0000
2022-01-01 01:00:00    100.0000
2022-01-01 02:00:00    100.0000
2022-01-01 03:00:00    100.0000
2022-01-01 04:00:00    100.0000
                         ...   
2023-05-01 19:00:00     93.7936
2023-05-01 20:00:00     93.7936
2023-05-01 21:00:00     93.7936
2023-05-01 22:00:00     93.7936
2023-05-01 23:00:00     93.7936
Freq: H, Length: 11664, dtype: float64",2022-01-01,2023-05-01 23:00:00,486 days,100.0,72.58936892972133,123.32260027461412,93.79360015864508,-6.206399841354923,-70.17976286600607,17.92695473251029,100.0,41.13863252309009,355 days 14:00:00,66,0.0,33,48.484848484848484,19.79759645793802,-17.351805587099715,6.079667258173974,-5.450701317429968,2 days 03:03:45,3 days 02:56:28.235294117,0.9295035145676322,-0.18807272246530005,0.13066038640109195,-0.11420316620584903,1.0112585376403018,0.20703392136630513,long
3475,"{'window_k': 207, 'window_d': 147, 'window_ma': 57}","open_time
2022-01-01 00:00:00    100.000000
2022-01-01 01:00:00    100.000000
2022-01-01 02:00:00    100.000000
2022-01-01 03:00:00    100.000000
2022-01-01 04:00:00    100.000000
                          ...    
2023-05-01 19:00:00     91.498645
2023-05-01 20:00:00     91.288514
2023-05-01 21:00:00     91.748174
2023-05-01 22:00:00     92.155302
2023-05-01 23:00:00     92.155302
Freq: H, Length: 11664, dtype: float64",2022-01-01,2023-05-01 23:00:00,486 days,100.0,69.53509738922229,143.56897975480936,92.15530201118658,-7.844697988813422,-70.17976286600607,25.823045267489714,100.0,51.5667677600161,353 days 18:00:00,47,0.0,24,34.78260869565217,38.44549247233814,-15.313484401991673,13.133819016840977,-6.368499080206213,6 days 07:22:30,4 days 21:32:00,0.9256267732779726,-0.33022470304596485,0.11464379438502602,-0.11540562443109281,1.0074059410956218,0.17167241233639452,long
651,"{'window_k': 42, 'window_d': 132, 'window_ma': 177}","open_time
2022-01-01 00:00:00    100.000000
2022-01-01 01:00:00    100.000000
2022-01-01 02:00:00    100.000000
2022-01-01 03:00:00    100.000000
2022-01-01 04:00:00    100.000000
                          ...    
2023-05-01 19:00:00     92.389435
2023-05-01 20:00:00     92.177259
2023-05-01 21:00:00     92.641394
2023-05-01 22:00:00     93.052485
2023-05-01 23:00:00     93.052485
Freq: H, Length: 11664, dtype: float64",2022-01-01,2023-05-01 23:00:00,486 days,100.0,66.67125802104783,122.52511724996795,93.052485129867,-6.947514870133005,-70.17976286600607,38.177297668038406,100.0,45.58564030179267,439 days 04:00:00,83,0.0,42,39.02439024390244,38.51599727705921,-18.89736477115119,9.69598210885426,-5.702489391705242,6 days 01:07:30,3 days 08:40:48,0.9429192659028511,-0.19338608238297095,0.1924831476111148,-0.11548086727232021,1.0095261201128858,0.2702409215938302,long
3058,"{'window_k': 177, 'window_d': 237, 'window_ma': 42}","open_time
2022-01-01 00:00:00    100.000000
2022-01-01 01:00:00    100.000000
2022-01-01 02:00:00    100.000000
2022-01-01 03:00:00    100.000000
2022-01-01 04:00:00    100.000000
                          ...    
2023-05-01 19:00:00     94.267441
2023-05-01 20:00:00     94.267441
2023-05-01 21:00:00     94.267441
2023-05-01 22:00:00     94.267441
2023-05-01 23:00:00     94.267441
Freq: H, Length: 11664, dtype: float64",2022-01-01,2023-05-01 23:00:00,486 days,100.0,77.02975149402069,123.56144330708715,94.26744090760565,-5.732559092394354,-70.17976286600607,20.473251028806587,100.0,37.40096929351745,341 days 06:00:00,36,0.0,18,61.111111111111114,29.62757087270705,-19.44696282864914,7.329414410664846,-10.565336831490024,4 days 13:54:32.727272727,7 days 00:25:42.857142857,0.9267005990301576,-0.31847550513301925,0.10858918082888572,-0.11595417299315482,1.007322937663177,0.15393122400961096,long
628,"{'window_k': 42, 'window_d': 117, 'window_ma': 72}","open_time
2022-01-01 00:00:00    100.00000
2022-01-01 01:00:00    100.00000
2022-01-01 02:00:00    100.00000
2022-01-01 03:00:00    100.00000
2022-01-01 04:00:00    100.00000
                         ...    
2023-05-01 19:00:00     92.10663
2023-05-01 20:00:00     92.10663
2023-05-01 21:00:00     92.10663
2023-05-01 22:00:00     92.10663
2023-05-01 23:00:00     92.10663
Freq: H, Length: 11664, dtype: float64",2022-01-01,2023-05-01 23:00:00,486 days,100.0,58.4873112726327,141.4163959162306,92.10663004724744,-7.893369952752565,-70.17976286600607,40.31207133058985,100.0,51.22734689171171,194 days 16:00:00,88,0.0,44,43.18181818181818,42.50568257788475,-17.11440481704494,8.701336861185052,-6.094550571162045,5 days 15:00:00,3 days 13:28:48,0.9511877897777681,-0.17939477165346718,0.22389984665537285,-0.11689855141307114,1.0113865930859476,0.32027403297010437,long
1901,"{'window_k': 117, 'window_d': 102, 'window_ma': 207}","open_time
2022-01-01 00:00:00    100.000000
2022-01-01 01:00:00    100.000000
2022-01-01 02:00:00    100.000000
2022-01-01 03:00:00    100.000000
2022-01-01 04:00:00    100.000000
                          ...    
2023-05-01 19:00:00     90.877850
2023-05-01 20:00:00     90.669146
2023-05-01 21:00:00     91.125687
2023-05-01 22:00:00     91.530053
2023-05-01 23:00:00     91.530053
Freq: H, Length: 11664, dtype: float64",2022-01-01,2023-05-01 23:00:00,486 days,100.0,55.681864383322626,121.75916230366492,91.53005265237135,-8.469947347628647,-70.17976286600607,40.79218106995885,100.0,54.26885063117207,451 days 16:00:00,75,0.0,38,27.027027027027028,34.081237911025156,-22.86787450287229,17.759815970431266,-6.012660960538638,7 days 12:30:00,4 days 09:24:26.666666666,0.9379335636401451,-0.26240895870756065,0.21674157996455376,-0.11849762908187131,1.010926950839009,0.30942878478976404,long
632,"{'window_k': 42, 'window_d': 117, 'window_ma': 132}","open_time
2022-01-01 00:00:00    100.000000
2022-01-01 01:00:00    100.000000
2022-01-01 02:00:00    100.000000
2022-01-01 03:00:00    100.000000
2022-01-01 04:00:00    100.000000
                          ...    
2023-05-01 19:00:00     91.165489
2023-05-01 20:00:00     90.956124
2023-05-01 21:00:00     91.414111
2023-05-01 22:00:00     91.819756
2023-05-01 23:00:00     91.819756
Freq: H, Length: 11664, dtype: float64",2022-01-01,2023-05-01 23:00:00,486 days,100.0,59.19566427745781,149.1187144017646,91.81975580742309,-8.180244192576907,-70.17976286600607,42.11248285322359,100.0,52.10079997429605,275 days 07:00:00,87,0.0,44,41.86046511627907,42.505682577884755,-17.114404817044935,9.26514319368878,-6.100806453393242,6 days 01:06:40,3 days 14:52:48,0.9603046748469317,-0.15463396889893133,0.22595000377568694,-0.1191612189185433,1.0112277104699354,0.3229029282682159,long
967,"{'window_k': 57, 'window_d': 192, 'window_ma': 117}","open_time
2022-01-01 00:00:00    100.000000
2022-01-01 01:00:00    100.000000
2022-01-01 02:00:00    100.000000
2022-01-01 03:00:00    100.000000
2022-01-01 04:00:00    100.000000
                          ...    
2023-05-01 19:00:00     89.598853
2023-05-01 20:00:00     89.393085
2023-05-01 21:00:00     89.843202
2023-05-01 22:00:00     90.241876
2023-05-01 23:00:00     90.241876
Freq: H, Length: 11664, dtype: float64",2022-01-01,2023-05-01 23:00:00,486 days,100.0,58.35703194619317,152.60932502705583,90.24187601413703,-9.758123985862966,-70.17976286600607,33.744855967078195,100.0,61.76050714080077,309 days 12:00:00,57,0.0,29,35.714285714285715,32.07905739262637,-12.900311213733564,11.98182506092141,-6.282202117728531,8 days 10:12:00,4 days 07:13:20,0.9249235819447562,-0.31221954744438785,0.10051387498741986,-0.12016554596547403,1.0052221547997757,0.1411312909801028,long
667,"{'window_k': 42, 'window_d': 147, 'window_ma': 177}","open_time
2022-01-01 00:00:00    100.000000
2022-01-01 01:00:00    100.000000
2022-01-01 02:00:00    100.000000
2022-01-01 03:00:00    100.000000
2022-01-01 04:00:00    100.000000
                          ...    
2023-05-01 19:00:00     90.684225
2023-05-01 20:00:00     90.475965
2023-05-01 21:00:00     90.931534
2023-05-01 22:00:00     91.335037
2023-05-01 23:00:00     91.335037
Freq: H, Length: 11664, dtype: float64",2022-01-01,2023-05-01 23:00:00,486 days,100.0,59.05688986169266,130.54451545174595,91.33503735465837,-8.664962645341632,-70.17976286600607,38.871742112482856,100.0,54.76110991156708,286 days 02:00:00,77,0.0,39,36.84210526315789,35.68102444703142,-25.92293493308721,12.422678866450203,-6.4402788132598605,7 days 09:34:17.142857142,3 days 09:12:30,0.947687909626878,-0.21637921293514273,0.1743492508988486,-0.12016730589780805,1.0085545111954164,0.24395441662106337,long
3165,"{'window_k': 192, 'window_d': 87, 'window_ma': 207}","open_time
2022-01-01 00:00:00    100.000000
2022-01-01 01:00:00    100.000000
2022-01-01 02:00:00    100.000000
2022-01-01 03:00:00    100.000000
2022-01-01 04:00:00    100.000000
                          ...    
2023-05-01 19:00:00     89.538006
2023-05-01 20:00:00     89.332378
2023-05-01 21:00:00     89.782189
2023-05-01 22:00:00     90.180593
2023-05-01 23:00:00     90.180593
Freq: H, Length: 11664, dtype: float64",2022-01-01,2023-05-01 23:00:00,486 days,100.0,68.94835827701482,179.36255634659457,90.18059263610868,-9.819407363891315,-70.17976286600607,39.351851851851855,100.0,61.55922413160684,309 days 12:00:00,69,0.0,35,35.294117647058826,34.61247637051038,-16.535433070866144,14.461148782819105,-7.219336776981566,8 days 17:50:00,3 days 17:49:05.454545454,0.9464208589222144,-0.2831362178527934,0.23710499077451497,-0.12132554436125106,1.013085116718833,0.36205738535932425,long
2661,"{'window_k': 162, 'window_d': 102, 'window_ma': 87}","open_time
2022-01-01 00:00:00    100.000000
2022-01-01 01:00:00    100.000000
2022-01-01 02:00:00    100.000000
2022-01-01 03:00:00    100.000000
2022-01-01 04:00:00    100.000000
                          ...    
2023-05-01 19:00:00     91.840075
2023-05-01 20:00:00     91.840075
2023-05-01 21:00:00     91.840075
2023-05-01 22:00:00     91.840075
2023-05-01 23:00:00     91.840075
Freq: H, Length: 11664, dtype: float64",2022-01-01,2023-05-01 23:00:00,486 days,100.0,65.7092465594947,132.68640103890246,91.84007494308395,-8.159925056916052,-70.17976286600607,40.012002743484224,100.0,50.477783672624184,286 days 02:00:00,68,0.0,34,38.23529411764706,32.967032967032964,-22.1658579620644,12.647771959984258,-7.064831370060378,7 days 10:36:55.384615384,4 days 15:40:00,0.9466144170733738,-0.23999779579164837,0.25089017397744046,-0.12268381923338902,1.0137249203439498,0.3817399276203266,long
1462,"{'window_k': 87, 'window_d': 177, 'window_ma': 102}","open_time
2022-01-01 00:00:00    100.000000
2022-01-01 01:00:00    100.000000
2022-01-01 02:00:00    100.000000
2022-01-01 03:00:00    100.000000
2022-01-01 04:00:00    100.000000
                          ...    
2023-05-01 19:00:00     88.510731
2023-05-01 20:00:00     88.307462
2023-05-01 21:00:00     88.752112
2023-05-01 22:00:00     89.145945
2023-05-01 23:00:00     89.145945
Freq: H, Length: 11664, dtype: float64",2022-01-01,2023-05-01 23:00:00,486 days,100.0,48.20446493583217,147.66454320548573,89.14594461483479,-10.85405538516521,-70.17976286600607,33.350480109739365,100.0,67.35542338775787,391 days 18:00:00,55,0.0,28,29.629629629629626,54.4451352191483,-34.20814479638008,20.097297337723596,-7.2592470610727196,10 days 00:00:00,4 days 04:53:41.052631578,0.919487065603841,-0.35636074301070675,0.12110064208840973,-0.12273927922143928,1.006500238548227,0.1665732850239215,long
2150,"{'window_k': 132, 'window_d': 102, 'window_ma': 102}","open_time
2022-01-01 00:00:00    100.000000
2022-01-01 01:00:00    100.000000
2022-01-01 02:00:00    100.000000
2022-01-01 03:00:00    100.000000
2022-01-01 04:00:00    100.000000
                          ...    
2023-05-01 19:00:00     90.085874
2023-05-01 20:00:00     89.878989
2023-05-01 21:00:00     90.331551
2023-05-01 22:00:00     90.732393
2023-05-01 23:00:00     90.732393
Freq: H, Length: 11664, dtype: float64",2022-01-01,2023-05-01 23:00:00,486 days,100.0,56.469355446566986,132.44343308510358,90.73239285053255,-9.267607149467452,-70.17976286600607,40.26063100137174,100.0,57.3634161157075,391 days 18:00:00,75,0.0,38,32.432432432432435,31.84872336340947,-20.92687263836407,13.477629999835687,-5.942605961639076,6 days 16:50:00,4 days 10:33:36,0.9399511455148221,-0.2420886031198375,0.20584783486048527,-0.12279270669758177,1.0104953080910026,0.2936652586649447,long
1250,"{'window_k': 72, 'window_d': 222, 'window_ma': 42}","open_time
2022-01-01 00:00:00    100.000000
2022-01-01 01:00:00    100.000000
2022-01-01 02:00:00    100.000000
2022-01-01 03:00:00    100.000000
2022-01-01 04:00:00    100.000000
                          ...    
2023-05-01 19:00:00     90.690994
2023-05-01 20:00:00     90.482719
2023-05-01 21:00:00     90.938321
2023-05-01 22:00:00     91.341855
2023-05-01 23:00:00     91.341855
Freq: H, Length: 11664, dtype: float64",2022-01-01,2023-05-01 23:00:00,486 days,100.0,61.240868278501125,131.10664742396045,91.34185528793199,-8.658144712068008,-70.17976286600607,24.691358024691358,100.0,53.28927290737126,395 days 04:00:00,49,0.0,25,50.0,30.888681010290007,-27.289740202553936,9.97961571987343,-9.1817831637021,5 days 07:35:00,4 days 15:30:00,0.9190709016550429,-0.3694341784783868,0.05650479923409312,-0.12338801810133158,1.003411827337073,0.07896808888510157,long
2689,"{'window_k': 162, 'window_d': 132, 'window_ma': 27}","open_time
2022-01-01 00:00:00    100.000000
2022-01-01 01:00:00    100.000000
2022-01-01 02:00:00    100.000000
2022-01-01 03:00:00    100.000000
2022-01-01 04:00:00    100.000000
                          ...    
2023-05-01 19:00:00     92.284104
2023-05-01 20:00:00     92.072170
2023-05-01 21:00:00     92.535776
2023-05-01 22:00:00     92.946398
2023-05-01 23:00:00     92.946398
Freq: H, Length: 11664, dtype: float64",2022-01-01,2023-05-01 23:00:00,486 days,100.0,79.68958069866292,140.4272624375787,92.94639828635361,-7.053601713646388,-70.17976286600607,25.91735253772291,100.0,43.25205852810402,353 days 18:00:00,59,0.0,30,44.827586206896555,24.614266547406075,-14.595021037868172,7.66073091604215,-5.985927199003839,3 days 03:13:50.769230769,5 days 03:41:15,0.9354513930094707,-0.2368330785267685,0.1528351375684908,-0.12358709612034391,1.0099293600618746,0.2234261560604061,long
655,"{'window_k': 42, 'window_d': 132, 'window_ma': 237}","open_time
2022-01-01 00:00:00    100.000000
2022-01-01 01:00:00    100.000000
2022-01-01 02:00:00    100.000000
2022-01-01 03:00:00    100.000000
2022-01-01 04:00:00    100.000000
                          ...    
2023-05-01 19:00:00     91.516482
2023-05-01 20:00:00     91.306311
2023-05-01 21:00:00     91.766061
2023-05-01 22:00:00     92.173267
2023-05-01 23:00:00     92.173267
Freq: H, Length: 11664, dtype: float64",2022-01-01,2023-05-01 23:00:00,486 days,100.0,64.21953813079905,122.52511724996795,92.17326747903792,-7.826732520962082,-70.17976286600607,38.657407407407405,100.0,47.58663401253276,439 days 04:00:00,83,0.0,42,39.02439024390244,38.51599727705922,-18.89736477115118,9.873817160400646,-5.848800950863338,6 days 03:33:45,3 days 09:21:36,0.936866843932035,-0.21460426731262405,0.18417796093754774,-0.12476876462696154,1.0090731650124438,0.2588883420557304,long
961,"{'window_k': 57, 'window_d': 192, 'window_ma': 27}","open_time
2022-01-01 00:00:00    100.000000
2022-01-01 01:00:00    100.000000
2022-01-01 02:00:00    100.000000
2022-01-01 03:00:00    100.000000
2022-01-01 04:00:00    100.000000
                          ...    
2023-05-01 19:00:00     91.390859
2023-05-01 20:00:00     91.180976
2023-05-01 21:00:00     91.640095
2023-05-01 22:00:00     92.046743
2023-05-01 23:00:00     92.046743
Freq: H, Length: 11664, dtype: float64",2022-01-01,2023-05-01 23:00:00,486 days,100.0,65.45406090065947,126.67098564839358,92.04674263137632,-7.953257368623682,-70.17976286600607,21.356310013717422,100.0,48.32750328291967,451 days 16:00:00,57,0.0,29,42.857142857142854,24.147599820547345,-12.900311213733568,6.963864806906771,-5.081084287045309,3 days 05:30:00,3 days 22:03:45,0.9119391509469781,-0.2470343160882429,0.061510828836017654,-0.12486293212754089,1.0039455318680381,0.08665427925306793,long
3941,"{'window_k': 237, 'window_d': 102, 'window_ma': 87}","open_time
2022-01-01 00:00:00    100.000000
2022-01-01 01:00:00    100.000000
2022-01-01 02:00:00    100.000000
2022-01-01 03:00:00    100.000000
2022-01-01 04:00:00    100.000000
                          ...    
2023-05-01 19:00:00     91.034032
2023-05-01 20:00:00     91.034032
2023-05-01 21:00:00     91.034032
2023-05-01 22:00:00     91.034032
2023-05-01 23:00:00     91.034032
Freq: H, Length: 11664, dtype: float64",2022-01-01,2023-05-01 23:00:00,486 days,100.0,64.99301469264789,142.7950516606304,91.03403190402445,-8.965968095975555,-70.17976286600607,38.04012345679013,100.0,54.48510719607316,355 days 14:00:00,64,0.0,32,37.5,32.39546697928877,-25.375982042648705,13.663091957222209,-7.313404239477535,7 days 21:35:00,4 days 12:06:00,0.9422653384475239,-0.28018650299923564,0.23135081875366048,-0.1250215596046378,1.0131275191272595,0.35253195413679134,long
1413,"{'window_k': 87, 'window_d': 132, 'window_ma': 87}","open_time
2022-01-01 00:00:00    100.000000
2022-01-01 01:00:00    100.000000
2022-01-01 02:00:00    100.000000
2022-01-01 03:00:00    100.000000
2022-01-01 04:00:00    100.000000
                          ...    
2023-05-01 19:00:00     91.168896
2023-05-01 20:00:00     91.168896
2023-05-01 21:00:00     91.168896
2023-05-01 22:00:00     91.168896
2023-05-01 23:00:00     91.168896
Freq: H, Length: 11664, dtype: float64",2022-01-01,2023-05-01 23:00:00,486 days,100.0,59.04416637659591,127.15033978599946,91.16889633111653,-8.831103668883472,-70.17976286600607,38.68312757201646,100.0,53.56350091083495,451 days 16:00:00,74,0.0,37,40.54054054054054,35.84181224803227,-16.273018414731776,10.197240254668708,-6.348359226105195,6 days 05:32:00,4 days 07:08:10.909090909,0.933517018535055,-0.23867847753739158,0.158470885731321,-0.125237302049731,1.0078296408365226,0.22327078090288188,long
911,"{'window_k': 57, 'window_d': 132, 'window_ma': 237}","open_time
2022-01-01 00:00:00    100.000000
2022-01-01 01:00:00    100.000000
2022-01-01 02:00:00    100.000000
2022-01-01 03:00:00    100.000000
2022-01-01 04:00:00    100.000000
                          ...    
2023-05-01 19:00:00     91.745735
2023-05-01 20:00:00     91.535037
2023-05-01 21:00:00     91.995939
2023-05-01 22:00:00     92.404166
2023-05-01 23:00:00     92.404166
Freq: H, Length: 11664, dtype: float64",2022-01-01,2023-05-01 23:00:00,486 days,100.0,63.58261505091432,117.58557155596931,92.40416588169562,-7.595834118304381,-70.17976286600607,39.0860768175583,100.0,45.92651614518048,391 days 18:00:00,73,0.0,37,41.66666666666667,31.914893617021278,-19.067215363511657,9.688280976935895,-6.443335821240573,7 days 04:44:00,3 days 16:37:08.571428571,0.9290498847296506,-0.24574590188472012,0.1902312234962392,-0.12542677168470165,1.0093170539891048,0.2658487417862456,long
1401,"{'window_k': 87, 'window_d': 117, 'window_ma': 147}","open_time
2022-01-01 00:00:00    100.000000
2022-01-01 01:00:00    100.000000
2022-01-01 02:00:00    100.000000
2022-01-01 03:00:00    100.000000
2022-01-01 04:00:00    100.000000
                          ...    
2023-05-01 19:00:00     89.671791
2023-05-01 20:00:00     89.465856
2023-05-01 21:00:00     89.916339
2023-05-01 22:00:00     90.315338
2023-05-01 23:00:00     90.315338
Freq: H, Length: 11664, dtype: float64",2022-01-01,2023-05-01 23:00:00,486 days,100.0,57.6790235539566,138.55472511153934,90.3153380578252,-9.684661942174799,-70.17976286600607,40.35493827160494,100.0,58.37094439938889,391 days 18:00:00,71,0.0,36,37.142857142857146,33.744221879815086,-17.202666354812308,12.88833026152222,-7.073973234187592,7 days 01:27:41.538461538,4 days 12:54:32.727272727,0.9194626557329442,-0.3300270643401748,0.168749665318897,-0.12617390695289765,1.0081398874087335,0.23535855184991603,long
1368,"{'window_k': 87, 'window_d': 87, 'window_ma': 132}","open_time
2022-01-01 00:00:00    100.000000
2022-01-01 01:00:00    100.000000
2022-01-01 02:00:00    100.000000
2022-01-01 03:00:00    100.000000
2022-01-01 04:00:00    100.000000
                          ...    
2023-05-01 19:00:00     91.039816
2023-05-01 20:00:00     90.830739
2023-05-01 21:00:00     91.288094
2023-05-01 22:00:00     91.693180
2023-05-01 23:00:00     91.693180
Freq: H, Length: 11664, dtype: float64",2022-01-01,2023-05-01 23:00:00,486 days,100.0,62.89428348539808,168.89765297264054,91.69318024395,-8.306819756050004,-70.17976286600607,38.49451303155007,100.0,49.58942805948763,194 days 16:00:00,91,0.0,46,40.0,35.098275170477315,-24.31428259206644,9.500883317319666,-5.7387093203477,5 days 11:20:00,3 days 01:51:06.666666666,0.9648563755968816,-0.14016720551954176,0.24210788377875805,-0.12715441820551826,1.0136964050420563,0.3697189279476935,long
3123,"{'window_k': 192, 'window_d': 57, 'window_ma': 57}","open_time
2022-01-01 00:00:00    100.000000
2022-01-01 01:00:00    100.000000
2022-01-01 02:00:00    100.000000
2022-01-01 03:00:00    100.000000
2022-01-01 04:00:00    100.000000
                          ...    
2023-05-01 19:00:00     90.954532
2023-05-01 20:00:00     90.745651
2023-05-01 21:00:00     91.202578
2023-05-01 22:00:00     91.607285
2023-05-01 23:00:00     91.607285
Freq: H, Length: 11664, dtype: float64",2022-01-01,2023-05-01 23:00:00,486 days,100.0,59.376820596073586,118.76480945867547,91.6072845825602,-8.392715417439803,-70.17976286600607,32.4502743484225,100.0,50.00470184163945,430 days 01:00:00,95,0.0,48,46.808510638297875,20.18224117875146,-17.21193301541534,6.442786680389374,-5.484905083477005,4 days 07:49:05.454545454,2 days 07:14:24,0.9377348031828521,-0.1741241408580807,0.2200458930634255,-0.12741683181733826,1.0138887338383964,0.3401192404973143,long
1159,"{'window_k': 72, 'window_d': 132, 'window_ma': 117}","open_time
2022-01-01 00:00:00    100.000000
2022-01-01 01:00:00    100.000000
2022-01-01 02:00:00    100.000000
2022-01-01 03:00:00    100.000000
2022-01-01 04:00:00    100.000000
                          ...    
2023-05-01 19:00:00     90.693691
2023-05-01 20:00:00     90.485409
2023-05-01 21:00:00     90.941025
2023-05-01 22:00:00     91.344571
2023-05-01 23:00:00     91.344571
Freq: H, Length: 11664, dtype: float64",2022-01-01,2023-05-01 23:00:00,486 days,100.0,64.06972928063344,132.18070246660724,91.34457103602759,-8.655428963972412,-70.17976286600607,37.43998628257887,100.0,51.528681505668835,451 days 16:00:00,71,0.0,36,40.0,36.90453042971029,-17.940288493794032,10.809762631569852,-6.5900784208203,6 days 07:04:17.142857142,4 days 06:28:34.285714285,0.939325931536588,-0.23651195048820028,0.15874740966219936,-0.1275633583311904,1.0079823470034712,0.22303335779381453,long
1699,"{'window_k': 102, 'window_d': 162, 'window_ma': 57}","open_time
2022-01-01 00:00:00    100.000000
2022-01-01 01:00:00    100.000000
2022-01-01 02:00:00    100.000000
2022-01-01 03:00:00    100.000000
2022-01-01 04:00:00    100.000000
                          ...    
2023-05-01 19:00:00     89.704741
2023-05-01 20:00:00     89.498731
2023-05-01 21:00:00     89.949379
2023-05-01 22:00:00     90.348524
2023-05-01 23:00:00     90.348524
Freq: H, Length: 11664, dtype: float64",2022-01-01,2023-05-01 23:00:00,486 days,100.0,63.67563692906268,149.4527346101278,90.34852428955213,-9.651475710447869,-70.17976286600607,27.023319615912207,100.0,57.39413059575583,355 days 14:00:00,63,0.0,32,38.70967741935484,30.001896453631723,-13.487302539492111,9.457988986824931,-6.011988613036545,4 days 23:45:00,3 days 17:10:00,0.9193542541327093,-0.27312628237218384,0.13373260904672196,-0.12787592058613292,1.009062622685747,0.20427730604568325,long
3867,"{'window_k': 237, 'window_d': 27, 'window_ma': 177}","open_time
2022-01-01 00:00:00    100.000000
2022-01-01 01:00:00    100.000000
2022-01-01 02:00:00    100.000000
2022-01-01 03:00:00    100.000000
2022-01-01 04:00:00    100.000000
                          ...    
2023-05-01 19:00:00     88.627039
2023-05-01 20:00:00     88.627039
2023-05-01 21:00:00     88.627039
2023-05-01 22:00:00     88.627039
2023-05-01 23:00:00     88.627039
Freq: H, Length: 11664, dtype: float64",2022-01-01,2023-05-01 23:00:00,486 days,100.0,38.103593849475715,117.56196765857449,88.6270394216577,-11.372960578342301,-70.17976286600607,36.28257887517147,100.0,67.58850280548482,439 days 04:00:00,186,0.0,93,33.33333333333333,29.846743295019166,-13.671753347866705,7.633022153252032,-3.6221254044126536,2 days 21:58:03.870967741,1 days 09:16:27.096774193,0.9328348597423468,-0.12228989869185303,0.2074931044387502,-0.12825360460291957,1.0121999119245406,0.3219998485264087,long
2280,"{'window_k': 132, 'window_d': 222, 'window_ma': 132}","open_time
2022-01-01 00:00:00    100.00000
2022-01-01 01:00:00    100.00000
2022-01-01 02:00:00    100.00000
2022-01-01 03:00:00    100.00000
2022-01-01 04:00:00    100.00000
                         ...    
2023-05-01 19:00:00     91.17464
2023-05-01 20:00:00     91.17464
2023-05-01 21:00:00     91.17464
2023-05-01 22:00:00     91.17464
2023-05-01 23:00:00     91.17464
Freq: H, Length: 11664, dtype: float64",2022-01-01,2023-05-01 23:00:00,486 days,100.0,57.53319067680483,120.12396694214875,91.1746395093166,-8.825360490683394,-70.17976286600607,32.12448559670782,100.0,52.10515258415283,451 days 16:00:00,42,0.0,21,42.857142857142854,43.62237348327908,-22.86544479213231,12.76950765582567,-8.623316219417976,8 days 12:46:40,6 days 14:40:00,0.9014816691886409,-0.42025526146111414,0.13301138517414915,-0.12865780663002724,1.0072212581326945,0.18716273682209805,long
2949,"{'window_k': 177, 'window_d': 132, 'window_ma': 87}","open_time
2022-01-01 00:00:00    100.0000
2022-01-01 01:00:00    100.0000
2022-01-01 02:00:00    100.0000
2022-01-01 03:00:00    100.0000
2022-01-01 04:00:00    100.0000
                         ...   
2023-05-01 19:00:00     91.7962
2023-05-01 20:00:00     91.7962
2023-05-01 21:00:00     91.7962
2023-05-01 22:00:00     91.7962
2023-05-01 23:00:00     91.7962
Freq: H, Length: 11664, dtype: float64",2022-01-01,2023-05-01 23:00:00,486 days,100.0,75.4223197020283,145.4969772428937,91.79619996729521,-8.203800032704791,-70.17976286600607,38.93175582990398,100.0,48.16227722991266,309 days 12:00:00,58,0.0,29,31.03448275862069,32.82032711690505,-13.252279635258354,14.745285742797925,-6.005522472936388,8 days 16:33:20,5 days 13:11:59.999999999,0.9390575543001696,-0.2828896563001644,0.20461891785830044,-0.12928098092373352,1.0106143974531785,0.2955237371852918,long
2240,"{'window_k': 132, 'window_d': 192, 'window_ma': 12}","open_time
2022-01-01 00:00:00    100.000000
2022-01-01 01:00:00    100.000000
2022-01-01 02:00:00    100.000000
2022-01-01 03:00:00    100.000000
2022-01-01 04:00:00    100.000000
                          ...    
2023-05-01 19:00:00     93.438722
2023-05-01 20:00:00     93.224136
2023-05-01 21:00:00     93.693543
2023-05-01 22:00:00     93.693543
2023-05-01 23:00:00     93.693543
Freq: H, Length: 11664, dtype: float64",2022-01-01,2023-05-01 23:00:00,486 days,100.0,75.58882808118679,119.44201190309697,93.69354268109416,-6.306457318905842,-70.17976286600607,12.131344307270234,100.0,36.715041151088585,391 days 18:00:00,50,0.0,25,44.0,21.510957324106105,-7.13455953533399,4.1373228459224265,-3.4310077521695974,2 days 00:38:10.909090909,2 days 14:51:25.714285714,0.8611086391772519,-0.2522582927562338,-0.01894653036196524,-0.1300427973908758,0.99839974357181,-0.026029623620941085,long
1704,"{'window_k': 102, 'window_d': 162, 'window_ma': 132}","open_time
2022-01-01 00:00:00    100.000000
2022-01-01 01:00:00    100.000000
2022-01-01 02:00:00    100.000000
2022-01-01 03:00:00    100.000000
2022-01-01 04:00:00    100.000000
                          ...    
2023-05-01 19:00:00     89.017169
2023-05-01 20:00:00     88.812737
2023-05-01 21:00:00     89.259931
2023-05-01 22:00:00     89.656017
2023-05-01 23:00:00     89.656017
Freq: H, Length: 11664, dtype: float64",2022-01-01,2023-05-01 23:00:00,486 days,100.0,63.78926805299843,161.31120196464943,89.65601718519514,-10.34398281480486,-70.17976286600607,39.92626886145405,100.0,60.455772893578995,355 days 14:00:00,63,0.0,32,32.25806451612903,42.3529411764706,-20.916676191564747,16.85651402910488,-7.178366939341727,9 days 02:42:00,4 days 18:48:34.285714285,0.9394633213314245,-0.29575810740941577,0.1986904758722339,-0.1302314104721271,1.0107397652564925,0.2983298795410378,long
1590,"{'window_k': 102, 'window_d': 57, 'window_ma': 102}","open_time
2022-01-01 00:00:00    100.0000
2022-01-01 01:00:00    100.0000
2022-01-01 02:00:00    100.0000
2022-01-01 03:00:00    100.0000
2022-01-01 04:00:00    100.0000
                         ...   
2023-05-01 19:00:00     91.0872
2023-05-01 20:00:00     91.0872
2023-05-01 21:00:00     91.0872
2023-05-01 22:00:00     91.0872
2023-05-01 23:00:00     91.0872
Freq: H, Length: 11664, dtype: float64",2022-01-01,2023-05-01 23:00:00,486 days,100.0,71.09958655126088,166.83472013621338,91.08719990280468,-8.912800097195316,-70.17976286600607,43.964334705075444,100.0,51.93107761923886,194 days 16:00:00,114,0.0,57,35.08771929824561,34.988772949412215,-20.093245394587214,9.812208148790289,-4.918089696034766,4 days 23:27:00,3 days 02:01:37.297297297,0.9567484073072727,-0.15636491398588248,0.26614949118965686,-0.13038320736459594,1.013811488354082,0.4027978830979328,long
3574,"{'window_k': 207, 'window_d': 237, 'window_ma': 102}","open_time
2022-01-01 00:00:00    100.000000
2022-01-01 01:00:00    100.000000
2022-01-01 02:00:00    100.000000
2022-01-01 03:00:00    100.000000
2022-01-01 04:00:00    100.000000
                          ...    
2023-05-01 19:00:00     90.795637
2023-05-01 20:00:00     90.795637
2023-05-01 21:00:00     90.795637
2023-05-01 22:00:00     90.795637
2023-05-01 23:00:00     90.795637
Freq: H, Length: 11664, dtype: float64",2022-01-01,2023-05-01 23:00:00,486 days,100.0,63.52899328218978,136.20119453334485,90.79563740538252,-9.204362594617479,-70.17976286600607,31.944444444444443,100.0,53.356507995503236,349 days 17:00:00,34,0.0,17,47.05882352941176,40.20245842371655,-23.423197492163002,10.970578944510677,-9.106573549592524,8 days 23:22:30,9 days 06:33:20,0.8816483701181999,-0.5414330938010288,0.12249922305182014,-0.13110210866007613,1.0068062416473826,0.17342095716114103,long
2704,"{'window_k': 162, 'window_d': 147, 'window_ma': 12}","open_time
2022-01-01 00:00:00    100.000000
2022-01-01 01:00:00    100.000000
2022-01-01 02:00:00    100.000000
2022-01-01 03:00:00    100.000000
2022-01-01 04:00:00    100.000000
                          ...    
2023-05-01 19:00:00     93.774656
2023-05-01 20:00:00     93.774656
2023-05-01 21:00:00     93.774656
2023-05-01 22:00:00     93.774656
2023-05-01 23:00:00     93.774656
Freq: H, Length: 11664, dtype: float64",2022-01-01,2023-05-01 23:00:00,486 days,100.0,75.76298650045472,118.10858310246901,93.7746561552038,-6.2253438447962,-70.17976286600607,14.300411522633743,100.0,35.85310693743229,391 days 18:00:00,56,0.0,28,50.0,19.87483406030724,-14.220018034265102,4.972563007765018,-4.974359183441637,2 days 06:12:51.428571428,2 days 16:55:42.857142857,0.9095191839124848,-0.22233370874272174,0.022638150390643756,-0.13144240846906924,1.0018296245446439,0.031239019673755145,long
1227,"{'window_k': 72, 'window_d': 192, 'window_ma': 177}","open_time
2022-01-01 00:00:00    100.000000
2022-01-01 01:00:00    100.000000
2022-01-01 02:00:00    100.000000
2022-01-01 03:00:00    100.000000
2022-01-01 04:00:00    100.000000
                          ...    
2023-05-01 19:00:00     89.540745
2023-05-01 20:00:00     89.335111
2023-05-01 21:00:00     89.784935
2023-05-01 22:00:00     90.183351
2023-05-01 23:00:00     90.183351
Freq: H, Length: 11664, dtype: float64",2022-01-01,2023-05-01 23:00:00,486 days,100.0,57.10747394281534,132.06536415052457,90.18335080796318,-9.81664919203682,-70.17976286600607,36.37688614540466,100.0,56.75817477947831,391 days 18:00:00,53,0.0,27,30.76923076923077,48.51515617787353,-13.957558521111354,18.178281900793994,-7.304911268727304,9 days 21:45:00,5 days 07:23:20,0.9158069613812576,-0.3755861806891527,0.1273219858095843,-0.13155075815476422,1.006432355116291,0.1789256516877851,long
1200,"{'window_k': 72, 'window_d': 177, 'window_ma': 12}","open_time
2022-01-01 00:00:00    100.000000
2022-01-01 01:00:00    100.000000
2022-01-01 02:00:00    100.000000
2022-01-01 03:00:00    100.000000
2022-01-01 04:00:00    100.000000
                          ...    
2023-05-01 19:00:00     92.220487
2023-05-01 20:00:00     92.220487
2023-05-01 21:00:00     92.220487
2023-05-01 22:00:00     92.220487
2023-05-01 23:00:00     92.220487
Freq: H, Length: 11664, dtype: float64",2022-01-01,2023-05-01 23:00:00,486 days,100.0,70.18024045964255,127.12942508327917,92.22048660292837,-7.779513397071625,-70.17976286600607,13.794581618655693,100.0,44.79622603998303,391 days 18:00:00,54,0.0,27,33.33333333333333,19.87483406030724,-9.865397242284967,7.650561230276984,-3.9233232012616885,2 days 10:26:40,2 days 12:10:00,0.8885648727976966,-0.28813012581746733,-0.029370318023720223,-0.13173292732892736,0.9975896440253396,-0.04181392690733102,long
3693,"{'window_k': 222, 'window_d': 102, 'window_ma': 207}","open_time
2022-01-01 00:00:00    100.000000
2022-01-01 01:00:00    100.000000
2022-01-01 02:00:00    100.000000
2022-01-01 03:00:00    100.000000
2022-01-01 04:00:00    100.000000
                          ...    
2023-05-01 19:00:00     89.766719
2023-05-01 20:00:00     89.560566
2023-05-01 21:00:00     90.011526
2023-05-01 22:00:00     90.410947
2023-05-01 23:00:00     90.410947
Freq: H, Length: 11664, dtype: float64",2022-01-01,2023-05-01 23:00:00,486 days,100.0,67.60090121677425,150.39156036185818,90.41094728425595,-9.589052715744046,-70.17976286600607,39.068930041152264,100.0,55.050069928046995,309 days 12:00:00,63,0.0,32,38.70967741935484,37.70761633996708,-25.072951739618404,14.920057886041269,-8.376982180010842,8 days 10:25:00,4 days 12:18:56.842105263,0.9451334188381829,-0.30350544826341785,0.2348230978385495,-0.13244760994244514,1.013148716382124,0.356938864651734,long
666,"{'window_k': 42, 'window_d': 147, 'window_ma': 162}","open_time
2022-01-01 00:00:00    100.000000
2022-01-01 01:00:00    100.000000
2022-01-01 02:00:00    100.000000
2022-01-01 03:00:00    100.000000
2022-01-01 04:00:00    100.000000
                          ...    
2023-05-01 19:00:00     89.935046
2023-05-01 20:00:00     89.728506
2023-05-01 21:00:00     90.180311
2023-05-01 22:00:00     90.580482
2023-05-01 23:00:00     90.580482
Freq: H, Length: 11664, dtype: float64",2022-01-01,2023-05-01 23:00:00,486 days,100.0,58.568996973253896,127.41566655712768,90.5804816153536,-9.419518384646395,-70.17976286600607,39.000342935528124,100.0,54.03312751419459,286 days 02:00:00,77,0.0,39,36.84210526315789,35.681024447031426,-25.92293493308721,12.236708472936856,-6.376969346815783,7 days 11:30:00,3 days 08:42:30,0.9416613030647932,-0.23633215623013815,0.16639105683723143,-0.1325246163690261,1.0081564552971813,0.23287606209456663,long
2107,"{'window_k': 132, 'window_d': 57, 'window_ma': 177}","open_time
2022-01-01 00:00:00    100.000000
2022-01-01 01:00:00    100.000000
2022-01-01 02:00:00    100.000000
2022-01-01 03:00:00    100.000000
2022-01-01 04:00:00    100.000000
                          ...    
2023-05-01 19:00:00     90.288013
2023-05-01 20:00:00     90.080663
2023-05-01 21:00:00     90.534241
2023-05-01 22:00:00     90.935982
2023-05-01 23:00:00     90.935982
Freq: H, Length: 11664, dtype: float64",2022-01-01,2023-05-01 23:00:00,486 days,100.0,58.09787096094613,151.9905289089958,90.93598206256092,-9.064017937439075,-70.17976286600607,39.38614540466393,100.0,51.955331744141255,275 days 07:00:00,99,0.0,50,38.775510204081634,49.97108155002891,-20.09324539458721,9.78721196980266,-5.653638479261667,4 days 21:00:00,3 days 02:32:00,0.9484999207674858,-0.18339309482985877,0.2480740847789898,-0.1325600997666162,1.0139878947369292,0.37850712285734595,long
1395,"{'window_k': 87, 'window_d': 117, 'window_ma': 57}","open_time
2022-01-01 00:00:00    100.000000
2022-01-01 01:00:00    100.000000
2022-01-01 02:00:00    100.000000
2022-01-01 03:00:00    100.000000
2022-01-01 04:00:00    100.000000
                          ...    
2023-05-01 19:00:00     90.363745
2023-05-01 20:00:00     90.156221
2023-05-01 21:00:00     90.610179
2023-05-01 22:00:00     91.012257
2023-05-01 23:00:00     91.012257
Freq: H, Length: 11664, dtype: float64",2022-01-01,2023-05-01 23:00:00,486 days,100.0,63.017904461893046,128.4562181824085,91.01225721213376,-8.987742787866239,-70.17976286600607,31.670096021947874,100.0,50.94211447794043,430 days 01:00:00,71,0.0,36,37.142857142857146,33.7442218798151,-17.202666354812298,10.248841696969624,-5.785834877991721,5 days 02:18:27.692307692,3 days 18:43:38.181818181,0.9098857391755257,-0.31052655159191644,0.12412392463302098,-0.13404535795654335,1.0068320816025431,0.17259617559623783,long
4072,"{'window_k': 237, 'window_d': 222, 'window_ma': 132}","open_time
2022-01-01 00:00:00    100.000000
2022-01-01 01:00:00    100.000000
2022-01-01 02:00:00    100.000000
2022-01-01 03:00:00    100.000000
2022-01-01 04:00:00    100.000000
                          ...    
2023-05-01 19:00:00     91.387642
2023-05-01 20:00:00     91.387642
2023-05-01 21:00:00     91.387642
2023-05-01 22:00:00     91.387642
2023-05-01 23:00:00     91.387642
Freq: H, Length: 11664, dtype: float64",2022-01-01,2023-05-01 23:00:00,486 days,100.0,62.74113539673099,122.28289642795045,91.38764175607477,-8.612358243925229,-70.17976286600607,29.06378600823045,100.0,48.69181444872112,424 days 03:00:00,34,0.0,17,41.17647058823529,37.90310918293564,-18.47947414113854,14.302901942796417,-9.244206806895377,9 days 17:34:17.142857142,7 days 07:30:00,0.9010484105097775,-0.5066093084661913,0.11022196744827582,-0.13431598204070458,1.0064668223680864,0.1568911565181263,long
713,"{'window_k': 42, 'window_d': 192, 'window_ma': 147}","open_time
2022-01-01 00:00:00    100.000000
2022-01-01 01:00:00    100.000000
2022-01-01 02:00:00    100.000000
2022-01-01 03:00:00    100.000000
2022-01-01 04:00:00    100.000000
                          ...    
2023-05-01 19:00:00     89.396712
2023-05-01 20:00:00     89.191408
2023-05-01 21:00:00     89.640509
2023-05-01 22:00:00     90.038284
2023-05-01 23:00:00     90.038284
Freq: H, Length: 11664, dtype: float64",2022-01-01,2023-05-01 23:00:00,486 days,100.0,62.24104201459367,142.18525427737453,90.03828402176914,-9.961715978230856,-70.17976286600607,36.03395061728395,100.0,56.22538896109857,391 days 18:00:00,59,0.0,30,34.48275862068966,34.345749761222535,-12.200435729847488,12.867840174240625,-6.412309783454435,9 days 03:00:00,4 days 06:41:03.157894736,0.9212184661196905,-0.33908280962504067,0.11683675629100447,-0.13478593720832838,1.0058641540171351,0.16372781972224706,long
2962,"{'window_k': 177, 'window_d': 147, 'window_ma': 42}","open_time
2022-01-01 00:00:00    100.00000
2022-01-01 01:00:00    100.00000
2022-01-01 02:00:00    100.00000
2022-01-01 03:00:00    100.00000
2022-01-01 04:00:00    100.00000
                         ...    
2023-05-01 19:00:00     89.69531
2023-05-01 20:00:00     89.69531
2023-05-01 21:00:00     89.69531
2023-05-01 22:00:00     89.69531
2023-05-01 23:00:00     89.69531
Freq: H, Length: 11664, dtype: float64",2022-01-01,2023-05-01 23:00:00,486 days,100.0,69.41831227919782,165.80349187536694,89.69530951086207,-10.304690489137926,-70.17976286600607,26.851851851851855,100.0,58.13217713690918,353 days 18:00:00,54,0.0,27,37.03703703703704,31.97509903791737,-21.425364758698084,12.613780562708833,-6.9289803445973535,5 days 21:30:00,4 days 05:00:00,0.924753598169358,-0.38165520330140623,0.09205481606901372,-0.13491528648913922,1.0055819217245,0.13335962537709764,long
1430,"{'window_k': 87, 'window_d': 147, 'window_ma': 102}","open_time
2022-01-01 00:00:00    100.000000
2022-01-01 01:00:00    100.000000
2022-01-01 02:00:00    100.000000
2022-01-01 03:00:00    100.000000
2022-01-01 04:00:00    100.000000
                          ...    
2023-05-01 19:00:00     90.224253
2023-05-01 20:00:00     90.017050
2023-05-01 21:00:00     90.470308
2023-05-01 22:00:00     90.871765
2023-05-01 23:00:00     90.871765
Freq: H, Length: 11664, dtype: float64",2022-01-01,2023-05-01 23:00:00,486 days,100.0,60.24882693034976,123.60100609749563,90.8717649877214,-9.128235012278594,-70.17976286600607,36.85699588477366,100.0,51.25539117147162,451 days 16:00:00,67,0.0,34,39.39393939393939,31.49492017416547,-16.105828447553833,9.999464583961469,-6.116034749875064,6 days 09:55:23.076923076,4 days 14:54:00,0.9133203051787855,-0.2927028620780514,0.15130601201135563,-0.13533389392037132,1.007580816741141,0.21135720900943064,long
2434,"{'window_k': 147, 'window_d': 132, 'window_ma': 42}","open_time
2022-01-01 00:00:00    100.000000
2022-01-01 01:00:00    100.000000
2022-01-01 02:00:00    100.000000
2022-01-01 03:00:00    100.000000
2022-01-01 04:00:00    100.000000
                          ...    
2023-05-01 19:00:00     93.363278
2023-05-01 20:00:00     93.363278
2023-05-01 21:00:00     93.363278
2023-05-01 22:00:00     93.363278
2023-05-01 23:00:00     93.363278
Freq: H, Length: 11664, dtype: float64",2022-01-01,2023-05-01 23:00:00,486 days,100.0,80.0831160604367,127.36453670207415,93.36327820787737,-6.6367217921226285,-70.17976286600607,28.52366255144033,100.0,37.12290867295046,314 days 09:00:00,64,0.0,32,37.5,32.29954614220879,-13.416733616435206,9.561428701512064,-5.311565975233915,5 days 00:20:00,3 days 22:09:00,0.9419803635768145,-0.20739755600383258,0.15329497124170322,-0.13540779226847152,1.0088749184566226,0.21497031499020172,long
2262,"{'window_k': 132, 'window_d': 207, 'window_ma': 102}","open_time
2022-01-01 00:00:00    100.000000
2022-01-01 01:00:00    100.000000
2022-01-01 02:00:00    100.000000
2022-01-01 03:00:00    100.000000
2022-01-01 04:00:00    100.000000
                          ...    
2023-05-01 19:00:00     89.187525
2023-05-01 20:00:00     89.187525
2023-05-01 21:00:00     89.187525
2023-05-01 22:00:00     89.187525
2023-05-01 23:00:00     89.187525
Freq: H, Length: 11664, dtype: float64",2022-01-01,2023-05-01 23:00:00,486 days,100.0,48.22422330489679,122.55480607082632,89.18752542789119,-10.812474572108812,-70.17976286600607,28.50651577503429,100.0,60.65089175121597,451 days 16:00:00,45,0.0,23,40.909090909090914,40.36630036630036,-14.077956592351967,11.177867813809746,-7.363687315765315,7 days 19:00:00,5 days 06:09:13.846153846,0.859574642159394,-0.4914761169140367,0.06714878749319407,-0.13577744943928285,1.0037962505924796,0.0941498172396386,long
2275,"{'window_k': 132, 'window_d': 222, 'window_ma': 57}","open_time
2022-01-01 00:00:00    100.000000
2022-01-01 01:00:00    100.000000
2022-01-01 02:00:00    100.000000
2022-01-01 03:00:00    100.000000
2022-01-01 04:00:00    100.000000
                          ...    
2023-05-01 19:00:00     91.079275
2023-05-01 20:00:00     91.079275
2023-05-01 21:00:00     91.079275
2023-05-01 22:00:00     91.079275
2023-05-01 23:00:00     91.079275
Freq: H, Length: 11664, dtype: float64",2022-01-01,2023-05-01 23:00:00,486 days,100.0,61.07810635148222,120.643059448939,91.07927501421011,-8.920724985789889,-70.17976286600607,22.445130315500688,100.0,49.37288010560364,424 days 03:00:00,42,0.0,21,42.857142857142854,25.802899614608194,-13.705995739068676,7.531231972792078,-5.71849098432774,5 days 13:26:40,4 days 22:05:00,0.8568363330493656,-0.42479642789475625,0.018288639101828427,-0.13726224369312556,1.0011722888417942,0.02552909773501685,long
1584,"{'window_k': 102, 'window_d': 57, 'window_ma': 12}","open_time
2022-01-01 00:00:00    100.000000
2022-01-01 01:00:00    100.000000
2022-01-01 02:00:00    100.000000
2022-01-01 03:00:00    100.000000
2022-01-01 04:00:00    100.000000
                          ...    
2023-05-01 19:00:00     90.441438
2023-05-01 20:00:00     90.441438
2023-05-01 21:00:00     90.441438
2023-05-01 22:00:00     90.441438
2023-05-01 23:00:00     90.441438
Freq: H, Length: 11664, dtype: float64",2022-01-01,2023-05-01 23:00:00,486 days,100.0,80.33170991416965,169.33830119364484,90.4414384450768,-9.558561554923202,-70.17976286600607,18.07270233196159,100.0,52.561405572205864,355 days 14:00:00,114,0.0,57,38.59649122807017,19.33035972889997,-20.093245394587207,5.620115906579968,-3.494504093922591,1 days 11:10:54.545454545,1 days 14:06:51.428571428,0.9354134425775952,-0.1676940623670733,0.10198909755322551,-0.13827197649274936,1.0090942022675693,0.1635371798942028,long
1154,"{'window_k': 72, 'window_d': 132, 'window_ma': 42}","open_time
2022-01-01 00:00:00    100.000000
2022-01-01 01:00:00    100.000000
2022-01-01 02:00:00    100.000000
2022-01-01 03:00:00    100.000000
2022-01-01 04:00:00    100.000000
                          ...    
2023-05-01 19:00:00     91.031741
2023-05-01 20:00:00     91.031741
2023-05-01 21:00:00     91.031741
2023-05-01 22:00:00     91.031741
2023-05-01 23:00:00     91.031741
Freq: H, Length: 11664, dtype: float64",2022-01-01,2023-05-01 23:00:00,486 days,100.0,68.10676327443927,133.65363749432376,91.03174136638054,-8.968258633619456,-70.17976286600607,28.412208504801097,100.0,49.04234216795502,451 days 16:00:00,72,0.0,36,47.22222222222222,36.90453042971028,-17.940288493794043,7.574403718284273,-6.362945512701399,4 days 18:03:31.764705882,3 days 00:22:06.315789473,0.9271986259160563,-0.24911829537831798,0.08415692032288183,-0.13893247646363316,1.0047955978854861,0.11719855062926275,long
650,"{'window_k': 42, 'window_d': 132, 'window_ma': 162}","open_time
2022-01-01 00:00:00    100.000000
2022-01-01 01:00:00    100.000000
2022-01-01 02:00:00    100.000000
2022-01-01 03:00:00    100.000000
2022-01-01 04:00:00    100.000000
                          ...    
2023-05-01 19:00:00     90.495006
2023-05-01 20:00:00     90.287180
2023-05-01 21:00:00     90.741798
2023-05-01 22:00:00     91.144460
2023-05-01 23:00:00     91.144460
Freq: H, Length: 11664, dtype: float64",2022-01-01,2023-05-01 23:00:00,486 days,100.0,63.5027410679144,122.52511724996795,91.14446021370236,-8.85553978629764,-70.17976286600607,38.67455418381344,100.0,48.17165452014206,439 days 04:00:00,83,0.0,42,39.02439024390244,38.51599727705921,-18.897364771151178,9.873817160400645,-5.89157732849429,6 days 03:33:45,3 days 09:26:24,0.9295099600573304,-0.2394325027242714,0.1697437182719995,-0.13964495538819371,1.0083562979999352,0.2385433186583955,long
654,"{'window_k': 42, 'window_d': 132, 'window_ma': 222}","open_time
2022-01-01 00:00:00    100.000000
2022-01-01 01:00:00    100.000000
2022-01-01 02:00:00    100.000000
2022-01-01 03:00:00    100.000000
2022-01-01 04:00:00    100.000000
                          ...    
2023-05-01 19:00:00     90.495006
2023-05-01 20:00:00     90.287180
2023-05-01 21:00:00     90.741798
2023-05-01 22:00:00     91.144460
2023-05-01 23:00:00     91.144460
Freq: H, Length: 11664, dtype: float64",2022-01-01,2023-05-01 23:00:00,486 days,100.0,63.5027410679144,122.52511724996795,91.14446021370236,-8.85553978629764,-70.17976286600607,38.67455418381344,100.0,48.17165452014206,439 days 04:00:00,83,0.0,42,39.02439024390244,38.51599727705921,-18.897364771151178,9.873817160400645,-5.89157732849429,6 days 03:33:45,3 days 09:26:24,0.9295099600573304,-0.2394325027242714,0.1697437182719995,-0.13964495538819371,1.0083562979999352,0.2385433186583955,long
652,"{'window_k': 42, 'window_d': 132, 'window_ma': 192}","open_time
2022-01-01 00:00:00    100.000000
2022-01-01 01:00:00    100.000000
2022-01-01 02:00:00    100.000000
2022-01-01 03:00:00    100.000000
2022-01-01 04:00:00    100.000000
                          ...    
2023-05-01 19:00:00     90.495006
2023-05-01 20:00:00     90.287180
2023-05-01 21:00:00     90.741798
2023-05-01 22:00:00     91.144460
2023-05-01 23:00:00     91.144460
Freq: H, Length: 11664, dtype: float64",2022-01-01,2023-05-01 23:00:00,486 days,100.0,63.5027410679144,122.52511724996795,91.14446021370236,-8.85553978629764,-70.17976286600607,38.67455418381344,100.0,48.17165452014206,439 days 04:00:00,83,0.0,42,39.02439024390244,38.51599727705921,-18.897364771151178,9.873817160400645,-5.89157732849429,6 days 03:33:45,3 days 09:26:24,0.9295099600573304,-0.2394325027242714,0.1697437182719995,-0.13964495538819371,1.0083562979999352,0.2385433186583955,long
1010,"{'window_k': 57, 'window_d': 237, 'window_ma': 42}","open_time
2022-01-01 00:00:00    100.000000
2022-01-01 01:00:00    100.000000
2022-01-01 02:00:00    100.000000
2022-01-01 03:00:00    100.000000
2022-01-01 04:00:00    100.000000
                          ...    
2023-05-01 19:00:00     89.066880
2023-05-01 20:00:00     89.066880
2023-05-01 21:00:00     89.515354
2023-05-01 22:00:00     89.912574
2023-05-01 23:00:00     89.912574
Freq: H, Length: 11664, dtype: float64",2022-01-01,2023-05-01 23:00:00,486 days,100.0,59.32644663278967,130.459691766705,89.91257360385949,-10.087426396140515,-70.17976286600607,25.63443072702332,100.0,54.5250752708504,430 days 01:00:00,51,0.0,26,40.0,29.77184195882024,-22.721238938053094,11.748777837369959,-7.5002218256614075,6 days 07:11:59.999999999,4 days 02:16:00,0.8938269721554747,-0.4373247876846098,0.04972367050607962,-0.1407667904609259,1.0029192829213331,0.0698732902717303,long
997,"{'window_k': 57, 'window_d': 222, 'window_ma': 87}","open_time
2022-01-01 00:00:00    100.000000
2022-01-01 01:00:00    100.000000
2022-01-01 02:00:00    100.000000
2022-01-01 03:00:00    100.000000
2022-01-01 04:00:00    100.000000
                          ...    
2023-05-01 19:00:00     87.504922
2023-05-01 20:00:00     87.303964
2023-05-01 21:00:00     87.743561
2023-05-01 22:00:00     88.132918
2023-05-01 23:00:00     88.132918
Freq: H, Length: 11664, dtype: float64",2022-01-01,2023-05-01 23:00:00,486 days,100.0,54.61422914246837,152.94808510414538,88.13291807466028,-11.867081925339718,-70.17976286600607,34.89368998628258,100.0,64.29230931182927,355 days 14:00:00,55,0.0,28,37.03703703703704,30.390299355816623,-21.71103078102749,14.172192083804308,-7.798787800776902,8 days 11:30:00,4 days 21:56:28.235294117,0.9086594118610252,-0.4171928164010419,0.1461918492345673,-0.14078136043028178,1.008418024160619,0.216649345571323,long
1480,"{'window_k': 87, 'window_d': 192, 'window_ma': 132}","open_time
2022-01-01 00:00:00    100.000000
2022-01-01 01:00:00    100.000000
2022-01-01 02:00:00    100.000000
2022-01-01 03:00:00    100.000000
2022-01-01 04:00:00    100.000000
                          ...    
2023-05-01 19:00:00     88.550635
2023-05-01 20:00:00     88.347275
2023-05-01 21:00:00     88.792125
2023-05-01 22:00:00     89.186135
2023-05-01 23:00:00     89.186135
Freq: H, Length: 11664, dtype: float64",2022-01-01,2023-05-01 23:00:00,486 days,100.0,56.29964581271977,135.5240418969453,89.18613537560445,-10.81386462439555,-70.17976286600607,34.302126200274344,100.0,58.45781676469556,391 days 18:00:00,51,0.0,26,32.0,46.13171839515519,-24.515778019586502,17.473962000534552,-7.392758500122882,10 days 00:37:30,4 days 23:45:52.941176470,0.9089814162433115,-0.41069336895101927,0.10635022508609679,-0.1408895847523231,1.0055404558207521,0.14814690400293032,long
3883,"{'window_k': 237, 'window_d': 42, 'window_ma': 177}","open_time
2022-01-01 00:00:00    100.000000
2022-01-01 01:00:00    100.000000
2022-01-01 02:00:00    100.000000
2022-01-01 03:00:00    100.000000
2022-01-01 04:00:00    100.000000
                          ...    
2023-05-01 19:00:00     90.126809
2023-05-01 20:00:00     89.919829
2023-05-01 21:00:00     90.372597
2023-05-01 22:00:00     90.773621
2023-05-01 23:00:00     90.773621
Freq: H, Length: 11664, dtype: float64",2022-01-01,2023-05-01 23:00:00,486 days,100.0,64.91191137173632,129.51211730279869,90.77362070842206,-9.226379291577942,-70.17976286600607,39.42901234567901,100.0,49.710826835967865,275 days 07:00:00,129,0.0,65,39.0625,25.89655580542075,-17.286531690140837,6.784521573593079,-4.144773475911908,3 days 19:09:36,2 days 08:10:46.153846153,0.9522419225401607,-0.11525775733864618,0.24742902599836133,-0.14105757576478772,1.0134600959629387,0.3762049447299595,long
1417,"{'window_k': 87, 'window_d': 132, 'window_ma': 147}","open_time
2022-01-01 00:00:00    100.000000
2022-01-01 01:00:00    100.000000
2022-01-01 02:00:00    100.000000
2022-01-01 03:00:00    100.000000
2022-01-01 04:00:00    100.000000
                          ...    
2023-05-01 19:00:00     89.156825
2023-05-01 20:00:00     88.952073
2023-05-01 21:00:00     89.399969
2023-05-01 22:00:00     89.796676
2023-05-01 23:00:00     89.796676
Freq: H, Length: 11664, dtype: float64",2022-01-01,2023-05-01 23:00:00,486 days,100.0,62.73395050047252,138.9651084927401,89.7966761057979,-10.2033238942021,-70.17976286600607,41.838134430727024,100.0,54.85632963489543,391 days 18:00:00,73,0.0,37,38.88888888888889,35.84181224803226,-16.273018414731776,11.038904959480139,-6.524577631033285,6 days 23:30:00,4 days 14:57:16.363636363,0.9234051224925841,-0.2919570091371564,0.16123724563853095,-0.1415463213248068,1.0076265698080913,0.22691624383716522,long
2105,"{'window_k': 132, 'window_d': 57, 'window_ma': 147}","open_time
2022-01-01 00:00:00    100.000000
2022-01-01 01:00:00    100.000000
2022-01-01 02:00:00    100.000000
2022-01-01 03:00:00    100.000000
2022-01-01 04:00:00    100.000000
                          ...    
2023-05-01 19:00:00     88.521772
2023-05-01 20:00:00     88.318478
2023-05-01 21:00:00     88.763183
2023-05-01 22:00:00     89.157065
2023-05-01 23:00:00     89.157065
Freq: H, Length: 11664, dtype: float64",2022-01-01,2023-05-01 23:00:00,486 days,100.0,65.60246519386078,171.62338684065452,89.15706519952914,-10.842934800470857,-70.17976286600607,39.36899862825789,100.0,58.283750133129416,275 days 07:00:00,99,0.0,50,40.816326530612244,49.97108155002892,-20.09324539458722,9.308004201621298,-5.920629937086992,4 days 23:45:00,2 days 23:06:12.413793103,0.9415720662116714,-0.219728563295865,0.22793136729593527,-0.1416957898683061,1.012864161410869,0.3483795092963725,long
1152,"{'window_k': 72, 'window_d': 132, 'window_ma': 12}","open_time
2022-01-01 00:00:00    100.000000
2022-01-01 01:00:00    100.000000
2022-01-01 02:00:00    100.000000
2022-01-01 03:00:00    100.000000
2022-01-01 04:00:00    100.000000
                          ...    
2023-05-01 19:00:00     93.226449
2023-05-01 20:00:00     93.226449
2023-05-01 21:00:00     93.226449
2023-05-01 22:00:00     93.226449
2023-05-01 23:00:00     93.226449
Freq: H, Length: 11664, dtype: float64",2022-01-01,2023-05-01 23:00:00,486 days,100.0,68.59081067586607,106.85221535536395,93.22644928320405,-6.7735507167959526,-70.17976286600607,16.272290809327846,100.0,35.807778577402395,391 days 18:00:00,72,0.0,36,41.66666666666667,22.904919307797034,-15.54050898902638,5.884939557532978,-4.099364663450063,2 days 00:32:00,2 days 07:42:51.428571428,0.913919716573357,-0.18815418657766547,0.045830007340925634,-0.14330083938509372,1.003488444964464,0.06382940690791994,long
2909,"{'window_k': 177, 'window_d': 87, 'window_ma': 207}","open_time
2022-01-01 00:00:00    100.000000
2022-01-01 01:00:00    100.000000
2022-01-01 02:00:00    100.000000
2022-01-01 03:00:00    100.000000
2022-01-01 04:00:00    100.000000
                          ...    
2023-05-01 19:00:00     88.336676
2023-05-01 20:00:00     88.133808
2023-05-01 21:00:00     88.577583
2023-05-01 22:00:00     88.970641
2023-05-01 23:00:00     88.970641
Freq: H, Length: 11664, dtype: float64",2022-01-01,2023-05-01 23:00:00,486 days,100.0,72.56505854698516,174.96318489599315,88.9706412577375,-11.029358742262502,-70.17976286600607,38.28875171467764,100.0,58.52552719012205,286 days 02:00:00,71,0.0,36,37.142857142857146,35.92964824120604,-19.102132435465766,13.796075730996707,-7.472924827627729,8 days 02:27:41.538461538,3 days 11:30:00,0.9422895178451575,-0.3071546903918465,0.2184120484911926,-0.1435726959638028,1.0121968207744287,0.3341549898630653,long
2416,"{'window_k': 147, 'window_d': 117, 'window_ma': 12}","open_time
2022-01-01 00:00:00    100.000000
2022-01-01 01:00:00    100.000000
2022-01-01 02:00:00    100.000000
2022-01-01 03:00:00    100.000000
2022-01-01 04:00:00    100.000000
                          ...    
2023-05-01 19:00:00     92.372813
2023-05-01 20:00:00     92.372813
2023-05-01 21:00:00     92.372813
2023-05-01 22:00:00     92.372813
2023-05-01 23:00:00     92.372813
Freq: H, Length: 11664, dtype: float64",2022-01-01,2023-05-01 23:00:00,486 days,100.0,73.8554002220142,123.57129770574524,92.3728128825969,-7.627187117403096,-70.17976286600607,18.844307270233195,100.0,40.232560802361455,391 days 18:00:00,68,0.0,34,50.0,19.817917931125482,-15.0485436893204,6.020850209235578,-5.872986844725955,2 days 06:31:45.882352941,3 days 02:45:52.941176470,0.9218068350009512,-0.2243290328647971,0.0628156102949177,-0.14377484983467057,1.0044540678239986,0.08790264618199246,long
2632,"{'window_k': 162, 'window_d': 72, 'window_ma': 132}","open_time
2022-01-01 00:00:00    100.000000
2022-01-01 01:00:00    100.000000
2022-01-01 02:00:00    100.000000
2022-01-01 03:00:00    100.000000
2022-01-01 04:00:00    100.000000
                          ...    
2023-05-01 19:00:00     90.824572
2023-05-01 20:00:00     90.615989
2023-05-01 21:00:00     91.072263
2023-05-01 22:00:00     91.476392
2023-05-01 23:00:00     91.476392
Freq: H, Length: 11664, dtype: float64",2022-01-01,2023-05-01 23:00:00,486 days,100.0,60.32200682561375,141.89122277155147,91.47639159170882,-8.523608408291182,-70.17976286600607,38.8460219478738,100.0,44.95151018769343,275 days 07:00:00,81,0.0,41,42.5,26.88621282870483,-23.54904705502315,9.618674089230398,-6.622118690899394,6 days 16:24:42.352941176,3 days 01:10:26.086956521,0.9356273270746399,-0.2544807678962746,0.25106113397811025,-0.14397585287108283,1.0139450323526156,0.38607841981454905,long
1428,"{'window_k': 87, 'window_d': 147, 'window_ma': 72}","open_time
2022-01-01 00:00:00    100.000000
2022-01-01 01:00:00    100.000000
2022-01-01 02:00:00    100.000000
2022-01-01 03:00:00    100.000000
2022-01-01 04:00:00    100.000000
                          ...    
2023-05-01 19:00:00     90.271802
2023-05-01 20:00:00     90.271802
2023-05-01 21:00:00     90.271802
2023-05-01 22:00:00     90.271802
2023-05-01 23:00:00     90.271802
Freq: H, Length: 11664, dtype: float64",2022-01-01,2023-05-01 23:00:00,486 days,100.0,61.87652551046728,127.02375523850365,90.2718016307252,-9.728198369274807,-70.17976286600607,35.26234567901235,100.0,51.28743801166479,453 days 11:00:00,68,0.0,34,41.17647058823529,31.494920174165458,-16.10582844755384,9.290203209166153,-6.149974037736179,4 days 23:12:51.428571428,5 days 02:12:00,0.9151871177160096,-0.28612348144925903,0.15408733395654903,-0.14425421411954154,1.0079355712398366,0.21647363417905693,long
1104,"{'window_k': 72, 'window_d': 87, 'window_ma': 12}","open_time
2022-01-01 00:00:00    100.000000
2022-01-01 01:00:00    100.000000
2022-01-01 02:00:00    100.000000
2022-01-01 03:00:00    100.000000
2022-01-01 04:00:00    100.000000
                          ...    
2023-05-01 19:00:00     89.983085
2023-05-01 20:00:00     89.983085
2023-05-01 21:00:00     89.983085
2023-05-01 22:00:00     89.983085
2023-05-01 23:00:00     89.983085
Freq: H, Length: 11664, dtype: float64",2022-01-01,2023-05-01 23:00:00,486 days,100.0,80.37982262437137,170.13531575906134,89.98308495543684,-10.016915044563163,-70.17976286600607,17.455418381344305,100.0,52.75535695469482,355 days 14:00:00,92,0.0,46,41.30434782608695,16.740337753598556,-23.35901052403169,5.170788753343601,-3.7706937293013927,1 days 20:06:18.947368421,1 days 21:50:46.153846153,0.9182970850418645,-0.21775902270789427,0.06393950280960177,-0.1444582857727489,1.0056981525360578,0.10210103495308104,long
897,"{'window_k': 57, 'window_d': 132, 'window_ma': 27}","open_time
2022-01-01 00:00:00    100.000000
2022-01-01 01:00:00    100.000000
2022-01-01 02:00:00    100.000000
2022-01-01 03:00:00    100.000000
2022-01-01 04:00:00    100.000000
                          ...    
2023-05-01 19:00:00     91.655693
2023-05-01 20:00:00     91.445202
2023-05-01 21:00:00     91.905651
2023-05-01 22:00:00     92.313477
2023-05-01 23:00:00     92.313477
Freq: H, Length: 11664, dtype: float64",2022-01-01,2023-05-01 23:00:00,486 days,100.0,68.87846515204589,115.44231975817726,92.31347741929288,-7.68652258070712,-70.17976286600607,28.52366255144033,100.0,40.33516885633534,439 days 04:00:00,73,0.0,37,47.22222222222222,20.21379980563654,-19.067215363511647,6.691634641881255,-5.822573790366219,4 days 12:42:21.176470588,3 days 00:12:37.894736842,0.9150064030339843,-0.2482309205566433,0.13273623943214938,-0.14453604178264892,1.007637574540495,0.18658457330144249,long
1264,"{'window_k': 72, 'window_d': 237, 'window_ma': 12}","open_time
2022-01-01 00:00:00    100.000000
2022-01-01 01:00:00    100.000000
2022-01-01 02:00:00    100.000000
2022-01-01 03:00:00    100.000000
2022-01-01 04:00:00    100.000000
                          ...    
2023-05-01 19:00:00     91.103386
2023-05-01 20:00:00     91.103386
2023-05-01 21:00:00     91.103386
2023-05-01 22:00:00     91.103386
2023-05-01 23:00:00     91.103386
Freq: H, Length: 11664, dtype: float64",2022-01-01,2023-05-01 23:00:00,486 days,100.0,76.1697245590882,142.6303941052982,91.10338630521183,-8.896613694788172,-70.17976286600607,13.33161865569273,100.0,46.59642845629719,391 days 18:00:00,48,0.0,24,50.0,17.033882614330686,-26.827921360724545,5.576784638735491,-5.606220921790784,2 days 05:05:00,3 days 04:30:00,0.8784495654451596,-0.3706922372828405,-0.06157828616322517,-0.14504327166194123,0.9950048311441897,-0.08373612345860339,long
1909,"{'window_k': 117, 'window_d': 117, 'window_ma': 87}","open_time
2022-01-01 00:00:00    100.000000
2022-01-01 01:00:00    100.000000
2022-01-01 02:00:00    100.000000
2022-01-01 03:00:00    100.000000
2022-01-01 04:00:00    100.000000
                          ...    
2023-05-01 19:00:00     90.084655
2023-05-01 20:00:00     90.084655
2023-05-01 21:00:00     90.084655
2023-05-01 22:00:00     90.084655
2023-05-01 23:00:00     90.084655
Freq: H, Length: 11664, dtype: float64",2022-01-01,2023-05-01 23:00:00,486 days,100.0,59.91320701507867,124.2594170436238,90.08465453417108,-9.91534546582892,-70.17976286600607,39.73765432098765,100.0,51.78376943934566,451 days 16:00:00,72,0.0,36,33.33333333333333,32.5508607198748,-15.60581798772351,11.635845940167139,-5.4421153772971405,6 days 08:05:00,4 days 21:05:00,0.9182447447311001,-0.27542626293969263,0.15301387570547606,-0.14565657716375932,1.007500634256033,0.21480522775574082,long
3984,"{'window_k': 237, 'window_d': 147, 'window_ma': 12}","open_time
2022-01-01 00:00:00    100.000000
2022-01-01 01:00:00    100.000000
2022-01-01 02:00:00    100.000000
2022-01-01 03:00:00    100.000000
2022-01-01 04:00:00    100.000000
                          ...    
2023-05-01 19:00:00     91.498251
2023-05-01 20:00:00     91.288122
2023-05-01 21:00:00     91.747780
2023-05-01 22:00:00     91.747780
2023-05-01 23:00:00     91.747780
Freq: H, Length: 11664, dtype: float64",2022-01-01,2023-05-01 23:00:00,486 days,100.0,73.0194837697969,128.1043608551171,91.74777974637433,-8.252220253625666,-70.17976286600607,14.720507544581618,100.0,43.000001496920035,353 days 18:00:00,50,0.0,25,40.0,24.416770444167692,-22.868473231989416,6.7794094164769865,-4.460275664755136,2 days 17:48:00,2 days 22:35:59.999999999,0.8805375503643955,-0.33008881014502656,0.05180743722636823,-0.14566551081834916,1.0045377482286268,0.07770865056122914,long
854,"{'window_k': 57, 'window_d': 87, 'window_ma': 102}","open_time
2022-01-01 00:00:00    100.000000
2022-01-01 01:00:00    100.000000
2022-01-01 02:00:00    100.000000
2022-01-01 03:00:00    100.000000
2022-01-01 04:00:00    100.000000
                          ...    
2023-05-01 19:00:00     89.810208
2023-05-01 20:00:00     89.810208
2023-05-01 21:00:00     89.810208
2023-05-01 22:00:00     89.810208
2023-05-01 23:00:00     89.810208
Freq: H, Length: 11664, dtype: float64",2022-01-01,2023-05-01 23:00:00,486 days,100.0,75.25293969933753,166.69902585865302,89.81020831807004,-10.189791681929961,-70.17976286600607,43.844307270233195,100.0,53.203975802087434,194 days 16:00:00,108,0.0,54,37.03703703703704,23.214884344619524,-23.319863887707346,9.35553071634345,-5.1860431194631875,5 days 13:03:00,3 days 00:08:49.411764705,0.9512131353891218,-0.1886998459616671,0.24261107373686938,-0.1457461150158542,1.0126246449507343,0.3671027309739826,long
2116,"{'window_k': 132, 'window_d': 72, 'window_ma': 72}","open_time
2022-01-01 00:00:00    100.000000
2022-01-01 01:00:00    100.000000
2022-01-01 02:00:00    100.000000
2022-01-01 03:00:00    100.000000
2022-01-01 04:00:00    100.000000
                          ...    
2023-05-01 19:00:00     91.247281
2023-05-01 20:00:00     91.247281
2023-05-01 21:00:00     91.247281
2023-05-01 22:00:00     91.247281
2023-05-01 23:00:00     91.247281
Freq: H, Length: 11664, dtype: float64",2022-01-01,2023-05-01 23:00:00,486 days,100.0,55.902662071301194,139.6428175625974,91.24728059945559,-8.752719400544407,-70.17976286600607,36.462620027434845,100.0,45.517992196570376,194 days 16:00:00,92,0.0,46,39.130434782608695,24.895551732612446,-20.714684533780016,10.0153837813502,-6.009401500939528,5 days 07:23:20,2 days 22:00:00,0.9483231836831347,-0.19027650870748536,0.23509866399705937,-0.1460502716751881,1.01366304997691,0.360637279402327,long
576,"{'window_k': 42, 'window_d': 72, 'window_ma': 12}","open_time
2022-01-01 00:00:00    100.000000
2022-01-01 01:00:00    100.000000
2022-01-01 02:00:00    100.000000
2022-01-01 03:00:00    100.000000
2022-01-01 04:00:00    100.000000
                          ...    
2023-05-01 19:00:00     90.412463
2023-05-01 20:00:00     90.412463
2023-05-01 21:00:00     90.412463
2023-05-01 22:00:00     90.412463
2023-05-01 23:00:00     90.412463
Freq: H, Length: 11664, dtype: float64",2022-01-01,2023-05-01 23:00:00,486 days,100.0,79.37865261025887,158.2117327714321,90.4124629041407,-9.587537095859304,-70.17976286600607,18.321330589849108,100.0,49.827581545461676,204 days 00:00:00,128,0.0,64,43.75,17.105337956909793,-17.211997273346967,4.3082712757743575,-3.3574908604142224,1 days 15:51:25.714285714,1 days 04:21:40,0.9318188141503569,-0.1498052671228014,0.10018145874158373,-0.14630617746081068,1.0088152757366111,0.16111019325625686,long
3923,"{'window_k': 237, 'window_d': 87, 'window_ma': 57}","open_time
2022-01-01 00:00:00    100.000000
2022-01-01 01:00:00    100.000000
2022-01-01 02:00:00    100.000000
2022-01-01 03:00:00    100.000000
2022-01-01 04:00:00    100.000000
                          ...    
2023-05-01 19:00:00     89.273304
2023-05-01 20:00:00     89.068284
2023-05-01 21:00:00     89.516765
2023-05-01 22:00:00     89.913991
2023-05-01 23:00:00     89.913991
Freq: H, Length: 11664, dtype: float64",2022-01-01,2023-05-01 23:00:00,486 days,100.0,70.80700169569096,148.87019664976197,89.9139906079569,-10.086009392043096,-70.17976286600607,29.475308641975307,100.0,52.43708728196661,314 days 09:00:00,69,0.0,35,41.17647058823529,29.731264193792583,-20.949099799955544,10.549637378116646,-6.908462978217409,5 days 14:12:51.428571428,3 days 01:57:00,0.92794083080965,-0.31209919405348696,0.1936924362843967,-0.14635113208432834,1.0127434082898492,0.29984077846611207,long
1370,"{'window_k': 87, 'window_d': 87, 'window_ma': 162}","open_time
2022-01-01 00:00:00    100.000000
2022-01-01 01:00:00    100.000000
2022-01-01 02:00:00    100.000000
2022-01-01 03:00:00    100.000000
2022-01-01 04:00:00    100.000000
                          ...    
2023-05-01 19:00:00     89.657077
2023-05-01 20:00:00     89.451176
2023-05-01 21:00:00     89.901585
2023-05-01 22:00:00     90.300518
2023-05-01 23:00:00     90.300518
Freq: H, Length: 11664, dtype: float64",2022-01-01,2023-05-01 23:00:00,486 days,100.0,62.89428348539808,168.89765297264054,90.30051800747074,-9.699481992529257,-70.17976286600607,39.11179698216735,100.0,50.355078238422344,194 days 16:00:00,91,0.0,46,40.0,35.098275170477315,-24.314282592066444,9.500883317319667,-5.794178794510033,5 days 11:20:00,3 days 04:31:06.666666666,0.9570865945970413,-0.17179005236943645,0.22562016129662313,-0.1464858514277914,1.0126978605854553,0.34453628374662887,long
3162,"{'window_k': 192, 'window_d': 87, 'window_ma': 162}","open_time
2022-01-01 00:00:00    100.000000
2022-01-01 01:00:00    100.000000
2022-01-01 02:00:00    100.000000
2022-01-01 03:00:00    100.000000
2022-01-01 04:00:00    100.000000
                          ...    
2023-05-01 19:00:00     87.829934
2023-05-01 20:00:00     87.628229
2023-05-01 21:00:00     88.069459
2023-05-01 22:00:00     88.460262
2023-05-01 23:00:00     88.460262
Freq: H, Length: 11664, dtype: float64",2022-01-01,2023-05-01 23:00:00,486 days,100.0,67.40144465020249,168.73657933867784,88.46026231815091,-11.53973768184909,-70.17976286600607,38.177297668038406,100.0,60.055226368600025,309 days 12:00:00,69,0.0,35,38.23529411764706,34.61247637051041,-16.535433070866155,12.826143656342792,-7.403098992058636,8 days 13:32:18.461538461,3 days 08:14:17.142857142,0.933368329856509,-0.3338423298827351,0.21569462256988545,-0.14649142975834994,1.012027296543005,0.3293106481634102,long
1603,"{'window_k': 102, 'window_d': 72, 'window_ma': 57}","open_time
2022-01-01 00:00:00    100.000000
2022-01-01 01:00:00    100.000000
2022-01-01 02:00:00    100.000000
2022-01-01 03:00:00    100.000000
2022-01-01 04:00:00    100.000000
                          ...    
2023-05-01 19:00:00     90.237010
2023-05-01 20:00:00     90.029777
2023-05-01 21:00:00     90.483100
2023-05-01 22:00:00     90.884613
2023-05-01 23:00:00     90.884613
Freq: H, Length: 11664, dtype: float64",2022-01-01,2023-05-01 23:00:00,486 days,100.0,62.57667056466507,145.94087630404198,90.88461345635851,-9.115386543641492,-70.17976286600607,36.22256515775034,100.0,47.185643177904474,194 days 16:00:00,103,0.0,52,43.13725490196079,22.44136902295516,-17.67464229890586,7.719657567800084,-5.577356801452965,4 days 08:21:49.090909090,2 days 13:51:43.448275862,0.948341428539421,-0.17720929757701764,0.2277442121122586,-0.1467969721481681,1.0135648278057094,0.35026008143430915,long
1782,"{'window_k': 102, 'window_d': 237, 'window_ma': 102}","open_time
2022-01-01 00:00:00    100.00000
2022-01-01 01:00:00    100.00000
2022-01-01 02:00:00    100.00000
2022-01-01 03:00:00    100.00000
2022-01-01 04:00:00    100.00000
                         ...    
2023-05-01 19:00:00     89.82807
2023-05-01 20:00:00     89.82807
2023-05-01 21:00:00     89.82807
2023-05-01 22:00:00     89.82807
2023-05-01 23:00:00     89.82807
Freq: H, Length: 11664, dtype: float64",2022-01-01,2023-05-01 23:00:00,486 days,100.0,56.699302465465216,119.8639315534481,89.82806966306205,-10.171930336937947,-70.17976286600607,28.052126200274348,100.0,52.696944167743546,451 days 16:00:00,44,0.0,22,27.27272727272727,42.49708624708625,-15.126236527388153,14.73773258687456,-5.2742217554035635,10 days 01:20:00,4 days 18:00:00,0.8606554366903264,-0.46236046986081636,0.06937987352334066,-0.1468869794476077,1.0039865219992874,0.09747745959834432,long
3691,"{'window_k': 222, 'window_d': 102, 'window_ma': 177}","open_time
2022-01-01 00:00:00    100.000000
2022-01-01 01:00:00    100.000000
2022-01-01 02:00:00    100.000000
2022-01-01 03:00:00    100.000000
2022-01-01 04:00:00    100.000000
                          ...    
2023-05-01 19:00:00     88.558989
2023-05-01 20:00:00     88.355609
2023-05-01 21:00:00     88.800502
2023-05-01 22:00:00     89.194549
2023-05-01 23:00:00     89.194549
Freq: H, Length: 11664, dtype: float64",2022-01-01,2023-05-01 23:00:00,486 days,100.0,66.49032130513864,150.21569455793085,89.19454903859035,-10.805450961409647,-70.17976286600607,39.994855967078195,100.0,55.73676805155897,309 days 12:00:00,63,0.0,32,38.70967741935484,37.707616339967096,-25.072951739618404,14.723950078397388,-8.346946546908733,8 days 06:40:00,4 days 20:22:06.315789473,0.9371856624331233,-0.3428223885295685,0.22357411368529675,-0.1476511170916231,1.0123323032600495,0.3392609944938301,long
2660,"{'window_k': 162, 'window_d': 102, 'window_ma': 72}","open_time
2022-01-01 00:00:00    100.000000
2022-01-01 01:00:00    100.000000
2022-01-01 02:00:00    100.000000
2022-01-01 03:00:00    100.000000
2022-01-01 04:00:00    100.000000
                          ...    
2023-05-01 19:00:00     89.758558
2023-05-01 20:00:00     89.758558
2023-05-01 21:00:00     89.758558
2023-05-01 22:00:00     89.758558
2023-05-01 23:00:00     89.758558
Freq: H, Length: 11664, dtype: float64",2022-01-01,2023-05-01 23:00:00,486 days,100.0,61.21831597500332,129.557090178501,89.75855806161432,-10.241441938385677,-70.17976286600607,36.934156378600825,100.0,52.74800021314307,286 days 02:00:00,68,0.0,34,38.23529411764706,32.74034822104467,-22.165857962064408,12.509434799962493,-7.174139117920227,6 days 18:00:00,4 days 08:51:25.714285714,0.9301298352749906,-0.3012188805407563,0.22131565991853988,-0.14776140096513687,1.0125340538299885,0.33692105447116205,long
2379,"{'window_k': 147, 'window_d': 72, 'window_ma': 177}","open_time
2022-01-01 00:00:00    100.000000
2022-01-01 01:00:00    100.000000
2022-01-01 02:00:00    100.000000
2022-01-01 03:00:00    100.000000
2022-01-01 04:00:00    100.000000
                          ...    
2023-05-01 19:00:00     90.098788
2023-05-01 20:00:00     89.891873
2023-05-01 21:00:00     90.344500
2023-05-01 22:00:00     90.745399
2023-05-01 23:00:00     90.745399
Freq: H, Length: 11664, dtype: float64",2022-01-01,2023-05-01 23:00:00,486 days,100.0,56.06929113002262,142.98147212827413,90.74539917601625,-9.25460082398375,-70.17976286600607,37.80006858710562,100.0,47.41779101418972,194 days 16:00:00,83,0.0,42,36.58536585365854,24.688463911165947,-24.500212675457245,10.42027251301944,-5.702075503601174,5 days 21:08:00,3 days 11:23:04.615384615,0.9236594954450017,-0.2806050582332138,0.23304212169504906,-0.14833676605852145,1.0131750531740389,0.35841128473805023,long
3692,"{'window_k': 222, 'window_d': 102, 'window_ma': 192}","open_time
2022-01-01 00:00:00    100.000000
2022-01-01 01:00:00    100.000000
2022-01-01 02:00:00    100.000000
2022-01-01 03:00:00    100.000000
2022-01-01 04:00:00    100.000000
                          ...    
2023-05-01 19:00:00     88.463947
2023-05-01 20:00:00     88.260786
2023-05-01 21:00:00     88.705201
2023-05-01 22:00:00     89.098826
2023-05-01 23:00:00     89.098826
Freq: H, Length: 11664, dtype: float64",2022-01-01,2023-05-01 23:00:00,486 days,100.0,67.99371210777231,154.24206019198158,89.09882551878573,-10.90117448121427,-70.17976286600607,41.93244170096022,100.0,55.91752857609521,355 days 14:00:00,63,0.0,32,35.483870967741936,37.707616339967096,-25.072951739618404,16.265630230387572,-8.013059007120196,9 days 05:21:49.090909091,4 days 23:18:00,0.9382719856911078,-0.34591640475627283,0.22961699578486391,-0.14849678504369432,1.0123201246779692,0.3481762048195845,long
2744,"{'window_k': 162, 'window_d': 177, 'window_ma': 132}","open_time
2022-01-01 00:00:00    100.000000
2022-01-01 01:00:00    100.000000
2022-01-01 02:00:00    100.000000
2022-01-01 03:00:00    100.000000
2022-01-01 04:00:00    100.000000
                          ...    
2023-05-01 19:00:00     89.624182
2023-05-01 20:00:00     89.418356
2023-05-01 21:00:00     89.868600
2023-05-01 22:00:00     90.267387
2023-05-01 23:00:00     90.267387
Freq: H, Length: 11664, dtype: float64",2022-01-01,2023-05-01 23:00:00,486 days,100.0,66.95347195685717,133.44082443488773,90.26738678931024,-9.732613210689763,-70.17976286600607,36.01680384087791,100.0,49.82534599857255,391 days 18:00:00,47,0.0,24,34.78260869565217,48.1820869051138,-21.01994115724093,17.077942783147115,-8.210667126204006,9 days 09:00:00,6 days 14:24:00,0.908811755070023,-0.47237625974725717,0.1379519775314416,-0.14855552294087582,1.0070921010153127,0.19616316783610635,long
3633,"{'window_k': 222, 'window_d': 57, 'window_ma': 27}","open_time
2022-01-01 00:00:00    100.000000
2022-01-01 01:00:00    100.000000
2022-01-01 02:00:00    100.000000
2022-01-01 03:00:00    100.000000
2022-01-01 04:00:00    100.000000
                          ...    
2023-05-01 19:00:00     92.340826
2023-05-01 20:00:00     92.128762
2023-05-01 21:00:00     92.592653
2023-05-01 22:00:00     93.003528
2023-05-01 23:00:00     93.003528
Freq: H, Length: 11664, dtype: float64",2022-01-01,2023-05-01 23:00:00,486 days,100.0,76.95316888604363,119.67238996645175,93.0035276222416,-6.996472377758395,-70.17976286600607,24.699931412894376,100.0,35.67945306380296,235 days 08:00:00,97,0.0,49,41.66666666666667,23.65509761388286,-17.211997273346963,6.436908933415773,-4.380693556596975,3 days 01:20:59.999999999,1 days 22:19:17.142857142,0.9384185938539956,-0.15901387107678433,0.12832296573332042,-0.14859267409386523,1.0078507925974451,0.18240624447616297,long
3167,"{'window_k': 192, 'window_d': 87, 'window_ma': 237}","open_time
2022-01-01 00:00:00    100.000000
2022-01-01 01:00:00    100.000000
2022-01-01 02:00:00    100.000000
2022-01-01 03:00:00    100.000000
2022-01-01 04:00:00    100.000000
                          ...    
2023-05-01 19:00:00     87.279742
2023-05-01 20:00:00     87.079301
2023-05-01 21:00:00     87.517766
2023-05-01 22:00:00     87.906122
2023-05-01 23:00:00     87.906122
Freq: H, Length: 11664, dtype: float64",2022-01-01,2023-05-01 23:00:00,486 days,100.0,65.77190274804812,172.99188957564445,87.90612178128843,-12.093878218711566,-70.17976286600607,40.38923182441701,100.0,61.97977667658926,309 days 12:00:00,69,0.0,35,35.294117647058826,34.6124763705104,-16.535433070866155,14.086438134670956,-7.17036469668291,8 days 15:30:00,4 days 00:35:27.272727272,0.93138729521854,-0.350175421178732,0.2130442330705726,-0.14887094454658997,1.0116028259489986,0.3252346111261346,long
3136,"{'window_k': 192, 'window_d': 72, 'window_ma': 12}","open_time
2022-01-01 00:00:00    100.000000
2022-01-01 01:00:00    100.000000
2022-01-01 02:00:00    100.000000
2022-01-01 03:00:00    100.000000
2022-01-01 04:00:00    100.000000
                          ...    
2023-05-01 19:00:00     89.413722
2023-05-01 20:00:00     89.413722
2023-05-01 21:00:00     89.413722
2023-05-01 22:00:00     89.413722
2023-05-01 23:00:00     89.413722
Freq: H, Length: 11664, dtype: float64",2022-01-01,2023-05-01 23:00:00,486 days,100.0,79.35009256372985,172.90470719441714,89.41372158664795,-10.586278413352048,-70.17976286600607,14.188957475994513,100.0,54.107615777916806,355 days 14:00:00,76,0.0,38,50.0,18.821699397238984,-23.168488258846445,5.406861920941438,-5.337438123448257,1 days 19:41:03.157894736,1 days 19:25:15.789473684,0.9125028964267884,-0.27858627403558023,0.037585476602814416,-0.1489677408652307,1.0038132012789072,0.0615742216954049,long
1776,"{'window_k': 102, 'window_d': 237, 'window_ma': 12}","open_time
2022-01-01 00:00:00    100.000000
2022-01-01 01:00:00    100.000000
2022-01-01 02:00:00    100.000000
2022-01-01 03:00:00    100.000000
2022-01-01 04:00:00    100.000000
                          ...    
2023-05-01 19:00:00     93.861436
2023-05-01 20:00:00     93.861436
2023-05-01 21:00:00     93.861436
2023-05-01 22:00:00     93.861436
2023-05-01 23:00:00     93.861436
Freq: H, Length: 11664, dtype: float64",2022-01-01,2023-05-01 23:00:00,486 days,100.0,82.51491393410372,119.540998898216,93.86143609019582,-6.138563909804176,-70.17976286600607,11.934156378600823,100.0,30.973544897042725,410 days 04:00:00,40,0.0,20,50.0,16.580597565473994,-22.362539114886005,5.0771841075544595,-5.092057732962504,2 days 18:05:59.999999999,3 days 01:05:59.999999999,0.8915085869503625,-0.306928195490209,0.018761674572448907,-0.1500119143629922,1.0016387798892605,0.026253740640765456,long
2702,"{'window_k': 162, 'window_d': 132, 'window_ma': 222}","open_time
2022-01-01 00:00:00    100.000000
2022-01-01 01:00:00    100.000000
2022-01-01 02:00:00    100.000000
2022-01-01 03:00:00    100.000000
2022-01-01 04:00:00    100.000000
                          ...    
2023-05-01 19:00:00     89.782941
2023-05-01 20:00:00     89.576751
2023-05-01 21:00:00     90.027792
2023-05-01 22:00:00     90.427286
2023-05-01 23:00:00     90.427286
Freq: H, Length: 11664, dtype: float64",2022-01-01,2023-05-01 23:00:00,486 days,100.0,69.43520781837942,134.6201171286463,90.42728557921404,-9.572714420785957,-70.17976286600607,41.22085048010974,100.0,48.42137319489522,391 days 18:00:00,59,0.0,30,37.93103448275862,41.02207812258761,-13.748003194888176,12.357462214551779,-6.901327490429726,9 days 00:27:16.363636363,5 days 11:09:59.999999999,0.9250643427841637,-0.3238723449580383,0.20793680000188983,-0.15031932399055145,1.0104037706946596,0.29866075549185556,long
668,"{'window_k': 42, 'window_d': 147, 'window_ma': 192}","open_time
2022-01-01 00:00:00    100.000000
2022-01-01 01:00:00    100.000000
2022-01-01 02:00:00    100.000000
2022-01-01 03:00:00    100.000000
2022-01-01 04:00:00    100.000000
                          ...    
2023-05-01 19:00:00     88.510734
2023-05-01 20:00:00     88.307466
2023-05-01 21:00:00     88.752116
2023-05-01 22:00:00     89.145949
2023-05-01 23:00:00     89.145949
Freq: H, Length: 11664, dtype: float64",2022-01-01,2023-05-01 23:00:00,486 days,100.0,57.641433349223156,127.41566655712768,89.14594860069472,-10.854051399305277,-70.17976286600607,39.10322359396434,100.0,54.7611099115671,286 days 02:00:00,77,0.0,39,36.84210526315789,35.68102444703142,-25.922934933087216,12.23670847293685,-6.440278813259861,7 days 11:30:00,3 days 09:12:30,0.9325560777239423,-0.27426594217239764,0.1463401828006324,-0.15096759454392839,1.007155641055053,0.20475867505220668,long
670,"{'window_k': 42, 'window_d': 147, 'window_ma': 222}","open_time
2022-01-01 00:00:00    100.000000
2022-01-01 01:00:00    100.000000
2022-01-01 02:00:00    100.000000
2022-01-01 03:00:00    100.000000
2022-01-01 04:00:00    100.000000
                          ...    
2023-05-01 19:00:00     88.510734
2023-05-01 20:00:00     88.307466
2023-05-01 21:00:00     88.752116
2023-05-01 22:00:00     89.145949
2023-05-01 23:00:00     89.145949
Freq: H, Length: 11664, dtype: float64",2022-01-01,2023-05-01 23:00:00,486 days,100.0,57.641433349223156,127.41566655712768,89.14594860069472,-10.854051399305277,-70.17976286600607,39.10322359396434,100.0,54.7611099115671,286 days 02:00:00,77,0.0,39,36.84210526315789,35.68102444703142,-25.922934933087216,12.23670847293685,-6.440278813259861,7 days 11:30:00,3 days 09:12:30,0.9325560777239423,-0.27426594217239764,0.1463401828006324,-0.15096759454392839,1.007155641055053,0.20475867505220668,long
898,"{'window_k': 57, 'window_d': 132, 'window_ma': 42}","open_time
2022-01-01 00:00:00    100.000000
2022-01-01 01:00:00    100.000000
2022-01-01 02:00:00    100.000000
2022-01-01 03:00:00    100.000000
2022-01-01 04:00:00    100.000000
                          ...    
2023-05-01 19:00:00     92.142175
2023-05-01 20:00:00     92.142175
2023-05-01 21:00:00     92.142175
2023-05-01 22:00:00     92.142175
2023-05-01 23:00:00     92.142175
Freq: H, Length: 11664, dtype: float64",2022-01-01,2023-05-01 23:00:00,486 days,100.0,74.05947589597169,122.13108971919874,92.14217461320574,-7.857825386794261,-70.17976286600607,28.21502057613169,100.0,39.360668879441185,439 days 04:00:00,74,0.0,37,48.64864864864865,27.152575315840632,-19.067215363511654,6.5639182700009,-5.9388752755222445,4 days 08:00:00,3 days 02:41:03.157894736,0.9302224899726094,-0.21237365910254713,0.10299508294606322,-0.15144958200179975,1.0058931144787069,0.1421050945935948,long
2910,"{'window_k': 177, 'window_d': 87, 'window_ma': 222}","open_time
2022-01-01 00:00:00    100.000000
2022-01-01 01:00:00    100.000000
2022-01-01 02:00:00    100.000000
2022-01-01 03:00:00    100.000000
2022-01-01 04:00:00    100.000000
                          ...    
2023-05-01 19:00:00     87.741422
2023-05-01 20:00:00     87.539920
2023-05-01 21:00:00     87.980705
2023-05-01 22:00:00     88.371115
2023-05-01 23:00:00     88.371115
Freq: H, Length: 11664, dtype: float64",2022-01-01,2023-05-01 23:00:00,486 days,100.0,70.46814783378467,168.64080431177834,88.37111495681036,-11.62888504318964,-70.17976286600607,39.26611796982167,100.0,58.214058500631225,286 days 02:00:00,71,0.0,36,40.0,35.92964824120602,-19.102132435465773,12.500460040882002,-7.6995120190109905,7 days 21:00:00,3 days 15:17:08.571428571,0.9367145546578025,-0.324337717864827,0.21458447787865506,-0.15231049925181248,1.0118086301248916,0.3283552862618548,long
2578,"{'window_k': 162, 'window_d': 27, 'window_ma': 42}","open_time
2022-01-01 00:00:00    100.000000
2022-01-01 01:00:00    100.000000
2022-01-01 02:00:00    100.000000
2022-01-01 03:00:00    100.000000
2022-01-01 04:00:00    100.000000
                          ...    
2023-05-01 19:00:00     88.446941
2023-05-01 20:00:00     88.446941
2023-05-01 21:00:00     88.446941
2023-05-01 22:00:00     88.446941
2023-05-01 23:00:00     88.446941
Freq: H, Length: 11664, dtype: float64",2022-01-01,2023-05-01 23:00:00,486 days,100.0,47.46043026341249,112.51225208418045,88.44694141528929,-11.553058584710712,-70.17976286600607,33.47908093278464,100.0,57.81754485911178,355 days 14:00:00,198,0.0,99,37.37373737373738,24.30462090623597,-14.461569764484464,6.525533009235204,-3.7241588106662773,2 days 12:47:01.621621621,1 days 02:42:34.838709677,0.9375121792749117,-0.11669756146172383,0.18356293094696102,-0.15233941004593435,1.0113099807380541,0.28755026274668843,long
3811,"{'window_k': 222, 'window_d': 222, 'window_ma': 57}","open_time
2022-01-01 00:00:00    100.000000
2022-01-01 01:00:00    100.000000
2022-01-01 02:00:00    100.000000
2022-01-01 03:00:00    100.000000
2022-01-01 04:00:00    100.000000
                          ...    
2023-05-01 19:00:00     89.247055
2023-05-01 20:00:00     89.247055
2023-05-01 21:00:00     89.247055
2023-05-01 22:00:00     89.247055
2023-05-01 23:00:00     89.247055
Freq: H, Length: 11664, dtype: float64",2022-01-01,2023-05-01 23:00:00,486 days,100.0,67.34734742797184,145.55989521476258,89.24705541726897,-10.752944582731033,-70.17976286600607,26.234567901234566,100.0,53.7322094601635,351 days 13:00:00,36,0.0,18,50.0,26.87395891171573,-18.76769201736177,8.651042042137078,-8.612249302816103,6 days 19:13:20,7 days 08:46:40,0.8677574537872077,-0.5973858101517244,0.03362722636597033,-0.1524044238362281,1.002080107064574,0.04764464385489564,long
2456,"{'window_k': 147, 'window_d': 147, 'window_ma': 132}","open_time
2022-01-01 00:00:00    100.000000
2022-01-01 01:00:00    100.000000
2022-01-01 02:00:00    100.000000
2022-01-01 03:00:00    100.000000
2022-01-01 04:00:00    100.000000
                          ...    
2023-05-01 19:00:00     88.975666
2023-05-01 20:00:00     88.771330
2023-05-01 21:00:00     89.218315
2023-05-01 22:00:00     89.614217
2023-05-01 23:00:00     89.614217
Freq: H, Length: 11664, dtype: float64",2022-01-01,2023-05-01 23:00:00,486 days,100.0,68.33287115367254,141.95416245017074,89.61421667821892,-10.385783321781076,-70.17976286600607,37.877229080932786,100.0,51.86272105429879,309 days 12:00:00,55,0.0,28,29.629629629629626,40.51486362243333,-13.368193702398553,17.14393528785071,-6.523834466382462,9 days 14:00:00,5 days 12:44:12.631578947,0.9268352891719237,-0.34729159581417957,0.14859694372398294,-0.15243128033773656,1.0074884425205117,0.21170495595297448,long
1409,"{'window_k': 87, 'window_d': 132, 'window_ma': 27}","open_time
2022-01-01 00:00:00    100.000000
2022-01-01 01:00:00    100.000000
2022-01-01 02:00:00    100.000000
2022-01-01 03:00:00    100.000000
2022-01-01 04:00:00    100.000000
                          ...    
2023-05-01 19:00:00     90.356657
2023-05-01 20:00:00     90.149150
2023-05-01 21:00:00     90.603073
2023-05-01 22:00:00     91.005119
2023-05-01 23:00:00     91.005119
Freq: H, Length: 11664, dtype: float64",2022-01-01,2023-05-01 23:00:00,486 days,100.0,70.25984666305247,127.15033978599946,91.00511898986481,-8.994881010135188,-70.17976286600607,28.455075445816185,100.0,44.742698461283396,451 days 16:00:00,71,0.0,36,45.714285714285715,25.800574204946997,-16.27301841473178,7.710872799331457,-6.252403586417442,4 days 01:26:15,3 days 15:41:03.157894736,0.9227759341769024,-0.26588978971019506,0.10898645260200752,-0.1527409489114864,1.0062600757154707,0.15414664820507776,long
1374,"{'window_k': 87, 'window_d': 87, 'window_ma': 222}","open_time
2022-01-01 00:00:00    100.000000
2022-01-01 01:00:00    100.000000
2022-01-01 02:00:00    100.000000
2022-01-01 03:00:00    100.000000
2022-01-01 04:00:00    100.000000
                          ...    
2023-05-01 19:00:00     89.197342
2023-05-01 20:00:00     88.992496
2023-05-01 21:00:00     89.440596
2023-05-01 22:00:00     89.837483
2023-05-01 23:00:00     89.837483
Freq: H, Length: 11664, dtype: float64",2022-01-01,2023-05-01 23:00:00,486 days,100.0,62.89428348539808,168.89765297264054,89.83748349571223,-10.162516504287765,-70.17976286600607,39.11179698216735,100.0,50.60964280368056,194 days 16:00:00,91,0.0,46,40.0,35.098275170477315,-24.314282592066444,9.500883317319667,-5.8131084843332275,5 days 11:20:00,3 days 04:31:06.666666666,0.9545585648996465,-0.1823040657949524,0.22006463170579052,-0.1528015846742486,1.012379804957894,0.33601918529642777,long
3166,"{'window_k': 192, 'window_d': 87, 'window_ma': 222}","open_time
2022-01-01 00:00:00    100.000000
2022-01-01 01:00:00    100.000000
2022-01-01 02:00:00    100.000000
2022-01-01 03:00:00    100.000000
2022-01-01 04:00:00    100.000000
                          ...    
2023-05-01 19:00:00     87.141015
2023-05-01 20:00:00     86.940892
2023-05-01 21:00:00     87.378661
2023-05-01 22:00:00     87.766399
2023-05-01 23:00:00     87.766399
Freq: H, Length: 11664, dtype: float64",2022-01-01,2023-05-01 23:00:00,486 days,100.0,65.66736134424656,168.73657933867784,87.76639905790964,-12.233600942090362,-70.17976286600607,39.2746913580247,100.0,61.082913022408135,309 days 12:00:00,69,0.0,35,38.23529411764706,34.612476370510414,-16.535433070866148,12.80618617164205,-7.424031115752943,8 days 10:50:46.153846153,3 days 16:00:00,0.928942792972828,-0.3542936977624924,0.2108729766523577,-0.1528310776241757,1.0115682791097784,0.3219574688947176,long
418,"{'window_k': 27, 'window_d': 162, 'window_ma': 42}","open_time
2022-01-01 00:00:00    100.000000
2022-01-01 01:00:00    100.000000
2022-01-01 02:00:00    100.000000
2022-01-01 03:00:00    100.000000
2022-01-01 04:00:00    100.000000
                          ...    
2023-05-01 19:00:00     91.272531
2023-05-01 20:00:00     91.272531
2023-05-01 21:00:00     91.272531
2023-05-01 22:00:00     91.272531
2023-05-01 23:00:00     91.272531
Freq: H, Length: 11664, dtype: float64",2022-01-01,2023-05-01 23:00:00,486 days,100.0,72.93070042582407,128.78502602724555,91.27253065887317,-8.727469341126834,-70.17976286600607,25.025720164609055,100.0,43.370201741936235,451 days 16:00:00,76,0.0,38,39.473684210526315,32.160707420222984,-12.263143848412064,7.500898349732886,-4.697835300078537,4 days 20:04:00,2 days 03:13:02.608695652,0.9205834297535279,-0.22967024581912687,0.06651155718563669,-0.1528356930381496,1.0039640380194625,0.09358241407931642,long
3168,"{'window_k': 192, 'window_d': 102, 'window_ma': 12}","open_time
2022-01-01 00:00:00    100.000000
2022-01-01 01:00:00    100.000000
2022-01-01 02:00:00    100.000000
2022-01-01 03:00:00    100.000000
2022-01-01 04:00:00    100.000000
                          ...    
2023-05-01 19:00:00     90.775978
2023-05-01 20:00:00     90.775978
2023-05-01 21:00:00     90.775978
2023-05-01 22:00:00     90.775978
2023-05-01 23:00:00     90.775978
Freq: H, Length: 11664, dtype: float64",2022-01-01,2023-05-01 23:00:00,486 days,100.0,69.90432843060697,128.9332095221031,90.77597812850888,-9.224021871491118,-70.17976286600607,16.786694101508917,100.0,45.78252671308611,355 days 14:00:00,66,0.0,33,39.39393939393939,19.79759645793801,-18.254243158988576,7.88523594023841,-5.067671934733534,2 days 05:46:09.230769230,2 days 14:57:00,0.9065093950647489,-0.2795158142876093,0.07421660251367365,-0.15312119170718713,1.0066552163688902,0.11840859014542904,long
3464,"{'window_k': 207, 'window_d': 132, 'window_ma': 132}","open_time
2022-01-01 00:00:00    100.000000
2022-01-01 01:00:00    100.000000
2022-01-01 02:00:00    100.000000
2022-01-01 03:00:00    100.000000
2022-01-01 04:00:00    100.000000
                          ...    
2023-05-01 19:00:00     88.509366
2023-05-01 20:00:00     88.306101
2023-05-01 21:00:00     88.750744
2023-05-01 22:00:00     89.144571
2023-05-01 23:00:00     89.144571
Freq: H, Length: 11664, dtype: float64",2022-01-01,2023-05-01 23:00:00,486 days,100.0,63.95564960786957,138.85880515943097,89.14457069489316,-10.855429305106838,-70.17976286600607,38.117283950617285,100.0,53.94195597863688,391 days 18:00:00,53,0.0,27,30.76923076923077,37.233727810650905,-15.168253506795548,16.380781462661012,-6.5985566150063555,9 days 12:30:00,5 days 22:36:40,0.9150376896958962,-0.37207497374129606,0.17700380048849054,-0.15327990553545429,1.0094058632831544,0.25600828177425883,long
1299,"{'window_k': 87, 'window_d': 27, 'window_ma': 57}","open_time
2022-01-01 00:00:00    100.00000
2022-01-01 01:00:00    100.00000
2022-01-01 02:00:00    100.00000
2022-01-01 03:00:00    100.00000
2022-01-01 04:00:00    100.00000
                         ...    
2023-05-01 19:00:00     87.91736
2023-05-01 20:00:00     87.91736
2023-05-01 21:00:00     87.91736
2023-05-01 22:00:00     87.91736
2023-05-01 23:00:00     87.91736
Freq: H, Length: 11664, dtype: float64",2022-01-01,2023-05-01 23:00:00,486 days,100.0,40.24124277424763,100.91287861055193,87.91736021096308,-12.082639789036918,-70.17976286600607,36.771262002743484,100.0,60.122787766714424,477 days 04:00:00,202,0.0,101,39.603960396039604,28.719620628334326,-14.508205289014327,6.028194444958361,-3.7865904910552475,2 days 11:09:00,1 days 07:31:28.524590163,0.9239078068576004,-0.11963009692115789,0.19941314229676763,-0.1533241009989738,1.0117593799383269,0.3124547550653159,long
948,"{'window_k': 57, 'window_d': 177, 'window_ma': 72}","open_time
2022-01-01 00:00:00    100.000000
2022-01-01 01:00:00    100.000000
2022-01-01 02:00:00    100.000000
2022-01-01 03:00:00    100.000000
2022-01-01 04:00:00    100.000000
                          ...    
2023-05-01 19:00:00     87.294743
2023-05-01 20:00:00     87.094267
2023-05-01 21:00:00     87.532808
2023-05-01 22:00:00     87.921230
2023-05-01 23:00:00     87.921230
Freq: H, Length: 11664, dtype: float64",2022-01-01,2023-05-01 23:00:00,486 days,100.0,57.819761621756165,144.67700937598508,87.92123029534835,-12.078769704651648,-70.17976286600607,33.95919067215363,100.0,60.035280055108984,391 days 18:00:00,63,0.0,32,35.483870967741936,39.554394168615055,-26.76644121456325,13.165521848799811,-6.681159009697972,6 days 04:16:21.818181818,4 days 17:15:00,0.9116415811553977,-0.3843833226390321,0.09299878909796612,-0.15349759593236792,1.0048633866743601,0.1295481722818666,long
689,"{'window_k': 42, 'window_d': 177, 'window_ma': 27}","open_time
2022-01-01 00:00:00    100.000000
2022-01-01 01:00:00    100.000000
2022-01-01 02:00:00    100.000000
2022-01-01 03:00:00    100.000000
2022-01-01 04:00:00    100.000000
                          ...    
2023-05-01 19:00:00     90.158546
2023-05-01 20:00:00     89.951493
2023-05-01 21:00:00     90.404421
2023-05-01 22:00:00     90.805586
2023-05-01 23:00:00     90.805586
Freq: H, Length: 11664, dtype: float64",2022-01-01,2023-05-01 23:00:00,486 days,100.0,76.71250872346182,140.7602341328894,90.80558607921309,-9.194413920786914,-70.17976286600607,22.77949245541838,100.0,45.50129218239377,315 days 13:00:00,67,0.0,34,36.36363636363637,25.823136818687438,-10.602807597027256,8.037814523586952,-4.568101454104458,3 days 16:30:00,3 days 00:25:42.857142857,0.9065611017293825,-0.2927358388546142,0.05247306025393168,-0.15356700738456536,1.0032914180386583,0.07430662700633651,long
3714,"{'window_k': 222, 'window_d': 132, 'window_ma': 42}","open_time
2022-01-01 00:00:00    100.000000
2022-01-01 01:00:00    100.000000
2022-01-01 02:00:00    100.000000
2022-01-01 03:00:00    100.000000
2022-01-01 04:00:00    100.000000
                          ...    
2023-05-01 19:00:00     90.380647
2023-05-01 20:00:00     90.380647
2023-05-01 21:00:00     90.380647
2023-05-01 22:00:00     90.380647
2023-05-01 23:00:00     90.380647
Freq: H, Length: 11664, dtype: float64",2022-01-01,2023-05-01 23:00:00,486 days,100.0,64.83236604857048,123.69554810914313,90.38064721156434,-9.619352788435663,-70.17976286600607,25.94307270233196,100.0,47.58714679742116,451 days 16:00:00,52,0.0,26,38.46153846153847,35.39771627636925,-22.236827691970642,11.35675962014372,-6.645402230527441,5 days 11:06:00,4 days 11:11:15,0.9077631290342125,-0.3699751072475257,0.13564191239153708,-0.1537092730724958,1.00884825546909,0.19610096373205704,long
1375,"{'window_k': 87, 'window_d': 87, 'window_ma': 237}","open_time
2022-01-01 00:00:00    100.000000
2022-01-01 01:00:00    100.000000
2022-01-01 02:00:00    100.000000
2022-01-01 03:00:00    100.000000
2022-01-01 04:00:00    100.000000
                          ...    
2023-05-01 19:00:00     89.128960
2023-05-01 20:00:00     88.924272
2023-05-01 21:00:00     89.372027
2023-05-01 22:00:00     89.768611
2023-05-01 23:00:00     89.768611
Freq: H, Length: 11664, dtype: float64",2022-01-01,2023-05-01 23:00:00,486 days,100.0,62.89428348539808,168.89765297264054,89.76861084660484,-10.231389153395156,-70.17976286600607,39.17181069958848,100.0,50.64750722962065,194 days 16:00:00,91,0.0,46,40.0,35.098275170477315,-24.314282592066444,9.500883317319667,-5.815911772029035,5 days 11:20:00,3 days 04:46:39.999999999,0.9541786851994256,-0.1838679404932253,0.21926164459785702,-0.1537363467405246,1.0123274867341117,0.3347910342265328,long
1372,"{'window_k': 87, 'window_d': 87, 'window_ma': 192}","open_time
2022-01-01 00:00:00    100.000000
2022-01-01 01:00:00    100.000000
2022-01-01 02:00:00    100.000000
2022-01-01 03:00:00    100.000000
2022-01-01 04:00:00    100.000000
                          ...    
2023-05-01 19:00:00     89.128960
2023-05-01 20:00:00     88.924272
2023-05-01 21:00:00     89.372027
2023-05-01 22:00:00     89.768611
2023-05-01 23:00:00     89.768611
Freq: H, Length: 11664, dtype: float64",2022-01-01,2023-05-01 23:00:00,486 days,100.0,62.89428348539808,168.89765297264054,89.76861084660484,-10.231389153395156,-70.17976286600607,39.17181069958848,100.0,50.64750722962065,194 days 16:00:00,91,0.0,46,40.0,35.098275170477315,-24.314282592066444,9.500883317319667,-5.815911772029035,5 days 11:20:00,3 days 04:46:39.999999999,0.9541786851994256,-0.1838679404932253,0.21926164459785702,-0.1537363467405246,1.0123274867341117,0.3347910342265328,long
1373,"{'window_k': 87, 'window_d': 87, 'window_ma': 207}","open_time
2022-01-01 00:00:00    100.000000
2022-01-01 01:00:00    100.000000
2022-01-01 02:00:00    100.000000
2022-01-01 03:00:00    100.000000
2022-01-01 04:00:00    100.000000
                          ...    
2023-05-01 19:00:00     89.128960
2023-05-01 20:00:00     88.924272
2023-05-01 21:00:00     89.372027
2023-05-01 22:00:00     89.768611
2023-05-01 23:00:00     89.768611
Freq: H, Length: 11664, dtype: float64",2022-01-01,2023-05-01 23:00:00,486 days,100.0,62.89428348539808,168.89765297264054,89.76861084660484,-10.231389153395156,-70.17976286600607,39.17181069958848,100.0,50.64750722962065,194 days 16:00:00,91,0.0,46,40.0,35.098275170477315,-24.314282592066444,9.500883317319667,-5.815911772029035,5 days 11:20:00,3 days 04:46:39.999999999,0.9541786851994256,-0.1838679404932253,0.21926164459785702,-0.1537363467405246,1.0123274867341117,0.3347910342265328,long
3580,"{'window_k': 207, 'window_d': 237, 'window_ma': 192}","open_time
2022-01-01 00:00:00    100.000000
2022-01-01 01:00:00    100.000000
2022-01-01 02:00:00    100.000000
2022-01-01 03:00:00    100.000000
2022-01-01 04:00:00    100.000000
                          ...    
2023-05-01 19:00:00     89.799401
2023-05-01 20:00:00     89.799401
2023-05-01 21:00:00     89.799401
2023-05-01 22:00:00     89.799401
2023-05-01 23:00:00     89.799401
Freq: H, Length: 11664, dtype: float64",2022-01-01,2023-05-01 23:00:00,486 days,100.0,63.44610984529384,127.67775875342888,89.79940107303791,-10.200598926962087,-70.17976286600607,33.77057613168724,100.0,50.30762564698455,424 days 03:00:00,34,0.0,17,41.17647058823529,40.20245842371656,-23.42319749216299,13.246625349655705,-8.744020575865699,11 days 05:08:34.285714285,8 days 13:30:00,0.8755411868191728,-0.6000352309977712,0.10742504532612224,-0.15430284102542602,1.0058010037165677,0.15158160525599357,long
2905,"{'window_k': 177, 'window_d': 87, 'window_ma': 147}","open_time
2022-01-01 00:00:00    100.000000
2022-01-01 01:00:00    100.000000
2022-01-01 02:00:00    100.000000
2022-01-01 03:00:00    100.000000
2022-01-01 04:00:00    100.000000
                          ...    
2023-05-01 19:00:00     87.547426
2023-05-01 20:00:00     87.346369
2023-05-01 21:00:00     87.786180
2023-05-01 22:00:00     88.175726
2023-05-01 23:00:00     88.175726
Freq: H, Length: 11664, dtype: float64",2022-01-01,2023-05-01 23:00:00,486 days,100.0,70.10833192161343,168.64080431177834,88.17572644966613,-11.82427355033387,-70.17976286600607,39.49759945130316,100.0,58.427420808549314,286 days 02:00:00,71,0.0,36,37.142857142857146,35.92964824120603,-19.102132435465776,13.444301507303006,-7.352314945887456,8 days 03:13:50.769230769,3 days 17:27:16.363636363,0.935530812408137,-0.3299377492245359,0.2130605627386973,-0.1543450506208438,1.011689146096231,0.32571168254016447,long
2322,"{'window_k': 147, 'window_d': 27, 'window_ma': 42}","open_time
2022-01-01 00:00:00    100.000000
2022-01-01 01:00:00    100.000000
2022-01-01 02:00:00    100.000000
2022-01-01 03:00:00    100.000000
2022-01-01 04:00:00    100.000000
                          ...    
2023-05-01 19:00:00     88.700882
2023-05-01 20:00:00     88.700882
2023-05-01 21:00:00     88.700882
2023-05-01 22:00:00     88.700882
2023-05-01 23:00:00     88.700882
Freq: H, Length: 11664, dtype: float64",2022-01-01,2023-05-01 23:00:00,486 days,100.0,49.61209196910262,112.02736252312256,88.70088236475227,-11.299117635247725,-70.17976286600607,33.290466392318244,100.0,55.714308672702494,355 days 14:00:00,198,0.0,99,33.33333333333333,25.053778861322268,-14.848161147565994,7.185226247600716,-3.4236296911086943,2 days 12:27:16.363636363,1 days 04:36:21.818181818,0.9385652695405468,-0.1141325013661385,0.1852334424231259,-0.1545621715169456,1.0114713685932049,0.29065340451596233,long
502,"{'window_k': 27, 'window_d': 237, 'window_ma': 102}","open_time
2022-01-01 00:00:00    100.000000
2022-01-01 01:00:00    100.000000
2022-01-01 02:00:00    100.000000
2022-01-01 03:00:00    100.000000
2022-01-01 04:00:00    100.000000
                          ...    
2023-05-01 19:00:00     88.855124
2023-05-01 20:00:00     88.651065
2023-05-01 21:00:00     89.097445
2023-05-01 22:00:00     89.492810
2023-05-01 23:00:00     89.492810
Freq: H, Length: 11664, dtype: float64",2022-01-01,2023-05-01 23:00:00,486 days,100.0,60.66122794658333,125.46491177699163,89.49280982270123,-10.507190177298767,-70.17976286600607,28.849451303155004,100.0,51.65084238499604,409 days 07:00:00,57,0.0,29,35.714285714285715,33.91540551028329,-22.081734025739436,12.093882007303062,-6.227344653915919,7 days 10:30:00,3 days 12:53:20,0.9087061397173255,-0.3369956506087184,0.06486207183049676,-0.15487105496986048,1.0036057792860444,0.09055085571143207,long
903,"{'window_k': 57, 'window_d': 132, 'window_ma': 117}","open_time
2022-01-01 00:00:00    100.000000
2022-01-01 01:00:00    100.000000
2022-01-01 02:00:00    100.000000
2022-01-01 03:00:00    100.000000
2022-01-01 04:00:00    100.000000
                          ...    
2023-05-01 19:00:00     90.507286
2023-05-01 20:00:00     90.299432
2023-05-01 21:00:00     90.754112
2023-05-01 22:00:00     91.156828
2023-05-01 23:00:00     91.156828
Freq: H, Length: 11664, dtype: float64",2022-01-01,2023-05-01 23:00:00,486 days,100.0,68.461894361712,120.89212355040675,91.15682844897381,-8.843171551026188,-70.17976286600607,36.40260631001372,100.0,43.36943354860801,439 days 04:00:00,73,0.0,37,44.44444444444444,31.914893617021285,-19.067215363511654,8.35901049464134,-6.3610494576891705,6 days 08:37:30,3 days 12:51:00,0.9180485056833043,-0.27992507670341604,0.1536066855081537,-0.15488841612643822,1.0078100519893358,0.21400894576460072,long
2896,"{'window_k': 177, 'window_d': 87, 'window_ma': 12}","open_time
2022-01-01 00:00:00    100.000000
2022-01-01 01:00:00    100.000000
2022-01-01 02:00:00    100.000000
2022-01-01 03:00:00    100.000000
2022-01-01 04:00:00    100.000000
                          ...    
2023-05-01 19:00:00     90.520147
2023-05-01 20:00:00     90.520147
2023-05-01 21:00:00     90.520147
2023-05-01 22:00:00     90.520147
2023-05-01 23:00:00     90.520147
Freq: H, Length: 11664, dtype: float64",2022-01-01,2023-05-01 23:00:00,486 days,100.0,81.68981049721978,152.58883980689228,90.52014733121308,-9.479852668786918,-70.17976286600607,12.731481481481483,100.0,46.46409881574449,355 days 14:00:00,72,0.0,36,38.88888888888889,23.186393613328683,-19.102132435465773,7.127071153206884,-4.424804773868898,1 days 19:30:00,1 days 15:49:05.454545454,0.9101639029366431,-0.2633292407996368,0.03708657875833851,-0.15511257675902249,1.004126012164029,0.06181807502317639,long
1840,"{'window_k': 117, 'window_d': 57, 'window_ma': 12}","open_time
2022-01-01 00:00:00    100.000000
2022-01-01 01:00:00    100.000000
2022-01-01 02:00:00    100.000000
2022-01-01 03:00:00    100.000000
2022-01-01 04:00:00    100.000000
                          ...    
2023-05-01 19:00:00     89.262911
2023-05-01 20:00:00     89.262911
2023-05-01 21:00:00     89.262911
2023-05-01 22:00:00     89.262911
2023-05-01 23:00:00     89.262911
Freq: H, Length: 11664, dtype: float64",2022-01-01,2023-05-01 23:00:00,486 days,100.0,77.10239671859301,162.11172012678915,89.26291061604158,-10.73708938395842,-70.17976286600607,18.74142661179698,100.0,52.438727651344095,355 days 14:00:00,108,0.0,54,51.85185185185185,15.452179570592072,-20.093245394587207,4.549030824263893,-4.878731843990775,1 days 12:25:42.857142857,1 days 20:50:46.153846153,0.9267699477647622,-0.19883498859182192,0.08717066594898838,-0.1559301161902698,1.0073664473111916,0.13719744941917483,long
2699,"{'window_k': 162, 'window_d': 132, 'window_ma': 177}","open_time
2022-01-01 00:00:00    100.000000
2022-01-01 01:00:00    100.000000
2022-01-01 02:00:00    100.000000
2022-01-01 03:00:00    100.000000
2022-01-01 04:00:00    100.000000
                          ...    
2023-05-01 19:00:00     89.153750
2023-05-01 20:00:00     88.949005
2023-05-01 21:00:00     89.396885
2023-05-01 22:00:00     89.793579
2023-05-01 23:00:00     89.793579
Freq: H, Length: 11664, dtype: float64",2022-01-01,2023-05-01 23:00:00,486 days,100.0,67.49348171570277,134.37503977571254,89.79357923225687,-10.206420767743126,-70.17976286600607,41.34087791495199,100.0,49.772307544349616,309 days 12:00:00,59,0.0,30,37.93103448275862,41.022078122587615,-14.595021037868161,12.566478859755767,-7.05112964784864,8 days 18:00:00,5 days 15:53:20,0.9220748837712057,-0.3457678859616884,0.19379526640936048,-0.15605265375225497,1.0097606520444653,0.2781317494217503,long
3432,"{'window_k': 207, 'window_d': 102, 'window_ma': 132}","open_time
2022-01-01 00:00:00    100.000000
2022-01-01 01:00:00    100.000000
2022-01-01 02:00:00    100.000000
2022-01-01 03:00:00    100.000000
2022-01-01 04:00:00    100.000000
                          ...    
2023-05-01 19:00:00     87.816841
2023-05-01 20:00:00     87.615166
2023-05-01 21:00:00     88.056330
2023-05-01 22:00:00     88.447075
2023-05-01 23:00:00     88.447075
Freq: H, Length: 11664, dtype: float64",2022-01-01,2023-05-01 23:00:00,486 days,100.0,66.07841570914812,151.46749696130703,88.44707493091789,-11.552925069082107,-70.17976286600607,41.255144032921805,100.0,56.374524545006444,309 days 12:00:00,65,0.0,33,34.375,38.16243807236149,-25.858585858585855,17.289873860053294,-8.119687447830756,9 days 04:10:54.545454545,4 days 14:11:25.714285714,0.9365643059749831,-0.37127021500442225,0.2212546099420229,-0.15623701235463766,1.0119735942973218,0.33489470109772657,long
220,"{'window_k': 12, 'window_d': 207, 'window_ma': 192}","open_time
2022-01-01 00:00:00    100.000000
2022-01-01 01:00:00    100.000000
2022-01-01 02:00:00    100.000000
2022-01-01 03:00:00    100.000000
2022-01-01 04:00:00    100.000000
                          ...    
2023-05-01 19:00:00     86.671278
2023-05-01 20:00:00     86.472234
2023-05-01 21:00:00     86.907643
2023-05-01 22:00:00     87.293291
2023-05-01 23:00:00     87.293291
Freq: H, Length: 11664, dtype: float64",2022-01-01,2023-05-01 23:00:00,486 days,100.0,53.971524180271324,141.53060699284416,87.29329108735418,-12.706708912645823,-70.17976286600607,32.990397805212616,100.0,61.86582865217264,391 days 18:00:00,99,0.0,50,34.69387755102041,33.6654943337241,-15.225643188528057,8.936969358792245,-4.591865424075464,5 days 17:14:07.058823529,1 days 20:20:37.500000,0.9073147007424228,-0.25551234777850196,0.08009131185861236,-0.15683399960100464,1.0042071880086645,0.11182283499502775,long
222,"{'window_k': 12, 'window_d': 207, 'window_ma': 222}","open_time
2022-01-01 00:00:00    100.000000
2022-01-01 01:00:00    100.000000
2022-01-01 02:00:00    100.000000
2022-01-01 03:00:00    100.000000
2022-01-01 04:00:00    100.000000
                          ...    
2023-05-01 19:00:00     86.671278
2023-05-01 20:00:00     86.472234
2023-05-01 21:00:00     86.907643
2023-05-01 22:00:00     87.293291
2023-05-01 23:00:00     87.293291
Freq: H, Length: 11664, dtype: float64",2022-01-01,2023-05-01 23:00:00,486 days,100.0,53.971524180271324,141.53060699284416,87.29329108735418,-12.706708912645823,-70.17976286600607,32.990397805212616,100.0,61.86582865217264,391 days 18:00:00,99,0.0,50,34.69387755102041,33.6654943337241,-15.225643188528057,8.936969358792245,-4.591865424075464,5 days 17:14:07.058823529,1 days 20:20:37.500000,0.9073147007424228,-0.25551234777850196,0.08009131185861236,-0.15683399960100464,1.0042071880086645,0.11182283499502775,long
2911,"{'window_k': 177, 'window_d': 87, 'window_ma': 237}","open_time
2022-01-01 00:00:00    100.000000
2022-01-01 01:00:00    100.000000
2022-01-01 02:00:00    100.000000
2022-01-01 03:00:00    100.000000
2022-01-01 04:00:00    100.000000
                          ...    
2023-05-01 19:00:00     87.349297
2023-05-01 20:00:00     87.148696
2023-05-01 21:00:00     87.587511
2023-05-01 22:00:00     87.976176
2023-05-01 23:00:00     87.976176
Freq: H, Length: 11664, dtype: float64",2022-01-01,2023-05-01 23:00:00,486 days,100.0,70.15321880980397,168.7487766557213,87.97617582704807,-12.023824172951933,-70.17976286600607,39.291838134430726,100.0,58.427420808549314,286 days 02:00:00,71,0.0,36,37.142857142857146,35.92964824120602,-19.10213243546577,13.450309036739897,-7.364928944903562,8 days 00:18:27.692307692,3 days 18:05:27.272727272,0.9345333395823296,-0.3356570710047375,0.20941343536645254,-0.1569924650356299,1.011546013031034,0.32033215220884115,long
1916,"{'window_k': 117, 'window_d': 117, 'window_ma': 192}","open_time
2022-01-01 00:00:00    100.000000
2022-01-01 01:00:00    100.000000
2022-01-01 02:00:00    100.000000
2022-01-01 03:00:00    100.000000
2022-01-01 04:00:00    100.000000
                          ...    
2023-05-01 19:00:00     88.628710
2023-05-01 20:00:00     88.425170
2023-05-01 21:00:00     88.870413
2023-05-01 22:00:00     89.264770
2023-05-01 23:00:00     89.264770
Freq: H, Length: 11664, dtype: float64",2022-01-01,2023-05-01 23:00:00,486 days,100.0,62.54107072927776,130.0574701936289,89.26477038936603,-10.735229610633965,-70.17976286600607,43.62997256515775,100.0,51.91274239290758,391 days 18:00:00,71,0.0,36,31.428571428571427,30.99071793900362,-15.605817987723498,13.481194329133524,-5.837621608142605,7 days 21:27:16.363636363,5 days 01:17:30,0.9144972784958311,-0.31544396533790886,0.1649239766476656,-0.1574823389507836,1.0076787310382183,0.23137981554919826,long
2908,"{'window_k': 177, 'window_d': 87, 'window_ma': 192}","open_time
2022-01-01 00:00:00    100.000000
2022-01-01 01:00:00    100.000000
2022-01-01 02:00:00    100.000000
2022-01-01 03:00:00    100.000000
2022-01-01 04:00:00    100.000000
                          ...    
2023-05-01 19:00:00     87.293407
2023-05-01 20:00:00     87.092934
2023-05-01 21:00:00     87.531469
2023-05-01 22:00:00     87.919885
2023-05-01 23:00:00     87.919885
Freq: H, Length: 11664, dtype: float64",2022-01-01,2023-05-01 23:00:00,486 days,100.0,70.10833192161343,168.64080431177834,87.9198850846591,-12.0801149153409,-70.17976286600607,39.61762688614541,100.0,58.427420808549314,286 days 02:00:00,71,0.0,36,37.142857142857146,35.92964824120603,-19.102132435465776,13.444301507303008,-7.364928944903563,8 days 03:13:50.769230769,3 days 18:05:27.272727272,0.9341853961624929,-0.3372704203631365,0.21002725613422363,-0.15773953787654627,1.0115107065471804,0.3210614475825018,long
1921,"{'window_k': 117, 'window_d': 132, 'window_ma': 27}","open_time
2022-01-01 00:00:00    100.000000
2022-01-01 01:00:00    100.000000
2022-01-01 02:00:00    100.000000
2022-01-01 03:00:00    100.000000
2022-01-01 04:00:00    100.000000
                          ...    
2023-05-01 19:00:00     91.039308
2023-05-01 20:00:00     90.830233
2023-05-01 21:00:00     91.287586
2023-05-01 22:00:00     91.692669
2023-05-01 23:00:00     91.692669
Freq: H, Length: 11664, dtype: float64",2022-01-01,2023-05-01 23:00:00,486 days,100.0,78.63157058115925,130.53435114503816,91.69266930787019,-8.30733069212981,-70.17976286600607,25.531550068587105,100.0,39.76177926238677,451 days 16:00:00,63,0.0,32,41.935483870967744,25.903682083520437,-17.38808979701573,7.115176132391612,-5.028395797780454,3 days 15:50:46.153846153,4 days 01:36:40,0.9054613286399379,-0.28441781282177336,0.10522747643421802,-0.15859217304395917,1.0063198358019416,0.14976012655484014,long
1730,"{'window_k': 102, 'window_d': 192, 'window_ma': 42}","open_time
2022-01-01 00:00:00    100.000000
2022-01-01 01:00:00    100.000000
2022-01-01 02:00:00    100.000000
2022-01-01 03:00:00    100.000000
2022-01-01 04:00:00    100.000000
                          ...    
2023-05-01 19:00:00     87.153435
2023-05-01 20:00:00     86.953284
2023-05-01 21:00:00     87.391115
2023-05-01 22:00:00     87.778908
2023-05-01 23:00:00     87.778908
Freq: H, Length: 11664, dtype: float64",2022-01-01,2023-05-01 23:00:00,486 days,100.0,54.08798585013164,131.1114141873516,87.77890845992891,-12.221091540071086,-70.17976286600607,27.083333333333332,100.0,58.74654683165675,395 days 04:00:00,51,0.0,26,40.0,34.048668327265766,-23.765936580581883,12.425203633380482,-7.906488853153873,5 days 22:18:00,4 days 17:28:00,0.8900554021722538,-0.4938474471784411,0.025561992159772874,-0.15874401024729398,1.001496789486886,0.035828946109832706,long
3424,"{'window_k': 207, 'window_d': 102, 'window_ma': 12}","open_time
2022-01-01 00:00:00    100.000000
2022-01-01 01:00:00    100.000000
2022-01-01 02:00:00    100.000000
2022-01-01 03:00:00    100.000000
2022-01-01 04:00:00    100.000000
                          ...    
2023-05-01 19:00:00     89.543962
2023-05-01 20:00:00     89.543962
2023-05-01 21:00:00     89.543962
2023-05-01 22:00:00     89.543962
2023-05-01 23:00:00     89.543962
Freq: H, Length: 11664, dtype: float64",2022-01-01,2023-05-01 23:00:00,486 days,100.0,69.83440013047827,139.11380201456157,89.54396188616862,-10.456038113831383,-70.17976286600607,16.41803840877915,100.0,49.80052365820004,355 days 14:00:00,66,0.0,33,45.45454545454545,20.744985673352442,-18.92700897996776,6.68915365277329,-5.566745338974269,2 days 05:48:00,2 days 13:33:20,0.8935171047898004,-0.3168496398130727,0.05218893231543324,-0.15983225482286403,1.0047422903252574,0.08295075471419991,long
2726,"{'window_k': 162, 'window_d': 162, 'window_ma': 102}","open_time
2022-01-01 00:00:00    100.000000
2022-01-01 01:00:00    100.000000
2022-01-01 02:00:00    100.000000
2022-01-01 03:00:00    100.000000
2022-01-01 04:00:00    100.000000
                          ...    
2023-05-01 19:00:00     88.155713
2023-05-01 20:00:00     87.953260
2023-05-01 21:00:00     88.396126
2023-05-01 22:00:00     88.788379
2023-05-01 23:00:00     88.788379
Freq: H, Length: 11664, dtype: float64",2022-01-01,2023-05-01 23:00:00,486 days,100.0,64.32516700160326,137.49978961749687,88.78837941840045,-11.211620581599547,-70.17976286600607,31.44718792866941,100.0,53.21798878344038,391 days 18:00:00,51,0.0,26,32.0,38.161190511271556,-12.210189694018458,13.393317938928925,-5.969729814596567,9 days 03:07:30,4 days 14:17:38.823529411,0.8875671967855613,-0.42670110478035017,0.08418962667416278,-0.16054024244441134,1.004541901915019,0.1188482424006348,long
677,"{'window_k': 42, 'window_d': 162, 'window_ma': 87}","open_time
2022-01-01 00:00:00    100.000000
2022-01-01 01:00:00    100.000000
2022-01-01 02:00:00    100.000000
2022-01-01 03:00:00    100.000000
2022-01-01 04:00:00    100.000000
                          ...    
2023-05-01 19:00:00     87.654829
2023-05-01 20:00:00     87.654829
2023-05-01 21:00:00     87.654829
2023-05-01 22:00:00     87.654829
2023-05-01 23:00:00     87.654829
Freq: H, Length: 11664, dtype: float64",2022-01-01,2023-05-01 23:00:00,486 days,100.0,63.5392307736493,153.46223817955968,87.65482882012537,-12.345171179874626,-70.17976286600607,36.38545953360769,100.0,58.59617875551591,399 days 10:00:00,80,0.0,40,25.0,35.213516030331235,-16.308985132514547,14.878806528932733,-4.678761070902602,7 days 05:06:00,3 days 11:46:00,0.9114814508659346,-0.30862927949686547,0.09990406421878757,-0.16079445443531523,1.0050425680999056,0.13976714506313467,long
421,"{'window_k': 27, 'window_d': 162, 'window_ma': 87}","open_time
2022-01-01 00:00:00    100.000000
2022-01-01 01:00:00    100.000000
2022-01-01 02:00:00    100.000000
2022-01-01 03:00:00    100.000000
2022-01-01 04:00:00    100.000000
                          ...    
2023-05-01 19:00:00     88.580666
2023-05-01 20:00:00     88.580666
2023-05-01 21:00:00     88.580666
2023-05-01 22:00:00     88.580666
2023-05-01 23:00:00     88.580666
Freq: H, Length: 11664, dtype: float64",2022-01-01,2023-05-01 23:00:00,486 days,100.0,59.734759506831224,129.46278573115438,88.58066595884277,-11.419334041157228,-70.17976286600607,31.078532235939644,100.0,53.85951324199226,439 days 04:00:00,74,0.0,37,35.13513513513514,32.637348297011606,-13.11149974003875,10.996607080043301,-5.624820775052506,5 days 22:36:55.384615384,3 days 01:47:30,0.9119517307041779,-0.30863064976100585,0.08917962107478022,-0.1616123414506803,1.0048356510036813,0.12658937350147023,long
486,"{'window_k': 27, 'window_d': 222, 'window_ma': 102}","open_time
2022-01-01 00:00:00    100.000000
2022-01-01 01:00:00    100.000000
2022-01-01 02:00:00    100.000000
2022-01-01 03:00:00    100.000000
2022-01-01 04:00:00    100.000000
                          ...    
2023-05-01 19:00:00     88.173874
2023-05-01 20:00:00     87.971379
2023-05-01 21:00:00     88.414337
2023-05-01 22:00:00     88.806670
2023-05-01 23:00:00     88.806670
Freq: H, Length: 11664, dtype: float64",2022-01-01,2023-05-01 23:00:00,486 days,100.0,60.67037097294896,128.2620217884127,88.8066704579105,-11.1933295420895,-70.17976286600607,32.621742112482856,100.0,52.69810180207999,391 days 18:00:00,63,0.0,32,35.483870967741936,35.277941465330976,-18.157650695517784,12.314247831398374,-6.3302055209873735,7 days 10:10:54.545454545,3 days 17:21:00,0.9115861927882636,-0.3271899109022587,0.09247551335440168,-0.16185553199886496,1.0048515596264944,0.1279377958085842,long
3161,"{'window_k': 192, 'window_d': 87, 'window_ma': 147}","open_time
2022-01-01 00:00:00    100.000000
2022-01-01 01:00:00    100.000000
2022-01-01 02:00:00    100.000000
2022-01-01 03:00:00    100.000000
2022-01-01 04:00:00    100.000000
                          ...    
2023-05-01 19:00:00     86.273292
2023-05-01 20:00:00     86.075162
2023-05-01 21:00:00     86.508571
2023-05-01 22:00:00     86.892448
2023-05-01 23:00:00     86.892448
Freq: H, Length: 11664, dtype: float64",2022-01-01,2023-05-01 23:00:00,486 days,100.0,65.01346608572565,168.73657933867784,86.89244842205918,-13.107551577940823,-70.17976286600607,40.68930041152263,100.0,61.470437328687,309 days 12:00:00,69,0.0,35,35.294117647058826,34.6124763705104,-16.535433070866155,13.949090122824668,-7.17036469668291,8 days 18:25:00,4 days 00:35:27.272727272,0.9247865260180873,-0.3800530757072318,0.20188312979951417,-0.16291161126992526,1.0109321186043005,0.30810288368882355,long
1556,"{'window_k': 102, 'window_d': 27, 'window_ma': 72}","open_time
2022-01-01 00:00:00    100.000000
2022-01-01 01:00:00    100.000000
2022-01-01 02:00:00    100.000000
2022-01-01 03:00:00    100.000000
2022-01-01 04:00:00    100.000000
                          ...    
2023-05-01 19:00:00     87.852266
2023-05-01 20:00:00     87.852266
2023-05-01 21:00:00     87.852266
2023-05-01 22:00:00     87.852266
2023-05-01 23:00:00     87.852266
Freq: H, Length: 11664, dtype: float64",2022-01-01,2023-05-01 23:00:00,486 days,100.0,43.69779426128127,101.30651377009117,87.85226647076287,-12.14773352923713,-70.17976286600607,36.634087791495205,100.0,56.865760517185805,477 days 04:00:00,200,0.0,100,39.0,29.31392931392932,-14.89329950753618,6.502604804129349,-3.9534446122488958,2 days 10:24:36.923076923,1 days 08:42:17.704918032,0.9282000581065821,-0.12147733529237215,0.19819614907946773,-0.16299363599683833,1.0116257330807459,0.3092135962031205,long
752,"{'window_k': 42, 'window_d': 237, 'window_ma': 12}","open_time
2022-01-01 00:00:00    100.000000
2022-01-01 01:00:00    100.000000
2022-01-01 02:00:00    100.000000
2022-01-01 03:00:00    100.000000
2022-01-01 04:00:00    100.000000
                          ...    
2023-05-01 19:00:00     89.602564
2023-05-01 20:00:00     89.396788
2023-05-01 21:00:00     89.846923
2023-05-01 22:00:00     89.846923
2023-05-01 23:00:00     89.846923
Freq: H, Length: 11664, dtype: float64",2022-01-01,2023-05-01 23:00:00,486 days,100.0,73.27454079411255,139.03214612611328,89.84692260948856,-10.153077390511442,-70.17976286600607,13.04869684499314,100.0,47.29669156682176,391 days 18:00:00,54,0.0,27,40.74074074074074,19.738586853570766,-22.284940167080595,6.568755309415768,-4.616359677469137,2 days 16:38:10.909090909,2 days 02:41:15,0.8633708557073253,-0.3760399033522752,-0.09175058415845744,-0.1633508120592178,0.992587184327415,-0.1269810916952091,long
2144,"{'window_k': 132, 'window_d': 102, 'window_ma': 12}","open_time
2022-01-01 00:00:00    100.000000
2022-01-01 01:00:00    100.000000
2022-01-01 02:00:00    100.000000
2022-01-01 03:00:00    100.000000
2022-01-01 04:00:00    100.000000
                          ...    
2023-05-01 19:00:00     91.722236
2023-05-01 20:00:00     91.722236
2023-05-01 21:00:00     91.722236
2023-05-01 22:00:00     91.722236
2023-05-01 23:00:00     91.722236
Freq: H, Length: 11664, dtype: float64",2022-01-01,2023-05-01 23:00:00,486 days,100.0,76.2338394831821,123.67492644604164,91.7222360615684,-8.277763938431605,-70.17976286600607,15.003429355281206,100.0,38.3595028726843,391 days 18:00:00,74,0.0,37,43.24324324324324,21.347667498560188,-20.92687263836407,5.772381447628421,-4.287281402201252,1 days 18:37:30,2 days 02:51:25.714285714,0.9090715089822612,-0.22372334968734053,0.0008408952008061356,-0.16379820495679254,1.0000684480477386,0.0011473294526929685,long
2957,"{'window_k': 177, 'window_d': 132, 'window_ma': 207}","open_time
2022-01-01 00:00:00    100.000000
2022-01-01 01:00:00    100.000000
2022-01-01 02:00:00    100.000000
2022-01-01 03:00:00    100.000000
2022-01-01 04:00:00    100.000000
                          ...    
2023-05-01 19:00:00     88.852607
2023-05-01 20:00:00     88.648554
2023-05-01 21:00:00     89.094921
2023-05-01 22:00:00     89.490275
2023-05-01 23:00:00     89.490275
Freq: H, Length: 11664, dtype: float64",2022-01-01,2023-05-01 23:00:00,486 days,100.0,71.83203173190529,140.35850081477457,89.49027493552298,-10.509725064477024,-70.17976286600607,39.22325102880658,100.0,48.82245726840648,451 days 16:00:00,57,0.0,29,32.142857142857146,39.96322402696903,-13.252279635258358,15.556574956935629,-6.719256103543346,10 days 02:46:40,5 days 02:34:44.210526315,0.9222969839340669,-0.36532683243171604,0.18168256658546378,-0.16388313964388457,1.0094511431795719,0.26239452131990826,long
1158,"{'window_k': 72, 'window_d': 132, 'window_ma': 102}","open_time
2022-01-01 00:00:00    100.000000
2022-01-01 01:00:00    100.000000
2022-01-01 02:00:00    100.000000
2022-01-01 03:00:00    100.000000
2022-01-01 04:00:00    100.000000
                          ...    
2023-05-01 19:00:00     87.395822
2023-05-01 20:00:00     87.195114
2023-05-01 21:00:00     87.634163
2023-05-01 22:00:00     88.023035
2023-05-01 23:00:00     88.023035
Freq: H, Length: 11664, dtype: float64",2022-01-01,2023-05-01 23:00:00,486 days,100.0,56.712642952291674,127.53899136956142,88.02303510231899,-11.976964897681015,-70.17976286600607,37.79149519890261,100.0,55.53309435546723,391 days 18:00:00,71,0.0,36,37.142857142857146,36.904530429710306,-17.94028849379404,11.635612301878705,-6.424205988489613,6 days 20:09:13.846153846,4 days 02:49:05.454545454,0.9100252975481987,-0.33180518605452214,0.12128735187381241,-0.16452052839001713,1.0060323018294184,0.17009776531759419,long
719,"{'window_k': 42, 'window_d': 192, 'window_ma': 237}","open_time
2022-01-01 00:00:00    100.000000
2022-01-01 01:00:00    100.000000
2022-01-01 02:00:00    100.000000
2022-01-01 03:00:00    100.000000
2022-01-01 04:00:00    100.000000
                          ...    
2023-05-01 19:00:00     87.514220
2023-05-01 20:00:00     87.313240
2023-05-01 21:00:00     87.752884
2023-05-01 22:00:00     88.142283
2023-05-01 23:00:00     88.142283
Freq: H, Length: 11664, dtype: float64",2022-01-01,2023-05-01 23:00:00,486 days,100.0,61.063268482488084,134.2195678702176,88.14228284569813,-11.857717154301866,-70.17976286600607,36.822702331961594,100.0,54.50494331681006,309 days 12:00:00,59,0.0,30,34.48275862068966,34.34574976122254,-12.20043572984749,13.410437436753025,-6.757184418376556,9 days 13:00:00,4 days 06:15:47.368421052,0.9073654020992624,-0.4045553333199625,0.08865174063965683,-0.16592808625616076,1.0043874710376701,0.12445426070652794,long
1922,"{'window_k': 117, 'window_d': 132, 'window_ma': 42}","open_time
2022-01-01 00:00:00    100.000000
2022-01-01 01:00:00    100.000000
2022-01-01 02:00:00    100.000000
2022-01-01 03:00:00    100.000000
2022-01-01 04:00:00    100.000000
                          ...    
2023-05-01 19:00:00     90.773684
2023-05-01 20:00:00     90.773684
2023-05-01 21:00:00     90.773684
2023-05-01 22:00:00     90.773684
2023-05-01 23:00:00     90.773684
Freq: H, Length: 11664, dtype: float64",2022-01-01,2023-05-01 23:00:00,486 days,100.0,75.78762842590574,131.15451920530919,90.7736836337393,-9.226316366260704,-70.17976286600607,29.06378600823045,100.0,42.215008003446805,430 days 01:00:00,62,0.0,31,32.25806451612903,28.18715665845807,-17.388089797015734,10.276872054204919,-4.642276220669118,5 days 15:18:00,4 days 01:00:00,0.9105602665232794,-0.2976231085890544,0.10542190804626782,-0.1661030198227832,1.0059935728673226,0.14887636423225423,long
1918,"{'window_k': 117, 'window_d': 117, 'window_ma': 222}","open_time
2022-01-01 00:00:00    100.000000
2022-01-01 01:00:00    100.000000
2022-01-01 02:00:00    100.000000
2022-01-01 03:00:00    100.000000
2022-01-01 04:00:00    100.000000
                          ...    
2023-05-01 19:00:00     87.932200
2023-05-01 20:00:00     87.730260
2023-05-01 21:00:00     88.172004
2023-05-01 22:00:00     88.563262
2023-05-01 23:00:00     88.563262
Freq: H, Length: 11664, dtype: float64",2022-01-01,2023-05-01 23:00:00,486 days,100.0,62.04957712342018,130.0574701936289,88.56326235051853,-11.436737649481472,-70.17976286600607,42.15534979423868,100.0,52.29064733379706,391 days 18:00:00,71,0.0,36,31.428571428571427,30.9907179390036,-15.605817987723498,13.481194329133524,-5.864730730676154,7 days 21:27:16.363636363,4 days 18:07:30,0.9092998183355522,-0.3354184994923517,0.1529446117608228,-0.16671879275007118,1.007207343634004,0.21460267327045554,long
3734,"{'window_k': 222, 'window_d': 147, 'window_ma': 102}","open_time
2022-01-01 00:00:00    100.000000
2022-01-01 01:00:00    100.000000
2022-01-01 02:00:00    100.000000
2022-01-01 03:00:00    100.000000
2022-01-01 04:00:00    100.000000
                          ...    
2023-05-01 19:00:00     89.480182
2023-05-01 20:00:00     89.274687
2023-05-01 21:00:00     89.724207
2023-05-01 22:00:00     90.122354
2023-05-01 23:00:00     90.122354
Freq: H, Length: 11664, dtype: float64",2022-01-01,2023-05-01 23:00:00,486 days,100.0,68.44029103512646,124.40355194179949,90.12235354926248,-9.877646450737515,-70.17976286600607,31.31858710562414,100.0,44.98525969166433,451 days 16:00:00,47,0.0,24,43.47826086956522,34.69447708578145,-11.949768671513555,9.218970656735001,-6.864948787676236,8 days 14:48:00,4 days 23:32:18.461538461,0.8845009012403248,-0.4305797092274273,0.1422145467169869,-0.16702336284004218,1.0081872296189986,0.2062909112938099,long
3152,"{'window_k': 192, 'window_d': 87, 'window_ma': 12}","open_time
2022-01-01 00:00:00    100.000000
2022-01-01 01:00:00    100.000000
2022-01-01 02:00:00    100.000000
2022-01-01 03:00:00    100.000000
2022-01-01 04:00:00    100.000000
                          ...    
2023-05-01 19:00:00     89.426158
2023-05-01 20:00:00     89.426158
2023-05-01 21:00:00     89.426158
2023-05-01 22:00:00     89.426158
2023-05-01 23:00:00     89.426158
Freq: H, Length: 11664, dtype: float64",2022-01-01,2023-05-01 23:00:00,486 days,100.0,79.74676259729381,153.90348547635014,89.42615829793557,-10.573841702064428,-70.17976286600607,13.674554183813441,100.0,48.18391386623389,355 days 14:00:00,68,0.0,34,47.05882352941176,23.229166666666664,-16.53543307086616,6.384414048221449,-5.6250913229472905,1 days 19:56:15,2 days 01:33:20,0.9010604802903107,-0.31099534417836594,0.03220545159535945,-0.16708242664932768,1.0033189668094458,0.052601913092049264,long
671,"{'window_k': 42, 'window_d': 147, 'window_ma': 237}","open_time
2022-01-01 00:00:00    100.000000
2022-01-01 01:00:00    100.000000
2022-01-01 02:00:00    100.000000
2022-01-01 03:00:00    100.000000
2022-01-01 04:00:00    100.000000
                          ...    
2023-05-01 19:00:00     87.349470
2023-05-01 20:00:00     87.148868
2023-05-01 21:00:00     87.587684
2023-05-01 22:00:00     87.976350
2023-05-01 23:00:00     87.976350
Freq: H, Length: 11664, dtype: float64",2022-01-01,2023-05-01 23:00:00,486 days,100.0,56.88517515541801,125.74396729057446,87.97634975214852,-12.023650247851478,-70.17976286600607,39.017489711934154,100.0,54.76110991156708,286 days 02:00:00,77,0.0,39,36.84210526315789,35.68102444703143,-25.922934933087216,12.137347148402577,-6.440278813259863,7 days 10:47:08.571428571,3 days 09:12:30,0.9242566733747907,-0.30519399465058905,0.12881985037630395,-0.16750080444369533,1.0063058514458614,0.180165469640519,long
2703,"{'window_k': 162, 'window_d': 132, 'window_ma': 237}","open_time
2022-01-01 00:00:00    100.000000
2022-01-01 01:00:00    100.000000
2022-01-01 02:00:00    100.000000
2022-01-01 03:00:00    100.000000
2022-01-01 04:00:00    100.000000
                          ...    
2023-05-01 19:00:00     88.418559
2023-05-01 20:00:00     88.215502
2023-05-01 21:00:00     88.659689
2023-05-01 22:00:00     89.053112
2023-05-01 23:00:00     89.053112
Freq: H, Length: 11664, dtype: float64",2022-01-01,2023-05-01 23:00:00,486 days,100.0,68.38003914553293,134.6201171286463,89.05311184355949,-10.946888156440508,-70.17976286600607,42.67832647462277,100.0,49.20518522488933,391 days 18:00:00,59,0.0,30,37.93103448275862,41.022078122587594,-13.748003194888184,12.383726786338233,-7.00100398772279,8 days 20:00:00,5 days 23:20:00,0.9150037082311617,-0.3713521871903862,0.19098924352491947,-0.16947215331269064,1.0094602552300576,0.27429118696717336,long
1684,"{'window_k': 102, 'window_d': 147, 'window_ma': 72}","open_time
2022-01-01 00:00:00    100.000000
2022-01-01 01:00:00    100.000000
2022-01-01 02:00:00    100.000000
2022-01-01 03:00:00    100.000000
2022-01-01 04:00:00    100.000000
                          ...    
2023-05-01 19:00:00     87.759777
2023-05-01 20:00:00     87.759777
2023-05-01 21:00:00     87.759777
2023-05-01 22:00:00     87.759777
2023-05-01 23:00:00     87.759777
Freq: H, Length: 11664, dtype: float64",2022-01-01,2023-05-01 23:00:00,486 days,100.0,58.55609626806535,130.06738262751554,87.75977664889456,-12.240223351105442,-70.17976286600607,34.50788751714678,100.0,54.98018405140268,453 days 11:00:00,64,0.0,32,40.625,39.801559177888024,-18.835068054443553,10.06767055607232,-6.561133012910158,6 days 03:32:18.461538461,4 days 14:53:41.052631578,0.8934470537267294,-0.38250697972204506,0.11474973072735918,-0.16988857877659486,1.005965299446351,0.16177683726704478,long
3219,"{'window_k': 192, 'window_d': 147, 'window_ma': 57}","open_time
2022-01-01 00:00:00    100.000000
2022-01-01 01:00:00    100.000000
2022-01-01 02:00:00    100.000000
2022-01-01 03:00:00    100.000000
2022-01-01 04:00:00    100.000000
                          ...    
2023-05-01 19:00:00     87.524150
2023-05-01 20:00:00     87.323148
2023-05-01 21:00:00     87.762841
2023-05-01 22:00:00     88.152284
2023-05-01 23:00:00     88.152284
Freq: H, Length: 11664, dtype: float64",2022-01-01,2023-05-01 23:00:00,486 days,100.0,71.61543497257252,152.3032244048736,88.15228405078634,-11.847715949213665,-70.17976286600607,24.12551440329218,100.0,52.978385551316755,314 days 09:00:00,51,0.0,26,28.000000000000004,29.903354178510515,-15.378381116401593,14.00307102331326,-5.3757928527828485,5 days 16:08:34.285714285,4 days 04:56:40,0.8888568372483316,-0.47792869367558,0.027539732383071034,-0.17056295646405,1.001758816484792,0.040066492105809134,long
3224,"{'window_k': 192, 'window_d': 147, 'window_ma': 132}","open_time
2022-01-01 00:00:00    100.000000
2022-01-01 01:00:00    100.000000
2022-01-01 02:00:00    100.000000
2022-01-01 03:00:00    100.000000
2022-01-01 04:00:00    100.000000
                          ...    
2023-05-01 19:00:00     87.425240
2023-05-01 20:00:00     87.224464
2023-05-01 21:00:00     87.663661
2023-05-01 22:00:00     88.052664
2023-05-01 23:00:00     88.052664
Freq: H, Length: 11664, dtype: float64",2022-01-01,2023-05-01 23:00:00,486 days,100.0,71.79719811157561,153.5315185973131,88.05266352327088,-11.94733647672912,-70.17976286600607,36.22256515775034,100.0,53.23618318406178,309 days 12:00:00,51,0.0,26,28.000000000000004,36.848341232227476,-22.659773402265973,19.700557736409458,-7.054902677245978,9 days 04:34:17.142857142,6 days 02:30:00,0.9143360185004166,-0.4819089717280569,0.12319836129009341,-0.17118742457457523,1.006475435789622,0.17817057002834064,long
1002,"{'window_k': 57, 'window_d': 222, 'window_ma': 162}","open_time
2022-01-01 00:00:00    100.000000
2022-01-01 01:00:00    100.000000
2022-01-01 02:00:00    100.000000
2022-01-01 03:00:00    100.000000
2022-01-01 04:00:00    100.000000
                          ...    
2023-05-01 19:00:00     85.580976
2023-05-01 20:00:00     85.384436
2023-05-01 21:00:00     85.814367
2023-05-01 22:00:00     86.195164
2023-05-01 23:00:00     86.195164
Freq: H, Length: 11664, dtype: float64",2022-01-01,2023-05-01 23:00:00,486 days,100.0,53.593065100359176,138.84052282656165,86.19516400824794,-13.804835991752057,-70.17976286600607,36.47976680384088,100.0,61.39955107536784,391 days 18:00:00,55,0.0,28,33.33333333333333,43.772189349112416,-21.711030781027493,15.844703856510566,-7.3815080091270895,10 days 01:00:00,4 days 18:13:20,0.8837582439666345,-0.4894524212717699,0.14080872813565806,-0.17194123878795428,1.0078954910355675,0.2089597766825554,long
3088,"{'window_k': 192, 'window_d': 27, 'window_ma': 12}","open_time
2022-01-01 00:00:00    100.000000
2022-01-01 01:00:00    100.000000
2022-01-01 02:00:00    100.000000
2022-01-01 03:00:00    100.000000
2022-01-01 04:00:00    100.000000
                          ...    
2023-05-01 19:00:00     88.965319
2023-05-01 20:00:00     88.965319
2023-05-01 21:00:00     88.965319
2023-05-01 22:00:00     88.965319
2023-05-01 23:00:00     88.965319
Freq: H, Length: 11664, dtype: float64",2022-01-01,2023-05-01 23:00:00,486 days,100.0,54.17592868117337,105.95212348217075,88.9653193590529,-11.034680640947101,-70.17976286600607,19.230109739369,100.0,48.86753856302852,355 days 14:00:00,184,0.0,92,38.04347826086957,27.421236872812134,-14.508205289014322,5.585812737791706,-3.3792383808401376,1 days 08:29:08.571428571,0 days 19:38:34.285714285,0.9261942211935297,-0.11994218087985953,0.09743235450008507,-0.1720320462088525,1.0081601556454107,0.153934218182864,long
1404,"{'window_k': 87, 'window_d': 117, 'window_ma': 192}","open_time
2022-01-01 00:00:00    100.000000
2022-01-01 01:00:00    100.000000
2022-01-01 02:00:00    100.000000
2022-01-01 03:00:00    100.000000
2022-01-01 04:00:00    100.000000
                          ...    
2023-05-01 19:00:00     86.215643
2023-05-01 20:00:00     86.017645
2023-05-01 21:00:00     86.450766
2023-05-01 22:00:00     86.834386
2023-05-01 23:00:00     86.834386
Freq: H, Length: 11664, dtype: float64",2022-01-01,2023-05-01 23:00:00,486 days,100.0,55.455947053088686,133.2145210910685,86.83438617387954,-13.165613826120461,-70.17976286600607,40.61213991769547,100.0,58.370944399388904,391 days 18:00:00,71,0.0,36,34.285714285714285,33.744221879815086,-17.20266635481231,13.640045200619772,-6.772302254902071,7 days 05:20:00,4 days 14:49:33.913043478,0.8916189173440663,-0.427427668369063,0.11964882449360814,-0.17233592204610923,1.0057472957314588,0.16681823105413335,long
2631,"{'window_k': 162, 'window_d': 72, 'window_ma': 117}","open_time
2022-01-01 00:00:00    100.000000
2022-01-01 01:00:00    100.000000
2022-01-01 02:00:00    100.000000
2022-01-01 03:00:00    100.000000
2022-01-01 04:00:00    100.000000
                          ...    
2023-05-01 19:00:00     88.858248
2023-05-01 20:00:00     88.654181
2023-05-01 21:00:00     89.100577
2023-05-01 22:00:00     89.495956
2023-05-01 23:00:00     89.495956
Freq: H, Length: 11664, dtype: float64",2022-01-01,2023-05-01 23:00:00,486 days,100.0,62.571188263286516,146.68142510136607,89.49595560639636,-10.504044393603635,-70.17976286600607,38.348765432098766,100.0,46.27451616656125,275 days 07:00:00,81,0.0,41,40.0,26.886212828704842,-23.549047055023152,9.73004713797482,-6.182563819091973,6 days 11:56:15,3 days 05:22:30,0.9247457347717033,-0.30309557457577796,0.22188208137651452,-0.17281199977378342,1.01249518355917,0.3417591535334849,long
2576,"{'window_k': 162, 'window_d': 27, 'window_ma': 12}","open_time
2022-01-01 00:00:00    100.000000
2022-01-01 01:00:00    100.000000
2022-01-01 02:00:00    100.000000
2022-01-01 03:00:00    100.000000
2022-01-01 04:00:00    100.000000
                          ...    
2023-05-01 19:00:00     88.801149
2023-05-01 20:00:00     88.801149
2023-05-01 21:00:00     88.801149
2023-05-01 22:00:00     88.801149
2023-05-01 23:00:00     88.801149
Freq: H, Length: 11664, dtype: float64",2022-01-01,2023-05-01 23:00:00,486 days,100.0,56.98248752286057,112.42256955618352,88.80114879580088,-11.198851204199116,-70.17976286600607,21.210562414266118,100.0,49.31401430530068,355 days 14:00:00,186,0.0,93,36.55913978494624,23.97178513293545,-13.109529374269627,5.5499880273001665,-3.145723398817952,1 days 13:44:07.058823529,0 days 20:11:11.186440677,0.9277411929030358,-0.12041775488386164,0.09667302007307092,-0.17304919858117568,1.0076582452474174,0.15244360074239427,long
3694,"{'window_k': 222, 'window_d': 102, 'window_ma': 222}","open_time
2022-01-01 00:00:00    100.000000
2022-01-01 01:00:00    100.000000
2022-01-01 02:00:00    100.000000
2022-01-01 03:00:00    100.000000
2022-01-01 04:00:00    100.000000
                          ...    
2023-05-01 19:00:00     86.554004
2023-05-01 20:00:00     86.355230
2023-05-01 21:00:00     86.790050
2023-05-01 22:00:00     87.175176
2023-05-01 23:00:00     87.175176
Freq: H, Length: 11664, dtype: float64",2022-01-01,2023-05-01 23:00:00,486 days,100.0,66.5257232006459,152.99979047257645,87.17517576581658,-12.824824234183424,-70.17976286600607,40.25205761316872,100.0,56.51907561757745,355 days 14:00:00,63,0.0,32,35.483870967741936,37.707616339967075,-25.07295173961841,15.816659931237616,-7.924313529367128,9 days 06:16:21.818181818,4 days 13:00:00,0.9245597611395029,-0.4080934283585185,0.20505870680397542,-0.17329443982472875,1.0111579755524869,0.3109554626054921,long
2906,"{'window_k': 177, 'window_d': 87, 'window_ma': 162}","open_time
2022-01-01 00:00:00    100.000000
2022-01-01 01:00:00    100.000000
2022-01-01 02:00:00    100.000000
2022-01-01 03:00:00    100.000000
2022-01-01 04:00:00    100.000000
                          ...    
2023-05-01 19:00:00     86.178736
2023-05-01 20:00:00     85.980823
2023-05-01 21:00:00     86.413758
2023-05-01 22:00:00     86.797214
2023-05-01 23:00:00     86.797214
Freq: H, Length: 11664, dtype: float64",2022-01-01,2023-05-01 23:00:00,486 days,100.0,70.54995678064462,168.64080431177834,86.7972139542117,-13.2027860457883,-70.17976286600607,38.10871056241427,100.0,58.1655477340977,286 days 02:00:00,71,0.0,36,37.142857142857146,35.92964824120603,-19.102132435465773,13.379984553353944,-7.38638965407251,8 days 02:55:23.076923077,3 days 10:16:21.818181818,0.9277690852211639,-0.3694473054268368,0.1919309427236817,-0.17344164227074385,1.010736138319835,0.2934778997110276,long
1406,"{'window_k': 87, 'window_d': 117, 'window_ma': 222}","open_time
2022-01-01 00:00:00    100.000000
2022-01-01 01:00:00    100.000000
2022-01-01 02:00:00    100.000000
2022-01-01 03:00:00    100.000000
2022-01-01 04:00:00    100.000000
                          ...    
2023-05-01 19:00:00     86.096834
2023-05-01 20:00:00     85.899109
2023-05-01 21:00:00     86.331633
2023-05-01 22:00:00     86.714725
2023-05-01 23:00:00     86.714725
Freq: H, Length: 11664, dtype: float64",2022-01-01,2023-05-01 23:00:00,486 days,100.0,55.3795263635346,133.2145210910685,86.71472464033724,-13.285275359662762,-70.17976286600607,40.20919067215363,100.0,58.428311035494474,391 days 18:00:00,71,0.0,36,34.285714285714285,33.744221879815086,-17.202666354812298,13.640045200619772,-6.778208735623973,7 days 05:20:00,4 days 12:46:57.391304347,0.8908013257557605,-0.4307759208111013,0.11658060895598803,-0.17376012322580053,1.0056228349839116,0.1626336388330738,long
1162,"{'window_k': 72, 'window_d': 132, 'window_ma': 162}","open_time
2022-01-01 00:00:00    100.000000
2022-01-01 01:00:00    100.000000
2022-01-01 02:00:00    100.000000
2022-01-01 03:00:00    100.000000
2022-01-01 04:00:00    100.000000
                          ...    
2023-05-01 19:00:00     86.705709
2023-05-01 20:00:00     86.506585
2023-05-01 21:00:00     86.942167
2023-05-01 22:00:00     87.327969
2023-05-01 23:00:00     87.327969
Freq: H, Length: 11664, dtype: float64",2022-01-01,2023-05-01 23:00:00,486 days,100.0,57.90581030926273,130.22226185955057,87.32796869008287,-12.67203130991713,-70.17976286600607,39.54903978052126,100.0,55.53309435546723,391 days 18:00:00,71,0.0,36,40.0,36.90453042971029,-17.940288493794046,10.833684251248247,-6.776655713246586,6 days 21:00:00,4 days 08:54:17.142857142,0.9047621160937753,-0.3517463002490926,0.12082643747745472,-0.174233520715306,1.0058563430299596,0.16955449652976784,long
1589,"{'window_k': 102, 'window_d': 57, 'window_ma': 87}","open_time
2022-01-01 00:00:00    100.000000
2022-01-01 01:00:00    100.000000
2022-01-01 02:00:00    100.000000
2022-01-01 03:00:00    100.000000
2022-01-01 04:00:00    100.000000
                          ...    
2023-05-01 19:00:00     87.895398
2023-05-01 20:00:00     87.895398
2023-05-01 21:00:00     87.895398
2023-05-01 22:00:00     87.895398
2023-05-01 23:00:00     87.895398
Freq: H, Length: 11664, dtype: float64",2022-01-01,2023-05-01 23:00:00,486 days,100.0,68.49835562375327,162.67203785633598,87.89539784156841,-12.10460215843159,-70.17976286600607,43.192729766803836,100.0,52.937919273312254,194 days 16:00:00,114,0.0,57,36.84210526315789,34.98877294941223,-20.093245394587207,9.431287269318425,-5.1947387430414995,4 days 16:02:51.428571428,3 days 02:34:59.999999999,0.9405568244712398,-0.2123614413759931,0.22608733428512487,-0.17445537721903612,1.0118349064848988,0.34289935044930137,long
1458,"{'window_k': 87, 'window_d': 177, 'window_ma': 42}","open_time
2022-01-01 00:00:00    100.000000
2022-01-01 01:00:00    100.000000
2022-01-01 02:00:00    100.000000
2022-01-01 03:00:00    100.000000
2022-01-01 04:00:00    100.000000
                          ...    
2023-05-01 19:00:00     85.598881
2023-05-01 20:00:00     85.598881
2023-05-01 21:00:00     85.598881
2023-05-01 22:00:00     85.598881
2023-05-01 23:00:00     85.598881
Freq: H, Length: 11664, dtype: float64",2022-01-01,2023-05-01 23:00:00,486 days,100.0,55.44287654727195,150.2660856961569,85.59888108715376,-14.401118912846245,-70.17976286600607,25.12002743484225,100.0,63.103533115663026,376 days 12:00:00,54,0.0,27,40.74074074074074,32.124645892351275,-34.208144796380104,13.091037329513513,-8.236791697273109,5 days 11:32:43.636363636,3 days 20:41:15,0.8937788666723835,-0.53337477454986,0.008284550954490917,-0.17466875159338383,1.0005129654319105,0.011372088830860636,long
3814,"{'window_k': 222, 'window_d': 222, 'window_ma': 102}","open_time
2022-01-01 00:00:00    100.000000
2022-01-01 01:00:00    100.000000
2022-01-01 02:00:00    100.000000
2022-01-01 03:00:00    100.000000
2022-01-01 04:00:00    100.000000
                          ...    
2023-05-01 19:00:00     86.339683
2023-05-01 20:00:00     86.339683
2023-05-01 21:00:00     86.339683
2023-05-01 22:00:00     86.339683
2023-05-01 23:00:00     86.339683
Freq: H, Length: 11664, dtype: float64",2022-01-01,2023-05-01 23:00:00,486 days,100.0,60.744748560815694,150.6679094772965,86.33968336679456,-13.660316633205442,-70.17976286600607,31.310013717421125,100.0,59.683021572706515,349 days 17:00:00,36,0.0,18,38.88888888888889,41.701818181818176,-18.767692017361764,12.174455959308126,-7.637985733080576,8 days 15:51:25.714285714,8 days 07:43:38.181818181,0.8275208075391001,-0.7589064796225244,0.04991522957244992,-0.17499969522212008,1.0028011283591594,0.07053049442532719,long
1402,"{'window_k': 87, 'window_d': 117, 'window_ma': 162}","open_time
2022-01-01 00:00:00    100.000000
2022-01-01 01:00:00    100.000000
2022-01-01 02:00:00    100.000000
2022-01-01 03:00:00    100.000000
2022-01-01 04:00:00    100.000000
                          ...    
2023-05-01 19:00:00     85.886278
2023-05-01 20:00:00     85.689037
2023-05-01 21:00:00     86.120502
2023-05-01 22:00:00     86.502657
2023-05-01 23:00:00     86.502657
Freq: H, Length: 11664, dtype: float64",2022-01-01,2023-05-01 23:00:00,486 days,100.0,54.865707325128895,133.2145210910685,86.50265717620628,-13.497342823793716,-70.17976286600607,40.27777777777778,100.0,58.81401901552351,391 days 18:00:00,71,0.0,36,34.285714285714285,33.74422187981508,-17.202666354812305,13.640045200619774,-6.788029366223223,7 days 05:20:00,4 days 13:07:49.565217391,0.8891687206440261,-0.43670978596921906,0.11422239844322406,-0.17542728258610854,1.0055082318941908,0.15926454548114935,long
2205,"{'window_k': 132, 'window_d': 147, 'window_ma': 207}","open_time
2022-01-01 00:00:00    100.000000
2022-01-01 01:00:00    100.000000
2022-01-01 02:00:00    100.000000
2022-01-01 03:00:00    100.000000
2022-01-01 04:00:00    100.000000
                          ...    
2023-05-01 19:00:00     87.380620
2023-05-01 20:00:00     87.179947
2023-05-01 21:00:00     87.618920
2023-05-01 22:00:00     88.007724
2023-05-01 23:00:00     88.007724
Freq: H, Length: 11664, dtype: float64",2022-01-01,2023-05-01 23:00:00,486 days,100.0,65.56570826507689,136.72761479216882,88.00772377396984,-11.992276226030157,-70.17976286600607,38.2716049382716,100.0,52.04647695731454,451 days 16:00:00,53,0.0,27,23.076923076923077,44.25043259399088,-13.254342805502558,22.832825200896625,-6.247791476272645,11 days 07:40:00,5 days 18:41:59.999999999,0.9030650124527688,-0.4458049962031039,0.12590434875920795,-0.17576991113398097,1.0063237290897122,0.17768275271755593,long
223,"{'window_k': 12, 'window_d': 207, 'window_ma': 237}","open_time
2022-01-01 00:00:00    100.000000
2022-01-01 01:00:00    100.000000
2022-01-01 02:00:00    100.000000
2022-01-01 03:00:00    100.000000
2022-01-01 04:00:00    100.000000
                          ...    
2023-05-01 19:00:00     85.003361
2023-05-01 20:00:00     84.808147
2023-05-01 21:00:00     85.235177
2023-05-01 22:00:00     85.613403
2023-05-01 23:00:00     85.613403
Freq: H, Length: 11664, dtype: float64",2022-01-01,2023-05-01 23:00:00,486 days,100.0,52.932886565311435,141.53060699284416,85.61340346079513,-14.386596539204874,-70.17976286600607,32.85322359396434,100.0,62.59968943114351,391 days 18:00:00,99,0.0,50,32.6530612244898,33.6654943337241,-15.225643188528057,9.460912401825155,-4.494572414309598,5 days 17:48:45,1 days 22:23:38.181818181,0.8947020532179102,-0.2898690552206693,0.05191660715497839,-0.17589349788276593,1.0027332015575123,0.07243798587177283,long
1399,"{'window_k': 87, 'window_d': 117, 'window_ma': 117}","open_time
2022-01-01 00:00:00    100.000000
2022-01-01 01:00:00    100.000000
2022-01-01 02:00:00    100.000000
2022-01-01 03:00:00    100.000000
2022-01-01 04:00:00    100.000000
                          ...    
2023-05-01 19:00:00     87.454144
2023-05-01 20:00:00     87.253302
2023-05-01 21:00:00     87.692644
2023-05-01 22:00:00     88.081775
2023-05-01 23:00:00     88.081775
Freq: H, Length: 11664, dtype: float64",2022-01-01,2023-05-01 23:00:00,486 days,100.0,63.130340226964385,130.6546944374124,88.0817753448874,-11.918224655112596,-70.17976286600607,37.54286694101509,100.0,51.68153697132883,439 days 04:00:00,71,0.0,36,34.285714285714285,33.74422187981509,-17.202666354812305,12.778381931274277,-6.370489589401304,6 days 10:50:00,4 days 08:54:46.956521739,0.9021162153257101,-0.3925244399516834,0.11541033596466253,-0.175900312804124,1.005789936452777,0.16041254790694795,long
3164,"{'window_k': 192, 'window_d': 87, 'window_ma': 192}","open_time
2022-01-01 00:00:00    100.000000
2022-01-01 01:00:00    100.000000
2022-01-01 02:00:00    100.000000
2022-01-01 03:00:00    100.000000
2022-01-01 04:00:00    100.000000
                          ...    
2023-05-01 19:00:00     85.132807
2023-05-01 20:00:00     84.937296
2023-05-01 21:00:00     85.364976
2023-05-01 22:00:00     85.743779
2023-05-01 23:00:00     85.743779
Freq: H, Length: 11664, dtype: float64",2022-01-01,2023-05-01 23:00:00,486 days,100.0,64.15402429284946,168.73657933867784,85.74377867476738,-14.256221325232616,-70.17976286600607,40.775034293552814,100.0,61.97977667658926,309 days 12:00:00,69,0.0,35,35.294117647058826,34.61247637051041,-16.535433070866148,13.83614878281911,-7.17036469668291,8 days 19:15:00,4 days 00:35:27.272727272,0.91728009508334,-0.4139096998006355,0.18824545972270126,-0.17601098094880901,1.0101763744104375,0.2871259339156279,long
1161,"{'window_k': 72, 'window_d': 132, 'window_ma': 147}","open_time
2022-01-01 00:00:00    100.000000
2022-01-01 01:00:00    100.000000
2022-01-01 02:00:00    100.000000
2022-01-01 03:00:00    100.000000
2022-01-01 04:00:00    100.000000
                          ...    
2023-05-01 19:00:00     86.199563
2023-05-01 20:00:00     86.001603
2023-05-01 21:00:00     86.434642
2023-05-01 22:00:00     86.818191
2023-05-01 23:00:00     86.818191
Freq: H, Length: 11664, dtype: float64",2022-01-01,2023-05-01 23:00:00,486 days,100.0,58.13268635642955,135.213117479815,86.81819100026787,-13.181808999732125,-70.17976286600607,40.646433470507546,100.0,57.00662225681782,391 days 18:00:00,71,0.0,36,40.0,36.9045304297103,-17.940288493794043,11.138470533750542,-6.9929465660443935,6 days 22:08:34.285714285,4 days 14:14:17.142857142,0.9053985941640924,-0.3663715719461398,0.11630351421009785,-0.17668138456030297,1.0055790780967808,0.16346559492925875,long
714,"{'window_k': 42, 'window_d': 192, 'window_ma': 162}","open_time
2022-01-01 00:00:00    100.000000
2022-01-01 01:00:00    100.000000
2022-01-01 02:00:00    100.000000
2022-01-01 03:00:00    100.000000
2022-01-01 04:00:00    100.000000
                          ...    
2023-05-01 19:00:00     86.817787
2023-05-01 20:00:00     86.618407
2023-05-01 21:00:00     87.054552
2023-05-01 22:00:00     87.440852
2023-05-01 23:00:00     87.440852
Freq: H, Length: 11664, dtype: float64",2022-01-01,2023-05-01 23:00:00,486 days,100.0,60.5773306299286,132.08643675774368,87.44085181014833,-12.559148189851669,-70.17976286600607,36.051097393689986,100.0,54.1381143159824,391 days 18:00:00,59,0.0,30,31.03448275862069,34.345749761222535,-12.20043572984749,14.760391036012233,-6.4018213094556335,9 days 17:46:40,4 days 05:57:00,0.8997682447668245,-0.42877707994912706,0.07620738984498665,-0.17710357047499223,1.0038135574970803,0.10675045837579494,long
2246,"{'window_k': 132, 'window_d': 192, 'window_ma': 102}","open_time
2022-01-01 00:00:00    100.000000
2022-01-01 01:00:00    100.000000
2022-01-01 02:00:00    100.000000
2022-01-01 03:00:00    100.000000
2022-01-01 04:00:00    100.000000
                          ...    
2023-05-01 19:00:00     86.699901
2023-05-01 20:00:00     86.500791
2023-05-01 21:00:00     86.936344
2023-05-01 22:00:00     87.322120
2023-05-01 23:00:00     87.322120
Freq: H, Length: 11664, dtype: float64",2022-01-01,2023-05-01 23:00:00,486 days,100.0,57.06380229367271,125.6652471843651,87.32211958356217,-12.677880416437832,-70.17976286600607,31.232853223593963,100.0,54.59062583153664,391 days 18:00:00,51,0.0,26,32.0,39.47136563876653,-14.40390013295908,13.587467440264966,-6.252683199197002,8 days 22:15:00,4 days 16:28:14.117647058,0.840253002860262,-0.5643593024611877,0.05116217107027287,-0.17732476970947122,1.002774785630946,0.07169824186051177,long
1004,"{'window_k': 57, 'window_d': 222, 'window_ma': 192}","open_time
2022-01-01 00:00:00    100.000000
2022-01-01 01:00:00    100.000000
2022-01-01 02:00:00    100.000000
2022-01-01 03:00:00    100.000000
2022-01-01 04:00:00    100.000000
                          ...    
2023-05-01 19:00:00     84.935639
2023-05-01 20:00:00     84.740580
2023-05-01 21:00:00     85.167270
2023-05-01 22:00:00     85.545195
2023-05-01 23:00:00     85.545195
Freq: H, Length: 11664, dtype: float64",2022-01-01,2023-05-01 23:00:00,486 days,100.0,53.18893790537533,140.71271804732632,85.54519540155235,-14.454804598447652,-70.17976286600607,37.765775034293554,100.0,62.20033367027553,391 days 18:00:00,55,0.0,28,33.33333333333333,43.77218934911243,-21.71103078102749,16.691333187009615,-7.779306734401542,9 days 22:06:40,5 days 04:00:00,0.8849728355438611,-0.5136900041066017,0.13411322175800774,-0.17787894415106323,1.007412646530616,0.19887076334978343,long
1007,"{'window_k': 57, 'window_d': 222, 'window_ma': 237}","open_time
2022-01-01 00:00:00    100.000000
2022-01-01 01:00:00    100.000000
2022-01-01 02:00:00    100.000000
2022-01-01 03:00:00    100.000000
2022-01-01 04:00:00    100.000000
                          ...    
2023-05-01 19:00:00     84.832825
2023-05-01 20:00:00     84.638003
2023-05-01 21:00:00     85.064176
2023-05-01 22:00:00     85.441643
2023-05-01 23:00:00     85.441643
Freq: H, Length: 11664, dtype: float64",2022-01-01,2023-05-01 23:00:00,486 days,100.0,53.341144076681346,142.35988042967122,85.4416434970133,-14.558356502986697,-70.17976286600607,37.191358024691354,100.0,62.53077488145756,391 days 18:00:00,55,0.0,28,33.33333333333333,43.77218934911242,-21.711030781027485,16.13340059623602,-7.540903718129845,10 days 01:33:20,4 days 22:33:20,0.8814143966453335,-0.5175514950126465,0.12930912240946707,-0.17823215638152348,1.0071940149840943,0.19236804892120085,long
1423,"{'window_k': 87, 'window_d': 132, 'window_ma': 237}","open_time
2022-01-01 00:00:00    100.000000
2022-01-01 01:00:00    100.000000
2022-01-01 02:00:00    100.000000
2022-01-01 03:00:00    100.000000
2022-01-01 04:00:00    100.000000
                          ...    
2023-05-01 19:00:00     86.643191
2023-05-01 20:00:00     86.444212
2023-05-01 21:00:00     86.879479
2023-05-01 22:00:00     87.265002
2023-05-01 23:00:00     87.265002
Freq: H, Length: 11664, dtype: float64",2022-01-01,2023-05-01 23:00:00,486 days,100.0,60.218203780468684,132.33970391670093,87.26500246555749,-12.734997534442513,-70.17976286600607,41.93244170096022,100.0,54.497250637365745,391 days 18:00:00,73,0.0,37,36.11111111111111,35.84181224803225,-16.273018414731784,11.741981047624922,-6.283251350407559,7 days 01:00:00,4 days 17:02:36.521739130,0.901984964539072,-0.36204074928489627,0.12423004512610895,-0.17844281716095592,1.005872540018872,0.1748280308011785,long
1712,"{'window_k': 102, 'window_d': 177, 'window_ma': 12}","open_time
2022-01-01 00:00:00    100.000000
2022-01-01 01:00:00    100.000000
2022-01-01 02:00:00    100.000000
2022-01-01 03:00:00    100.000000
2022-01-01 04:00:00    100.000000
                          ...    
2023-05-01 19:00:00     88.769306
2023-05-01 20:00:00     88.565444
2023-05-01 21:00:00     89.011393
2023-05-01 22:00:00     89.011393
2023-05-01 23:00:00     89.011393
Freq: H, Length: 11664, dtype: float64",2022-01-01,2023-05-01 23:00:00,486 days,100.0,70.63071247201492,132.61052542392792,89.01139266924142,-10.988607330758583,-70.17976286600607,14.789094650205762,100.0,46.738230433652674,391 days 18:00:00,52,0.0,26,46.15384615384615,20.445884146341484,-19.945863644053468,6.145590429063201,-5.4447234992588225,2 days 03:35:00,3 days 07:00:00,0.8533162546569929,-0.4226387434907144,-0.0642446317157559,-0.17910734716767937,0.9947683948031292,-0.0866180353956686,long
3695,"{'window_k': 222, 'window_d': 102, 'window_ma': 237}","open_time
2022-01-01 00:00:00    100.000000
2022-01-01 01:00:00    100.000000
2022-01-01 02:00:00    100.000000
2022-01-01 03:00:00    100.000000
2022-01-01 04:00:00    100.000000
                          ...    
2023-05-01 19:00:00     86.059201
2023-05-01 20:00:00     85.861562
2023-05-01 21:00:00     86.293896
2023-05-01 22:00:00     86.676821
2023-05-01 23:00:00     86.676821
Freq: H, Length: 11664, dtype: float64",2022-01-01,2023-05-01 23:00:00,486 days,100.0,66.14541505319707,152.99979047257645,86.67682072352669,-13.323179276473313,-70.17976286600607,41.30658436213992,100.0,56.76764337461435,355 days 14:00:00,63,0.0,32,35.483870967741936,37.70761633996708,-25.07295173961841,15.853575034034876,-7.97030088307663,8 days 23:49:05.454545454,4 days 22:42:00,0.9219786175676233,-0.4242014715087503,0.19926199560134486,-0.17936287101065604,1.0107838840228323,0.3021419048209905,long
1917,"{'window_k': 117, 'window_d': 117, 'window_ma': 207}","open_time
2022-01-01 00:00:00    100.000000
2022-01-01 01:00:00    100.000000
2022-01-01 02:00:00    100.000000
2022-01-01 03:00:00    100.000000
2022-01-01 04:00:00    100.000000
                          ...    
2023-05-01 19:00:00     87.106593
2023-05-01 20:00:00     86.906549
2023-05-01 21:00:00     87.344145
2023-05-01 22:00:00     87.731730
2023-05-01 23:00:00     87.731730
Freq: H, Length: 11664, dtype: float64",2022-01-01,2023-05-01 23:00:00,486 days,100.0,59.59129171823133,124.2594170436238,87.7317299568842,-12.268270043115805,-70.17976286600607,41.10939643347051,100.0,52.042836562390605,451 days 16:00:00,71,0.0,36,28.57142857142857,30.990717939003602,-15.605817987723503,14.528616143572016,-5.555996403743985,7 days 19:00:00,4 days 17:14:24,0.8989781786120205,-0.3590953089904474,0.13029816035943523,-0.17989538368771846,1.0062488513239498,0.18248516085573596,long
2528,"{'window_k': 147, 'window_d': 222, 'window_ma': 12}","open_time
2022-01-01 00:00:00    100.000
2022-01-01 01:00:00    100.000
2022-01-01 02:00:00    100.000
2022-01-01 03:00:00    100.000
2022-01-01 04:00:00    100.000
                        ...   
2023-05-01 19:00:00     91.586
2023-05-01 20:00:00     91.586
2023-05-01 21:00:00     91.586
2023-05-01 22:00:00     91.586
2023-05-01 23:00:00     91.586
Freq: H, Length: 11664, dtype: float64",2022-01-01,2023-05-01 23:00:00,486 days,100.0,75.97264502787057,117.6743799079974,91.58600049194554,-8.41399950805446,-70.17976286600607,11.711248285322359,100.0,35.43824485221927,391 days 18:00:00,38,0.0,19,52.63157894736842,16.559100129079866,-22.908277404921694,5.375680760985431,-6.160505245695212,3 days 00:42:00,2 days 23:00:00,0.8521715906171119,-0.4428420793712875,-0.025000659779776092,-0.18025099296821281,0.997828034733036,-0.03471897962706869,long
215,"{'window_k': 12, 'window_d': 207, 'window_ma': 117}","open_time
2022-01-01 00:00:00    100.000000
2022-01-01 01:00:00    100.000000
2022-01-01 02:00:00    100.000000
2022-01-01 03:00:00    100.000000
2022-01-01 04:00:00    100.000000
                          ...    
2023-05-01 19:00:00     85.406030
2023-05-01 20:00:00     85.209891
2023-05-01 21:00:00     85.638944
2023-05-01 22:00:00     86.018962
2023-05-01 23:00:00     86.018962
Freq: H, Length: 11664, dtype: float64",2022-01-01,2023-05-01 23:00:00,486 days,100.0,55.16367149729112,135.53638487280162,86.01896229850944,-13.981037701490564,-70.17976286600607,29.629629629629626,100.0,59.299732282913396,397 days 07:00:00,99,0.0,50,36.734693877551024,33.665494333724105,-15.225643188528043,8.031812844715581,-4.587094876863625,4 days 20:23:20,1 days 16:48:23.225806451,0.8955407832691787,-0.2815746514060069,0.027771855555374515,-0.18034598324344256,1.0015421581664183,0.038632700435365375,long
3957,"{'window_k': 237, 'window_d': 117, 'window_ma': 87}","open_time
2022-01-01 00:00:00    100.00000
2022-01-01 01:00:00    100.00000
2022-01-01 02:00:00    100.00000
2022-01-01 03:00:00    100.00000
2022-01-01 04:00:00    100.00000
                         ...    
2023-05-01 19:00:00     86.48276
2023-05-01 20:00:00     86.48276
2023-05-01 21:00:00     86.48276
2023-05-01 22:00:00     86.48276
2023-05-01 23:00:00     86.48276
Freq: H, Length: 11664, dtype: float64",2022-01-01,2023-05-01 23:00:00,486 days,100.0,63.747358649474016,148.723165637657,86.48275998356597,-13.517240016434029,-70.17976286600607,36.41975308641975,100.0,57.13690037718436,355 days 14:00:00,60,0.0,30,40.0,32.55086071987481,-25.376746232537677,12.52788068733259,-7.766604446133067,8 days 08:30:00,4 days 06:20:00,0.909672280259394,-0.4505746672144664,0.16092275770113865,-0.18084769349930896,1.0093368674796426,0.2484197829549153,long
1422,"{'window_k': 87, 'window_d': 132, 'window_ma': 222}","open_time
2022-01-01 00:00:00    100.000000
2022-01-01 01:00:00    100.000000
2022-01-01 02:00:00    100.000000
2022-01-01 03:00:00    100.000000
2022-01-01 04:00:00    100.000000
                          ...    
2023-05-01 19:00:00     86.389334
2023-05-01 20:00:00     86.190937
2023-05-01 21:00:00     86.624930
2023-05-01 22:00:00     87.009323
2023-05-01 23:00:00     87.009323
Freq: H, Length: 11664, dtype: float64",2022-01-01,2023-05-01 23:00:00,486 days,100.0,59.74299969831084,132.33970391670093,87.00932302638498,-12.990676973615024,-70.17976286600607,40.8179012345679,100.0,54.85632963489544,391 days 18:00:00,73,0.0,37,36.11111111111111,35.84181224803226,-16.273018414731784,11.679679248730642,-6.259339182223127,7 days 03:27:41.538461538,4 days 10:00:00,0.899458977400278,-0.3691186644992719,0.11974905604046879,-0.18089730592127612,1.0057032088655498,0.16852091507207456,long
707,"{'window_k': 42, 'window_d': 192, 'window_ma': 57}","open_time
2022-01-01 00:00:00    100.000000
2022-01-01 01:00:00    100.000000
2022-01-01 02:00:00    100.000000
2022-01-01 03:00:00    100.000000
2022-01-01 04:00:00    100.000000
                          ...    
2023-05-01 19:00:00     87.180477
2023-05-01 20:00:00     86.980263
2023-05-01 21:00:00     87.418230
2023-05-01 22:00:00     87.806144
2023-05-01 23:00:00     87.806144
Freq: H, Length: 11664, dtype: float64",2022-01-01,2023-05-01 23:00:00,486 days,100.0,59.73002010433621,122.95487018557905,87.80614404968934,-12.193855950310663,-70.17976286600607,26.294581618655695,100.0,51.42118403753824,314 days 09:00:00,59,0.0,30,31.03448275862069,30.94555873925501,-12.200435729847491,11.569254261293699,-5.196975920607097,6 days 14:26:40,3 days 06:57:00,0.8763589285954829,-0.41616284473093934,-0.0007494879490981463,-0.18094748305580244,0.9999558260626565,-0.0010523301995394808,long
2115,"{'window_k': 132, 'window_d': 72, 'window_ma': 57}","open_time
2022-01-01 00:00:00    100.000000
2022-01-01 01:00:00    100.000000
2022-01-01 02:00:00    100.000000
2022-01-01 03:00:00    100.000000
2022-01-01 04:00:00    100.000000
                          ...    
2023-05-01 19:00:00     87.377598
2023-05-01 20:00:00     87.176932
2023-05-01 21:00:00     87.615889
2023-05-01 22:00:00     88.004680
2023-05-01 23:00:00     88.004680
Freq: H, Length: 11664, dtype: float64",2022-01-01,2023-05-01 23:00:00,486 days,100.0,51.702865128012846,125.87204453554232,88.00468024789775,-11.995319752102247,-70.17976286600607,32.05589849108368,100.0,50.514166259426254,194 days 16:00:00,91,0.0,46,37.77777777777778,20.45367166474432,-20.714684533780012,9.266084855571615,-5.59839865279623,5 days 00:14:07.058823529,2 days 09:57:46.666666666,0.9280369160908497,-0.23395439998573986,0.1715272546144276,-0.18114847696453776,1.0109034049241976,0.2654549195020906,long
1267,"{'window_k': 72, 'window_d': 237, 'window_ma': 57}","open_time
2022-01-01 00:00:00    100.000000
2022-01-01 01:00:00    100.000000
2022-01-01 02:00:00    100.000000
2022-01-01 03:00:00    100.000000
2022-01-01 04:00:00    100.000000
                          ...    
2023-05-01 19:00:00     87.313626
2023-05-01 20:00:00     87.313626
2023-05-01 21:00:00     87.313626
2023-05-01 22:00:00     87.313626
2023-05-01 23:00:00     87.313626
Freq: H, Length: 11664, dtype: float64",2022-01-01,2023-05-01 23:00:00,486 days,100.0,59.00283241977604,126.39723572116993,87.31362645190477,-12.686373548095235,-70.17976286600607,22.59087791495199,100.0,53.31952310259756,430 days 01:00:00,48,0.0,24,45.83333333333333,26.920940566561736,-13.830334190231374,6.909745239773406,-6.670824021456383,5 days 01:21:49.090909090,4 days 10:35:00,0.8213239599013149,-0.5285988978373015,-0.047253669172229715,-0.181675814447516,0.9970378588350572,-0.06642353998361288,long
1328,"{'window_k': 87, 'window_d': 57, 'window_ma': 12}","open_time
2022-01-01 00:00:00    100.00000
2022-01-01 01:00:00    100.00000
2022-01-01 02:00:00    100.00000
2022-01-01 03:00:00    100.00000
2022-01-01 04:00:00    100.00000
                         ...    
2023-05-01 19:00:00     88.23089
2023-05-01 20:00:00     88.23089
2023-05-01 21:00:00     88.23089
2023-05-01 22:00:00     88.23089
2023-05-01 23:00:00     88.23089
Freq: H, Length: 11664, dtype: float64",2022-01-01,2023-05-01 23:00:00,486 days,100.0,78.20989568771365,153.06513409748513,88.23089002998553,-11.769109970014469,-70.17976286600607,18.42421124828532,100.0,48.90417327965569,355 days 14:00:00,120,0.0,60,40.0,18.329582395598884,-17.65507839127471,4.753266361978508,-3.242548142256877,1 days 10:57:30,1 days 12:23:19.999999999,0.9123379294882007,-0.19615183283357407,0.06596370294670634,-0.18352704836892597,1.005799116382113,0.1061595086334981,long
1700,"{'window_k': 102, 'window_d': 162, 'window_ma': 72}","open_time
2022-01-01 00:00:00    100.000000
2022-01-01 01:00:00    100.000000
2022-01-01 02:00:00    100.000000
2022-01-01 03:00:00    100.000000
2022-01-01 04:00:00    100.000000
                          ...    
2023-05-01 19:00:00     83.057760
2023-05-01 20:00:00     82.867015
2023-05-01 21:00:00     83.284271
2023-05-01 22:00:00     83.653840
2023-05-01 23:00:00     83.653840
Freq: H, Length: 11664, dtype: float64",2022-01-01,2023-05-01 23:00:00,486 days,100.0,55.546162653133365,175.50468885063674,83.6538402555592,-16.346159744440797,-70.17976286600607,33.290466392318244,100.0,68.3506104498405,355 days 14:00:00,63,0.0,32,38.70967741935484,31.803527403754984,-20.916676191564747,10.935526622550809,-6.838984811329843,6 days 11:45:00,4 days 06:53:41.052631578,0.8797443991901651,-0.4919152547648329,0.09081428762668864,-0.18353889914342755,1.0053576471311467,0.1367995362304746,long
1976,"{'window_k': 117, 'window_d': 177, 'window_ma': 132}","open_time
2022-01-01 00:00:00    100.000000
2022-01-01 01:00:00    100.000000
2022-01-01 02:00:00    100.000000
2022-01-01 03:00:00    100.000000
2022-01-01 04:00:00    100.000000
                          ...    
2023-05-01 19:00:00     83.648458
2023-05-01 20:00:00     83.456356
2023-05-01 21:00:00     83.876579
2023-05-01 22:00:00     84.248777
2023-05-01 23:00:00     84.248777
Freq: H, Length: 11664, dtype: float64",2022-01-01,2023-05-01 23:00:00,486 days,100.0,51.666529894203485,149.8323975831599,84.24877714957267,-15.751222850427327,-70.17976286600607,36.38545953360769,100.0,65.51711730733832,391 days 18:00:00,53,0.0,27,34.61538461538461,47.47699614128824,-21.938408404086907,18.36335959088912,-8.953669868603154,9 days 06:26:40,5 days 09:35:17.647058823,0.8868991841885105,-0.5956570178147471,0.07068412528901033,-0.18435320378494335,1.0036929024665,0.099738670309763,long
1906,"{'window_k': 117, 'window_d': 117, 'window_ma': 42}","open_time
2022-01-01 00:00:00    100.000000
2022-01-01 01:00:00    100.000000
2022-01-01 02:00:00    100.000000
2022-01-01 03:00:00    100.000000
2022-01-01 04:00:00    100.000000
                          ...    
2023-05-01 19:00:00     89.341447
2023-05-01 20:00:00     89.341447
2023-05-01 21:00:00     89.341447
2023-05-01 22:00:00     89.341447
2023-05-01 23:00:00     89.341447
Freq: H, Length: 11664, dtype: float64",2022-01-01,2023-05-01 23:00:00,486 days,100.0,74.57694041566671,133.12902707166936,89.34144689518402,-10.65855310481598,-70.17976286600607,29.955418381344305,100.0,43.98145764595832,451 days 16:00:00,72,0.0,36,41.66666666666667,30.99071793900362,-15.605817987723503,8.10594204742053,-5.6131939982742,4 days 11:16:00,3 days 17:45:42.857142857,0.9124091346982144,-0.29607091957822185,0.0708818804858918,-0.18453478273973484,1.0039619232422694,0.09823069636885033,long
1440,"{'window_k': 87, 'window_d': 162, 'window_ma': 12}","open_time
2022-01-01 00:00:00    100.000000
2022-01-01 01:00:00    100.000000
2022-01-01 02:00:00    100.000000
2022-01-01 03:00:00    100.000000
2022-01-01 04:00:00    100.000000
                          ...    
2023-05-01 19:00:00     88.952634
2023-05-01 20:00:00     88.952634
2023-05-01 21:00:00     88.952634
2023-05-01 22:00:00     88.952634
2023-05-01 23:00:00     88.952634
Freq: H, Length: 11664, dtype: float64",2022-01-01,2023-05-01 23:00:00,486 days,100.0,66.79960072623376,122.80216720475362,88.95263446966392,-11.04736553033608,-70.17976286600607,14.806241426611797,100.0,45.60389100067284,391 days 18:00:00,66,0.0,33,42.42424242424242,26.195108393551976,-15.04996708754712,6.521075685834752,-4.844284220557551,2 days 05:55:42.857142857,2 days 03:09:28.421052631,0.8705738631559965,-0.33476865243442644,-0.041959148597341296,-0.18455861470250753,0.9965485135771065,-0.057755402268683406,long
3581,"{'window_k': 207, 'window_d': 237, 'window_ma': 207}","open_time
2022-01-01 00:00:00    100.000000
2022-01-01 01:00:00    100.000000
2022-01-01 02:00:00    100.000000
2022-01-01 03:00:00    100.000000
2022-01-01 04:00:00    100.000000
                          ...    
2023-05-01 19:00:00     88.443627
2023-05-01 20:00:00     88.443627
2023-05-01 21:00:00     88.443627
2023-05-01 22:00:00     88.443627
2023-05-01 23:00:00     88.443627
Freq: H, Length: 11664, dtype: float64",2022-01-01,2023-05-01 23:00:00,486 days,100.0,63.19444211260245,120.8502860681207,88.4436272027213,-11.556372797278698,-70.17976286600607,34.29355281207133,100.0,47.70848777554311,424 days 03:00:00,34,0.0,17,41.17647058823529,40.20245842371655,-23.42319749216301,11.36534461156509,-7.7198870187535436,11 days 07:25:42.857142857,8 days 18:00:00,0.8367715586072684,-0.6797866351340418,0.09236780251134483,-0.1846727368732008,1.0049455319818021,0.13026538053001327,long
433,"{'window_k': 27, 'window_d': 177, 'window_ma': 27}","open_time
2022-01-01 00:00:00    100.000000
2022-01-01 01:00:00    100.000000
2022-01-01 02:00:00    100.000000
2022-01-01 03:00:00    100.000000
2022-01-01 04:00:00    100.000000
                          ...    
2023-05-01 19:00:00     89.267227
2023-05-01 20:00:00     89.062221
2023-05-01 21:00:00     89.510672
2023-05-01 22:00:00     89.907870
2023-05-01 23:00:00     89.907870
Freq: H, Length: 11664, dtype: float64",2022-01-01,2023-05-01 23:00:00,486 days,100.0,77.10702192430668,131.8422542624284,89.9078704021088,-10.092129597891201,-70.17976286600607,22.46227709190672,100.0,41.5156981684891,451 days 16:00:00,67,0.0,34,39.39393939393939,28.030431107354183,-11.928091968212327,8.16049984265966,-5.271671315957401,3 days 13:36:55.384615384,2 days 23:20:59.999999999,0.900986190283692,-0.3217411225331084,0.04489956116743423,-0.1849648978136933,1.0028560840355862,0.06444578189292345,long
1522,"{'window_k': 87, 'window_d': 237, 'window_ma': 42}","open_time
2022-01-01 00:00:00    100.000000
2022-01-01 01:00:00    100.000000
2022-01-01 02:00:00    100.000000
2022-01-01 03:00:00    100.000000
2022-01-01 04:00:00    100.000000
                          ...    
2023-05-01 19:00:00     86.324644
2023-05-01 20:00:00     86.324644
2023-05-01 21:00:00     86.324644
2023-05-01 22:00:00     86.324644
2023-05-01 23:00:00     86.324644
Freq: H, Length: 11664, dtype: float64",2022-01-01,2023-05-01 23:00:00,486 days,100.0,56.07825914596437,128.0268487805894,86.32464369736039,-13.675356302639614,-70.17976286600607,25.43724279835391,100.0,56.19804776881567,430 days 01:00:00,50,0.0,25,40.0,29.02987827369975,-14.593154334904678,9.880566592602962,-6.7010484421791565,5 days 17:11:59.999999999,4 days 10:20:00,0.8418225014106475,-0.5470142521055843,-0.02788967925727297,-0.18606032026139402,0.9983343257519707,-0.039020867665083794,long
2403,"{'window_k': 147, 'window_d': 102, 'window_ma': 57}","open_time
2022-01-01 00:00:00    100.000000
2022-01-01 01:00:00    100.000000
2022-01-01 02:00:00    100.000000
2022-01-01 03:00:00    100.000000
2022-01-01 04:00:00    100.000000
                          ...    
2023-05-01 19:00:00     85.440827
2023-05-01 20:00:00     85.244609
2023-05-01 21:00:00     85.673836
2023-05-01 22:00:00     86.054009
2023-05-01 23:00:00     86.054009
Freq: H, Length: 11664, dtype: float64",2022-01-01,2023-05-01 23:00:00,486 days,100.0,55.83611686733195,130.46048957663749,86.05400933230442,-13.945990667695582,-70.17976286600607,31.995884773662553,100.0,57.200745567851264,409 days 07:00:00,71,0.0,36,37.142857142857146,29.63594994311718,-21.607480797061108,10.415696851883029,-6.3371292127579135,5 days 14:23:04.615384615,3 days 15:34:17.142857142,0.8975006537623686,-0.39775609640487497,0.10033674644085044,-0.18648608161243987,1.0058571657163122,0.14316173677801705,long
1608,"{'window_k': 102, 'window_d': 72, 'window_ma': 132}","open_time
2022-01-01 00:00:00    100.000000
2022-01-01 01:00:00    100.000000
2022-01-01 02:00:00    100.000000
2022-01-01 03:00:00    100.000000
2022-01-01 04:00:00    100.000000
                          ...    
2023-05-01 19:00:00     87.077387
2023-05-01 20:00:00     86.877410
2023-05-01 21:00:00     87.314859
2023-05-01 22:00:00     87.702314
2023-05-01 23:00:00     87.702314
Freq: H, Length: 11664, dtype: float64",2022-01-01,2023-05-01 23:00:00,486 days,100.0,63.1859484833139,156.71026852796186,87.70231425530538,-12.297685744694618,-70.17976286600607,42.02674897119342,100.0,50.29431217841093,194 days 16:00:00,103,0.0,52,43.13725490196079,28.92247204816318,-17.67464229890586,8.54588508408348,-6.191687727151226,5 days 04:32:43.636363636,2 days 21:53:47.586206896,0.9369939587657384,-0.23966067557218151,0.21400903760785814,-0.18660342309748948,1.011528681237189,0.3261257313282389,long
1420,"{'window_k': 87, 'window_d': 132, 'window_ma': 192}","open_time
2022-01-01 00:00:00    100.000000
2022-01-01 01:00:00    100.000000
2022-01-01 02:00:00    100.000000
2022-01-01 03:00:00    100.000000
2022-01-01 04:00:00    100.000000
                          ...    
2023-05-01 19:00:00     85.959458
2023-05-01 20:00:00     85.762048
2023-05-01 21:00:00     86.193881
2023-05-01 22:00:00     86.576362
2023-05-01 23:00:00     86.576362
Freq: H, Length: 11664, dtype: float64",2022-01-01,2023-05-01 23:00:00,486 days,100.0,59.74299969831084,132.33970391670093,86.5763621076962,-13.423637892303802,-70.17976286600607,42.20679012345679,100.0,54.85632963489544,391 days 18:00:00,73,0.0,37,36.11111111111111,35.84181224803227,-16.273018414731784,11.679679248730643,-6.283251350407559,7 days 03:27:41.538461538,4 days 17:02:36.521739130,0.8963636077696056,-0.38110422220987417,0.1158034754681408,-0.18703767419745174,1.0054495081106047,0.16291770251960333,long
711,"{'window_k': 42, 'window_d': 192, 'window_ma': 117}","open_time
2022-01-01 00:00:00    100.000000
2022-01-01 01:00:00    100.000000
2022-01-01 02:00:00    100.000000
2022-01-01 03:00:00    100.000000
2022-01-01 04:00:00    100.000000
                          ...    
2023-05-01 19:00:00     85.411694
2023-05-01 20:00:00     85.215543
2023-05-01 21:00:00     85.644624
2023-05-01 22:00:00     86.024667
2023-05-01 23:00:00     86.024667
Freq: H, Length: 11664, dtype: float64",2022-01-01,2023-05-01 23:00:00,486 days,100.0,62.15170611218228,144.54730455547406,86.02466743256939,-13.975332567430613,-70.17976286600607,32.930384087791495,100.0,57.00251464161351,309 days 12:00:00,59,0.0,30,34.48275862068966,34.34574976122252,-12.200435729847491,11.735204065338092,-6.102237813723641,7 days 14:30:00,4 days 06:50:31.578947368,0.8844040300059148,-0.4776806177673665,0.021268971227827387,-0.1875359394251852,1.0011155671116727,0.029723690387961056,long
3429,"{'window_k': 207, 'window_d': 102, 'window_ma': 87}","open_time
2022-01-01 00:00:00    100.000000
2022-01-01 01:00:00    100.000000
2022-01-01 02:00:00    100.000000
2022-01-01 03:00:00    100.000000
2022-01-01 04:00:00    100.000000
                          ...    
2023-05-01 19:00:00     85.399102
2023-05-01 20:00:00     85.399102
2023-05-01 21:00:00     85.399102
2023-05-01 22:00:00     85.399102
2023-05-01 23:00:00     85.399102
Freq: H, Length: 11664, dtype: float64",2022-01-01,2023-05-01 23:00:00,486 days,100.0,60.43276729083537,149.15143119401097,85.39910242513078,-14.600897574869224,-70.17976286600607,39.9519890260631,100.0,59.482274620465056,309 days 12:00:00,66,0.0,33,42.42424242424242,32.533576737514686,-25.858585858585858,12.22391572825334,-8.377055901302777,7 days 12:25:42.857142857,4 days 16:18:56.842105263,0.9152854223379532,-0.442451441662703,0.1725744809254015,-0.18792527559302843,1.009444069657567,0.26150681794414604,long
248,"{'window_k': 12, 'window_d': 237, 'window_ma': 132}","open_time
2022-01-01 00:00:00    100.000000
2022-01-01 01:00:00    100.000000
2022-01-01 02:00:00    100.000000
2022-01-01 03:00:00    100.000000
2022-01-01 04:00:00    100.000000
                          ...    
2023-05-01 19:00:00     86.890739
2023-05-01 20:00:00     86.691191
2023-05-01 21:00:00     87.127702
2023-05-01 22:00:00     87.514327
2023-05-01 23:00:00     87.514327
Freq: H, Length: 11664, dtype: float64",2022-01-01,2023-05-01 23:00:00,486 days,100.0,60.39697547401636,122.14188029908242,87.51432674402703,-12.48567325597297,-70.17976286600607,29.98113854595336,100.0,50.551788357829885,409 days 07:00:00,85,0.0,43,23.809523809523807,32.45920745920747,-17.621558289396592,13.124700226650221,-3.960620506790162,6 days 15:54:00,2 days 09:13:07.500000,0.8938881780438345,-0.29282373533663897,0.04337977299636619,-0.18853937402569776,1.002383559678782,0.06024798457394261,long
3416,"{'window_k': 207, 'window_d': 87, 'window_ma': 132}","open_time
2022-01-01 00:00:00    100.000000
2022-01-01 01:00:00    100.000000
2022-01-01 02:00:00    100.000000
2022-01-01 03:00:00    100.000000
2022-01-01 04:00:00    100.000000
                          ...    
2023-05-01 19:00:00     83.728885
2023-05-01 20:00:00     83.536598
2023-05-01 21:00:00     83.957225
2023-05-01 22:00:00     84.329781
2023-05-01 23:00:00     84.329781
Freq: H, Length: 11664, dtype: float64",2022-01-01,2023-05-01 23:00:00,486 days,100.0,65.04007776570461,177.61642145512482,84.32978089015243,-15.670219109847567,-70.17976286600607,39.26611796982167,100.0,63.38172043279392,309 days 12:00:00,69,0.0,35,35.294117647058826,31.123318810380766,-19.64245558803687,13.807879207515178,-7.224923758692896,8 days 11:05:00,3 days 21:19:05.454545454,0.9119901310797653,-0.4651304179952964,0.1686237699848636,-0.18956269442957902,1.0093450488816749,0.25609201190515546,long
1656,"{'window_k': 102, 'window_d': 117, 'window_ma': 132}","open_time
2022-01-01 00:00:00    100.000000
2022-01-01 01:00:00    100.000000
2022-01-01 02:00:00    100.000000
2022-01-01 03:00:00    100.000000
2022-01-01 04:00:00    100.000000
                          ...    
2023-05-01 19:00:00     85.530443
2023-05-01 20:00:00     85.334019
2023-05-01 21:00:00     85.763697
2023-05-01 22:00:00     86.144268
2023-05-01 23:00:00     86.144268
Freq: H, Length: 11664, dtype: float64",2022-01-01,2023-05-01 23:00:00,486 days,100.0,54.696458635629206,123.16279076535234,86.1442684758159,-13.855731524184096,-70.17976286600607,40.89506172839506,100.0,55.590111026441434,391 days 18:00:00,71,0.0,36,31.428571428571427,36.69689369091261,-17.041348855881164,14.172277649371775,-6.124633806018018,7 days 13:00:00,4 days 15:37:30,0.8937093746215928,-0.3857060783786359,0.1105032814854511,-0.19062350902427375,1.0052994897386203,0.15446463703336522,long
2040,"{'window_k': 117, 'window_d': 237, 'window_ma': 132}","open_time
2022-01-01 00:00:00    100.000000
2022-01-01 01:00:00    100.000000
2022-01-01 02:00:00    100.000000
2022-01-01 03:00:00    100.000000
2022-01-01 04:00:00    100.000000
                          ...    
2023-05-01 19:00:00     87.158552
2023-05-01 20:00:00     87.158552
2023-05-01 21:00:00     87.158552
2023-05-01 22:00:00     87.158552
2023-05-01 23:00:00     87.158552
Freq: H, Length: 11664, dtype: float64",2022-01-01,2023-05-01 23:00:00,486 days,100.0,57.71432018173819,118.77425944841674,87.15855164472316,-12.841448355276839,-70.17976286600607,33.15329218106996,100.0,51.408393999035354,451 days 16:00:00,44,0.0,22,31.818181818181817,43.70783220885891,-22.227191413237918,16.311345742659682,-7.132919755380374,10 days 05:25:42.857142857,5 days 23:16:00,0.8622103723349642,-0.5837021979671291,0.06957214497759792,-0.19077353514448747,1.003717460379683,0.09810544775562964,long
2700,"{'window_k': 162, 'window_d': 132, 'window_ma': 192}","open_time
2022-01-01 00:00:00    100.000000
2022-01-01 01:00:00    100.000000
2022-01-01 02:00:00    100.000000
2022-01-01 03:00:00    100.000000
2022-01-01 04:00:00    100.000000
                          ...    
2023-05-01 19:00:00     86.874798
2023-05-01 20:00:00     86.675286
2023-05-01 21:00:00     87.111718
2023-05-01 22:00:00     87.498271
2023-05-01 23:00:00     87.498271
Freq: H, Length: 11664, dtype: float64",2022-01-01,2023-05-01 23:00:00,486 days,100.0,67.18614422319123,134.29764155113483,87.49827128808005,-12.501728711919952,-70.17976286600607,43.09842249657064,100.0,49.972208411709445,391 days 18:00:00,59,0.0,30,37.93103448275862,41.02207812258761,-14.59502103786817,12.580003386000223,-7.168040765033059,8 days 22:49:05.454545454,6 days 00:20:00,0.9052880006344616,-0.42507434935604316,0.17189924995801392,-0.190975510956533,1.0084593064591814,0.24687854777922422,long
1407,"{'window_k': 87, 'window_d': 117, 'window_ma': 237}","open_time
2022-01-01 00:00:00    100.000000
2022-01-01 01:00:00    100.000000
2022-01-01 02:00:00    100.000000
2022-01-01 03:00:00    100.000000
2022-01-01 04:00:00    100.000000
                          ...    
2023-05-01 19:00:00     84.609589
2023-05-01 20:00:00     84.415280
2023-05-01 21:00:00     84.840331
2023-05-01 22:00:00     85.216806
2023-05-01 23:00:00     85.216806
Freq: H, Length: 11664, dtype: float64",2022-01-01,2023-05-01 23:00:00,486 days,100.0,54.422894805605644,133.2145210910685,85.21680568769902,-14.78319431230098,-70.17976286600607,40.44924554183814,100.0,59.14642460907028,391 days 18:00:00,71,0.0,36,34.285714285714285,33.744221879815086,-17.202666354812305,13.640045200619774,-6.842246797001087,7 days 05:20:00,4 days 14:00:00,0.880057044241228,-0.47268922947996694,0.09489471012163425,-0.1914005463993861,1.0045689819054224,0.13222531500011006,long
594,"{'window_k': 42, 'window_d': 87, 'window_ma': 42}","open_time
2022-01-01 00:00:00    100.000000
2022-01-01 01:00:00    100.000000
2022-01-01 02:00:00    100.000000
2022-01-01 03:00:00    100.000000
2022-01-01 04:00:00    100.000000
                          ...    
2023-05-01 19:00:00     86.105588
2023-05-01 20:00:00     86.105588
2023-05-01 21:00:00     86.105588
2023-05-01 22:00:00     86.105588
2023-05-01 23:00:00     86.105588
Freq: H, Length: 11664, dtype: float64",2022-01-01,2023-05-01 23:00:00,486 days,100.0,61.50509698193609,174.64052936434229,86.10558782827442,-13.894412171725575,-70.17976286600607,30.795610425240056,100.0,55.50432539052878,194 days 16:00:00,112,0.0,56,35.714285714285715,31.21311475409836,-16.28708605195125,7.479470615558356,-4.1500786990936005,3 days 04:09:00,2 days 09:28:20,0.91660781181937,-0.24811450306652905,0.13237335484212848,-0.19146134886034746,1.0086122001135522,0.20714110893903723,long
2202,"{'window_k': 132, 'window_d': 147, 'window_ma': 162}","open_time
2022-01-01 00:00:00    100.000000
2022-01-01 01:00:00    100.000000
2022-01-01 02:00:00    100.000000
2022-01-01 03:00:00    100.000000
2022-01-01 04:00:00    100.000000
                          ...    
2023-05-01 19:00:00     86.519466
2023-05-01 20:00:00     86.320770
2023-05-01 21:00:00     86.755417
2023-05-01 22:00:00     87.140389
2023-05-01 23:00:00     87.140389
Freq: H, Length: 11664, dtype: float64",2022-01-01,2023-05-01 23:00:00,486 days,100.0,66.82738306406583,136.72761479216882,87.14038913359644,-12.859610866403557,-70.17976286600607,39.02606310013718,100.0,51.123711793227734,451 days 16:00:00,55,0.0,28,22.22222222222222,44.250432593990865,-13.254342805502569,22.68461330569678,-5.962831755811305,11 days 08:00:00,5 days 16:11:25.714285714,0.8966835121924415,-0.4615636997834818,0.1237380438727872,-0.1921119671012594,1.006117319088008,0.17480980273334273,long
1131,"{'window_k': 72, 'window_d': 102, 'window_ma': 177}","open_time
2022-01-01 00:00:00    100.000000
2022-01-01 01:00:00    100.000000
2022-01-01 02:00:00    100.000000
2022-01-01 03:00:00    100.000000
2022-01-01 04:00:00    100.000000
                          ...    
2023-05-01 19:00:00     86.579021
2023-05-01 20:00:00     86.380189
2023-05-01 21:00:00     86.815134
2023-05-01 22:00:00     87.200372
2023-05-01 23:00:00     87.200372
Freq: H, Length: 11664, dtype: float64",2022-01-01,2023-05-01 23:00:00,486 days,100.0,65.66560352305461,164.93075551484185,87.20037170884103,-12.799628291158967,-70.17976286600607,39.831961591220846,100.0,50.76877516378886,194 days 16:00:00,83,0.0,42,43.90243902439025,33.961013128232345,-22.12051868802441,8.79153776165435,-6.4769310706040795,6 days 00:26:40,3 days 11:20:52.173913043,0.9372107541252719,-0.2688430486404032,0.16130597881930903,-0.19253688010932568,1.0082436716224523,0.23008545069197753,long
1648,"{'window_k': 102, 'window_d': 117, 'window_ma': 12}","open_time
2022-01-01 00:00:00    100.000000
2022-01-01 01:00:00    100.000000
2022-01-01 02:00:00    100.000000
2022-01-01 03:00:00    100.000000
2022-01-01 04:00:00    100.000000
                          ...    
2023-05-01 19:00:00     90.724699
2023-05-01 20:00:00     90.724699
2023-05-01 21:00:00     90.724699
2023-05-01 22:00:00     90.724699
2023-05-01 23:00:00     90.724699
Freq: H, Length: 11664, dtype: float64",2022-01-01,2023-05-01 23:00:00,486 days,100.0,63.856461274959,106.63888775708402,90.72469852898966,-9.275301471010337,-70.17976286600607,17.318244170096023,100.0,36.54143507817839,330 days 06:00:00,72,0.0,36,38.88888888888889,21.956395909704824,-15.93696088030959,7.065687796791889,-4.438206250153316,2 days 21:30:00,1 days 23:35:27.272727272,0.8939141501171186,-0.2576472630836206,0.0181956855512539,-0.19292426436799623,1.001368978412813,0.025393454473179457,long
3554,"{'window_k': 207, 'window_d': 222, 'window_ma': 42}","open_time
2022-01-01 00:00:00    100.000000
2022-01-01 01:00:00    100.000000
2022-01-01 02:00:00    100.000000
2022-01-01 03:00:00    100.000000
2022-01-01 04:00:00    100.000000
                          ...    
2023-05-01 19:00:00     88.922947
2023-05-01 20:00:00     88.922947
2023-05-01 21:00:00     88.922947
2023-05-01 22:00:00     88.922947
2023-05-01 23:00:00     88.922947
Freq: H, Length: 11664, dtype: float64",2022-01-01,2023-05-01 23:00:00,486 days,100.0,74.16760196152597,131.28680213364424,88.92294748357625,-11.077052516423748,-70.17976286600607,21.15912208504801,100.0,43.50719131232507,351 days 13:00:00,36,0.0,18,50.0,29.077490774907748,-20.625566636446063,9.783433442817943,-9.53533018710269,5 days 08:00:00,6 days 02:13:20,0.8752670099367227,-0.6153918064679864,0.02076795795622867,-0.19398050820948914,1.0013789220696447,0.029241632075276854,long
3582,"{'window_k': 207, 'window_d': 237, 'window_ma': 222}","open_time
2022-01-01 00:00:00    100.000000
2022-01-01 01:00:00    100.000000
2022-01-01 02:00:00    100.000000
2022-01-01 03:00:00    100.000000
2022-01-01 04:00:00    100.000000
                          ...    
2023-05-01 19:00:00     86.444149
2023-05-01 20:00:00     86.444149
2023-05-01 21:00:00     86.444149
2023-05-01 22:00:00     86.444149
2023-05-01 23:00:00     86.444149
Freq: H, Length: 11664, dtype: float64",2022-01-01,2023-05-01 23:00:00,486 days,100.0,61.76578135486501,132.42100601925424,86.44414852655326,-13.555851473446737,-70.17976286600607,35.94821673525377,100.0,53.35650799550324,349 days 17:00:00,34,0.0,17,41.17647058823529,40.20245842371656,-23.423197492163002,12.227320619435943,-8.456651545495955,11 days 20:00:00,9 days 04:30:00,0.8260408280940351,-0.7974030278498083,0.06744199032511662,-0.19422456037411587,1.0035071563019213,0.09506978561530029,long
1849,"{'window_k': 117, 'window_d': 57, 'window_ma': 147}","open_time
2022-01-01 00:00:00    100.000000
2022-01-01 01:00:00    100.000000
2022-01-01 02:00:00    100.000000
2022-01-01 03:00:00    100.000000
2022-01-01 04:00:00    100.000000
                          ...    
2023-05-01 19:00:00     84.692108
2023-05-01 20:00:00     84.497609
2023-05-01 21:00:00     84.923075
2023-05-01 22:00:00     85.299917
2023-05-01 23:00:00     85.299917
Freq: H, Length: 11664, dtype: float64",2022-01-01,2023-05-01 23:00:00,486 days,100.0,61.39073063610053,167.22756546104662,85.29991689490346,-14.700083105096539,-70.17976286600607,40.91220850480109,100.0,57.84928298498235,275 days 07:00:00,111,0.0,56,36.36363636363637,48.27935222672063,-20.093245394587207,11.032775027115882,-5.910948205370807,4 days 17:48:00,2 days 19:20:34.285714285,0.9270550457996947,-0.28584004085567205,0.18069415563175584,-0.19456958096654955,1.0097971101084007,0.2758855918097505,long
1851,"{'window_k': 117, 'window_d': 57, 'window_ma': 177}","open_time
2022-01-01 00:00:00    100.000000
2022-01-01 01:00:00    100.000000
2022-01-01 02:00:00    100.000000
2022-01-01 03:00:00    100.000000
2022-01-01 04:00:00    100.000000
                          ...    
2023-05-01 19:00:00     85.629352
2023-05-01 20:00:00     85.432701
2023-05-01 21:00:00     85.862876
2023-05-01 22:00:00     86.243888
2023-05-01 23:00:00     86.243888
Freq: H, Length: 11664, dtype: float64",2022-01-01,2023-05-01 23:00:00,486 days,100.0,54.26129027013872,147.8070610437492,86.24388770886175,-13.756112291138251,-70.17976286600607,40.93792866941015,100.0,53.815002577235425,275 days 07:00:00,111,0.0,56,34.54545454545455,48.27935222672065,-20.09324539458722,11.500044723380197,-5.6631453856429,4 days 14:37:53.684210526,2 days 22:23:20,0.9263456660423439,-0.2688823934456863,0.191550722222982,-0.19546864935526923,1.0103719906470259,0.2919336983701516,long
2203,"{'window_k': 132, 'window_d': 147, 'window_ma': 177}","open_time
2022-01-01 00:00:00    100.000000
2022-01-01 01:00:00    100.000000
2022-01-01 02:00:00    100.000000
2022-01-01 03:00:00    100.000000
2022-01-01 04:00:00    100.000000
                          ...    
2023-05-01 19:00:00     85.916363
2023-05-01 20:00:00     85.719053
2023-05-01 21:00:00     86.150669
2023-05-01 22:00:00     86.532958
2023-05-01 23:00:00     86.532958
Freq: H, Length: 11664, dtype: float64",2022-01-01,2023-05-01 23:00:00,486 days,100.0,64.83350379150374,136.72761479216882,86.53295821528468,-13.46704178471532,-70.17976286600607,39.22325102880658,100.0,52.58199750646339,451 days 16:00:00,55,0.0,28,25.925925925925924,44.250432593990865,-13.254342805502564,19.19151324441559,-6.218863547440364,9 days 16:34:17.142857142,6 days 00:21:00,0.890224169343297,-0.4841637374865191,0.10875108148398901,-0.19577025545805618,1.0053856476366116,0.1533747810329742,long
1432,"{'window_k': 87, 'window_d': 147, 'window_ma': 132}","open_time
2022-01-01 00:00:00    100.000000
2022-01-01 01:00:00    100.000000
2022-01-01 02:00:00    100.000000
2022-01-01 03:00:00    100.000000
2022-01-01 04:00:00    100.000000
                          ...    
2023-05-01 19:00:00     86.016199
2023-05-01 20:00:00     85.818659
2023-05-01 21:00:00     86.250777
2023-05-01 22:00:00     86.633510
2023-05-01 23:00:00     86.633510
Freq: H, Length: 11664, dtype: float64",2022-01-01,2023-05-01 23:00:00,486 days,100.0,59.14470967602984,123.60100609749563,86.63351034331613,-13.366489656683866,-70.17976286600607,39.14609053497942,100.0,52.148682649575775,451 days 16:00:00,67,0.0,34,33.33333333333333,32.181026520649155,-16.105828447553833,11.978386266763353,-5.832822917218093,7 days 02:00:00,4 days 22:54:32.727272727,0.8811375198433851,-0.4203843991217284,0.11621041390734926,-0.19589594999691512,1.0056753752024516,0.1631114466182613,long
1686,"{'window_k': 102, 'window_d': 147, 'window_ma': 102}","open_time
2022-01-01 00:00:00    100.000000
2022-01-01 01:00:00    100.000000
2022-01-01 02:00:00    100.000000
2022-01-01 03:00:00    100.000000
2022-01-01 04:00:00    100.000000
                          ...    
2023-05-01 19:00:00     86.737177
2023-05-01 20:00:00     86.537981
2023-05-01 21:00:00     86.973721
2023-05-01 22:00:00     87.359662
2023-05-01 23:00:00     87.359662
Freq: H, Length: 11664, dtype: float64",2022-01-01,2023-05-01 23:00:00,486 days,100.0,65.34084344836211,128.54094919230357,87.35966248206013,-12.64033751793987,-70.17976286600607,36.2997256515775,100.0,49.167293489789785,451 days 16:00:00,65,0.0,33,31.25,39.80155917788801,-18.835068054443553,12.479040711900755,-5.420024816668119,7 days 22:00:00,4 days 06:46:21.818181818,0.8821223215049493,-0.40784931784101186,0.09764508223284467,-0.19629121963983767,1.0049286107287227,0.1365560546050862,long
3684,"{'window_k': 222, 'window_d': 102, 'window_ma': 72}","open_time
2022-01-01 00:00:00    100.000000
2022-01-01 01:00:00    100.000000
2022-01-01 02:00:00    100.000000
2022-01-01 03:00:00    100.000000
2022-01-01 04:00:00    100.000000
                          ...    
2023-05-01 19:00:00     84.323303
2023-05-01 20:00:00     84.129651
2023-05-01 21:00:00     84.553265
2023-05-01 22:00:00     84.928465
2023-05-01 23:00:00     84.928465
Freq: H, Length: 11664, dtype: float64",2022-01-01,2023-05-01 23:00:00,486 days,100.0,65.09796660543581,157.44735854058453,84.92846521582457,-15.071534784175428,-70.17976286600607,34.76508916323731,100.0,58.65413862204885,355 days 14:00:00,63,0.0,32,38.70967741935484,32.626552053486144,-25.0729517396184,12.098566430605821,-7.330316759083812,6 days 19:10:00,4 days 10:41:03.157894736,0.8994985267425697,-0.48071256013063923,0.15151646896415083,-0.1968506276378741,1.0089539345562362,0.2304512827581076,long
2038,"{'window_k': 117, 'window_d': 237, 'window_ma': 102}","open_time
2022-01-01 00:00:00    100.00000
2022-01-01 01:00:00    100.00000
2022-01-01 02:00:00    100.00000
2022-01-01 03:00:00    100.00000
2022-01-01 04:00:00    100.00000
                         ...    
2023-05-01 19:00:00     85.70013
2023-05-01 20:00:00     85.70013
2023-05-01 21:00:00     85.70013
2023-05-01 22:00:00     85.70013
2023-05-01 23:00:00     85.70013
Freq: H, Length: 11664, dtype: float64",2022-01-01,2023-05-01 23:00:00,486 days,100.0,52.84669122021445,118.77425944841674,85.7001303642567,-14.299869635743306,-70.17976286600607,30.95850480109739,100.0,55.506612741150704,451 days 16:00:00,44,0.0,22,27.27272727272727,43.707832208858896,-19.811800610376398,14.9517932077558,-5.585445875821084,8 days 17:00:00,6 days 03:18:45,0.8113228846656254,-0.6499940743519685,0.013740266135750863,-0.1971510004958447,1.0007499944918277,0.01924617330942789,long
1591,"{'window_k': 102, 'window_d': 57, 'window_ma': 117}","open_time
2022-01-01 00:00:00    100.000000
2022-01-01 01:00:00    100.000000
2022-01-01 02:00:00    100.000000
2022-01-01 03:00:00    100.000000
2022-01-01 04:00:00    100.000000
                          ...    
2023-05-01 19:00:00     85.987379
2023-05-01 20:00:00     85.987379
2023-05-01 21:00:00     85.987379
2023-05-01 22:00:00     85.987379
2023-05-01 23:00:00     85.987379
Freq: H, Length: 11664, dtype: float64",2022-01-01,2023-05-01 23:00:00,486 days,100.0,68.28980114002042,165.05854995355554,85.98737891563067,-14.012621084369329,-70.17976286600607,43.75,100.0,54.13407495402447,194 days 16:00:00,114,0.0,57,35.08771929824561,34.98877294941222,-20.09324539458721,10.071959932591708,-5.200782581522886,4 days 22:09:00,3 days 02:03:14.594594594,0.9337028132453543,-0.24583545762051662,0.2065409243870897,-0.1980101437556399,1.0107353398981038,0.3125841175284696,long
1919,"{'window_k': 117, 'window_d': 117, 'window_ma': 237}","open_time
2022-01-01 00:00:00    100.000000
2022-01-01 01:00:00    100.000000
2022-01-01 02:00:00    100.000000
2022-01-01 03:00:00    100.000000
2022-01-01 04:00:00    100.000000
                          ...    
2023-05-01 19:00:00     85.480762
2023-05-01 20:00:00     85.284452
2023-05-01 21:00:00     85.713880
2023-05-01 22:00:00     86.094231
2023-05-01 23:00:00     86.094231
Freq: H, Length: 11664, dtype: float64",2022-01-01,2023-05-01 23:00:00,486 days,100.0,60.31971344473541,130.0574701936289,86.09423068409374,-13.905769315906255,-70.17976286600607,43.38991769547325,100.0,53.620723703965844,391 days 18:00:00,71,0.0,36,31.428571428571427,30.990717939003616,-15.605817987723498,13.481194329133524,-5.983297454074929,7 days 21:27:16.363636363,5 days 00:07:30,0.8901263406442614,-0.4057209830254389,0.11928232153418028,-0.19835216001459582,1.0055681851257203,0.16724177752821584,long
1251,"{'window_k': 72, 'window_d': 222, 'window_ma': 57}","open_time
2022-01-01 00:00:00    100.000000
2022-01-01 01:00:00    100.000000
2022-01-01 02:00:00    100.000000
2022-01-01 03:00:00    100.000000
2022-01-01 04:00:00    100.000000
                          ...    
2023-05-01 19:00:00     83.904947
2023-05-01 20:00:00     83.712256
2023-05-01 21:00:00     84.133768
2023-05-01 22:00:00     84.507107
2023-05-01 23:00:00     84.507107
Freq: H, Length: 11664, dtype: float64",2022-01-01,2023-05-01 23:00:00,486 days,100.0,54.87069622858581,136.67453150999103,84.50710669120232,-15.492893308797676,-70.17976286600607,21.947873799725652,100.0,59.85302044033367,391 days 18:00:00,49,0.0,25,50.0,28.250701590271277,-14.172777268560951,6.562082860116463,-7.089128377330208,4 days 18:00:00,4 days 02:25:00,0.7891170039352545,-0.6535660185673642,-0.08679452328977427,-0.19841766396906693,0.994457704888311,-0.12110659867370792,long
3312,"{'window_k': 192, 'window_d': 237, 'window_ma': 12}","open_time
2022-01-01 00:00:00    100.000000
2022-01-01 01:00:00    100.000000
2022-01-01 02:00:00    100.000000
2022-01-01 03:00:00    100.000000
2022-01-01 04:00:00    100.000000
                          ...    
2023-05-01 19:00:00     91.594028
2023-05-01 20:00:00     91.594028
2023-05-01 21:00:00     91.594028
2023-05-01 22:00:00     91.594028
2023-05-01 23:00:00     91.594028
Freq: H, Length: 11664, dtype: float64",2022-01-01,2023-05-01 23:00:00,486 days,100.0,81.59193197865177,120.23972373086751,91.5940280956149,-8.405971904385098,-70.17976286600607,13.022976680384089,100.0,32.14228256106198,426 days 23:00:00,36,0.0,18,50.0,16.580597565473987,-14.216281895504254,5.351498490207785,-5.760129958049401,2 days 18:40:00,4 days 06:06:40,0.8444634703270987,-0.46699843913250527,-0.01795475649103218,-0.19854273056897204,0.9984952354227893,-0.02498572759775042,long
2467,"{'window_k': 147, 'window_d': 162, 'window_ma': 57}","open_time
2022-01-01 00:00:00    100.000000
2022-01-01 01:00:00    100.000000
2022-01-01 02:00:00    100.000000
2022-01-01 03:00:00    100.000000
2022-01-01 04:00:00    100.000000
                          ...    
2023-05-01 19:00:00     84.625498
2023-05-01 20:00:00     84.431152
2023-05-01 21:00:00     84.856284
2023-05-01 22:00:00     85.232829
2023-05-01 23:00:00     85.232829
Freq: H, Length: 11664, dtype: float64",2022-01-01,2023-05-01 23:00:00,486 days,100.0,58.34166910041048,135.31797078401186,85.23282879414722,-14.767171205852774,-70.17976286600607,24.511316872427983,100.0,56.885498088400475,391 days 18:00:00,51,0.0,26,36.0,30.1994301994302,-13.75449820071972,10.228533455092071,-6.321740139797531,5 days 20:26:40,4 days 06:52:00,0.8451996971016454,-0.5804836878825244,-0.04896029934705648,-0.19878766798883427,0.9970128179859693,-0.06914039841885386,long
3218,"{'window_k': 192, 'window_d': 147, 'window_ma': 42}","open_time
2022-01-01 00:00:00    100.00000
2022-01-01 01:00:00    100.00000
2022-01-01 02:00:00    100.00000
2022-01-01 03:00:00    100.00000
2022-01-01 04:00:00    100.00000
                         ...    
2023-05-01 19:00:00     85.33154
2023-05-01 20:00:00     85.33154
2023-05-01 21:00:00     85.33154
2023-05-01 22:00:00     85.33154
2023-05-01 23:00:00     85.33154
Freq: H, Length: 11664, dtype: float64",2022-01-01,2023-05-01 23:00:00,486 days,100.0,71.37601483142848,163.9267462476198,85.3315400024564,-14.668459997543593,-70.17976286600607,25.814471879286693,100.0,56.45859112971636,314 days 09:00:00,52,0.0,26,38.46153846153847,32.575326890278546,-22.659773402265976,11.890484609797205,-7.220942941867563,5 days 05:00:00,4 days 14:03:45,0.8894506983206685,-0.5641715383670611,0.008670823119289748,-0.19892460636050088,1.000534996509145,0.012627204950227434,long
3366,"{'window_k': 207, 'window_d': 42, 'window_ma': 102}","open_time
2022-01-01 00:00:00    100.000000
2022-01-01 01:00:00    100.000000
2022-01-01 02:00:00    100.000000
2022-01-01 03:00:00    100.000000
2022-01-01 04:00:00    100.000000
                          ...    
2023-05-01 19:00:00     86.874343
2023-05-01 20:00:00     86.874343
2023-05-01 21:00:00     86.874343
2023-05-01 22:00:00     86.874343
2023-05-01 23:00:00     86.874343
Freq: H, Length: 11664, dtype: float64",2022-01-01,2023-05-01 23:00:00,486 days,100.0,63.138476940703995,127.2518049379265,86.87434348230231,-13.125656517697692,-70.17976286600607,41.62379972565158,100.0,50.383040168661665,430 days 01:00:00,136,0.0,68,38.23529411764706,31.16784630940342,-16.189095774333808,7.985072588827083,-4.770722770551707,4 days 03:50:46.153846153,2 days 05:47:08.571428571,0.9300525877468094,-0.19302436055437777,0.20803321864446783,-0.19904177493267047,1.0109413998825107,0.3148570287951479,long
2084,"{'window_k': 132, 'window_d': 42, 'window_ma': 72}","open_time
2022-01-01 00:00:00    100.000000
2022-01-01 01:00:00    100.000000
2022-01-01 02:00:00    100.000000
2022-01-01 03:00:00    100.000000
2022-01-01 04:00:00    100.000000
                          ...    
2023-05-01 19:00:00     84.419769
2023-05-01 20:00:00     84.419769
2023-05-01 21:00:00     84.419769
2023-05-01 22:00:00     84.419769
2023-05-01 23:00:00     84.419769
Freq: H, Length: 11664, dtype: float64",2022-01-01,2023-05-01 23:00:00,486 days,100.0,61.81964810491116,154.5023973975037,84.41976945743285,-15.58023054256715,-70.17976286600607,38.365912208504795,100.0,59.98790365313129,355 days 14:00:00,120,0.0,60,36.666666666666664,22.75929549902152,-15.93768723786699,8.149819155530032,-4.685794012284257,4 days 00:05:27.272727272,2 days 14:07:53.684210526,0.9044619088624491,-0.25967050904278466,0.16778261870444672,-0.19911190081579302,1.0095241713567822,0.26101953914536885,long
3904,"{'window_k': 237, 'window_d': 72, 'window_ma': 12}","open_time
2022-01-01 00:00:00    100.000000
2022-01-01 01:00:00    100.000000
2022-01-01 02:00:00    100.000000
2022-01-01 03:00:00    100.000000
2022-01-01 04:00:00    100.000000
                          ...    
2023-05-01 19:00:00     88.338374
2023-05-01 20:00:00     88.338374
2023-05-01 21:00:00     88.338374
2023-05-01 22:00:00     88.338374
2023-05-01 23:00:00     88.338374
Freq: H, Length: 11664, dtype: float64",2022-01-01,2023-05-01 23:00:00,486 days,100.0,76.37588126143547,142.69549505486373,88.33837447651477,-11.661625523485228,-70.17976286600607,14.188957475994513,100.0,44.290911248330445,355 days 14:00:00,72,0.0,36,47.22222222222222,22.904919307797034,-19.869310001107536,5.870916944022577,-5.27240275178568,2 days 00:03:31.764705882,1 days 20:06:18.947368421,0.8962599380191281,-0.323934042319034,0.02703691230590086,-0.20076288502904838,1.002757077702326,0.04366841178450597,long
1042,"{'window_k': 72, 'window_d': 27, 'window_ma': 42}","open_time
2022-01-01 00:00:00    100.000000
2022-01-01 01:00:00    100.000000
2022-01-01 02:00:00    100.000000
2022-01-01 03:00:00    100.000000
2022-01-01 04:00:00    100.000000
                          ...    
2023-05-01 19:00:00     81.034295
2023-05-01 20:00:00     81.034295
2023-05-01 21:00:00     81.034295
2023-05-01 22:00:00     81.034295
2023-05-01 23:00:00     81.034295
Freq: H, Length: 11664, dtype: float64",2022-01-01,2023-05-01 23:00:00,486 days,100.0,28.020649332703076,101.97265717394389,81.034295370271,-18.965704629729004,-70.17976286600607,34.353566529492454,100.0,72.52140906271988,477 days 04:00:00,210,0.0,105,40.0,28.803545051698652,-14.512437051732041,5.773866770468163,-3.812094011037338,2 days 03:52:51.428571428,1 days 05:00:57.142857142,0.8671408203274092,-0.18062575837837147,0.10011788987412405,-0.20145593648643856,1.0061372075406356,0.1570026677932487,long
2932,"{'window_k': 177, 'window_d': 117, 'window_ma': 72}","open_time
2022-01-01 00:00:00    100.000000
2022-01-01 01:00:00    100.000000
2022-01-01 02:00:00    100.000000
2022-01-01 03:00:00    100.000000
2022-01-01 04:00:00    100.000000
                          ...    
2023-05-01 19:00:00     85.863858
2023-05-01 20:00:00     85.863858
2023-05-01 21:00:00     85.863858
2023-05-01 22:00:00     85.863858
2023-05-01 23:00:00     85.863858
Freq: H, Length: 11664, dtype: float64",2022-01-01,2023-05-01 23:00:00,486 days,100.0,65.97941256757633,142.3244130605848,85.86385782724244,-14.136142172757559,-70.17976286600607,34.9537037037037,100.0,53.64153545499594,391 days 18:00:00,64,0.0,32,46.875,34.400783107257716,-23.72098264593193,9.383971685573192,-7.876875923587789,6 days 08:11:59.999999999,4 days 09:31:45.882352941,0.899306871404095,-0.4417544428986737,0.1606914522254408,-0.20162424952540875,1.0093377447339955,0.2428660908937847,long
757,"{'window_k': 42, 'window_d': 237, 'window_ma': 87}","open_time
2022-01-01 00:00:00    100.000000
2022-01-01 01:00:00    100.000000
2022-01-01 02:00:00    100.000000
2022-01-01 03:00:00    100.000000
2022-01-01 04:00:00    100.000000
                          ...    
2023-05-01 19:00:00     83.686590
2023-05-01 20:00:00     83.494401
2023-05-01 21:00:00     83.914816
2023-05-01 22:00:00     84.287183
2023-05-01 23:00:00     84.287183
Freq: H, Length: 11664, dtype: float64",2022-01-01,2023-05-01 23:00:00,486 days,100.0,52.68180247603816,130.54680050929352,84.28718302960665,-15.712816970393348,-70.17976286600607,32.68175582990398,100.0,59.64527489719077,391 days 18:00:00,53,0.0,27,38.46153846153847,30.365599545368454,-22.284940167080602,13.075828321613676,-8.005246831818646,8 days 17:54:00,4 days 10:37:30,0.865996333201556,-0.6112690303038453,-0.0009533907663806025,-0.20199740545018047,0.9999504426277375,-0.0013324755166421898,long
1567,"{'window_k': 102, 'window_d': 27, 'window_ma': 237}","open_time
2022-01-01 00:00:00    100.000000
2022-01-01 01:00:00    100.000000
2022-01-01 02:00:00    100.000000
2022-01-01 03:00:00    100.000000
2022-01-01 04:00:00    100.000000
                          ...    
2023-05-01 19:00:00     85.238207
2023-05-01 20:00:00     85.238207
2023-05-01 21:00:00     85.238207
2023-05-01 22:00:00     85.238207
2023-05-01 23:00:00     85.238207
Freq: H, Length: 11664, dtype: float64",2022-01-01,2023-05-01 23:00:00,486 days,100.0,44.677044112857,101.30651377009117,85.23820684702132,-14.761793152978683,-70.17976286600607,36.78840877914952,100.0,55.899139699695155,477 days 04:00:00,200,0.0,100,37.0,29.313929313929325,-14.893299507536176,6.956350020489845,-3.931789339947049,2 days 10:55:08.108108108,1 days 09:30:28.571428571,0.9161205355481844,-0.14761793152978742,0.16471913916288433,-0.20222015239041116,1.0096319951373052,0.2575360082504349,long
1867,"{'window_k': 117, 'window_d': 72, 'window_ma': 177}","open_time
2022-01-01 00:00:00    100.000000
2022-01-01 01:00:00    100.000000
2022-01-01 02:00:00    100.000000
2022-01-01 03:00:00    100.000000
2022-01-01 04:00:00    100.000000
                          ...    
2023-05-01 19:00:00     86.661525
2023-05-01 20:00:00     86.462504
2023-05-01 21:00:00     86.897864
2023-05-01 22:00:00     87.283468
2023-05-01 23:00:00     87.283468
Freq: H, Length: 11664, dtype: float64",2022-01-01,2023-05-01 23:00:00,486 days,100.0,60.017695695864845,146.79159295961966,87.28346826288191,-12.716531737118089,-70.17976286600607,41.30658436213992,100.0,47.967954269348525,194 days 16:00:00,95,0.0,48,40.42553191489361,29.50356352912265,-17.912825765335167,9.525177353705988,-6.064237073538573,5 days 16:41:03.157894736,3 days 02:40:42.857142857,0.9405070707216429,-0.22504357702158728,0.19913950872859504,-0.20243299300889847,1.0108702485911176,0.3016173540460477,long
1217,"{'window_k': 72, 'window_d': 192, 'window_ma': 27}","open_time
2022-01-01 00:00:00    100.000000
2022-01-01 01:00:00    100.000000
2022-01-01 02:00:00    100.000000
2022-01-01 03:00:00    100.000000
2022-01-01 04:00:00    100.000000
                          ...    
2023-05-01 19:00:00     85.236789
2023-05-01 20:00:00     85.041039
2023-05-01 21:00:00     85.469242
2023-05-01 22:00:00     85.848507
2023-05-01 23:00:00     85.848507
Freq: H, Length: 11664, dtype: float64",2022-01-01,2023-05-01 23:00:00,486 days,100.0,58.69126111077663,126.117136659436,85.84850682121944,-14.151493178780555,-70.17976286600607,20.21604938271605,100.0,53.4628975368627,451 days 16:00:00,53,0.0,27,34.61538461538461,19.392624728850322,-12.67392619479733,9.334970036970272,-5.300086803346257,3 days 15:20:00,3 days 17:38:49.411764705,0.8337575588615364,-0.542405989893874,-0.0831533116864879,-0.2025219361129161,0.9944865267962477,-0.11673615398710278,long
4074,"{'window_k': 237, 'window_d': 222, 'window_ma': 162}","open_time
2022-01-01 00:00:00    100.00000
2022-01-01 01:00:00    100.00000
2022-01-01 02:00:00    100.00000
2022-01-01 03:00:00    100.00000
2022-01-01 04:00:00    100.00000
                         ...    
2023-05-01 19:00:00     85.41494
2023-05-01 20:00:00     85.41494
2023-05-01 21:00:00     85.41494
2023-05-01 22:00:00     85.41494
2023-05-01 23:00:00     85.41494
Freq: H, Length: 11664, dtype: float64",2022-01-01,2023-05-01 23:00:00,486 days,100.0,59.25763786136924,131.72849699752078,85.41494006952175,-14.585059930478254,-70.17976286600607,30.04115226337449,100.0,55.01532378185071,349 days 17:00:00,34,0.0,17,35.294117647058826,37.90310918293564,-18.47947414113853,13.765581912064512,-7.673652210862497,11 days 06:30:00,7 days 03:00:00,0.8058389245112163,-0.8579447017928383,0.03188232967099248,-0.20295894172852863,1.001802770771796,0.04516823180587927,long
3643,"{'window_k': 222, 'window_d': 57, 'window_ma': 177}","open_time
2022-01-01 00:00:00    100.000000
2022-01-01 01:00:00    100.000000
2022-01-01 02:00:00    100.000000
2022-01-01 03:00:00    100.000000
2022-01-01 04:00:00    100.000000
                          ...    
2023-05-01 19:00:00     86.267800
2023-05-01 20:00:00     86.069682
2023-05-01 21:00:00     86.503064
2023-05-01 22:00:00     86.886917
2023-05-01 23:00:00     86.886917
Freq: H, Length: 11664, dtype: float64",2022-01-01,2023-05-01 23:00:00,486 days,100.0,60.722180214791834,120.97181114442073,86.88691714910759,-13.113082850892411,-70.17976286600607,40.25205761316872,100.0,49.20961716874552,235 days 08:00:00,99,0.0,50,40.816326530612244,30.95238095238093,-17.211997273346967,8.693089934603647,-5.785202812924736,4 days 09:45:00,3 days 12:55:51.724137931,0.9124517817634855,-0.2797435801329988,0.20384928146468465,-0.2035892703673543,1.0111862589278238,0.3116963646999443,long
402,"{'window_k': 27, 'window_d': 147, 'window_ma': 42}","open_time
2022-01-01 00:00:00    100.000000
2022-01-01 01:00:00    100.000000
2022-01-01 02:00:00    100.000000
2022-01-01 03:00:00    100.000000
2022-01-01 04:00:00    100.000000
                          ...    
2023-05-01 19:00:00     87.221535
2023-05-01 20:00:00     87.221535
2023-05-01 21:00:00     87.221535
2023-05-01 22:00:00     87.221535
2023-05-01 23:00:00     87.221535
Freq: H, Length: 11664, dtype: float64",2022-01-01,2023-05-01 23:00:00,486 days,100.0,68.03319366537654,130.44092704638615,87.22153451334201,-12.778465486657991,-70.17976286600607,25.420096021947874,100.0,47.84367513642154,451 days 16:00:00,84,0.0,42,33.33333333333333,26.853932584269675,-13.750174849629303,7.118638938667502,-3.6318388481311867,4 days 20:51:25.714285714,1 days 23:27:51.428571428,0.8676042104658879,-0.3042491782537615,-0.010224044889497458,-0.20396461707104066,0.9993995207356867,-0.01422984088214473,long
3314,"{'window_k': 192, 'window_d': 237, 'window_ma': 42}","open_time
2022-01-01 00:00:00    100.000000
2022-01-01 01:00:00    100.000000
2022-01-01 02:00:00    100.000000
2022-01-01 03:00:00    100.000000
2022-01-01 04:00:00    100.000000
                          ...    
2023-05-01 19:00:00     88.967173
2023-05-01 20:00:00     88.967173
2023-05-01 21:00:00     88.967173
2023-05-01 22:00:00     88.967173
2023-05-01 23:00:00     88.967173
Freq: H, Length: 11664, dtype: float64",2022-01-01,2023-05-01 23:00:00,486 days,100.0,76.49449675765892,130.1091758617985,88.96717312620567,-11.032826873794335,-70.17976286600607,23.345336076817556,100.0,41.20745423911446,351 days 13:00:00,36,0.0,18,50.0,29.029878273699733,-15.92457300819429,8.744357628729269,-8.72845245290146,5 days 13:00:00,7 days 01:33:20,0.8619371386675282,-0.6129348263219074,0.030757374860266345,-0.20397642742507754,1.0019454372990855,0.04325132756015546,long
1610,"{'window_k': 102, 'window_d': 72, 'window_ma': 162}","open_time
2022-01-01 00:00:00    100.000000
2022-01-01 01:00:00    100.000000
2022-01-01 02:00:00    100.000000
2022-01-01 03:00:00    100.000000
2022-01-01 04:00:00    100.000000
                          ...    
2023-05-01 19:00:00     85.738187
2023-05-01 20:00:00     85.541285
2023-05-01 21:00:00     85.972007
2023-05-01 22:00:00     86.353503
2023-05-01 23:00:00     86.353503
Freq: H, Length: 11664, dtype: float64",2022-01-01,2023-05-01 23:00:00,486 days,100.0,63.1859484833139,156.71026852796186,86.35350290395283,-13.646497096047169,-70.17976286600607,42.661179698216735,100.0,51.058757182283664,194 days 16:00:00,103,0.0,52,43.13725490196079,28.92247204816318,-17.67464229890586,8.54588508408348,-6.244340915921369,5 days 04:32:43.636363636,3 days 00:26:53.793103448,0.9302749331838993,-0.2661305711494477,0.19800261806257377,-0.20434781286791806,1.0106157880022713,0.3017237673330341,long
1107,"{'window_k': 72, 'window_d': 87, 'window_ma': 57}","open_time
2022-01-01 00:00:00    100.000000
2022-01-01 01:00:00    100.000000
2022-01-01 02:00:00    100.000000
2022-01-01 03:00:00    100.000000
2022-01-01 04:00:00    100.000000
                          ...    
2023-05-01 19:00:00     85.953620
2023-05-01 20:00:00     85.756224
2023-05-01 21:00:00     86.188028
2023-05-01 22:00:00     86.570483
2023-05-01 23:00:00     86.570483
Freq: H, Length: 11664, dtype: float64",2022-01-01,2023-05-01 23:00:00,486 days,100.0,58.60781289644848,133.33341081663463,86.57048275131928,-13.429517248680725,-70.17976286600607,34.67078189300412,100.0,50.22844235416044,194 days 16:00:00,97,0.0,49,37.5,21.536624203821646,-23.359010524031685,8.66919606208593,-5.104943840665537,4 days 17:50:00,2 days 13:58:00,0.9132406829675003,-0.28286592182974823,0.160849408223328,-0.20436184709500008,1.0097323081833345,0.24701548559662415,long
2834,"{'window_k': 177, 'window_d': 27, 'window_ma': 42}","open_time
2022-01-01 00:00:00    100.000000
2022-01-01 01:00:00    100.000000
2022-01-01 02:00:00    100.000000
2022-01-01 03:00:00    100.000000
2022-01-01 04:00:00    100.000000
                          ...    
2023-05-01 19:00:00     83.147827
2023-05-01 20:00:00     83.147827
2023-05-01 21:00:00     83.147827
2023-05-01 22:00:00     83.147827
2023-05-01 23:00:00     83.147827
Freq: H, Length: 11664, dtype: float64",2022-01-01,2023-05-01 23:00:00,486 days,100.0,44.701959241971274,121.89710399758235,83.14782684613674,-16.852173153863262,-70.17976286600607,32.930384087791495,100.0,63.32812037695508,355 days 14:00:00,194,0.0,97,31.958762886597935,25.01121579183489,-14.512437051732032,7.904547182268725,-3.616075729759839,2 days 19:36:46.451612903,1 days 02:26:21.818181818,0.9097932351232455,-0.17373374385426055,0.12276116343320163,-0.20437357970201886,1.0076263578907312,0.1919274801172499,long
1808,"{'window_k': 117, 'window_d': 27, 'window_ma': 12}","open_time
2022-01-01 00:00:00    100.000000
2022-01-01 01:00:00    100.000000
2022-01-01 02:00:00    100.000000
2022-01-01 03:00:00    100.000000
2022-01-01 04:00:00    100.000000
                          ...    
2023-05-01 19:00:00     87.730136
2023-05-01 20:00:00     87.730136
2023-05-01 21:00:00     87.730136
2023-05-01 22:00:00     87.730136
2023-05-01 23:00:00     87.730136
Freq: H, Length: 11664, dtype: float64",2022-01-01,2023-05-01 23:00:00,486 days,100.0,54.848860382485114,101.03585657370517,87.73013560338931,-12.269864396610686,-70.17976286600607,19.675925925925927,100.0,45.71347020503247,477 days 04:00:00,182,0.0,91,40.65934065934066,23.236245954692585,-13.821634828964891,4.683969385977001,-3.1863030663772505,1 days 08:19:27.567567567,0 days 20:21:06.666666666,0.9102331051238257,-0.13483367468802898,0.06791232066525814,-0.20483028482307358,1.005632429005543,0.10867192642186266,long
916,"{'window_k': 57, 'window_d': 147, 'window_ma': 72}","open_time
2022-01-01 00:00:00    100.000000
2022-01-01 01:00:00    100.000000
2022-01-01 02:00:00    100.000000
2022-01-01 03:00:00    100.000000
2022-01-01 04:00:00    100.000000
                          ...    
2023-05-01 19:00:00     83.723472
2023-05-01 20:00:00     83.723472
2023-05-01 21:00:00     83.723472
2023-05-01 22:00:00     83.723472
2023-05-01 23:00:00     83.723472
Freq: H, Length: 11664, dtype: float64",2022-01-01,2023-05-01 23:00:00,486 days,100.0,54.497271241279556,139.53532973057057,83.72347243947634,-16.27652756052366,-70.17976286600607,35.039437585733886,100.0,60.94374711658431,391 days 18:00:00,72,0.0,36,38.88888888888889,35.377176015473886,-22.13933203259498,11.314722599203183,-6.920331430274279,6 days 06:42:51.428571428,3 days 17:51:49.090909090,0.8886254262029298,-0.45212576557010165,0.05755281612040426,-0.20494849754743616,1.0029275381627984,0.08048000217052768,long
1166,"{'window_k': 72, 'window_d': 132, 'window_ma': 222}","open_time
2022-01-01 00:00:00    100.000000
2022-01-01 01:00:00    100.000000
2022-01-01 02:00:00    100.000000
2022-01-01 03:00:00    100.000000
2022-01-01 04:00:00    100.000000
                          ...    
2023-05-01 19:00:00     84.310559
2023-05-01 20:00:00     84.116936
2023-05-01 21:00:00     84.540486
2023-05-01 22:00:00     84.915630
2023-05-01 23:00:00     84.915630
Freq: H, Length: 11664, dtype: float64",2022-01-01,2023-05-01 23:00:00,486 days,100.0,56.858748214307774,130.22226185955057,84.91562960361874,-15.08437039638126,-70.17976286600607,39.711934156378604,100.0,56.33715203347336,391 days 18:00:00,71,0.0,36,40.0,36.904530429710306,-17.940288493794046,10.863290902602433,-6.920433930717691,7 days 00:42:51.428571428,4 days 07:20:00,0.8866008873134725,-0.42095512454611184,0.08635381894069695,-0.2051247506514924,1.004172376859455,0.12136857248528254,long
2165,"{'window_k': 132, 'window_d': 117, 'window_ma': 87}","open_time
2022-01-01 00:00:00    100.000000
2022-01-01 01:00:00    100.000000
2022-01-01 02:00:00    100.000000
2022-01-01 03:00:00    100.000000
2022-01-01 04:00:00    100.000000
                          ...    
2023-05-01 19:00:00     85.833647
2023-05-01 20:00:00     85.833647
2023-05-01 21:00:00     85.833647
2023-05-01 22:00:00     85.833647
2023-05-01 23:00:00     85.833647
Freq: H, Length: 11664, dtype: float64",2022-01-01,2023-05-01 23:00:00,486 days,100.0,63.170310331289244,133.7479099533667,85.83364722498123,-14.166352775018765,-70.17976286600607,41.81241426611797,100.0,52.769123380459135,275 days 07:00:00,72,0.0,36,38.88888888888889,35.14160351017153,-25.053824362606242,10.767964640530618,-6.48894085231537,6 days 18:55:42.857142857,4 days 22:00:00,0.9039383319328188,-0.3935097993060772,0.11755727392003604,-0.20540424358186776,1.005678583494949,0.16697172131481658,long
3364,"{'window_k': 207, 'window_d': 42, 'window_ma': 72}","open_time
2022-01-01 00:00:00    100.000000
2022-01-01 01:00:00    100.000000
2022-01-01 02:00:00    100.000000
2022-01-01 03:00:00    100.000000
2022-01-01 04:00:00    100.000000
                          ...    
2023-05-01 19:00:00     86.893785
2023-05-01 20:00:00     86.893785
2023-05-01 21:00:00     86.893785
2023-05-01 22:00:00     86.893785
2023-05-01 23:00:00     86.893785
Freq: H, Length: 11664, dtype: float64",2022-01-01,2023-05-01 23:00:00,486 days,100.0,64.82089274467569,126.34699972647931,86.89378510791599,-13.106214892084012,-70.17976286600607,40.080589849108364,100.0,48.696136129071235,430 days 01:00:00,136,0.0,68,36.76470588235294,31.167846309403412,-16.189095774333804,8.151260135772008,-4.572169510899229,4 days 01:28:48,2 days 04:02:47.441860465,0.9296184701780813,-0.19273845429535186,0.2059092353747111,-0.20562634248560935,1.0110073232885166,0.3117544730235473,long
1153,"{'window_k': 72, 'window_d': 132, 'window_ma': 27}","open_time
2022-01-01 00:00:00    100.000000
2022-01-01 01:00:00    100.000000
2022-01-01 02:00:00    100.000000
2022-01-01 03:00:00    100.000000
2022-01-01 04:00:00    100.000000
                          ...    
2023-05-01 19:00:00     86.983531
2023-05-01 20:00:00     86.783770
2023-05-01 21:00:00     87.220747
2023-05-01 22:00:00     87.607785
2023-05-01 23:00:00     87.607785
Freq: H, Length: 11664, dtype: float64",2022-01-01,2023-05-01 23:00:00,486 days,100.0,67.9382975778621,125.77769565190582,87.60778464091852,-12.392215359081476,-70.17976286600607,27.323388203017835,100.0,45.98541718725415,451 days 16:00:00,71,0.0,36,48.57142857142857,20.33250833961046,-17.94028849379403,7.1964014053165934,-6.705785661866257,4 days 07:28:14.117647058,3 days 01:46:39.999999999,0.8983909191062891,-0.3437185179669293,0.04844439076630031,-0.20568374563915812,1.0028333091070663,0.0683471084841969,long
1157,"{'window_k': 72, 'window_d': 132, 'window_ma': 87}","open_time
2022-01-01 00:00:00    100.000000
2022-01-01 01:00:00    100.000000
2022-01-01 02:00:00    100.000000
2022-01-01 03:00:00    100.000000
2022-01-01 04:00:00    100.000000
                          ...    
2023-05-01 19:00:00     85.346436
2023-05-01 20:00:00     85.346436
2023-05-01 21:00:00     85.346436
2023-05-01 22:00:00     85.346436
2023-05-01 23:00:00     85.346436
Freq: H, Length: 11664, dtype: float64",2022-01-01,2023-05-01 23:00:00,486 days,100.0,57.2284671900795,125.77769565190582,85.34643619435866,-14.65356380564134,-70.17976286600607,37.54286694101509,100.0,54.50030556414287,451 days 16:00:00,72,0.0,36,38.88888888888889,36.904530429710306,-17.94028849379403,10.60941442219913,-6.456453864009425,6 days 17:51:25.714285714,4 days 00:02:43.636363636,0.8863321470768627,-0.4070434390455935,0.06839598275892271,-0.20585875643729648,1.0034238506973536,0.09615838188080003,long
3926,"{'window_k': 237, 'window_d': 87, 'window_ma': 102}","open_time
2022-01-01 00:00:00    100.000000
2022-01-01 01:00:00    100.000000
2022-01-01 02:00:00    100.000000
2022-01-01 03:00:00    100.000000
2022-01-01 04:00:00    100.000000
                          ...    
2023-05-01 19:00:00     86.084536
2023-05-01 20:00:00     85.886840
2023-05-01 21:00:00     86.319301
2023-05-01 22:00:00     86.702338
2023-05-01 23:00:00     86.702338
Freq: H, Length: 11664, dtype: float64",2022-01-01,2023-05-01 23:00:00,486 days,100.0,71.76971714794229,141.63850794249572,86.70233824719575,-13.297661752804245,-70.17976286600607,37.34567901234568,100.0,49.328951433828784,355 days 14:00:00,69,0.0,35,35.294117647058826,30.37471612414838,-20.949099799955547,14.73241081148493,-7.522047180162773,8 days 03:05:00,3 days 15:57:16.363636363,0.9206051702454555,-0.40600763015685537,0.188433834702096,-0.20600781112576702,1.0106606820786923,0.2875337411903235,long
1600,"{'window_k': 102, 'window_d': 72, 'window_ma': 12}","open_time
2022-01-01 00:00:00    100.0000
2022-01-01 01:00:00    100.0000
2022-01-01 02:00:00    100.0000
2022-01-01 03:00:00    100.0000
2022-01-01 04:00:00    100.0000
                         ...   
2023-05-01 19:00:00     85.0409
2023-05-01 20:00:00     85.0409
2023-05-01 21:00:00     85.0409
2023-05-01 22:00:00     85.0409
2023-05-01 23:00:00     85.0409
Freq: H, Length: 11664, dtype: float64",2022-01-01,2023-05-01 23:00:00,486 days,100.0,76.39310285554882,172.04133192063134,85.04090028461555,-14.959099715384456,-70.17976286600607,18.94718792866941,100.0,55.59607566233466,355 days 14:00:00,102,0.0,51,52.94117647058824,17.643159028756106,-17.674642298905855,3.6110179278410626,-4.540020886465799,1 days 13:55:33.333333333,2 days 03:18:15.652173913,0.8826509395623456,-0.29331568069381264,0.01263257526945587,-0.206096763827814,1.001078960974587,0.02011036243486255,long
2498,"{'window_k': 147, 'window_d': 192, 'window_ma': 42}","open_time
2022-01-01 00:00:00    100.000000
2022-01-01 01:00:00    100.000000
2022-01-01 02:00:00    100.000000
2022-01-01 03:00:00    100.000000
2022-01-01 04:00:00    100.000000
                          ...    
2023-05-01 19:00:00     85.032945
2023-05-01 20:00:00     84.837664
2023-05-01 21:00:00     85.264842
2023-05-01 22:00:00     85.643200
2023-05-01 23:00:00     85.643200
Freq: H, Length: 11664, dtype: float64",2022-01-01,2023-05-01 23:00:00,486 days,100.0,65.00388795058447,138.82774027827395,85.6432004057042,-14.356799594295794,-70.17976286600607,24.314128943758572,100.0,53.17658573114631,351 days 13:00:00,47,0.0,24,43.47826086956522,34.25446171560159,-24.757815940114487,10.05800606701277,-7.698685798665355,5 days 06:48:00,4 days 23:41:32.307692307,0.8578728127342566,-0.6417203460326899,-0.035588365057926064,-0.20662512380049688,0.9978130518529831,-0.050367814198677946,long
2754,"{'window_k': 162, 'window_d': 192, 'window_ma': 42}","open_time
2022-01-01 00:00:00    100.000000
2022-01-01 01:00:00    100.000000
2022-01-01 02:00:00    100.000000
2022-01-01 03:00:00    100.000000
2022-01-01 04:00:00    100.000000
                          ...    
2023-05-01 19:00:00     87.389625
2023-05-01 20:00:00     87.188931
2023-05-01 21:00:00     87.627949
2023-05-01 22:00:00     88.016793
2023-05-01 23:00:00     88.016793
Freq: H, Length: 11664, dtype: float64",2022-01-01,2023-05-01 23:00:00,486 days,100.0,67.88950790939349,121.40104142664501,88.01679308352604,-11.98320691647396,-70.17976286600607,22.102194787379972,100.0,44.07831505266383,424 days 03:00:00,43,0.0,22,47.61904761904761,34.10005750431282,-24.144024740446216,8.629802058443582,-7.629126963370636,5 days 01:48:00,5 days 02:54:32.727272727,0.8601735066783807,-0.5574882325580752,-0.0013737410721155134,-0.20738481679034912,0.9999109941085159,-0.0019336369760096996,long
1615,"{'window_k': 102, 'window_d': 72, 'window_ma': 237}","open_time
2022-01-01 00:00:00    100.000000
2022-01-01 01:00:00    100.000000
2022-01-01 02:00:00    100.000000
2022-01-01 03:00:00    100.000000
2022-01-01 04:00:00    100.000000
                          ...    
2023-05-01 19:00:00     85.456308
2023-05-01 20:00:00     85.260054
2023-05-01 21:00:00     85.689359
2023-05-01 22:00:00     86.069601
2023-05-01 23:00:00     86.069601
Freq: H, Length: 11664, dtype: float64",2022-01-01,2023-05-01 23:00:00,486 days,100.0,63.1859484833139,156.71026852796186,86.06960097659741,-13.930399023402588,-70.17976286600607,42.67832647462277,100.0,51.219659898396685,194 days 16:00:00,103,0.0,52,43.13725490196079,28.92247204816318,-17.67464229890586,8.545885084083478,-6.255440516335753,5 days 04:32:43.636363636,3 days 00:31:02.068965517,0.9288966749645169,-0.2717020355086013,0.194616789178172,-0.20802534142746662,1.0104294096584294,0.29654477076627506,long
1612,"{'window_k': 102, 'window_d': 72, 'window_ma': 192}","open_time
2022-01-01 00:00:00    100.000000
2022-01-01 01:00:00    100.000000
2022-01-01 02:00:00    100.000000
2022-01-01 03:00:00    100.000000
2022-01-01 04:00:00    100.000000
                          ...    
2023-05-01 19:00:00     85.456308
2023-05-01 20:00:00     85.260054
2023-05-01 21:00:00     85.689359
2023-05-01 22:00:00     86.069601
2023-05-01 23:00:00     86.069601
Freq: H, Length: 11664, dtype: float64",2022-01-01,2023-05-01 23:00:00,486 days,100.0,63.1859484833139,156.71026852796186,86.06960097659741,-13.930399023402588,-70.17976286600607,42.67832647462277,100.0,51.219659898396685,194 days 16:00:00,103,0.0,52,43.13725490196079,28.92247204816318,-17.67464229890586,8.545885084083478,-6.255440516335753,5 days 04:32:43.636363636,3 days 00:31:02.068965517,0.9288966749645169,-0.2717020355086013,0.194616789178172,-0.20802534142746662,1.0104294096584294,0.29654477076627506,long
1613,"{'window_k': 102, 'window_d': 72, 'window_ma': 207}","open_time
2022-01-01 00:00:00    100.000000
2022-01-01 01:00:00    100.000000
2022-01-01 02:00:00    100.000000
2022-01-01 03:00:00    100.000000
2022-01-01 04:00:00    100.000000
                          ...    
2023-05-01 19:00:00     85.456308
2023-05-01 20:00:00     85.260054
2023-05-01 21:00:00     85.689359
2023-05-01 22:00:00     86.069601
2023-05-01 23:00:00     86.069601
Freq: H, Length: 11664, dtype: float64",2022-01-01,2023-05-01 23:00:00,486 days,100.0,63.1859484833139,156.71026852796186,86.06960097659741,-13.930399023402588,-70.17976286600607,42.67832647462277,100.0,51.219659898396685,194 days 16:00:00,103,0.0,52,43.13725490196079,28.92247204816318,-17.67464229890586,8.545885084083478,-6.255440516335753,5 days 04:32:43.636363636,3 days 00:31:02.068965517,0.9288966749645169,-0.2717020355086013,0.194616789178172,-0.20802534142746662,1.0104294096584294,0.29654477076627506,long
1614,"{'window_k': 102, 'window_d': 72, 'window_ma': 222}","open_time
2022-01-01 00:00:00    100.000000
2022-01-01 01:00:00    100.000000
2022-01-01 02:00:00    100.000000
2022-01-01 03:00:00    100.000000
2022-01-01 04:00:00    100.000000
                          ...    
2023-05-01 19:00:00     85.456308
2023-05-01 20:00:00     85.260054
2023-05-01 21:00:00     85.689359
2023-05-01 22:00:00     86.069601
2023-05-01 23:00:00     86.069601
Freq: H, Length: 11664, dtype: float64",2022-01-01,2023-05-01 23:00:00,486 days,100.0,63.1859484833139,156.71026852796186,86.06960097659741,-13.930399023402588,-70.17976286600607,42.67832647462277,100.0,51.219659898396685,194 days 16:00:00,103,0.0,52,43.13725490196079,28.92247204816318,-17.67464229890586,8.545885084083478,-6.255440516335753,5 days 04:32:43.636363636,3 days 00:31:02.068965517,0.9288966749645169,-0.2717020355086013,0.194616789178172,-0.20802534142746662,1.0104294096584294,0.29654477076627506,long
2197,"{'window_k': 132, 'window_d': 147, 'window_ma': 87}","open_time
2022-01-01 00:00:00    100.000000
2022-01-01 01:00:00    100.000000
2022-01-01 02:00:00    100.000000
2022-01-01 03:00:00    100.000000
2022-01-01 04:00:00    100.000000
                          ...    
2023-05-01 19:00:00     86.395239
2023-05-01 20:00:00     86.395239
2023-05-01 21:00:00     86.395239
2023-05-01 22:00:00     86.395239
2023-05-01 23:00:00     86.395239
Freq: H, Length: 11664, dtype: float64",2022-01-01,2023-05-01 23:00:00,486 days,100.0,68.51132667767818,136.72761479216882,86.39523850652543,-13.604761493474571,-70.17976286600607,37.93724279835391,100.0,49.89210717833555,451 days 16:00:00,56,0.0,28,21.428571428571427,34.857470824564764,-13.254342805502558,22.095905105460442,-5.6792439734654305,10 days 03:10:00,5 days 14:49:05.454545454,0.8936544036076643,-0.4858843390526637,0.09226609571046773,-0.20847458838127655,1.0046029253391897,0.1299000066766924,long
2451,"{'window_k': 147, 'window_d': 147, 'window_ma': 57}","open_time
2022-01-01 00:00:00    100.000000
2022-01-01 01:00:00    100.000000
2022-01-01 02:00:00    100.000000
2022-01-01 03:00:00    100.000000
2022-01-01 04:00:00    100.000000
                          ...    
2023-05-01 19:00:00     83.970002
2023-05-01 20:00:00     83.777162
2023-05-01 21:00:00     84.199001
2023-05-01 22:00:00     84.572629
2023-05-01 23:00:00     84.572629
Freq: H, Length: 11664, dtype: float64",2022-01-01,2023-05-01 23:00:00,486 days,100.0,64.1537884488951,147.5076061285532,84.57262906876615,-15.427370931233853,-70.17976286600607,26.517489711934157,100.0,56.50814887946528,314 days 09:00:00,55,0.0,28,40.74074074074074,30.745756246423824,-13.651907847372208,9.247624222588952,-6.852964742019786,5 days 08:27:16.363636363,4 days 10:52:00,0.8651753977641631,-0.5361192876983178,-0.029953819806259666,-0.20925452846444959,0.9982327567591573,-0.04247592092374535,long
2339,"{'window_k': 147, 'window_d': 42, 'window_ma': 57}","open_time
2022-01-01 00:00:00    100.000000
2022-01-01 01:00:00    100.000000
2022-01-01 02:00:00    100.000000
2022-01-01 03:00:00    100.000000
2022-01-01 04:00:00    100.000000
                          ...    
2023-05-01 19:00:00     85.261417
2023-05-01 20:00:00     85.261417
2023-05-01 21:00:00     85.261417
2023-05-01 22:00:00     85.261417
2023-05-01 23:00:00     85.261417
Freq: H, Length: 11664, dtype: float64",2022-01-01,2023-05-01 23:00:00,486 days,100.0,58.94580415959961,127.86326714646181,85.26141729970988,-14.738582700290124,-70.17976286600607,32.95610425240055,100.0,53.89934460842476,355 days 14:00:00,120,0.0,60,31.666666666666664,21.853146853146843,-15.937687237866992,9.127914958058025,-4.205664437547374,3 days 15:28:25.263157894,2 days 05:13:10.243902439,0.8997563313638781,-0.24564304500483658,0.15759910966862653,-0.20938648463679188,1.0098677168687311,0.24711512538973956,long
1397,"{'window_k': 87, 'window_d': 117, 'window_ma': 87}","open_time
2022-01-01 00:00:00    100.000000
2022-01-01 01:00:00    100.000000
2022-01-01 02:00:00    100.000000
2022-01-01 03:00:00    100.000000
2022-01-01 04:00:00    100.000000
                          ...    
2023-05-01 19:00:00     85.045796
2023-05-01 20:00:00     85.045796
2023-05-01 21:00:00     85.045796
2023-05-01 22:00:00     85.045796
2023-05-01 23:00:00     85.045796
Freq: H, Length: 11664, dtype: float64",2022-01-01,2023-05-01 23:00:00,486 days,100.0,56.350654653029856,124.11504103899331,85.04579620633103,-14.954203793668967,-70.17976286600607,37.002743484224965,100.0,54.59804534462014,439 days 04:00:00,72,0.0,36,36.11111111111111,34.05433922447902,-17.202666354812308,11.994759325265074,-6.495637722283089,5 days 22:18:27.692307692,4 days 11:13:02.608695652,0.8867609806067209,-0.4153945498241378,0.0664485432417127,-0.2097940114909834,1.0033530616093393,0.09259932638008264,long
2917,"{'window_k': 177, 'window_d': 102, 'window_ma': 87}","open_time
2022-01-01 00:00:00    100.000000
2022-01-01 01:00:00    100.000000
2022-01-01 02:00:00    100.000000
2022-01-01 03:00:00    100.000000
2022-01-01 04:00:00    100.000000
                          ...    
2023-05-01 19:00:00     84.172519
2023-05-01 20:00:00     84.172519
2023-05-01 21:00:00     84.172519
2023-05-01 22:00:00     84.172519
2023-05-01 23:00:00     84.172519
Freq: H, Length: 11664, dtype: float64",2022-01-01,2023-05-01 23:00:00,486 days,100.0,61.25520425090889,144.98911623668764,84.17251947880716,-15.827480521192838,-70.17976286600607,39.831961591220846,100.0,57.75186038729089,309 days 12:00:00,68,0.0,34,38.23529411764706,31.419705197827767,-23.08116453462726,11.961552042672883,-7.134187506494288,7 days 07:55:23.076923077,4 days 16:20:00,0.8991435260068062,-0.4655141329762609,0.15743975967087376,-0.21017618608901303,1.008620469905178,0.23915561672212893,long
2472,"{'window_k': 147, 'window_d': 162, 'window_ma': 132}","open_time
2022-01-01 00:00:00    100.000000
2022-01-01 01:00:00    100.000000
2022-01-01 02:00:00    100.000000
2022-01-01 03:00:00    100.000000
2022-01-01 04:00:00    100.000000
                          ...    
2023-05-01 19:00:00     84.493819
2023-05-01 20:00:00     84.299775
2023-05-01 21:00:00     84.724245
2023-05-01 22:00:00     85.100205
2023-05-01 23:00:00     85.100205
Freq: H, Length: 11664, dtype: float64",2022-01-01,2023-05-01 23:00:00,486 days,100.0,61.25737889704337,133.74526034333735,85.10020469624173,-14.899795303758268,-70.17976286600607,36.651234567901234,100.0,54.19846748977153,391 days 18:00:00,51,0.0,26,32.0,39.16592460670824,-20.96520763187429,16.632577971844846,-7.906194527854603,9 days 10:00:00,6 days 06:56:15,0.8817768307072982,-0.5858045281336794,0.06583440807196639,-0.2105558133071453,1.0033569134541869,0.09341272145262108,long
1405,"{'window_k': 87, 'window_d': 117, 'window_ma': 207}","open_time
2022-01-01 00:00:00    100.000000
2022-01-01 01:00:00    100.000000
2022-01-01 02:00:00    100.000000
2022-01-01 03:00:00    100.000000
2022-01-01 04:00:00    100.000000
                          ...    
2023-05-01 19:00:00     83.813703
2023-05-01 20:00:00     83.621221
2023-05-01 21:00:00     84.042274
2023-05-01 22:00:00     84.415208
2023-05-01 23:00:00     84.415208
Freq: H, Length: 11664, dtype: float64",2022-01-01,2023-05-01 23:00:00,486 days,100.0,53.725700783520125,124.11504103899331,84.41520750268405,-15.584792497315943,-70.17976286600607,39.351851851851855,100.0,56.712981493805344,439 days 04:00:00,71,0.0,36,31.428571428571427,33.744221879815086,-17.202666354812308,14.878350550710506,-6.605850886107439,7 days 00:43:38.181818181,4 days 13:25:00,0.8740950022825142,-0.4951187688737768,0.07474846529920148,-0.2106727411323921,1.0036485409999203,0.10416255161002985,long
827,"{'window_k': 57, 'window_d': 57, 'window_ma': 177}","open_time
2022-01-01 00:00:00    100.0000
2022-01-01 01:00:00    100.0000
2022-01-01 02:00:00    100.0000
2022-01-01 03:00:00    100.0000
2022-01-01 04:00:00    100.0000
                         ...   
2023-05-01 19:00:00     85.0368
2023-05-01 20:00:00     85.0368
2023-05-01 21:00:00     85.0368
2023-05-01 22:00:00     85.0368
2023-05-01 23:00:00     85.0368
Freq: H, Length: 11664, dtype: float64",2022-01-01,2023-05-01 23:00:00,486 days,100.0,65.42294168564612,142.6533145062064,85.03679999011385,-14.963200009886151,-70.17976286600607,42.80692729766804,100.0,54.13850571078055,391 days 18:00:00,134,0.0,67,44.776119402985074,22.56671899529044,-14.937355552852463,6.309480217184685,-5.0711889338852405,3 days 23:52:00,2 days 09:12:58.378378378,0.9178594370923041,-0.22333134343113725,0.18899215068141612,-0.2117047258077303,1.0101690912186116,0.29197765625780947,long
1592,"{'window_k': 102, 'window_d': 57, 'window_ma': 132}","open_time
2022-01-01 00:00:00    100.000000
2022-01-01 01:00:00    100.000000
2022-01-01 02:00:00    100.000000
2022-01-01 03:00:00    100.000000
2022-01-01 04:00:00    100.000000
                          ...    
2023-05-01 19:00:00     85.116203
2023-05-01 20:00:00     85.116203
2023-05-01 21:00:00     85.116203
2023-05-01 22:00:00     85.116203
2023-05-01 23:00:00     85.116203
Freq: H, Length: 11664, dtype: float64",2022-01-01,2023-05-01 23:00:00,486 days,100.0,66.88419534227724,162.21264869265258,85.11620301802091,-14.883796981979089,-70.17976286600607,43.62997256515775,100.0,53.802231567368985,194 days 16:00:00,114,0.0,57,35.08771929824561,34.98877294941222,-20.093245394587214,9.984060991096607,-5.181427418206688,4 days 23:24:00,3 days 01:00:00,0.9282124031959011,-0.26111924529787833,0.19764066306194714,-0.21187401891471846,1.0102476570537597,0.2986508153800031,long
2758,"{'window_k': 162, 'window_d': 192, 'window_ma': 102}","open_time
2022-01-01 00:00:00    100.000000
2022-01-01 01:00:00    100.000000
2022-01-01 02:00:00    100.000000
2022-01-01 03:00:00    100.000000
2022-01-01 04:00:00    100.000000
                          ...    
2023-05-01 19:00:00     85.254358
2023-05-01 20:00:00     85.058567
2023-05-01 21:00:00     85.486858
2023-05-01 22:00:00     85.866202
2023-05-01 23:00:00     85.866202
Freq: H, Length: 11664, dtype: float64",2022-01-01,2023-05-01 23:00:00,486 days,100.0,59.08846554295851,120.59738643434972,85.86620170024153,-14.133798299758467,-70.17976286600607,27.683470507544584,100.0,51.00352728197402,451 days 16:00:00,43,0.0,22,38.095238095238095,39.28728552573692,-12.076180715688793,10.162002880074049,-6.425725122889178,8 days 01:45:00,5 days 08:32:18.461538461,0.8095494661806324,-0.6602184235021067,0.006278935623756312,-0.21201682544702954,1.0003620942448859,0.008783584095701272,long
3922,"{'window_k': 237, 'window_d': 87, 'window_ma': 42}","open_time
2022-01-01 00:00:00    100.000000
2022-01-01 01:00:00    100.000000
2022-01-01 02:00:00    100.000000
2022-01-01 03:00:00    100.000000
2022-01-01 04:00:00    100.000000
                          ...    
2023-05-01 19:00:00     84.192341
2023-05-01 20:00:00     84.192341
2023-05-01 21:00:00     84.192341
2023-05-01 22:00:00     84.192341
2023-05-01 23:00:00     84.192341
Freq: H, Length: 11664, dtype: float64",2022-01-01,2023-05-01 23:00:00,486 days,100.0,62.62433777412818,145.7179068985815,84.19234144308926,-15.80765855691074,-70.17976286600607,27.606310013717422,100.0,57.023581310624905,355 days 14:00:00,68,0.0,34,29.411764705882355,32.39969719909161,-20.75920679886686,15.513747520225149,-6.191156994894422,6 days 06:06:00,2 days 23:37:30,0.8962338637248131,-0.4649311340267861,0.09438359142915319,-0.21258796013040487,1.0064065800848268,0.1462000130304775,long
2035,"{'window_k': 117, 'window_d': 237, 'window_ma': 57}","open_time
2022-01-01 00:00:00    100.000000
2022-01-01 01:00:00    100.000000
2022-01-01 02:00:00    100.000000
2022-01-01 03:00:00    100.000000
2022-01-01 04:00:00    100.000000
                          ...    
2023-05-01 19:00:00     86.576057
2023-05-01 20:00:00     86.576057
2023-05-01 21:00:00     86.576057
2023-05-01 22:00:00     86.576057
2023-05-01 23:00:00     86.576057
Freq: H, Length: 11664, dtype: float64",2022-01-01,2023-05-01 23:00:00,486 days,100.0,61.80209558915707,119.39731243347983,86.57605681640074,-13.423943183599263,-70.17976286600607,23.25960219478738,100.0,48.23828582943268,430 days 01:00:00,44,0.0,22,36.36363636363637,26.429361859092587,-15.53064727860244,7.949319982676135,-4.964930336658281,4 days 15:30:00,5 days 10:04:17.142857142,0.7865319270723921,-0.6101792356181486,-0.07926425066509177,-0.2127032043941301,0.9950192643829013,-0.11111953960690694,long
1784,"{'window_k': 102, 'window_d': 237, 'window_ma': 132}","open_time
2022-01-01 00:00:00    100.000000
2022-01-01 01:00:00    100.000000
2022-01-01 02:00:00    100.000000
2022-01-01 03:00:00    100.000000
2022-01-01 04:00:00    100.000000
                          ...    
2023-05-01 19:00:00     86.218129
2023-05-01 20:00:00     86.218129
2023-05-01 21:00:00     86.218129
2023-05-01 22:00:00     86.218129
2023-05-01 23:00:00     86.218129
Freq: H, Length: 11664, dtype: float64",2022-01-01,2023-05-01 23:00:00,486 days,100.0,60.50323104865958,119.8639315534481,86.21812944881916,-13.781870551180845,-70.17976286600607,32.12448559670782,100.0,49.52340519409644,451 days 16:00:00,44,0.0,22,40.909090909090914,42.497086247086244,-22.362539114886,12.731045183048359,-8.373695043010718,7 days 23:33:20,6 days 11:36:55.384615384,0.8559461010674312,-0.626448661417311,0.04707443423342731,-0.21281286790901632,1.002546209700451,0.06668029014617545,long
2611,"{'window_k': 162, 'window_d': 57, 'window_ma': 57}","open_time
2022-01-01 00:00:00    100.000000
2022-01-01 01:00:00    100.000000
2022-01-01 02:00:00    100.000000
2022-01-01 03:00:00    100.000000
2022-01-01 04:00:00    100.000000
                          ...    
2023-05-01 19:00:00     86.103040
2023-05-01 20:00:00     85.905301
2023-05-01 21:00:00     86.337855
2023-05-01 22:00:00     86.720975
2023-05-01 23:00:00     86.720975
Freq: H, Length: 11664, dtype: float64",2022-01-01,2023-05-01 23:00:00,486 days,100.0,61.279786386290056,128.91297757769553,86.72097454164765,-13.27902545835235,-70.17976286600607,31.704389574759944,100.0,47.676902032563476,226 days 00:00:00,101,0.0,51,46.0,21.473927265730207,-20.09324539458721,6.659558571550226,-5.5398552074232965,3 days 08:36:31.304347826,2 days 15:28:53.333333333,0.925499613878636,-0.2230665926181996,0.1545212712655507,-0.21284199904729773,1.0098864568424446,0.2389362031469045,long
3744,"{'window_k': 222, 'window_d': 162, 'window_ma': 12}","open_time
2022-01-01 00:00:00    100.000000
2022-01-01 01:00:00    100.000000
2022-01-01 02:00:00    100.000000
2022-01-01 03:00:00    100.000000
2022-01-01 04:00:00    100.000000
                          ...    
2023-05-01 19:00:00     89.875863
2023-05-01 20:00:00     89.669459
2023-05-01 21:00:00     90.120967
2023-05-01 22:00:00     90.120967
2023-05-01 23:00:00     90.120967
Freq: H, Length: 11664, dtype: float64",2022-01-01,2023-05-01 23:00:00,486 days,100.0,72.49454150856312,111.76769082978284,90.12096692074273,-9.879033079257269,-70.17976286600607,14.008916323731139,100.0,35.13819515250696,212 days 13:00:00,50,0.0,25,48.0,21.301093839953932,-23.320420586607643,5.516303214279387,-5.24386089280413,2 days 06:00:00,3 days 03:50:46.153846153,0.8526523669674839,-0.39516132317029085,-0.028168483854603042,-0.2138601039952264,0.9976240880706078,-0.04040249066850905,long
4091,"{'window_k': 237, 'window_d': 237, 'window_ma': 177}","open_time
2022-01-01 00:00:00    100.000000
2022-01-01 01:00:00    100.000000
2022-01-01 02:00:00    100.000000
2022-01-01 03:00:00    100.000000
2022-01-01 04:00:00    100.000000
                          ...    
2023-05-01 19:00:00     87.673653
2023-05-01 20:00:00     87.673653
2023-05-01 21:00:00     87.673653
2023-05-01 22:00:00     87.673653
2023-05-01 23:00:00     87.673653
Freq: H, Length: 11664, dtype: float64",2022-01-01,2023-05-01 23:00:00,486 days,100.0,67.09807400981374,119.6907087998623,87.67365272441866,-12.326347275581341,-70.17976286600607,34.405006858710564,100.0,43.940448943275925,349 days 17:00:00,34,0.0,17,35.294117647058826,36.755823986195004,-21.494147349093414,14.746061408866803,-7.719703963026353,12 days 19:30:00,8 days 05:05:27.272727272,0.8439277305421562,-0.7250792515047846,0.07123264359057287,-0.21409276527514162,1.003795425567319,0.0999868182161111,long
3938,"{'window_k': 237, 'window_d': 102, 'window_ma': 42}","open_time
2022-01-01 00:00:00    100.000000
2022-01-01 01:00:00    100.000000
2022-01-01 02:00:00    100.000000
2022-01-01 03:00:00    100.000000
2022-01-01 04:00:00    100.000000
                          ...    
2023-05-01 19:00:00     85.854174
2023-05-01 20:00:00     85.854174
2023-05-01 21:00:00     85.854174
2023-05-01 22:00:00     85.854174
2023-05-01 23:00:00     85.854174
Freq: H, Length: 11664, dtype: float64",2022-01-01,2023-05-01 23:00:00,486 days,100.0,72.68354255908345,146.9274257164192,85.85417402143034,-14.145825978569663,-70.17976286600607,26.088820301783265,100.0,50.53099024591361,355 days 14:00:00,64,0.0,32,37.5,33.69004395184408,-25.375982042648708,11.170131627059037,-6.303845988471146,4 days 15:50:00,3 days 13:03:00,0.8951430780485152,-0.442057061830301,0.09994637061773584,-0.21418516577073468,1.0070929337877763,0.15517724494677806,long
1006,"{'window_k': 57, 'window_d': 222, 'window_ma': 222}","open_time
2022-01-01 00:00:00    100.000000
2022-01-01 01:00:00    100.000000
2022-01-01 02:00:00    100.000000
2022-01-01 03:00:00    100.000000
2022-01-01 04:00:00    100.000000
                          ...    
2023-05-01 19:00:00     81.679343
2023-05-01 20:00:00     81.491763
2023-05-01 21:00:00     81.902094
2023-05-01 22:00:00     82.265530
2023-05-01 23:00:00     82.265530
Freq: H, Length: 11664, dtype: float64",2022-01-01,2023-05-01 23:00:00,486 days,100.0,51.827805114146244,142.35988042967122,82.2655302041517,-17.734469795848298,-70.17976286600607,36.69410150891632,100.0,63.5938124156052,391 days 18:00:00,55,0.0,28,33.33333333333333,43.772189349112416,-21.711030781027493,16.008463667271627,-7.687258065760011,10 days 00:33:20,4 days 19:50:00,0.8542775651870326,-0.6359899984042352,0.08672621303319146,-0.21444385028288956,1.0048243261012089,0.1282329179840057,long
2328,"{'window_k': 147, 'window_d': 27, 'window_ma': 132}","open_time
2022-01-01 00:00:00    100.000000
2022-01-01 01:00:00    100.000000
2022-01-01 02:00:00    100.000000
2022-01-01 03:00:00    100.000000
2022-01-01 04:00:00    100.000000
                          ...    
2023-05-01 19:00:00     83.701827
2023-05-01 20:00:00     83.701827
2023-05-01 21:00:00     83.701827
2023-05-01 22:00:00     83.701827
2023-05-01 23:00:00     83.701827
Freq: H, Length: 11664, dtype: float64",2022-01-01,2023-05-01 23:00:00,486 days,100.0,42.55908786558451,101.76343056957036,83.7018265864864,-16.298173413513595,-70.17976286600607,38.2201646090535,100.0,58.17840689196393,454 days 07:00:00,198,0.0,99,35.35353535353536,23.87781442707585,-14.848161147566003,6.913916240808306,-3.6922857316463644,3 days 00:37:42.857142857,1 days 05:56:15,0.9090704520980892,-0.16462801427791418,0.14195369130422228,-0.21498219786467568,1.0080686760379018,0.220242908931532,long
2633,"{'window_k': 162, 'window_d': 72, 'window_ma': 147}","open_time
2022-01-01 00:00:00    100.000000
2022-01-01 01:00:00    100.000000
2022-01-01 02:00:00    100.000000
2022-01-01 03:00:00    100.000000
2022-01-01 04:00:00    100.000000
                          ...    
2023-05-01 19:00:00     86.376895
2023-05-01 20:00:00     86.178527
2023-05-01 21:00:00     86.612457
2023-05-01 22:00:00     86.996795
2023-05-01 23:00:00     86.996795
Freq: H, Length: 11664, dtype: float64",2022-01-01,2023-05-01 23:00:00,486 days,100.0,61.846774677809336,135.63346292520947,86.99679485047137,-13.003205149528627,-70.17976286600607,40.03772290809328,100.0,46.15255198990864,275 days 07:00:00,81,0.0,41,40.0,26.886212828704842,-23.549047055023156,9.788864774258156,-6.331292248054197,6 days 22:11:15,3 days 06:45:00,0.9047094020880169,-0.3644437917922625,0.20126884311430654,-0.21522326945183107,1.0110084780707083,0.3089709969967225,long
1190,"{'window_k': 72, 'window_d': 162, 'window_ma': 102}","open_time
2022-01-01 00:00:00    100.000000
2022-01-01 01:00:00    100.000000
2022-01-01 02:00:00    100.000000
2022-01-01 03:00:00    100.000000
2022-01-01 04:00:00    100.000000
                          ...    
2023-05-01 19:00:00     83.286107
2023-05-01 20:00:00     83.094837
2023-05-01 21:00:00     83.513240
2023-05-01 22:00:00     83.883826
2023-05-01 23:00:00     83.883826
Freq: H, Length: 11664, dtype: float64",2022-01-01,2023-05-01 23:00:00,486 days,100.0,56.68542816232837,132.98504584277194,83.88382554426845,-16.116174455731553,-70.17976286600607,35.56241426611797,100.0,57.37458463611954,391 days 18:00:00,67,0.0,34,39.39393939393939,34.654277124897504,-16.30898513251454,11.08714914263002,-7.065293797086726,7 days 10:41:32.307692307,3 days 15:39:00,0.869486769736452,-0.5090173829439824,0.040533524203864316,-0.21550453943788225,1.0020642763954533,0.056235602947139696,long
1297,"{'window_k': 87, 'window_d': 27, 'window_ma': 27}","open_time
2022-01-01 00:00:00    100.000000
2022-01-01 01:00:00    100.000000
2022-01-01 02:00:00    100.000000
2022-01-01 03:00:00    100.000000
2022-01-01 04:00:00    100.000000
                          ...    
2023-05-01 19:00:00     88.112636
2023-05-01 20:00:00     88.112636
2023-05-01 21:00:00     88.112636
2023-05-01 22:00:00     88.112636
2023-05-01 23:00:00     88.112636
Freq: H, Length: 11664, dtype: float64",2022-01-01,2023-05-01 23:00:00,486 days,100.0,58.846983258977374,109.050339784319,88.11263592666208,-11.88736407333792,-70.17976286600607,28.909465020576132,100.0,41.68535862891929,304 days 17:00:00,200,0.0,100,44.0,23.40589270008794,-14.508205289014334,4.16136443072175,-3.238126587422585,1 days 18:38:10.909090909,1 days 02:42:51.428571428,0.9225141659894561,-0.11887364073337925,0.0794683364878391,-0.21750750592001072,1.0046537207480528,0.11490070231534905,long
1272,"{'window_k': 72, 'window_d': 237, 'window_ma': 132}","open_time
2022-01-01 00:00:00    100.000000
2022-01-01 01:00:00    100.000000
2022-01-01 02:00:00    100.000000
2022-01-01 03:00:00    100.000000
2022-01-01 04:00:00    100.000000
                          ...    
2023-05-01 19:00:00     84.243437
2023-05-01 20:00:00     84.243437
2023-05-01 21:00:00     84.243437
2023-05-01 22:00:00     84.243437
2023-05-01 23:00:00     84.243437
Freq: H, Length: 11664, dtype: float64",2022-01-01,2023-05-01 23:00:00,486 days,100.0,54.831666440454335,123.08773550999659,84.24343698570775,-15.756563014292254,-70.17976286600607,33.101851851851855,100.0,55.45318450025335,430 days 01:00:00,48,0.0,24,41.66666666666667,39.27621861152143,-26.827921360724545,12.295426533170062,-8.436284516007127,8 days 11:18:00,5 days 10:34:17.142857142,0.8418417986964424,-0.6565234589288438,0.011294488176112066,-0.21788606164110147,1.0005956675632093,0.01579651701127583,long
1005,"{'window_k': 57, 'window_d': 222, 'window_ma': 207}","open_time
2022-01-01 00:00:00    100.000000
2022-01-01 01:00:00    100.000000
2022-01-01 02:00:00    100.000000
2022-01-01 03:00:00    100.000000
2022-01-01 04:00:00    100.000000
                          ...    
2023-05-01 19:00:00     81.568054
2023-05-01 20:00:00     81.380730
2023-05-01 21:00:00     81.790502
2023-05-01 22:00:00     82.153443
2023-05-01 23:00:00     82.153443
Freq: H, Length: 11664, dtype: float64",2022-01-01,2023-05-01 23:00:00,486 days,100.0,50.901889822015846,136.93828209220797,82.15344307810619,-17.846556921893807,-70.17976286600607,36.74554183813443,100.0,62.82859033696593,355 days 14:00:00,55,0.0,28,33.33333333333333,43.77218934911241,-21.71103078102749,16.222249996502576,-7.788407202358548,10 days 00:06:40,4 days 20:23:20,0.8543850009798424,-0.640169771049039,0.07947769551611293,-0.21846248853357586,1.0044644674882293,0.11792551958850135,long
2435,"{'window_k': 147, 'window_d': 132, 'window_ma': 57}","open_time
2022-01-01 00:00:00    100.000000
2022-01-01 01:00:00    100.000000
2022-01-01 02:00:00    100.000000
2022-01-01 03:00:00    100.000000
2022-01-01 04:00:00    100.000000
                          ...    
2023-05-01 19:00:00     87.391980
2023-05-01 20:00:00     87.191281
2023-05-01 21:00:00     87.630311
2023-05-01 22:00:00     88.019165
2023-05-01 23:00:00     88.019165
Freq: H, Length: 11664, dtype: float64",2022-01-01,2023-05-01 23:00:00,486 days,100.0,74.42859113288029,127.60728203876826,88.01916536251944,-11.980834637480555,-70.17976286600607,29.295267489711936,100.0,41.67371176335517,430 days 01:00:00,63,0.0,32,35.483870967741936,29.633131618759446,-11.619321095272294,9.613419304235512,-5.241830614445925,5 days 10:10:54.545454545,3 days 23:45:00,0.8869173990080296,-0.3808136384730436,0.07056369414964127,-0.21930693793095618,1.004009377604597,0.09832099638883357,long
1652,"{'window_k': 102, 'window_d': 117, 'window_ma': 72}","open_time
2022-01-01 00:00:00    100.000000
2022-01-01 01:00:00    100.000000
2022-01-01 02:00:00    100.000000
2022-01-01 03:00:00    100.000000
2022-01-01 04:00:00    100.000000
                          ...    
2023-05-01 19:00:00     83.718509
2023-05-01 20:00:00     83.718509
2023-05-01 21:00:00     83.718509
2023-05-01 22:00:00     83.718509
2023-05-01 23:00:00     83.718509
Freq: H, Length: 11664, dtype: float64",2022-01-01,2023-05-01 23:00:00,486 days,100.0,52.33426690918582,121.13084352180356,83.71850875833331,-16.281491241666686,-70.17976286600607,37.294238683127574,100.0,56.79525925222699,453 days 11:00:00,72,0.0,36,36.11111111111111,36.69689369091261,-17.04134885588116,11.619546416137094,-6.404677724997132,6 days 01:00:00,4 days 11:10:26.086956521,0.869568450277596,-0.4522636456018523,0.05939983917992018,-0.2199871265898853,1.0029746181401755,0.08304295981499504,long
1163,"{'window_k': 72, 'window_d': 132, 'window_ma': 177}","open_time
2022-01-01 00:00:00    100.000000
2022-01-01 01:00:00    100.000000
2022-01-01 02:00:00    100.000000
2022-01-01 03:00:00    100.000000
2022-01-01 04:00:00    100.000000
                          ...    
2023-05-01 19:00:00     83.197724
2023-05-01 20:00:00     83.006657
2023-05-01 21:00:00     83.424616
2023-05-01 22:00:00     83.794808
2023-05-01 23:00:00     83.794808
Freq: H, Length: 11664, dtype: float64",2022-01-01,2023-05-01 23:00:00,486 days,100.0,56.815664730571925,130.22226185955057,83.79480829775109,-16.20519170224891,-70.17976286600607,40.32064471879287,100.0,56.37023660988958,391 days 18:00:00,71,0.0,36,40.0,36.904530429710306,-17.940288493794046,10.880770810026725,-6.992946566044397,6 days 19:25:42.857142857,4 days 14:14:17.142857142,0.8793816854654606,-0.45311093765771115,0.06570009526377626,-0.22058337857521335,1.0031584958383282,0.0921525041049432,long
1164,"{'window_k': 72, 'window_d': 132, 'window_ma': 192}","open_time
2022-01-01 00:00:00    100.000000
2022-01-01 01:00:00    100.000000
2022-01-01 02:00:00    100.000000
2022-01-01 03:00:00    100.000000
2022-01-01 04:00:00    100.000000
                          ...    
2023-05-01 19:00:00     83.017849
2023-05-01 20:00:00     82.827195
2023-05-01 21:00:00     83.244250
2023-05-01 22:00:00     83.613642
2023-05-01 23:00:00     83.613642
Freq: H, Length: 11664, dtype: float64",2022-01-01,2023-05-01 23:00:00,486 days,100.0,55.98694894699241,130.22226185955057,83.61364202919955,-16.386357970800447,-70.17976286600607,40.955075445816185,100.0,57.00662225681783,391 days 18:00:00,71,0.0,36,40.0,36.904530429710306,-17.940288493794046,10.863290902602431,-6.992946566044394,7 days 00:42:51.428571428,4 days 14:14:17.142857142,0.8771239238251268,-0.45830850897721875,0.06923119077477234,-0.22061576401067923,1.0033057312113007,0.09726806747280185,long
2958,"{'window_k': 177, 'window_d': 132, 'window_ma': 222}","open_time
2022-01-01 00:00:00    100.000000
2022-01-01 01:00:00    100.000000
2022-01-01 02:00:00    100.000000
2022-01-01 03:00:00    100.000000
2022-01-01 04:00:00    100.000000
                          ...    
2023-05-01 19:00:00     84.385005
2023-05-01 20:00:00     84.191211
2023-05-01 21:00:00     84.615134
2023-05-01 22:00:00     84.990610
2023-05-01 23:00:00     84.990610
Freq: H, Length: 11664, dtype: float64",2022-01-01,2023-05-01 23:00:00,486 days,100.0,67.98065949408777,141.81368808861257,84.99060955889378,-15.009390441106218,-70.17976286600607,40.174897119341566,100.0,52.063400641826675,391 days 18:00:00,57,0.0,29,28.57142857142857,39.963224026969044,-13.252279635258347,17.190184071809085,-6.512232613885763,10 days 06:30:00,5 days 12:39:00,0.8866581774154797,-0.5265330081788449,0.1321548502999286,-0.2208364936588697,1.0067107927573653,0.19064043250229348,long
3812,"{'window_k': 222, 'window_d': 222, 'window_ma': 72}","open_time
2022-01-01 00:00:00    100.000000
2022-01-01 01:00:00    100.000000
2022-01-01 02:00:00    100.000000
2022-01-01 03:00:00    100.000000
2022-01-01 04:00:00    100.000000
                          ...    
2023-05-01 19:00:00     83.690695
2023-05-01 20:00:00     83.690695
2023-05-01 21:00:00     83.690695
2023-05-01 22:00:00     83.690695
2023-05-01 23:00:00     83.690695
Freq: H, Length: 11664, dtype: float64",2022-01-01,2023-05-01 23:00:00,486 days,100.0,59.45124632218426,136.47469697192093,83.69069488553035,-16.30930511446965,-70.17976286600607,25.617283950617285,100.0,56.43789827617929,349 days 17:00:00,36,0.0,18,38.88888888888889,28.502683694243945,-18.767692017361767,8.547222262196108,-6.216388589758112,6 days 11:42:51.428571428,7 days 04:32:43.636363636,0.7264438169516507,-0.9060725063594255,-0.0383172384179043,-0.22176695396669127,0.997676882713476,-0.054176161947806924,long
3873,"{'window_k': 237, 'window_d': 42, 'window_ma': 27}","open_time
2022-01-01 00:00:00    100.000000
2022-01-01 01:00:00    100.000000
2022-01-01 02:00:00    100.000000
2022-01-01 03:00:00    100.000000
2022-01-01 04:00:00    100.000000
                          ...    
2023-05-01 19:00:00     87.153469
2023-05-01 20:00:00     86.953317
2023-05-01 21:00:00     87.391149
2023-05-01 22:00:00     87.778942
2023-05-01 23:00:00     87.778942
Freq: H, Length: 11664, dtype: float64",2022-01-01,2023-05-01 23:00:00,486 days,100.0,78.04708489688136,134.68068569373506,87.77894237081365,-12.221057629186348,-70.17976286600607,26.69753086419753,100.0,42.05027655237734,275 days 07:00:00,129,0.0,65,40.625,18.89657823913878,-17.286531690140837,5.049169979472983,-3.4521158753418892,2 days 10:41:32.307692307,1 days 14:23:41.052631578,0.9247563906816739,-0.16300318116933443,0.06961388090380323,-0.2217734790042501,1.0041713721644372,0.10049086301013374,long
2112,"{'window_k': 132, 'window_d': 72, 'window_ma': 12}","open_time
2022-01-01 00:00:00    100.000000
2022-01-01 01:00:00    100.000000
2022-01-01 02:00:00    100.000000
2022-01-01 03:00:00    100.000000
2022-01-01 04:00:00    100.000000
                          ...    
2023-05-01 19:00:00     86.695725
2023-05-01 20:00:00     86.695725
2023-05-01 21:00:00     86.695725
2023-05-01 22:00:00     86.695725
2023-05-01 23:00:00     86.695725
Freq: H, Length: 11664, dtype: float64",2022-01-01,2023-05-01 23:00:00,486 days,100.0,79.2943894804758,146.0394586393115,86.69572512615969,-13.304274873840313,-70.17976286600607,16.606652949245543,100.0,45.703448767009455,355 days 14:00:00,90,0.0,45,40.0,14.548535463568138,-20.714684533780016,5.459725896665774,-3.93073400203597,1 days 23:30:00,1 days 16:32:18.461538461,0.8876344336869337,-0.295650552752007,0.0034420930036173024,-0.22246232815726522,1.0003181582917204,0.00560740440543592,long
3651,"{'window_k': 222, 'window_d': 72, 'window_ma': 57}","open_time
2022-01-01 00:00:00    100.000000
2022-01-01 01:00:00    100.000000
2022-01-01 02:00:00    100.000000
2022-01-01 03:00:00    100.000000
2022-01-01 04:00:00    100.000000
                          ...    
2023-05-01 19:00:00     84.764787
2023-05-01 20:00:00     84.570121
2023-05-01 21:00:00     84.995952
2023-05-01 22:00:00     85.373117
2023-05-01 23:00:00     85.373117
Freq: H, Length: 11664, dtype: float64",2022-01-01,2023-05-01 23:00:00,486 days,100.0,73.4761326749257,146.7851314667158,85.37311730637536,-14.626882693624637,-70.17976286600607,27.80349794238683,100.0,49.94306852422124,286 days 02:00:00,71,0.0,36,42.857142857142854,27.08125208125208,-21.995165897604924,8.90850422196622,-6.5596479765974065,4 days 12:48:00,3 days 03:33:00,0.8953431284549088,-0.4078300269112938,0.12620011426845745,-0.22422573702341478,1.0085855244406399,0.1948031280530505,long
633,"{'window_k': 42, 'window_d': 117, 'window_ma': 147}","open_time
2022-01-01 00:00:00    100.000000
2022-01-01 01:00:00    100.000000
2022-01-01 02:00:00    100.000000
2022-01-01 03:00:00    100.000000
2022-01-01 04:00:00    100.000000
                          ...    
2023-05-01 19:00:00     84.138429
2023-05-01 20:00:00     83.945201
2023-05-01 21:00:00     84.367886
2023-05-01 22:00:00     84.742264
2023-05-01 23:00:00     84.742264
Freq: H, Length: 11664, dtype: float64",2022-01-01,2023-05-01 23:00:00,486 days,100.0,60.20863521053337,141.24839411886492,84.74226414128924,-15.257735858710761,-70.17976286600607,42.74691358024691,100.0,52.100799974296066,275 days 07:00:00,87,0.0,44,39.53488372093023,42.505682577884734,-17.114404817044942,9.44600753061071,-5.9470163412080765,6 days 05:07:03.529411764,3 days 17:20:46.153846153,0.915188769124532,-0.3219711849827913,0.13553486073177676,-0.22440713203783932,1.0066840222193465,0.19345697111024987,long
3350,"{'window_k': 207, 'window_d': 27, 'window_ma': 102}","open_time
2022-01-01 00:00:00    100.000000
2022-01-01 01:00:00    100.000000
2022-01-01 02:00:00    100.000000
2022-01-01 03:00:00    100.000000
2022-01-01 04:00:00    100.000000
                          ...    
2023-05-01 19:00:00     80.831297
2023-05-01 20:00:00     80.831297
2023-05-01 21:00:00     80.831297
2023-05-01 22:00:00     80.831297
2023-05-01 23:00:00     80.831297
Freq: H, Length: 11664, dtype: float64",2022-01-01,2023-05-01 23:00:00,486 days,100.0,37.80297301780212,110.01068064860665,80.83129657297994,-19.168703427020063,-70.17976286600607,38.425925925925924,100.0,65.63699743068454,469 days 22:00:00,194,0.0,97,36.08247422680412,24.724669603524234,-14.131233595800524,7.0052420268031,-3.9211372427014606,2 days 20:53:08.571428571,1 days 09:24:11.612903225,0.8837052526050504,-0.19761549924762978,0.108957137683887,-0.22503423562762914,1.006191945241007,0.16793255387692746,long
3962,"{'window_k': 237, 'window_d': 117, 'window_ma': 162}","open_time
2022-01-01 00:00:00    100.000000
2022-01-01 01:00:00    100.000000
2022-01-01 02:00:00    100.000000
2022-01-01 03:00:00    100.000000
2022-01-01 04:00:00    100.000000
                          ...    
2023-05-01 19:00:00     83.483076
2023-05-01 20:00:00     83.291354
2023-05-01 21:00:00     83.710746
2023-05-01 22:00:00     84.082208
2023-05-01 23:00:00     84.082208
Freq: H, Length: 11664, dtype: float64",2022-01-01,2023-05-01 23:00:00,486 days,100.0,60.13498449057442,131.04501500655635,84.08220801439388,-15.917791985606113,-70.17976286600607,37.39711934156379,100.0,54.111200271474814,355 days 14:00:00,59,0.0,30,34.48275862068966,41.55562441896499,-25.376746232537673,15.792419448516053,-7.7341750130284765,9 days 18:42:00,4 days 07:22:06.315789473,0.8937437080228052,-0.5104622813446138,0.14769910938572173,-0.22562564884388528,1.008384767809124,0.22686054510921763,long
653,"{'window_k': 42, 'window_d': 132, 'window_ma': 207}","open_time
2022-01-01 00:00:00    100.000000
2022-01-01 01:00:00    100.000000
2022-01-01 02:00:00    100.000000
2022-01-01 03:00:00    100.000000
2022-01-01 04:00:00    100.000000
                          ...    
2023-05-01 19:00:00     84.656003
2023-05-01 20:00:00     84.461587
2023-05-01 21:00:00     84.886872
2023-05-01 22:00:00     85.263553
2023-05-01 23:00:00     85.263553
Freq: H, Length: 11664, dtype: float64",2022-01-01,2023-05-01 23:00:00,486 days,100.0,61.275300299157074,122.52511724996795,85.26355299100545,-14.736447008994546,-70.17976286600607,38.30589849108368,100.0,49.98960076557437,439 days 04:00:00,81,0.0,41,37.5,38.515997277059235,-18.89736477115119,10.07117591755256,-5.891577328494291,6 days 10:32:00,3 days 09:26:24,0.8835310675681546,-0.390890521531456,0.08100282292980768,-0.2257294557969263,1.003994628572449,0.11358151976174226,long
1225,"{'window_k': 72, 'window_d': 192, 'window_ma': 147}","open_time
2022-01-01 00:00:00    100.000000
2022-01-01 01:00:00    100.000000
2022-01-01 02:00:00    100.000000
2022-01-01 03:00:00    100.000000
2022-01-01 04:00:00    100.000000
                          ...    
2023-05-01 19:00:00     80.277830
2023-05-01 20:00:00     80.093469
2023-05-01 21:00:00     80.496759
2023-05-01 22:00:00     80.853959
2023-05-01 23:00:00     80.853959
Freq: H, Length: 11664, dtype: float64",2022-01-01,2023-05-01 23:00:00,486 days,100.0,51.244320802009234,147.47159123405834,80.85395944264816,-19.14604055735184,-70.17976286600607,36.522633744855966,100.0,65.25139494787356,391 days 18:00:00,53,0.0,27,30.76923076923077,31.95503048780489,-13.957558521111354,15.757185389071665,-7.197790405813807,9 days 15:37:30,5 days 11:03:19.999999999,0.8403980849969486,-0.7346134703257321,-0.031417616709355355,-0.22608904546637235,0.9984396807923888,-0.044010529478298345,long
920,"{'window_k': 57, 'window_d': 147, 'window_ma': 132}","open_time
2022-01-01 00:00:00    100.000000
2022-01-01 01:00:00    100.000000
2022-01-01 02:00:00    100.000000
2022-01-01 03:00:00    100.000000
2022-01-01 04:00:00    100.000000
                          ...    
2023-05-01 19:00:00     81.090119
2023-05-01 20:00:00     80.903892
2023-05-01 21:00:00     81.311263
2023-05-01 22:00:00     81.672078
2023-05-01 23:00:00     81.672078
Freq: H, Length: 11664, dtype: float64",2022-01-01,2023-05-01 23:00:00,486 days,100.0,53.148963962311505,140.918520043747,81.67207766494613,-18.32792233505387,-70.17976286600607,39.17181069958848,100.0,62.283904240683306,391 days 18:00:00,71,0.0,36,37.142857142857146,35.37717601547388,-22.13933203259497,12.593786188427913,-7.219031796070924,7 days 17:23:04.615384615,3 days 21:54:32.727272727,0.8775004431775568,-0.5319686189323751,0.04228511936555759,-0.22647297541886363,1.00204307731522,0.05913646366199536,long
3449,"{'window_k': 207, 'window_d': 117, 'window_ma': 147}","open_time
2022-01-01 00:00:00    100.000000
2022-01-01 01:00:00    100.000000
2022-01-01 02:00:00    100.000000
2022-01-01 03:00:00    100.000000
2022-01-01 04:00:00    100.000000
                          ...    
2023-05-01 19:00:00     81.944107
2023-05-01 20:00:00     81.755919
2023-05-01 21:00:00     82.167580
2023-05-01 22:00:00     82.532195
2023-05-01 23:00:00     82.532195
Freq: H, Length: 11664, dtype: float64",2022-01-01,2023-05-01 23:00:00,486 days,100.0,58.764354631584574,144.23659695642883,82.53219454062707,-17.467805459372926,-70.17976286600607,39.25754458161865,100.0,59.25836031105462,391 days 18:00:00,57,0.0,29,35.714285714285715,33.22696449940168,-21.560299541745845,14.001095470949899,-7.640606109068819,8 days 23:36:00,5 days 11:09:59.999999999,0.8776381986684929,-0.6196495702427463,0.13225444141863757,-0.226586419716507,1.0073227636141542,0.2009075124646476,long
1970,"{'window_k': 117, 'window_d': 177, 'window_ma': 42}","open_time
2022-01-01 00:00:00    100.00000
2022-01-01 01:00:00    100.00000
2022-01-01 02:00:00    100.00000
2022-01-01 03:00:00    100.00000
2022-01-01 04:00:00    100.00000
                         ...    
2023-05-01 19:00:00     81.46016
2023-05-01 20:00:00     81.46016
2023-05-01 21:00:00     81.46016
2023-05-01 22:00:00     81.46016
2023-05-01 23:00:00     81.46016
Freq: H, Length: 11664, dtype: float64",2022-01-01,2023-05-01 23:00:00,486 days,100.0,53.34111582406266,144.06517314780473,81.46016025688151,-18.539839743118492,-70.17976286600607,25.462962962962965,100.0,62.974315958141425,355 days 10:00:00,54,0.0,27,37.03703703703704,33.460511255246104,-21.938408404086903,13.146351088713656,-7.6633320786390176,5 days 08:11:59.999999999,4 days 03:17:38.823529411,0.8552113273296919,-0.6866607312266098,-0.07218774039456173,-0.2266488994134842,0.9955280178322636,-0.10190790261393348,long
995,"{'window_k': 57, 'window_d': 222, 'window_ma': 57}","open_time
2022-01-01 00:00:00    100.000000
2022-01-01 01:00:00    100.000000
2022-01-01 02:00:00    100.000000
2022-01-01 03:00:00    100.000000
2022-01-01 04:00:00    100.000000
                          ...    
2023-05-01 19:00:00     80.452375
2023-05-01 20:00:00     80.267612
2023-05-01 21:00:00     80.671780
2023-05-01 22:00:00     81.029756
2023-05-01 23:00:00     81.029756
Freq: H, Length: 11664, dtype: float64",2022-01-01,2023-05-01 23:00:00,486 days,100.0,48.277343172298416,134.72162291183426,81.02975641340728,-18.970243586592716,-70.17976286600607,23.353909465020575,100.0,64.1651116362423,430 days 01:00:00,55,0.0,28,33.33333333333333,29.87874194770746,-20.128649898814686,10.13274359767921,-5.482548682450532,5 days 09:13:20,3 days 13:03:20,0.7750214450889018,-0.6820724850193329,-0.02905023388867502,-0.22774776129445717,0.9978964426830872,-0.04401002863806588,long
3620,"{'window_k': 222, 'window_d': 42, 'window_ma': 72}","open_time
2022-01-01 00:00:00    100.000000
2022-01-01 01:00:00    100.000000
2022-01-01 02:00:00    100.000000
2022-01-01 03:00:00    100.000000
2022-01-01 04:00:00    100.000000
                          ...    
2023-05-01 19:00:00     85.677971
2023-05-01 20:00:00     85.677971
2023-05-01 21:00:00     85.677971
2023-05-01 22:00:00     85.677971
2023-05-01 23:00:00     85.677971
Freq: H, Length: 11664, dtype: float64",2022-01-01,2023-05-01 23:00:00,486 days,100.0,69.71551480009244,138.7233668575286,85.6779711905545,-14.322028809445497,-70.17976286600607,39.960562414266114,100.0,48.03755068123118,275 days 07:00:00,128,0.0,64,40.625,23.943661971830984,-19.895566922421136,7.606607344615448,-5.090471878431195,3 days 21:46:09.230769230,2 days 10:30:00,0.9274827091887621,-0.2237817001475877,0.18690744080094024,-0.22816481382950396,1.0099422574920167,0.28220664738898993,long
1779,"{'window_k': 102, 'window_d': 237, 'window_ma': 57}","open_time
2022-01-01 00:00:00    100.000000
2022-01-01 01:00:00    100.000000
2022-01-01 02:00:00    100.000000
2022-01-01 03:00:00    100.000000
2022-01-01 04:00:00    100.000000
                          ...    
2023-05-01 19:00:00     84.862907
2023-05-01 20:00:00     84.862907
2023-05-01 21:00:00     84.862907
2023-05-01 22:00:00     84.862907
2023-05-01 23:00:00     84.862907
Freq: H, Length: 11664, dtype: float64",2022-01-01,2023-05-01 23:00:00,486 days,100.0,60.64256242349136,123.08819422340454,84.86290687695801,-15.137093123041993,-70.17976286600607,22.13648834019204,100.0,50.732429859661956,430 days 01:00:00,44,0.0,22,40.909090909090914,26.429361859092577,-13.25313487613417,7.122526984355698,-5.5423573346644055,5 days 10:46:40,4 days 12:04:36.923076923,0.7667404553764666,-0.688049687411,-0.13149944725177384,-0.22859912264110946,0.9915969107331345,-0.18575208430751586,long
213,"{'window_k': 12, 'window_d': 207, 'window_ma': 87}","open_time
2022-01-01 00:00:00    100.000000
2022-01-01 01:00:00    100.000000
2022-01-01 02:00:00    100.000000
2022-01-01 03:00:00    100.000000
2022-01-01 04:00:00    100.000000
                          ...    
2023-05-01 19:00:00     82.563085
2023-05-01 20:00:00     82.563085
2023-05-01 21:00:00     82.563085
2023-05-01 22:00:00     82.563085
2023-05-01 23:00:00     82.563085
Freq: H, Length: 11664, dtype: float64",2022-01-01,2023-05-01 23:00:00,486 days,100.0,51.44608644119392,124.25457045850638,82.56308462685372,-17.436915373146277,-70.17976286600607,29.561042524005487,100.0,58.596222053357906,399 days 10:00:00,100,0.0,50,36.0,34.46658851113716,-15.225643188528043,7.870078064779797,-4.462519766741554,4 days 18:13:20,1 days 19:30:00,0.8569579599937399,-0.3487383074629258,-0.03344551474946999,-0.22873156684326498,0.9981459256493533,-0.04658482496955922,long
2802,"{'window_k': 162, 'window_d': 237, 'window_ma': 42}","open_time
2022-01-01 00:00:00    100.000000
2022-01-01 01:00:00    100.000000
2022-01-01 02:00:00    100.000000
2022-01-01 03:00:00    100.000000
2022-01-01 04:00:00    100.000000
                          ...    
2023-05-01 19:00:00     88.092528
2023-05-01 20:00:00     88.092528
2023-05-01 21:00:00     88.092528
2023-05-01 22:00:00     88.092528
2023-05-01 23:00:00     88.092528
Freq: H, Length: 11664, dtype: float64",2022-01-01,2023-05-01 23:00:00,486 days,100.0,77.52619409470415,128.52268022752347,88.09252754551667,-11.907472454483326,-70.17976286600607,20.661865569272976,100.0,39.678978093625446,351 days 13:00:00,36,0.0,18,44.44444444444444,29.029878273699733,-22.04117582296597,10.313718250295656,-8.172034670787879,5 days 22:30:00,5 days 07:00:00,0.8630151297354096,-0.6615262474712971,-0.013471684953438597,-0.22889864244581648,0.9990954181616829,-0.01904931255092235,long
3412,"{'window_k': 207, 'window_d': 87, 'window_ma': 72}","open_time
2022-01-01 00:00:00    100.000000
2022-01-01 01:00:00    100.000000
2022-01-01 02:00:00    100.000000
2022-01-01 03:00:00    100.000000
2022-01-01 04:00:00    100.000000
                          ...    
2023-05-01 19:00:00     81.755745
2023-05-01 20:00:00     81.755745
2023-05-01 21:00:00     81.755745
2023-05-01 22:00:00     81.755745
2023-05-01 23:00:00     81.755745
Freq: H, Length: 11664, dtype: float64",2022-01-01,2023-05-01 23:00:00,486 days,100.0,63.066453058904315,162.81701552409857,81.75574506556569,-18.24425493443431,-70.17976286600607,36.274005486968456,100.0,61.2654409271064,286 days 02:00:00,68,0.0,34,41.17647058823529,31.521121424512216,-19.642455588036864,10.879940187951547,-7.579641898353396,7 days 07:21:25.714285714,3 days 16:48:00,0.8877702452627718,-0.5365957333657159,0.12718849357109416,-0.22915928059412755,1.0073021035876764,0.19341603576845318,long
952,"{'window_k': 57, 'window_d': 177, 'window_ma': 132}","open_time
2022-01-01 00:00:00    100.000000
2022-01-01 01:00:00    100.000000
2022-01-01 02:00:00    100.000000
2022-01-01 03:00:00    100.000000
2022-01-01 04:00:00    100.000000
                          ...    
2023-05-01 19:00:00     81.071538
2023-05-01 20:00:00     80.885354
2023-05-01 21:00:00     81.292631
2023-05-01 22:00:00     81.653363
2023-05-01 23:00:00     81.653363
Freq: H, Length: 11664, dtype: float64",2022-01-01,2023-05-01 23:00:00,486 days,100.0,53.814639395362256,140.0638810253377,81.65336313916539,-18.346636860834607,-70.17976286600607,37.57716049382716,100.0,61.578503321904144,391 days 18:00:00,63,0.0,32,32.25806451612903,37.780222802915695,-26.76644121456324,15.216223302033075,-7.02107897999068,7 days 14:06:00,4 days 22:54:17.142857142,0.8717018575920483,-0.5869471703819173,0.007595672917100206,-0.22930734831424318,1.0003764973955214,0.010555885571118112,long
3476,"{'window_k': 207, 'window_d': 147, 'window_ma': 72}","open_time
2022-01-01 00:00:00    100.000000
2022-01-01 01:00:00    100.000000
2022-01-01 02:00:00    100.000000
2022-01-01 03:00:00    100.000000
2022-01-01 04:00:00    100.000000
                          ...    
2023-05-01 19:00:00     82.607004
2023-05-01 20:00:00     82.417294
2023-05-01 21:00:00     82.832285
2023-05-01 22:00:00     83.199849
2023-05-01 23:00:00     83.199849
Freq: H, Length: 11664, dtype: float64",2022-01-01,2023-05-01 23:00:00,486 days,100.0,63.45623548095344,144.41803950054555,83.19984893736634,-16.80015106263366,-70.17976286600607,29.295267489711936,100.0,56.06072780075807,349 days 17:00:00,47,0.0,24,39.130434782608695,32.62655205348612,-23.145400593471805,10.505922093721356,-6.9300291142696215,7 days 03:00:00,5 days 11:25:42.857142857,0.8298406165483239,-0.7206465222762768,0.028310207425508906,-0.23013776665257932,1.0016647306359068,0.04166115219523588,long
2638,"{'window_k': 162, 'window_d': 72, 'window_ma': 222}","open_time
2022-01-01 00:00:00    100.000000
2022-01-01 01:00:00    100.000000
2022-01-01 02:00:00    100.000000
2022-01-01 03:00:00    100.000000
2022-01-01 04:00:00    100.000000
                          ...    
2023-05-01 19:00:00     85.829342
2023-05-01 20:00:00     85.632231
2023-05-01 21:00:00     86.063411
2023-05-01 22:00:00     86.445312
2023-05-01 23:00:00     86.445312
Freq: H, Length: 11664, dtype: float64",2022-01-01,2023-05-01 23:00:00,486 days,100.0,60.32200682561375,132.28956108024346,86.44531233702484,-13.554687662975153,-70.17976286600607,40.183470507544584,100.0,45.00578516726962,275 days 07:00:00,81,0.0,41,40.0,26.886212828704824,-23.549047055023156,9.763474021332637,-6.341034145088075,6 days 22:41:15,3 days 07:07:30,0.8994935996721899,-0.37798132392011885,0.19476931759570956,-0.23024235515944627,1.010631055019029,0.29899067319609957,long
2164,"{'window_k': 132, 'window_d': 117, 'window_ma': 72}","open_time
2022-01-01 00:00:00    100.000000
2022-01-01 01:00:00    100.000000
2022-01-01 02:00:00    100.000000
2022-01-01 03:00:00    100.000000
2022-01-01 04:00:00    100.000000
                          ...    
2023-05-01 19:00:00     84.152722
2023-05-01 20:00:00     84.152722
2023-05-01 21:00:00     84.152722
2023-05-01 22:00:00     84.152722
2023-05-01 23:00:00     84.152722
Freq: H, Length: 11664, dtype: float64",2022-01-01,2023-05-01 23:00:00,486 days,100.0,63.55533721823733,134.2181907532412,84.1527215170793,-15.847278482920702,-70.17976286600607,37.62860082304527,100.0,52.647747029250915,275 days 07:00:00,72,0.0,36,38.88888888888889,35.87288924345166,-25.053824362606235,10.813852190596364,-6.643620514276407,6 days 02:17:08.571428571,4 days 10:24:32.727272727,0.8915643981915884,-0.44020218008113066,0.08484150495765563,-0.2308472339342749,1.004291159645015,0.12027822947474348,long
3010,"{'window_k': 177, 'window_d': 192, 'window_ma': 42}","open_time
2022-01-01 00:00:00    100.000000
2022-01-01 01:00:00    100.000000
2022-01-01 02:00:00    100.000000
2022-01-01 03:00:00    100.000000
2022-01-01 04:00:00    100.000000
                          ...    
2023-05-01 19:00:00     86.367859
2023-05-01 20:00:00     86.367859
2023-05-01 21:00:00     86.367859
2023-05-01 22:00:00     86.751112
2023-05-01 23:00:00     86.751112
Freq: H, Length: 11664, dtype: float64",2022-01-01,2023-05-01 23:00:00,486 days,100.0,69.703529882027,124.1335539611197,86.75111198591432,-13.24888801408568,-70.17976286600607,21.43347050754458,100.0,43.84795435417963,351 days 13:00:00,43,0.0,22,42.857142857142854,32.55020841227739,-24.325817860300617,9.72320183377935,-7.263251237767905,5 days 15:00:00,4 days 10:50:00,0.8451562973085145,-0.649149559684322,-0.02906374521749747,-0.2308932520353298,0.9980832633493922,-0.04114250517238281,long
3601,"{'window_k': 222, 'window_d': 27, 'window_ma': 27}","open_time
2022-01-01 00:00:00    100.000000
2022-01-01 01:00:00    100.000000
2022-01-01 02:00:00    100.000000
2022-01-01 03:00:00    100.000000
2022-01-01 04:00:00    100.000000
                          ...    
2023-05-01 19:00:00     83.164527
2023-05-01 20:00:00     83.164527
2023-05-01 21:00:00     83.164527
2023-05-01 22:00:00     83.164527
2023-05-01 23:00:00     83.164527
Freq: H, Length: 11664, dtype: float64",2022-01-01,2023-05-01 23:00:00,486 days,100.0,54.26958986034997,122.91970285760034,83.16452678571122,-16.835473214288783,-70.17976286600607,27.99211248285322,100.0,55.849559835643234,439 days 04:00:00,184,0.0,92,39.130434782608695,21.83969876277568,-11.895365881159096,4.840523633148867,-3.186723077073063,2 days 00:11:40,1 days 03:19:17.142857142,0.8905335636590078,-0.1829942740683561,-0.010624435164351596,-0.23150519290673865,0.9993644994687995,-0.01507692490806291,long
3813,"{'window_k': 222, 'window_d': 222, 'window_ma': 87}","open_time
2022-01-01 00:00:00    100.000000
2022-01-01 01:00:00    100.000000
2022-01-01 02:00:00    100.000000
2022-01-01 03:00:00    100.000000
2022-01-01 04:00:00    100.000000
                          ...    
2023-05-01 19:00:00     83.697172
2023-05-01 20:00:00     83.697172
2023-05-01 21:00:00     83.697172
2023-05-01 22:00:00     83.697172
2023-05-01 23:00:00     83.697172
Freq: H, Length: 11664, dtype: float64",2022-01-01,2023-05-01 23:00:00,486 days,100.0,61.09530379991458,132.75177827303912,83.69717153899676,-16.302828461003244,-70.17976286600607,31.90157750342936,100.0,53.977788776391435,349 days 17:00:00,36,0.0,18,44.44444444444444,27.373681288173263,-18.767692017361775,9.751874874700778,-8.323555831349703,8 days 11:22:30,8 days 17:24:00,0.7837750015275683,-0.9057126922779579,-0.018907774647479548,-0.23178008033720057,0.9989625708326753,-0.02655818436335844,long
2502,"{'window_k': 147, 'window_d': 192, 'window_ma': 102}","open_time
2022-01-01 00:00:00    100.000000
2022-01-01 01:00:00    100.000000
2022-01-01 02:00:00    100.000000
2022-01-01 03:00:00    100.000000
2022-01-01 04:00:00    100.000000
                          ...    
2023-05-01 19:00:00     81.729678
2023-05-01 20:00:00     81.541982
2023-05-01 21:00:00     81.952566
2023-05-01 22:00:00     82.316226
2023-05-01 23:00:00     82.316226
Freq: H, Length: 11664, dtype: float64",2022-01-01,2023-05-01 23:00:00,486 days,100.0,56.40856453773982,136.14096529041475,82.31622643521136,-17.683773564788638,-70.17976286600607,29.363854595336075,100.0,58.56606098141764,391 days 18:00:00,47,0.0,24,26.08695652173913,38.90595290332016,-14.565185294551894,15.447008119620598,-5.679406327863839,9 days 13:40:00,4 days 23:42:21.176470588,0.7820242326274832,-0.785691113980854,-0.05271033220382302,-0.23217088933947888,0.9970618891818599,-0.07411508810808352,long
2337,"{'window_k': 147, 'window_d': 42, 'window_ma': 27}","open_time
2022-01-01 00:00:00    100.000000
2022-01-01 01:00:00    100.000000
2022-01-01 02:00:00    100.000000
2022-01-01 03:00:00    100.000000
2022-01-01 04:00:00    100.000000
                          ...    
2023-05-01 19:00:00     88.236933
2023-05-01 20:00:00     88.236933
2023-05-01 21:00:00     88.236933
2023-05-01 22:00:00     88.236933
2023-05-01 23:00:00     88.236933
Freq: H, Length: 11664, dtype: float64",2022-01-01,2023-05-01 23:00:00,486 days,100.0,74.93193568403426,122.10687804367443,88.23693255030722,-11.763067449692784,-70.17976286600607,25.462962962962965,100.0,38.634140120073276,275 days 07:00:00,118,0.0,59,28.8135593220339,20.143745143745154,-15.937687237866987,8.36317444119428,-3.3731387112405335,3 days 04:45:52.941176470,1 days 15:38:34.285714285,0.9163422499658614,-0.19937402457106312,0.07475950069862458,-0.23219247999104628,1.0047764944689221,0.11174828477801028,long
336,"{'window_k': 27, 'window_d': 87, 'window_ma': 12}","open_time
2022-01-01 00:00:00    100.000000
2022-01-01 01:00:00    100.000000
2022-01-01 02:00:00    100.000000
2022-01-01 03:00:00    100.000000
2022-01-01 04:00:00    100.000000
                          ...    
2023-05-01 19:00:00     83.466308
2023-05-01 20:00:00     83.466308
2023-05-01 21:00:00     83.466308
2023-05-01 22:00:00     83.466308
2023-05-01 23:00:00     83.466308
Freq: H, Length: 11664, dtype: float64",2022-01-01,2023-05-01 23:00:00,486 days,100.0,73.81895618932252,162.5330215344531,83.46630841713863,-16.533691582861366,-70.17976286600607,16.838134430727024,100.0,54.5821793673634,204 days 00:00:00,120,0.0,60,43.333333333333336,24.09298283728004,-20.449897750511255,5.116585815207472,-4.055354569013007,1 days 11:04:36.923076923,1 days 06:56:28.235294117,0.8953753496446523,-0.2755615263810225,-0.025289798517302318,-0.23253520885781187,0.9976831732845266,-0.04056641971534628,long
3459,"{'window_k': 207, 'window_d': 132, 'window_ma': 57}","open_time
2022-01-01 00:00:00    100.000000
2022-01-01 01:00:00    100.000000
2022-01-01 02:00:00    100.000000
2022-01-01 03:00:00    100.000000
2022-01-01 04:00:00    100.000000
                          ...    
2023-05-01 19:00:00     82.606749
2023-05-01 20:00:00     82.417040
2023-05-01 21:00:00     82.832030
2023-05-01 22:00:00     83.199592
2023-05-01 23:00:00     83.199592
Freq: H, Length: 11664, dtype: float64",2022-01-01,2023-05-01 23:00:00,486 days,100.0,62.15989047689192,139.56630110510352,83.19959237947525,-16.80040762052475,-70.17976286600607,26.517489711934157,100.0,55.462106551006876,391 days 18:00:00,53,0.0,27,34.61538461538461,30.77069820679129,-14.317104197987742,9.635785737693045,-5.366387881924285,6 days 04:33:19.999999999,4 days 04:17:38.823529411,0.8255353363584655,-0.603758444776592,0.0053597479356849755,-0.23262535821643512,1.0003427773568556,0.00777047795313366,long
760,"{'window_k': 42, 'window_d': 237, 'window_ma': 132}","open_time
2022-01-01 00:00:00    100.000000
2022-01-01 01:00:00    100.000000
2022-01-01 02:00:00    100.000000
2022-01-01 03:00:00    100.000000
2022-01-01 04:00:00    100.000000
                          ...    
2023-05-01 19:00:00     80.685386
2023-05-01 20:00:00     80.500089
2023-05-01 21:00:00     80.905426
2023-05-01 22:00:00     81.264440
2023-05-01 23:00:00     81.264440
Freq: H, Length: 11664, dtype: float64",2022-01-01,2023-05-01 23:00:00,486 days,100.0,49.6524267785399,130.26824193337552,81.2644399015871,-18.735560098412904,-70.17976286600607,31.438614540466393,100.0,61.88447311361263,391 days 18:00:00,53,0.0,27,34.61538461538461,29.892025004735746,-22.28494016708061,14.090033085156485,-7.52715674262725,9 days 05:53:20,4 days 01:49:24.705882352,0.8298886933834886,-0.7272798577580128,-0.050263746206179245,-0.2331408162916045,0.9973522865540205,-0.0701086690139416,long
3447,"{'window_k': 207, 'window_d': 117, 'window_ma': 117}","open_time
2022-01-01 00:00:00    100.000000
2022-01-01 01:00:00    100.000000
2022-01-01 02:00:00    100.000000
2022-01-01 03:00:00    100.000000
2022-01-01 04:00:00    100.000000
                          ...    
2023-05-01 19:00:00     80.470542
2023-05-01 20:00:00     80.285738
2023-05-01 21:00:00     80.689996
2023-05-01 22:00:00     81.048054
2023-05-01 23:00:00     81.048054
Freq: H, Length: 11664, dtype: float64",2022-01-01,2023-05-01 23:00:00,486 days,100.0,59.473094779520665,158.25779215818505,81.04805377266754,-18.951946227332456,-70.17976286600607,34.807956104252405,100.0,62.420115958603226,309 days 12:00:00,57,0.0,29,32.142857142857146,28.78186968838526,-21.560299541745838,14.512957135463688,-6.8897019407342714,7 days 19:13:20,5 days 01:44:12.631578947,0.8635749955664069,-0.6727301356881492,0.08632399708207664,-0.23388261940960273,1.0051731482400672,0.13199882675586835,long
716,"{'window_k': 42, 'window_d': 192, 'window_ma': 192}","open_time
2022-01-01 00:00:00    100.000000
2022-01-01 01:00:00    100.000000
2022-01-01 02:00:00    100.000000
2022-01-01 03:00:00    100.000000
2022-01-01 04:00:00    100.000000
                          ...    
2023-05-01 19:00:00     82.163791
2023-05-01 20:00:00     81.975098
2023-05-01 21:00:00     82.387863
2023-05-01 22:00:00     82.753455
2023-05-01 23:00:00     82.753455
Freq: H, Length: 11664, dtype: float64",2022-01-01,2023-05-01 23:00:00,486 days,100.0,57.32999279785869,132.08643675774368,82.75345500347511,-17.24654499652489,-70.17976286600607,37.114197530864196,100.0,56.59660885318139,391 days 18:00:00,59,0.0,30,31.03448275862069,34.345749761222535,-12.20043572984749,14.76039103601223,-6.6617624071297925,9 days 17:46:40,4 days 12:09:00,0.8643874944019724,-0.5906417994259292,0.0026874344755255654,-0.23416401599632164,1.0001324286845683,0.0037578237462214436,long
639,"{'window_k': 42, 'window_d': 117, 'window_ma': 237}","open_time
2022-01-01 00:00:00    100.000000
2022-01-01 01:00:00    100.000000
2022-01-01 02:00:00    100.000000
2022-01-01 03:00:00    100.000000
2022-01-01 04:00:00    100.000000
                          ...    
2023-05-01 19:00:00     83.490918
2023-05-01 20:00:00     83.299178
2023-05-01 21:00:00     83.718610
2023-05-01 22:00:00     84.090107
2023-05-01 23:00:00     84.090107
Freq: H, Length: 11664, dtype: float64",2022-01-01,2023-05-01 23:00:00,486 days,100.0,59.19566427745781,138.87198221240504,84.09010673607521,-15.909893263924788,-70.17976286600607,42.91838134430727,100.0,52.10079997429605,275 days 07:00:00,87,0.0,44,41.86046511627907,42.50568257788475,-17.114404817044928,8.850890700684957,-6.166988271575061,6 days 02:00:00,3 days 18:00:00,0.9094073141083348,-0.3373905185242472,0.12679600641345556,-0.2342129278319951,1.0062423451412474,0.1809698948449789,long
638,"{'window_k': 42, 'window_d': 117, 'window_ma': 222}","open_time
2022-01-01 00:00:00    100.000000
2022-01-01 01:00:00    100.000000
2022-01-01 02:00:00    100.000000
2022-01-01 03:00:00    100.000000
2022-01-01 04:00:00    100.000000
                          ...    
2023-05-01 19:00:00     83.490918
2023-05-01 20:00:00     83.299178
2023-05-01 21:00:00     83.718610
2023-05-01 22:00:00     84.090107
2023-05-01 23:00:00     84.090107
Freq: H, Length: 11664, dtype: float64",2022-01-01,2023-05-01 23:00:00,486 days,100.0,59.19566427745781,138.87198221240504,84.09010673607521,-15.909893263924788,-70.17976286600607,42.91838134430727,100.0,52.10079997429605,275 days 07:00:00,87,0.0,44,41.86046511627907,42.50568257788475,-17.114404817044928,8.850890700684957,-6.166988271575061,6 days 02:00:00,3 days 18:00:00,0.9094073141083348,-0.3373905185242472,0.12679600641345556,-0.2342129278319951,1.0062423451412474,0.1809698948449789,long
636,"{'window_k': 42, 'window_d': 117, 'window_ma': 192}","open_time
2022-01-01 00:00:00    100.000000
2022-01-01 01:00:00    100.000000
2022-01-01 02:00:00    100.000000
2022-01-01 03:00:00    100.000000
2022-01-01 04:00:00    100.000000
                          ...    
2023-05-01 19:00:00     83.490918
2023-05-01 20:00:00     83.299178
2023-05-01 21:00:00     83.718610
2023-05-01 22:00:00     84.090107
2023-05-01 23:00:00     84.090107
Freq: H, Length: 11664, dtype: float64",2022-01-01,2023-05-01 23:00:00,486 days,100.0,59.19566427745781,138.87198221240504,84.09010673607521,-15.909893263924788,-70.17976286600607,42.91838134430727,100.0,52.10079997429605,275 days 07:00:00,87,0.0,44,41.86046511627907,42.50568257788475,-17.114404817044928,8.850890700684957,-6.166988271575061,6 days 02:00:00,3 days 18:00:00,0.9094073141083348,-0.3373905185242472,0.12679600641345556,-0.2342129278319951,1.0062423451412474,0.1809698948449789,long
2118,"{'window_k': 132, 'window_d': 72, 'window_ma': 102}","open_time
2022-01-01 00:00:00    100.000000
2022-01-01 01:00:00    100.000000
2022-01-01 02:00:00    100.000000
2022-01-01 03:00:00    100.000000
2022-01-01 04:00:00    100.000000
                          ...    
2023-05-01 19:00:00     84.177532
2023-05-01 20:00:00     83.984215
2023-05-01 21:00:00     84.407096
2023-05-01 22:00:00     84.781648
2023-05-01 23:00:00     84.781648
Freq: H, Length: 11664, dtype: float64",2022-01-01,2023-05-01 23:00:00,486 days,100.0,51.9371944148839,130.26773546144116,84.7816479658833,-15.218352034116705,-70.17976286600607,38.08299039780521,100.0,49.71537543927979,194 days 16:00:00,91,0.0,46,40.0,24.895551732612446,-20.71468453378002,9.571479096295146,-6.1841318775825815,5 days 15:36:40,2 days 21:22:13.333333333,0.9133443893368202,-0.30677156559906393,0.15689587966088733,-0.23455459678362117,1.0089327295020438,0.24005979017136336,long
416,"{'window_k': 27, 'window_d': 162, 'window_ma': 12}","open_time
2022-01-01 00:00:00    100.000000
2022-01-01 01:00:00    100.000000
2022-01-01 02:00:00    100.000000
2022-01-01 03:00:00    100.000000
2022-01-01 04:00:00    100.000000
                          ...    
2023-05-01 19:00:00     90.191147
2023-05-01 20:00:00     90.191147
2023-05-01 21:00:00     90.191147
2023-05-01 22:00:00     90.191147
2023-05-01 23:00:00     90.191147
Freq: H, Length: 11664, dtype: float64",2022-01-01,2023-05-01 23:00:00,486 days,100.0,73.11694591351859,116.73670132270426,90.19114693711391,-9.808853062886087,-70.17976286600607,14.068930041152264,100.0,31.771458896783933,266 days 11:00:00,72,0.0,36,44.44444444444444,18.504502153203717,-13.11149974003875,5.247762173837703,-4.324914069691987,2 days 09:22:30,1 days 12:09:00,0.8846768826669659,-0.27246814063572433,-0.025488152410928812,-0.23481997845310867,0.9979217145615102,-0.03673372013112682,long
947,"{'window_k': 57, 'window_d': 177, 'window_ma': 57}","open_time
2022-01-01 00:00:00    100.000000
2022-01-01 01:00:00    100.000000
2022-01-01 02:00:00    100.000000
2022-01-01 03:00:00    100.000000
2022-01-01 04:00:00    100.000000
                          ...    
2023-05-01 19:00:00     82.152664
2023-05-01 20:00:00     81.963997
2023-05-01 21:00:00     82.376706
2023-05-01 22:00:00     82.742249
2023-05-01 23:00:00     82.742249
Freq: H, Length: 11664, dtype: float64",2022-01-01,2023-05-01 23:00:00,486 days,100.0,52.86960731622844,121.3846741030551,82.74224853221428,-17.257751467785724,-70.17976286600607,27.700617283950617,100.0,56.4445777797761,430 days 01:00:00,63,0.0,32,35.483870967741936,29.633131618759467,-26.76644121456325,11.49084246900824,-6.303749459994224,4 days 12:43:38.181818181,4 days 02:30:00,0.8474337293954021,-0.5517567603954161,-0.0597468856356167,-0.23495103419926835,0.9965179282779152,-0.08313098701311705,long
2933,"{'window_k': 177, 'window_d': 117, 'window_ma': 87}","open_time
2022-01-01 00:00:00    100.000000
2022-01-01 01:00:00    100.000000
2022-01-01 02:00:00    100.000000
2022-01-01 03:00:00    100.000000
2022-01-01 04:00:00    100.000000
                          ...    
2023-05-01 19:00:00     82.993063
2023-05-01 20:00:00     82.993063
2023-05-01 21:00:00     82.993063
2023-05-01 22:00:00     82.993063
2023-05-01 23:00:00     82.993063
Freq: H, Length: 11664, dtype: float64",2022-01-01,2023-05-01 23:00:00,486 days,100.0,65.58024640518543,147.70464535165792,82.99306268555627,-17.006937314443732,-70.17976286600607,39.25754458161865,100.0,55.600417137151794,309 days 12:00:00,64,0.0,32,43.75,42.133967277303874,-23.720982645931937,10.88278615348386,-8.08495704749305,7 days 07:47:08.571428571,4 days 21:40:00,0.8926492739159722,-0.5314667910763653,0.13082335861150418,-0.23496802888047422,1.0071911367117234,0.19744103013440462,long
3115,"{'window_k': 192, 'window_d': 42, 'window_ma': 177}","open_time
2022-01-01 00:00:00    100.000000
2022-01-01 01:00:00    100.000000
2022-01-01 02:00:00    100.000000
2022-01-01 03:00:00    100.000000
2022-01-01 04:00:00    100.000000
                          ...    
2023-05-01 19:00:00     82.159267
2023-05-01 20:00:00     82.159267
2023-05-01 21:00:00     82.159267
2023-05-01 22:00:00     82.159267
2023-05-01 23:00:00     82.159267
Freq: H, Length: 11664, dtype: float64",2022-01-01,2023-05-01 23:00:00,486 days,100.0,50.90295993601662,122.23577292102621,82.15926695801109,-17.840733041988912,-70.17976286600607,40.4320987654321,100.0,58.35674064997005,430 days 01:00:00,132,0.0,66,31.818181818181817,33.14176245210729,-15.937687237866987,8.840028179496615,-4.145239541450628,4 days 03:11:25.714285714,2 days 10:30:40,0.8792111026044145,-0.2703141369998323,0.15830936102308277,-0.23512445665468534,1.0085932125894914,0.2449930123630085,long
784,"{'window_k': 57, 'window_d': 27, 'window_ma': 12}","open_time
2022-01-01 00:00:00    100.000000
2022-01-01 01:00:00    100.000000
2022-01-01 02:00:00    100.000000
2022-01-01 03:00:00    100.000000
2022-01-01 04:00:00    100.000000
                          ...    
2023-05-01 19:00:00     80.011088
2023-05-01 20:00:00     80.011088
2023-05-01 21:00:00     80.011088
2023-05-01 22:00:00     80.011088
2023-05-01 23:00:00     80.011088
Freq: H, Length: 11664, dtype: float64",2022-01-01,2023-05-01 23:00:00,486 days,100.0,35.074979953947064,101.8232648596086,80.01108808198647,-19.988911918013528,-70.17976286600607,26.774691358024693,100.0,65.55307865809688,481 days 09:00:00,230,0.0,115,40.0,23.84564643799471,-13.197654752508727,5.017212388183291,-3.3816418952785026,1 days 12:06:31.304347826,0 days 21:11:18.260869565,0.8613382222111481,-0.17381662537403053,0.016418853797420262,-0.2352431548206274,1.001128839305672,0.025525603759375494,long
1253,"{'window_k': 72, 'window_d': 222, 'window_ma': 87}","open_time
2022-01-01 00:00:00    100.000000
2022-01-01 01:00:00    100.000000
2022-01-01 02:00:00    100.000000
2022-01-01 03:00:00    100.000000
2022-01-01 04:00:00    100.000000
                          ...    
2023-05-01 19:00:00     79.739751
2023-05-01 20:00:00     79.556626
2023-05-01 21:00:00     79.957213
2023-05-01 22:00:00     80.312019
2023-05-01 23:00:00     80.312019
Freq: H, Length: 11664, dtype: float64",2022-01-01,2023-05-01 23:00:00,486 days,100.0,54.634997251746825,153.6753289810085,80.31201875087248,-19.687981249127517,-70.17976286600607,34.72222222222222,100.0,64.44777596116373,391 days 18:00:00,49,0.0,25,45.83333333333333,28.755846585594007,-27.289740202553936,11.471696630421416,-9.808479867634208,8 days 13:16:21.818181818,5 days 17:00:00,0.8397740049953206,-0.8279627851713789,-0.05483545576154311,-0.23557234747070954,0.9972000990355006,-0.07600332653239773,long
2067,"{'window_k': 132, 'window_d': 27, 'window_ma': 57}","open_time
2022-01-01 00:00:00    100.000000
2022-01-01 01:00:00    100.000000
2022-01-01 02:00:00    100.000000
2022-01-01 03:00:00    100.000000
2022-01-01 04:00:00    100.000000
                          ...    
2023-05-01 19:00:00     80.352657
2023-05-01 20:00:00     80.352657
2023-05-01 21:00:00     80.352657
2023-05-01 22:00:00     80.352657
2023-05-01 23:00:00     80.352657
Freq: H, Length: 11664, dtype: float64",2022-01-01,2023-05-01 23:00:00,486 days,100.0,37.267832454146664,104.42254808052861,80.35265735826276,-19.64734264173724,-70.17976286600607,34.43072702331962,100.0,64.31055060502216,445 days 12:00:00,194,0.0,97,35.051546391752574,25.406504065040657,-14.461569764484466,6.856103623496214,-3.672593209476347,2 days 14:37:03.529411764,1 days 05:57:08.571428571,0.8798429446026325,-0.20254992414162176,0.08136076762394182,-0.23557383107687183,1.0049377751053414,0.1274932814046537,long
2167,"{'window_k': 132, 'window_d': 117, 'window_ma': 117}","open_time
2022-01-01 00:00:00    100.000000
2022-01-01 01:00:00    100.000000
2022-01-01 02:00:00    100.000000
2022-01-01 03:00:00    100.000000
2022-01-01 04:00:00    100.000000
                          ...    
2023-05-01 19:00:00     82.383589
2023-05-01 20:00:00     82.194391
2023-05-01 21:00:00     82.608260
2023-05-01 22:00:00     82.974830
2023-05-01 23:00:00     82.974830
Freq: H, Length: 11664, dtype: float64",2022-01-01,2023-05-01 23:00:00,486 days,100.0,64.9899072669918,146.00342079253915,82.97483019216958,-17.025169807830423,-70.17976286600607,39.92626886145405,100.0,55.487407819479785,275 days 07:00:00,71,0.0,36,37.142857142857146,35.872889243451645,-25.053824362606235,11.863874457646153,-6.722029610752957,6 days 15:00:00,4 days 17:40:54.545454545,0.8924613104283382,-0.48102778663438306,0.06181228569256794,-0.23570508969302711,1.0030682712134038,0.0875650194156929,long
3641,"{'window_k': 222, 'window_d': 57, 'window_ma': 147}","open_time
2022-01-01 00:00:00    100.000000
2022-01-01 01:00:00    100.000000
2022-01-01 02:00:00    100.000000
2022-01-01 03:00:00    100.000000
2022-01-01 04:00:00    100.000000
                          ...    
2023-05-01 19:00:00     84.088279
2023-05-01 20:00:00     83.895167
2023-05-01 21:00:00     84.317600
2023-05-01 22:00:00     84.691755
2023-05-01 23:00:00     84.691755
Freq: H, Length: 11664, dtype: float64",2022-01-01,2023-05-01 23:00:00,486 days,100.0,65.75713330489329,130.9042200729695,84.69175475861448,-15.30824524138552,-70.17976286600607,40.38065843621399,100.0,49.766987444531196,275 days 07:00:00,99,0.0,50,38.775510204081634,30.952380952380942,-17.211997273346967,9.141850372959471,-5.669354263441842,4 days 14:25:15.789473684,3 days 11:10:00,0.9036501131955097,-0.32423636209210693,0.1779339869491259,-0.23572502365734935,1.0097583593534758,0.2725201516380498,long
2806,"{'window_k': 162, 'window_d': 237, 'window_ma': 102}","open_time
2022-01-01 00:00:00    100.000000
2022-01-01 01:00:00    100.000000
2022-01-01 02:00:00    100.000000
2022-01-01 03:00:00    100.000000
2022-01-01 04:00:00    100.000000
                          ...    
2023-05-01 19:00:00     83.494495
2023-05-01 20:00:00     83.494495
2023-05-01 21:00:00     83.494495
2023-05-01 22:00:00     83.494495
2023-05-01 23:00:00     83.494495
Freq: H, Length: 11664, dtype: float64",2022-01-01,2023-05-01 23:00:00,486 days,100.0,64.79465193130308,140.07912089480814,83.49449488684557,-16.505505113154427,-70.17976286600607,28.703703703703702,100.0,53.744247167313134,349 days 17:00:00,36,0.0,18,38.88888888888889,41.81765049678551,-16.66824689485163,11.250029089227528,-7.494633535798935,8 days 07:17:08.571428571,7 days 09:32:43.636363636,0.786643940371534,-0.9169725062863572,-0.047287991468326275,-0.2357486979903214,0.9972701185406477,-0.06610767268309753,long
3103,"{'window_k': 192, 'window_d': 27, 'window_ma': 237}","open_time
2022-01-01 00:00:00    100.00000
2022-01-01 01:00:00    100.00000
2022-01-01 02:00:00    100.00000
2022-01-01 03:00:00    100.00000
2022-01-01 04:00:00    100.00000
                         ...    
2023-05-01 19:00:00     80.64709
2023-05-01 20:00:00     80.64709
2023-05-01 21:00:00     80.64709
2023-05-01 22:00:00     80.64709
2023-05-01 23:00:00     80.64709
Freq: H, Length: 11664, dtype: float64",2022-01-01,2023-05-01 23:00:00,486 days,100.0,40.34195165960597,109.69116080937167,80.64708977187517,-19.352910228124827,-70.17976286600607,37.09705075445816,100.0,63.22224018604854,469 days 22:00:00,188,0.0,94,38.297872340425535,25.370287253141825,-14.919252771730882,6.834679547667425,-4.180600220480501,2 days 22:23:20,1 days 06:54:49.655172413,0.8854688656505975,-0.20588202370345643,0.09932087193656583,-0.23593730688865425,1.005757753135562,0.1537294447999013,long
2207,"{'window_k': 132, 'window_d': 147, 'window_ma': 237}","open_time
2022-01-01 00:00:00    100.000000
2022-01-01 01:00:00    100.000000
2022-01-01 02:00:00    100.000000
2022-01-01 03:00:00    100.000000
2022-01-01 04:00:00    100.000000
                          ...    
2023-05-01 19:00:00     83.267701
2023-05-01 20:00:00     83.076473
2023-05-01 21:00:00     83.494784
2023-05-01 22:00:00     83.865287
2023-05-01 23:00:00     83.865287
Freq: H, Length: 11664, dtype: float64",2022-01-01,2023-05-01 23:00:00,486 days,100.0,65.01779294154798,136.72761479216882,83.86528717440753,-16.134712825592473,-70.17976286600607,40.5778463648834,100.0,52.447211896164866,451 days 16:00:00,55,0.0,28,22.22222222222222,44.250432593990865,-13.254342805502558,22.684613305696764,-6.133890940121132,11 days 08:00:00,6 days 00:48:34.285714285,0.871402347624372,-0.5834169435476877,0.0779286217787002,-0.23602835951009327,1.003794791676356,0.11002853032929194,long
2146,"{'window_k': 132, 'window_d': 102, 'window_ma': 42}","open_time
2022-01-01 00:00:00    100.000000
2022-01-01 01:00:00    100.000000
2022-01-01 02:00:00    100.000000
2022-01-01 03:00:00    100.000000
2022-01-01 04:00:00    100.000000
                          ...    
2023-05-01 19:00:00     84.175599
2023-05-01 20:00:00     84.175599
2023-05-01 21:00:00     84.175599
2023-05-01 22:00:00     84.175599
2023-05-01 23:00:00     84.175599
Freq: H, Length: 11664, dtype: float64",2022-01-01,2023-05-01 23:00:00,486 days,100.0,63.47881536402389,130.48518575382548,84.17559919233558,-15.824400807664418,-70.17976286600607,30.195473251028808,100.0,51.35170709433361,451 days 16:00:00,76,0.0,38,36.84210526315789,31.84872336340948,-23.5002205558006,8.892537663178759,-5.21595209121429,5 days 02:38:34.285714285,3 days 03:12:29.999999999,0.8740651680709438,-0.41643160020169523,0.032728045988103485,-0.2363242065245609,1.001961129925253,0.04641113866297923,long
2710,"{'window_k': 162, 'window_d': 147, 'window_ma': 102}","open_time
2022-01-01 00:00:00    100.000000
2022-01-01 01:00:00    100.000000
2022-01-01 02:00:00    100.000000
2022-01-01 03:00:00    100.000000
2022-01-01 04:00:00    100.000000
                          ...    
2023-05-01 19:00:00     83.153672
2023-05-01 20:00:00     82.962706
2023-05-01 21:00:00     83.380444
2023-05-01 22:00:00     83.750440
2023-05-01 23:00:00     83.750440
Freq: H, Length: 11664, dtype: float64",2022-01-01,2023-05-01 23:00:00,486 days,100.0,65.37293939398643,138.3370279110003,83.7504400191458,-16.2495599808542,-70.17976286600607,32.767489711934154,100.0,52.74371556106845,391 days 18:00:00,55,0.0,28,29.629629629629626,41.02564102564101,-14.220018034265108,15.234120864341444,-6.230918358407855,9 days 06:52:30,4 days 08:31:34.736842105,0.8651603774967666,-0.5589566592444637,0.01815357576843888,-0.2364103624366662,1.0009683243575807,0.025456413861613347,long
909,"{'window_k': 57, 'window_d': 132, 'window_ma': 207}","open_time
2022-01-01 00:00:00    100.000000
2022-01-01 01:00:00    100.000000
2022-01-01 02:00:00    100.000000
2022-01-01 03:00:00    100.000000
2022-01-01 04:00:00    100.000000
                          ...    
2023-05-01 19:00:00     84.565004
2023-05-01 20:00:00     84.370797
2023-05-01 21:00:00     84.795625
2023-05-01 22:00:00     85.171901
2023-05-01 23:00:00     85.171901
Freq: H, Length: 11664, dtype: float64",2022-01-01,2023-05-01 23:00:00,486 days,100.0,60.00786185039783,115.44231975817726,85.17190113453195,-14.82809886546805,-70.17976286600607,37.92009602194788,100.0,48.01918224088075,439 days 04:00:00,73,0.0,37,36.11111111111111,31.914893617021285,-19.067215363511668,10.49402597196152,-5.862866177047263,7 days 08:46:09.230769230,3 days 15:44:20.869565217,0.8644597592133235,-0.4439223011843061,0.07563770758357602,-0.23648372743332982,1.0037479536876555,0.10545222311071023,long
3046,"{'window_k': 177, 'window_d': 222, 'window_ma': 102}","open_time
2022-01-01 00:00:00    100.000000
2022-01-01 01:00:00    100.000000
2022-01-01 02:00:00    100.000000
2022-01-01 03:00:00    100.000000
2022-01-01 04:00:00    100.000000
                          ...    
2023-05-01 19:00:00     85.086252
2023-05-01 20:00:00     85.086252
2023-05-01 21:00:00     85.086252
2023-05-01 22:00:00     85.086252
2023-05-01 23:00:00     85.086252
Freq: H, Length: 11664, dtype: float64",2022-01-01,2023-05-01 23:00:00,486 days,100.0,64.2224399578226,123.57299947334806,85.08625236286893,-14.913747637131067,-70.17976286600607,28.24931412894376,100.0,48.02874395577494,349 days 17:00:00,38,0.0,19,31.57894736842105,42.607802874743335,-14.975426423821906,13.955823037192458,-6.554173652415055,10 days 02:50:00,5 days 21:23:04.615384615,0.8129134590576871,-0.7849340861647938,-0.014112100316527331,-0.23783071914555995,0.9991793432754454,-0.01973212798499786,long
2965,"{'window_k': 177, 'window_d': 147, 'window_ma': 87}","open_time
2022-01-01 00:00:00    100.000000
2022-01-01 01:00:00    100.000000
2022-01-01 02:00:00    100.000000
2022-01-01 03:00:00    100.000000
2022-01-01 04:00:00    100.000000
                          ...    
2023-05-01 19:00:00     80.952347
2023-05-01 20:00:00     80.952347
2023-05-01 21:00:00     80.952347
2023-05-01 22:00:00     80.952347
2023-05-01 23:00:00     80.952347
Freq: H, Length: 11664, dtype: float64",2022-01-01,2023-05-01 23:00:00,486 days,100.0,63.14904416076999,164.4213121662671,80.95234679574578,-19.047653204254217,-70.17976286600607,36.0082304526749,100.0,61.593151563641555,349 days 17:00:00,54,0.0,27,33.33333333333333,29.82456140350879,-21.425364758698095,13.932740325851753,-7.053357815413218,8 days 17:06:40,5 days 08:46:40,0.8629593278570562,-0.7054686371946,0.0033289232480179327,-0.2382526333130505,1.0001731675074794,0.004774567253306473,long
1165,"{'window_k': 72, 'window_d': 132, 'window_ma': 207}","open_time
2022-01-01 00:00:00    100.000000
2022-01-01 01:00:00    100.000000
2022-01-01 02:00:00    100.000000
2022-01-01 03:00:00    100.000000
2022-01-01 04:00:00    100.000000
                          ...    
2023-05-01 19:00:00     82.288467
2023-05-01 20:00:00     82.099488
2023-05-01 21:00:00     82.512880
2023-05-01 22:00:00     82.879026
2023-05-01 23:00:00     82.879026
Freq: H, Length: 11664, dtype: float64",2022-01-01,2023-05-01 23:00:00,486 days,100.0,56.36466995381821,125.77769565190582,82.8790261319436,-17.120973868056396,-70.17976286600607,39.51474622770919,100.0,55.187070599695666,451 days 16:00:00,71,0.0,36,40.0,36.904530429710306,-17.940288493794043,10.750960137767875,-6.9624623049149,6 days 22:08:34.285714285,4 days 07:57:08.571428571,0.8712414362739185,-0.4793842784841935,0.045832977143526896,-0.23835382007673914,1.0022278224907168,0.06433224590605745,long
3558,"{'window_k': 207, 'window_d': 222, 'window_ma': 102}","open_time
2022-01-01 00:00:00    100.000000
2022-01-01 01:00:00    100.000000
2022-01-01 02:00:00    100.000000
2022-01-01 03:00:00    100.000000
2022-01-01 04:00:00    100.000000
                          ...    
2023-05-01 19:00:00     82.732837
2023-05-01 20:00:00     82.732837
2023-05-01 21:00:00     82.732837
2023-05-01 22:00:00     82.732837
2023-05-01 23:00:00     82.732837
Freq: H, Length: 11664, dtype: float64",2022-01-01,2023-05-01 23:00:00,486 days,100.0,59.78027952167702,134.5255233477681,82.73283654570783,-17.267163454292174,-70.17976286600607,30.80418381344307,100.0,55.562128260868185,349 days 17:00:00,34,0.0,17,35.294117647058826,41.97512801755668,-15.512384652744062,12.278853467452421,-7.139981337666139,9 days 15:00:00,8 days 08:38:10.909090909,0.748766646465177,-1.0157154973113047,-0.03881715216464474,-0.23881594350950613,0.9978275837390491,-0.05432094739357339,long
2466,"{'window_k': 147, 'window_d': 162, 'window_ma': 42}","open_time
2022-01-01 00:00:00    100.000000
2022-01-01 01:00:00    100.000000
2022-01-01 02:00:00    100.000000
2022-01-01 03:00:00    100.000000
2022-01-01 04:00:00    100.000000
                          ...    
2023-05-01 19:00:00     81.994126
2023-05-01 20:00:00     81.994126
2023-05-01 21:00:00     81.994126
2023-05-01 22:00:00     81.994126
2023-05-01 23:00:00     81.994126
Freq: H, Length: 11664, dtype: float64",2022-01-01,2023-05-01 23:00:00,486 days,100.0,62.921196024656304,149.34348725640166,81.99412629527484,-18.00587370472516,-70.17976286600607,25.300068587105624,100.0,57.86813527621094,314 days 09:00:00,52,0.0,26,34.61538461538461,32.877492877492884,-20.965207631874303,12.181317987941503,-6.9943989616791,5 days 13:53:20,4 days 12:33:45,0.8473443706288775,-0.6925336040278913,-0.09011426823360379,-0.23936098464965844,0.994552659732588,-0.12775806536292492,long
3192,"{'window_k': 192, 'window_d': 117, 'window_ma': 132}","open_time
2022-01-01 00:00:00    100.000000
2022-01-01 01:00:00    100.000000
2022-01-01 02:00:00    100.000000
2022-01-01 03:00:00    100.000000
2022-01-01 04:00:00    100.000000
                          ...    
2023-05-01 19:00:00     80.853385
2023-05-01 20:00:00     80.667702
2023-05-01 21:00:00     81.073883
2023-05-01 22:00:00     81.433644
2023-05-01 23:00:00     81.433644
Freq: H, Length: 11664, dtype: float64",2022-01-01,2023-05-01 23:00:00,486 days,100.0,60.67105733795707,150.05323757571767,81.43364449447395,-18.566355505526047,-70.17976286600607,37.97153635116598,100.0,59.5669788148742,309 days 12:00:00,57,0.0,29,35.714285714285715,33.27125182918715,-26.48412074963528,13.944065961479222,-7.636400935476459,8 days 11:24:00,5 days 09:13:20,0.8713050455957099,-0.6655709524279967,0.10951586401900217,-0.2399654592832877,1.0061430370425786,0.16459630505092498,long
3728,"{'window_k': 222, 'window_d': 147, 'window_ma': 12}","open_time
2022-01-01 00:00:00    100.000000
2022-01-01 01:00:00    100.000000
2022-01-01 02:00:00    100.000000
2022-01-01 03:00:00    100.000000
2022-01-01 04:00:00    100.000000
                          ...    
2023-05-01 19:00:00     87.612743
2023-05-01 20:00:00     87.411537
2023-05-01 21:00:00     87.851676
2023-05-01 22:00:00     87.851676
2023-05-01 23:00:00     87.851676
Freq: H, Length: 11664, dtype: float64",2022-01-01,2023-05-01 23:00:00,486 days,100.0,70.35205552068597,119.3410737404768,87.85167552980793,-12.148324470192065,-70.17976286600607,13.991769547325102,100.0,38.60262020381181,353 days 18:00:00,48,0.0,24,45.83333333333333,20.791133193197027,-23.788642841482133,5.091835129146461,-4.708362762695736,2 days 12:05:27.272727272,3 days 02:41:32.307692307,0.8068499276058625,-0.5061801862580029,-0.025582130765080494,-0.24011881524134263,0.9976889527295154,-0.03792272824409706,long
2204,"{'window_k': 132, 'window_d': 147, 'window_ma': 192}","open_time
2022-01-01 00:00:00    100.000000
2022-01-01 01:00:00    100.000000
2022-01-01 02:00:00    100.000000
2022-01-01 03:00:00    100.000000
2022-01-01 04:00:00    100.000000
                          ...    
2023-05-01 19:00:00     82.924547
2023-05-01 20:00:00     82.734107
2023-05-01 21:00:00     83.150694
2023-05-01 22:00:00     83.519671
2023-05-01 23:00:00     83.519671
Freq: H, Length: 11664, dtype: float64",2022-01-01,2023-05-01 23:00:00,486 days,100.0,64.74984870740201,136.72761479216882,83.51967070348891,-16.480329296511087,-70.17976286600607,40.9636488340192,100.0,52.64318125798929,451 days 16:00:00,55,0.0,28,25.925925925925924,44.250432593990865,-13.254342805502553,19.816019767605102,-6.560454999888433,10 days 15:08:34.285714285,6 days 02:36:00,0.8721280603665271,-0.5962759288875512,0.0742477742439104,-0.24030388041341103,1.0035941867449325,0.10485590355832826,long
2417,"{'window_k': 147, 'window_d': 117, 'window_ma': 27}","open_time
2022-01-01 00:00:00    100.000000
2022-01-01 01:00:00    100.000000
2022-01-01 02:00:00    100.000000
2022-01-01 03:00:00    100.000000
2022-01-01 04:00:00    100.000000
                          ...    
2023-05-01 19:00:00     85.045383
2023-05-01 20:00:00     84.850073
2023-05-01 21:00:00     85.277314
2023-05-01 22:00:00     85.655728
2023-05-01 23:00:00     85.655728
Freq: H, Length: 11664, dtype: float64",2022-01-01,2023-05-01 23:00:00,486 days,100.0,70.93173520804757,130.5284364925581,85.6557275281056,-14.344272471894397,-70.17976286600607,27.349108367626883,100.0,45.65802126030089,397 days 07:00:00,67,0.0,34,42.42424242424242,24.338304077477574,-15.048543689320399,7.614262630900408,-5.850299494910588,3 days 14:30:00,4 days 03:41:03.157894736,0.871130210067495,-0.46130813184131503,0.06762118123884049,-0.24043618487902632,1.004178542705921,0.09788704040281078,long
2006,"{'window_k': 117, 'window_d': 207, 'window_ma': 102}","open_time
2022-01-01 00:00:00    100.000000
2022-01-01 01:00:00    100.000000
2022-01-01 02:00:00    100.000000
2022-01-01 03:00:00    100.000000
2022-01-01 04:00:00    100.000000
                          ...    
2023-05-01 19:00:00     79.220129
2023-05-01 20:00:00     79.038197
2023-05-01 21:00:00     79.436174
2023-05-01 22:00:00     79.788667
2023-05-01 23:00:00     79.788667
Freq: H, Length: 11664, dtype: float64",2022-01-01,2023-05-01 23:00:00,486 days,100.0,46.10111625482279,131.0228143910343,79.78866730834419,-20.211332691655812,-70.17976286600607,31.36145404663923,100.0,64.81443596743757,391 days 18:00:00,47,0.0,24,34.78260869565217,40.76349275998245,-17.678878780427837,13.443697032968712,-7.415480370058732,8 days 17:52:30,5 days 11:24:00,0.7679344996660717,-0.8678772101081553,-0.0783217391633676,-0.24064940620443637,0.9957731433648137,-0.10926378597894355,long
2458,"{'window_k': 147, 'window_d': 147, 'window_ma': 162}","open_time
2022-01-01 00:00:00    100.000000
2022-01-01 01:00:00    100.000000
2022-01-01 02:00:00    100.000000
2022-01-01 03:00:00    100.000000
2022-01-01 04:00:00    100.000000
                          ...    
2023-05-01 19:00:00     83.124969
2023-05-01 20:00:00     82.934069
2023-05-01 21:00:00     83.351662
2023-05-01 22:00:00     83.721531
2023-05-01 23:00:00     83.721531
Freq: H, Length: 11664, dtype: float64",2022-01-01,2023-05-01 23:00:00,486 days,100.0,63.8535954330342,132.76992367129066,83.72153097638463,-16.278469023615372,-70.17976286600607,37.62002743484225,100.0,51.90658119897563,391 days 18:00:00,55,0.0,28,25.925925925925924,40.51486362243335,-13.368193702398543,18.339338529862008,-6.181526869535507,10 days 18:17:08.571428571,5 days 06:12:00,0.8714080580886638,-0.5679963273931281,0.06701229015127008,-0.2406603007930579,1.0033525158985297,0.09530676804193584,long
1911,"{'window_k': 117, 'window_d': 117, 'window_ma': 117}","open_time
2022-01-01 00:00:00    100.000000
2022-01-01 01:00:00    100.000000
2022-01-01 02:00:00    100.000000
2022-01-01 03:00:00    100.000000
2022-01-01 04:00:00    100.000000
                          ...    
2023-05-01 19:00:00     83.574738
2023-05-01 20:00:00     83.382805
2023-05-01 21:00:00     83.802658
2023-05-01 22:00:00     84.174528
2023-05-01 23:00:00     84.174528
Freq: H, Length: 11664, dtype: float64",2022-01-01,2023-05-01 23:00:00,486 days,100.0,65.37368963096075,131.66187353319563,84.17452780701149,-15.825472192988514,-70.17976286600607,39.891975308641975,100.0,50.3472889480961,451 days 16:00:00,71,0.0,36,34.285714285714285,30.99071793900362,-15.605817987723505,11.083621809024354,-5.786839197278519,6 days 11:00:00,4 days 21:20:52.173913043,0.8742063602371738,-0.4603820397221794,0.06600515823383608,-0.2410555084481831,1.0032243237417549,0.09229275841556528,long
1565,"{'window_k': 102, 'window_d': 27, 'window_ma': 207}","open_time
2022-01-01 00:00:00    100.000000
2022-01-01 01:00:00    100.000000
2022-01-01 02:00:00    100.000000
2022-01-01 03:00:00    100.000000
2022-01-01 04:00:00    100.000000
                          ...    
2023-05-01 19:00:00     81.891691
2023-05-01 20:00:00     81.891691
2023-05-01 21:00:00     81.891691
2023-05-01 22:00:00     81.891691
2023-05-01 23:00:00     81.891691
Freq: H, Length: 11664, dtype: float64",2022-01-01,2023-05-01 23:00:00,486 days,100.0,42.92299014749442,101.30651377009117,81.89169147902302,-18.108308520976976,-70.17976286600607,36.69410150891632,100.0,57.630572260234445,477 days 04:00:00,200,0.0,100,36.0,29.313929313929304,-14.893299507536176,7.066543513038248,-3.886776201923217,2 days 11:45:00,1 days 09:15:56.250000,0.8955378206828435,-0.18108308520977046,0.12251981631034013,-0.24175043476577202,1.007164625556276,0.19098902304402493,long
2206,"{'window_k': 132, 'window_d': 147, 'window_ma': 222}","open_time
2022-01-01 00:00:00    100.000000
2022-01-01 01:00:00    100.000000
2022-01-01 02:00:00    100.000000
2022-01-01 03:00:00    100.000000
2022-01-01 04:00:00    100.000000
                          ...    
2023-05-01 19:00:00     82.775137
2023-05-01 20:00:00     82.585041
2023-05-01 21:00:00     83.000877
2023-05-01 22:00:00     83.369189
2023-05-01 23:00:00     83.369189
Freq: H, Length: 11664, dtype: float64",2022-01-01,2023-05-01 23:00:00,486 days,100.0,64.63318547421036,136.72761479216882,83.36918888748649,-16.630811112513513,-70.17976286600607,39.28326474622771,100.0,52.72850654752131,451 days 16:00:00,55,0.0,28,22.22222222222222,44.25043259399087,-13.254342805502569,22.684613305696768,-6.159697585698048,11 days 08:00:00,5 days 17:37:08.571428571,0.8673258170451338,-0.6018747461567302,0.06963361685867053,-0.2421571721203379,1.0034197143778962,0.09830539873783821,long
1167,"{'window_k': 72, 'window_d': 132, 'window_ma': 237}","open_time
2022-01-01 00:00:00    100.000000
2022-01-01 01:00:00    100.000000
2022-01-01 02:00:00    100.000000
2022-01-01 03:00:00    100.000000
2022-01-01 04:00:00    100.000000
                          ...    
2023-05-01 19:00:00     81.148649
2023-05-01 20:00:00     80.962288
2023-05-01 21:00:00     81.369953
2023-05-01 22:00:00     81.731028
2023-05-01 23:00:00     81.731028
Freq: H, Length: 11664, dtype: float64",2022-01-01,2023-05-01 23:00:00,486 days,100.0,54.726367191688325,130.22226185955057,81.73102771248928,-18.26897228751072,-70.17976286600607,40.766460905349795,100.0,57.97464549439888,391 days 18:00:00,71,0.0,36,37.142857142857146,36.904530429710306,-17.940288493794046,11.523979235660308,-6.676377598595135,7 days 01:32:18.461538461,4 days 15:24:32.727272727,0.860867047578258,-0.5123197896447431,0.03919488736127738,-0.24250365220689793,1.0018760414808332,0.055033923299725736,long
4075,"{'window_k': 237, 'window_d': 222, 'window_ma': 177}","open_time
2022-01-01 00:00:00    100.00000
2022-01-01 01:00:00    100.00000
2022-01-01 02:00:00    100.00000
2022-01-01 03:00:00    100.00000
2022-01-01 04:00:00    100.00000
                         ...    
2023-05-01 19:00:00     82.59646
2023-05-01 20:00:00     82.59646
2023-05-01 21:00:00     82.59646
2023-05-01 22:00:00     82.59646
2023-05-01 23:00:00     82.59646
Freq: H, Length: 11664, dtype: float64",2022-01-01,2023-05-01 23:00:00,486 days,100.0,58.06881229740294,129.42771712251368,82.59646010358321,-17.40353989641679,-70.17976286600607,33.882030178326474,100.0,55.13417559359702,349 days 17:00:00,34,0.0,17,41.17647058823529,37.90310918293565,-18.479474141138528,12.550957287430744,-9.178125593416715,11 days 21:42:51.428571428,8 days 03:12:00,0.7845493672204551,-1.0237376409656935,-0.009397130517940626,-0.2426175084715522,0.9994925140987699,-0.013232128819512277,long
2480,"{'window_k': 147, 'window_d': 177, 'window_ma': 12}","open_time
2022-01-01 00:00:00    100.000000
2022-01-01 01:00:00    100.000000
2022-01-01 02:00:00    100.000000
2022-01-01 03:00:00    100.000000
2022-01-01 04:00:00    100.000000
                          ...    
2023-05-01 19:00:00     86.795367
2023-05-01 20:00:00     86.596037
2023-05-01 21:00:00     87.032070
2023-05-01 22:00:00     87.032070
2023-05-01 23:00:00     87.032070
Freq: H, Length: 11664, dtype: float64",2022-01-01,2023-05-01 23:00:00,486 days,100.0,70.81888478770135,119.6167058629651,87.0320698819427,-12.967930118057296,-70.17976286600607,14.789094650205762,100.0,40.79515542851293,391 days 18:00:00,52,0.0,26,46.15384615384615,20.74498567335245,-8.083371091980066,3.552479747435102,-3.7361144087751423,2 days 08:20:00,3 days 02:55:42.857142857,0.725037350607793,-0.49876654300220347,-0.1611834851426952,-0.24281503355202713,0.9875757486361304,-0.22148941963999333,long
466,"{'window_k': 27, 'window_d': 207, 'window_ma': 42}","open_time
2022-01-01 00:00:00    100.000000
2022-01-01 01:00:00    100.000000
2022-01-01 02:00:00    100.000000
2022-01-01 03:00:00    100.000000
2022-01-01 04:00:00    100.000000
                          ...    
2023-05-01 19:00:00     85.402071
2023-05-01 20:00:00     85.402071
2023-05-01 21:00:00     85.402071
2023-05-01 22:00:00     85.402071
2023-05-01 23:00:00     85.402071
Freq: H, Length: 11664, dtype: float64",2022-01-01,2023-05-01 23:00:00,486 days,100.0,72.16988557136109,133.70573307803312,85.40207146007336,-14.597928539926642,-70.17976286600607,27.77777777777778,100.0,46.02334252246205,409 days 07:00:00,72,0.0,36,33.33333333333333,36.45406670567581,-10.669077757685349,10.643749803240528,-5.253702730402474,5 days 00:20:00,3 days 02:49:59.999999999,0.89202107818023,-0.4054980149979621,-0.032729928047936924,-0.24283120367266578,0.998125935719603,-0.04606928852992486,long
3124,"{'window_k': 192, 'window_d': 57, 'window_ma': 72}","open_time
2022-01-01 00:00:00    100.000000
2022-01-01 01:00:00    100.000000
2022-01-01 02:00:00    100.000000
2022-01-01 03:00:00    100.000000
2022-01-01 04:00:00    100.000000
                          ...    
2023-05-01 19:00:00     85.746226
2023-05-01 20:00:00     85.746226
2023-05-01 21:00:00     85.746226
2023-05-01 22:00:00     85.746226
2023-05-01 23:00:00     85.746226
Freq: H, Length: 11664, dtype: float64",2022-01-01,2023-05-01 23:00:00,486 days,100.0,65.71337961838785,119.10214235209236,85.74622605197557,-14.253773948024431,-70.17976286600607,35.399519890260635,100.0,44.82603056448429,355 days 14:00:00,96,0.0,48,45.83333333333333,20.18224117875147,-17.211933015415326,6.61728853649355,-5.651719508160002,4 days 16:08:10.909090909,2 days 15:55:23.076923076,0.8987974710160902,-0.2969536239171746,0.1607062198802656,-0.2433231620156328,1.0095309363672842,0.2469476758630696,long
1587,"{'window_k': 102, 'window_d': 57, 'window_ma': 57}","open_time
2022-01-01 00:00:00    100.000000
2022-01-01 01:00:00    100.000000
2022-01-01 02:00:00    100.000000
2022-01-01 03:00:00    100.000000
2022-01-01 04:00:00    100.000000
                          ...    
2023-05-01 19:00:00     84.890862
2023-05-01 20:00:00     84.890862
2023-05-01 21:00:00     84.890862
2023-05-01 22:00:00     84.890862
2023-05-01 23:00:00     84.890862
Freq: H, Length: 11664, dtype: float64",2022-01-01,2023-05-01 23:00:00,486 days,100.0,67.22850248619822,137.83326837445637,84.89086220991028,-15.109137790089719,-70.17976286600607,37.697187928669415,100.0,47.521905046474096,194 days 16:00:00,114,0.0,57,40.35087719298245,21.64106552595761,-20.09324539458721,7.437096815240482,-4.9762005530906785,3 days 19:28:41.739130434,2 days 19:26:28.235294117,0.9133708524766267,-0.26507259280859197,0.16388539595639717,-0.24358280355681278,1.0093795331777973,0.2503187876762219,long
3188,"{'window_k': 192, 'window_d': 117, 'window_ma': 72}","open_time
2022-01-01 00:00:00    100.000000
2022-01-01 01:00:00    100.000000
2022-01-01 02:00:00    100.000000
2022-01-01 03:00:00    100.000000
2022-01-01 04:00:00    100.000000
                          ...    
2023-05-01 19:00:00     80.488919
2023-05-01 20:00:00     80.304073
2023-05-01 21:00:00     80.708424
2023-05-01 22:00:00     81.066563
2023-05-01 23:00:00     81.066563
Freq: H, Length: 11664, dtype: float64",2022-01-01,2023-05-01 23:00:00,486 days,100.0,59.72378032450878,148.74789411245757,81.06656310974147,-18.933436890258534,-70.17976286600607,33.7962962962963,100.0,59.8489910187529,391 days 18:00:00,57,0.0,29,39.285714285714285,32.42418462712188,-26.484120749635277,10.938324505430344,-7.187440133434114,7 days 03:27:16.363636363,4 days 20:52:56.470588235,0.8478427429733678,-0.6786697919216724,0.09120622348745211,-0.2436855282492351,1.0054277947221313,0.13737197498912587,long
1266,"{'window_k': 72, 'window_d': 237, 'window_ma': 42}","open_time
2022-01-01 00:00:00    100.000000
2022-01-01 01:00:00    100.000000
2022-01-01 02:00:00    100.000000
2022-01-01 03:00:00    100.000000
2022-01-01 04:00:00    100.000000
                          ...    
2023-05-01 19:00:00     82.809508
2023-05-01 20:00:00     82.809508
2023-05-01 21:00:00     82.809508
2023-05-01 22:00:00     82.809508
2023-05-01 23:00:00     82.809508
Freq: H, Length: 11664, dtype: float64",2022-01-01,2023-05-01 23:00:00,486 days,100.0,57.80935565527773,126.01773148110283,82.80950799630685,-17.19049200369315,-70.17976286600607,25.617283950617285,100.0,54.126014668065494,430 days 01:00:00,48,0.0,24,50.0,29.531568228105886,-26.827921360724527,8.954048831705427,-9.105006811167442,5 days 08:09:59.999999999,5 days 00:50:00,0.8248911944047348,-0.7162705001538816,-0.09875135758258546,-0.24403725272470161,0.9941787932579943,-0.13746478616886365,long
1557,"{'window_k': 102, 'window_d': 27, 'window_ma': 87}","open_time
2022-01-01 00:00:00    100.00000
2022-01-01 01:00:00    100.00000
2022-01-01 02:00:00    100.00000
2022-01-01 03:00:00    100.00000
2022-01-01 04:00:00    100.00000
                         ...    
2023-05-01 19:00:00     81.59062
2023-05-01 20:00:00     81.59062
2023-05-01 21:00:00     81.59062
2023-05-01 22:00:00     81.59062
2023-05-01 23:00:00     81.59062
Freq: H, Length: 11664, dtype: float64",2022-01-01,2023-05-01 23:00:00,486 days,100.0,42.49237460193722,101.30651377009117,81.59061971299975,-18.409380287000246,-70.17976286600607,36.66838134430727,100.0,58.05563431155964,477 days 04:00:00,198,0.0,99,35.35353535353536,29.313929313929314,-14.893299507536176,7.23246342158528,-3.8732346312294372,2 days 13:20:34.285714285,1 days 09:16:52.500000,0.8925251697409238,-0.18595333623232535,0.11791155399165688,-0.24407569219257874,1.0068990024801163,0.18392212806113922,long
3359,"{'window_k': 207, 'window_d': 27, 'window_ma': 237}","open_time
2022-01-01 00:00:00    100.000000
2022-01-01 01:00:00    100.000000
2022-01-01 02:00:00    100.000000
2022-01-01 03:00:00    100.000000
2022-01-01 04:00:00    100.000000
                          ...    
2023-05-01 19:00:00     79.733261
2023-05-01 20:00:00     79.733261
2023-05-01 21:00:00     79.733261
2023-05-01 22:00:00     79.733261
2023-05-01 23:00:00     79.733261
Freq: H, Length: 11664, dtype: float64",2022-01-01,2023-05-01 23:00:00,486 days,100.0,39.70717381770061,110.01068064860665,79.73326082478053,-20.26673917521947,-70.17976286600607,38.09156378600823,100.0,63.90607386156235,469 days 22:00:00,194,0.0,97,37.11340206185567,24.72466960352423,-14.131233595800527,6.84785786212063,-4.024588032330394,2 days 16:55:00,1 days 10:31:28.524590163,0.8786726363177226,-0.2089354554146341,0.09238946605771524,-0.2447588540515225,1.0052704883119141,0.14273893611891825,long
3189,"{'window_k': 192, 'window_d': 117, 'window_ma': 87}","open_time
2022-01-01 00:00:00    100.00000
2022-01-01 01:00:00    100.00000
2022-01-01 02:00:00    100.00000
2022-01-01 03:00:00    100.00000
2022-01-01 04:00:00    100.00000
                         ...    
2023-05-01 19:00:00     80.87379
2023-05-01 20:00:00     80.87379
2023-05-01 21:00:00     80.87379
2023-05-01 22:00:00     80.87379
2023-05-01 23:00:00     80.87379
Freq: H, Length: 11664, dtype: float64",2022-01-01,2023-05-01 23:00:00,486 days,100.0,61.0613134537675,153.44251476100484,80.87378972557467,-19.126210274425333,-70.17976286600607,37.60288065843621,100.0,60.20573988319088,309 days 12:00:00,58,0.0,29,34.48275862068966,35.213516030331235,-26.484120749635277,13.649477995219666,-7.083967851045299,8 days 20:30:00,4 days 23:00:00,0.869151626499622,-0.6595244922215633,0.09679406085228245,-0.24477605850209574,1.0054649532790139,0.14582962345607475,long
1668,"{'window_k': 102, 'window_d': 132, 'window_ma': 72}","open_time
2022-01-01 00:00:00    100.000000
2022-01-01 01:00:00    100.000000
2022-01-01 02:00:00    100.000000
2022-01-01 03:00:00    100.000000
2022-01-01 04:00:00    100.000000
                          ...    
2023-05-01 19:00:00     81.753456
2023-05-01 20:00:00     81.753456
2023-05-01 21:00:00     81.753456
2023-05-01 22:00:00     81.753456
2023-05-01 23:00:00     81.753456
Freq: H, Length: 11664, dtype: float64",2022-01-01,2023-05-01 23:00:00,486 days,100.0,57.12662859454021,133.72007612383425,81.75345572660491,-18.246544273395088,-70.17976286600607,37.637174211248286,100.0,57.278944007153484,453 days 11:00:00,70,0.0,35,37.142857142857146,30.586011342155007,-25.548726953467956,10.54893754688298,-6.1962292222436215,5 days 19:27:41.538461538,4 days 21:08:10.909090909,0.8556256743310368,-0.5213298363827166,0.03286447501129729,-0.24513985731156615,1.0016342168012395,0.04585385186742399,long
2936,"{'window_k': 177, 'window_d': 117, 'window_ma': 132}","open_time
2022-01-01 00:00:00    100.000000
2022-01-01 01:00:00    100.000000
2022-01-01 02:00:00    100.000000
2022-01-01 03:00:00    100.000000
2022-01-01 04:00:00    100.000000
                          ...    
2023-05-01 19:00:00     81.466563
2023-05-01 20:00:00     81.279471
2023-05-01 21:00:00     81.688733
2023-05-01 22:00:00     82.051223
2023-05-01 23:00:00     82.051223
Freq: H, Length: 11664, dtype: float64",2022-01-01,2023-05-01 23:00:00,486 days,100.0,63.313673020025455,144.90440846534054,82.05122286954082,-17.948777130459177,-70.17976286600607,39.68621399176955,100.0,56.306592952850465,309 days 12:00:00,63,0.0,32,38.70967741935484,40.092294783946315,-23.720982645931937,13.062444205634224,-7.980745122235502,7 days 18:15:00,5 days 02:03:09.473684210,0.8837044219578334,-0.5978528195024495,0.12343882644747088,-0.24519906343853012,1.0067333029274004,0.18582802914359683,long
1562,"{'window_k': 102, 'window_d': 27, 'window_ma': 162}","open_time
2022-01-01 00:00:00    100.000000
2022-01-01 01:00:00    100.000000
2022-01-01 02:00:00    100.000000
2022-01-01 03:00:00    100.000000
2022-01-01 04:00:00    100.000000
                          ...    
2023-05-01 19:00:00     81.483498
2023-05-01 20:00:00     81.483498
2023-05-01 21:00:00     81.483498
2023-05-01 22:00:00     81.483498
2023-05-01 23:00:00     81.483498
Freq: H, Length: 11664, dtype: float64",2022-01-01,2023-05-01 23:00:00,486 days,100.0,42.49237460193722,101.30651377009117,81.4834984072677,-18.516501592732297,-70.17976286600607,36.55692729766804,100.0,58.05563431155964,477 days 04:00:00,200,0.0,100,37.0,29.313929313929293,-14.893299507536176,6.880967916933921,-3.9593867630729225,2 days 10:27:34.054054054,1 days 09:20:57.142857142,0.892906792908078,-0.18516501592732237,0.11695360002496108,-0.2455336942235227,1.0068454390010295,0.18221755881436974,long
1669,"{'window_k': 102, 'window_d': 132, 'window_ma': 87}","open_time
2022-01-01 00:00:00    100.0000
2022-01-01 01:00:00    100.0000
2022-01-01 02:00:00    100.0000
2022-01-01 03:00:00    100.0000
2022-01-01 04:00:00    100.0000
                         ...   
2023-05-01 19:00:00     81.5373
2023-05-01 20:00:00     81.5373
2023-05-01 21:00:00     81.5373
2023-05-01 22:00:00     81.5373
2023-05-01 23:00:00     81.5373
Freq: H, Length: 11664, dtype: float64",2022-01-01,2023-05-01 23:00:00,486 days,100.0,57.53043472595036,136.26767500707496,81.5372996533726,-18.4627003466274,-70.17976286600607,42.121056241426615,100.0,57.78130453685117,391 days 18:00:00,70,0.0,35,31.428571428571427,31.81169757489301,-25.54872695346795,13.451767101373543,-6.011916463037145,6 days 21:16:21.818181818,5 days 08:57:30,0.86694203638418,-0.5275057241893544,0.04079938357424579,-0.2459636086023137,1.0019275483458765,0.05704512300075503,long
2880,"{'window_k': 177, 'window_d': 72, 'window_ma': 12}","open_time
2022-01-01 00:00:00    100.00000
2022-01-01 01:00:00    100.00000
2022-01-01 02:00:00    100.00000
2022-01-01 03:00:00    100.00000
2022-01-01 04:00:00    100.00000
                         ...    
2023-05-01 19:00:00     82.31018
2023-05-01 20:00:00     82.31018
2023-05-01 21:00:00     82.31018
2023-05-01 22:00:00     82.31018
2023-05-01 23:00:00     82.31018
Freq: H, Length: 11664, dtype: float64",2022-01-01,2023-05-01 23:00:00,486 days,100.0,73.26767112165655,163.77668621138426,82.31017988510801,-17.689820114891987,-70.17976286600607,15.286351165980797,100.0,55.26367469232404,355 days 14:00:00,80,0.0,40,45.0,20.07751937984495,-22.96842790495823,5.872831912974315,-5.109965779665701,1 days 18:20:00,1 days 22:24:32.727272727,0.8619303952388178,-0.4422455028723,-0.08519560915791245,-0.2461309558598876,0.9917852592166614,-0.13906627867905394,long
1706,"{'window_k': 102, 'window_d': 162, 'window_ma': 162}","open_time
2022-01-01 00:00:00    100.000000
2022-01-01 01:00:00    100.000000
2022-01-01 02:00:00    100.000000
2022-01-01 03:00:00    100.000000
2022-01-01 04:00:00    100.000000
                          ...    
2023-05-01 19:00:00     78.886642
2023-05-01 20:00:00     78.705475
2023-05-01 21:00:00     79.101777
2023-05-01 22:00:00     79.452787
2023-05-01 23:00:00     79.452787
Freq: H, Length: 11664, dtype: float64",2022-01-01,2023-05-01 23:00:00,486 days,100.0,56.54220603807182,159.06508646660868,79.45278654402351,-20.54721345597649,-70.17976286600607,39.891975308641975,100.0,64.45341508053605,355 days 14:00:00,63,0.0,32,29.03225806451613,42.352941176470594,-20.916676191564747,16.781342241937832,-6.700898679891157,10 days 04:00:00,4 days 13:00:00,0.8553145233888464,-0.6292098932938757,0.06658420832703939,-0.24613960987215142,1.003559325052671,0.0996482524350855,long
991,"{'window_k': 57, 'window_d': 207, 'window_ma': 237}","open_time
2022-01-01 00:00:00    100.000000
2022-01-01 01:00:00    100.000000
2022-01-01 02:00:00    100.000000
2022-01-01 03:00:00    100.000000
2022-01-01 04:00:00    100.000000
                          ...    
2023-05-01 19:00:00     79.689524
2023-05-01 20:00:00     79.506513
2023-05-01 21:00:00     79.906848
2023-05-01 22:00:00     80.261431
2023-05-01 23:00:00     80.261431
Freq: H, Length: 11664, dtype: float64",2022-01-01,2023-05-01 23:00:00,486 days,100.0,48.65214321143874,127.44337858154165,80.261430745602,-19.738569254398,-70.17976286600607,37.54286694101509,100.0,61.824502965205205,355 days 14:00:00,55,0.0,28,37.03703703703704,43.62209570703185,-14.715020355688882,13.61979841196242,-7.971833623742246,10 days 05:06:00,4 days 14:42:21.176470588,0.8155161185890244,-0.734447199151667,0.04639719852070619,-0.24621696771551496,1.0025611161396426,0.06927743902403098,long
4090,"{'window_k': 237, 'window_d': 237, 'window_ma': 162}","open_time
2022-01-01 00:00:00    100.000000
2022-01-01 01:00:00    100.000000
2022-01-01 02:00:00    100.000000
2022-01-01 03:00:00    100.000000
2022-01-01 04:00:00    100.000000
                          ...    
2023-05-01 19:00:00     84.857812
2023-05-01 20:00:00     84.857812
2023-05-01 21:00:00     84.857812
2023-05-01 22:00:00     84.857812
2023-05-01 23:00:00     84.857812
Freq: H, Length: 11664, dtype: float64",2022-01-01,2023-05-01 23:00:00,486 days,100.0,64.47352957817542,121.81839813993916,84.85781175786012,-15.14218824213988,-70.17976286600607,30.358367626886146,100.0,47.07406224131161,349 days 17:00:00,34,0.0,17,29.411764705882355,36.755823986195004,-21.494147349093417,18.916673101852084,-7.729112216352307,10 days 10:00:00,7 days 22:55:00,0.8207929983679618,-0.8907169554199923,0.016102868826311834,-0.24644941659956487,1.000897513363594,0.02269292111562885,long
321,"{'window_k': 27, 'window_d': 72, 'window_ma': 27}","open_time
2022-01-01 00:00:00    100.000000
2022-01-01 01:00:00    100.000000
2022-01-01 02:00:00    100.000000
2022-01-01 03:00:00    100.000000
2022-01-01 04:00:00    100.000000
                          ...    
2023-05-01 19:00:00     86.807685
2023-05-01 20:00:00     86.807685
2023-05-01 21:00:00     86.807685
2023-05-01 22:00:00     86.807685
2023-05-01 23:00:00     86.807685
Freq: H, Length: 11664, dtype: float64",2022-01-01,2023-05-01 23:00:00,486 days,100.0,74.37340118329777,125.8350899439628,86.80768465244725,-13.19231534755275,-70.17976286600607,28.50651577503429,100.0,40.89613539719491,430 days 01:00:00,134,0.0,67,43.28358208955223,18.89657823913878,-16.093469143199524,4.612019294682237,-3.5901866767099833,2 days 19:43:26.896551724,1 days 11:48:56.842105263,0.9031219390947975,-0.19690022906795113,0.06022384225580782,-0.24648251435609522,1.0036438599110846,0.08944737950591439,long
2955,"{'window_k': 177, 'window_d': 132, 'window_ma': 177}","open_time
2022-01-01 00:00:00    100.000000
2022-01-01 01:00:00    100.000000
2022-01-01 02:00:00    100.000000
2022-01-01 03:00:00    100.000000
2022-01-01 04:00:00    100.000000
                          ...    
2023-05-01 19:00:00     82.343374
2023-05-01 20:00:00     82.154269
2023-05-01 21:00:00     82.567936
2023-05-01 22:00:00     82.934327
2023-05-01 23:00:00     82.934327
Freq: H, Length: 11664, dtype: float64",2022-01-01,2023-05-01 23:00:00,486 days,100.0,66.36900130641497,141.37549429618173,82.93432668801256,-17.06567331198744,-70.17976286600607,40.25205761316872,100.0,53.05480512246918,391 days 18:00:00,57,0.0,29,35.714285714285715,39.96322402696904,-13.252279635258354,13.996580685364485,-7.480526519011906,8 days 21:36:00,5 days 18:46:40,0.8753113335323512,-0.6002019302259809,0.09620840346441031,-0.24711300824163873,1.00491787105218,0.13867859777585545,long
2867,"{'window_k': 177, 'window_d': 57, 'window_ma': 57}","open_time
2022-01-01 00:00:00    100.000000
2022-01-01 01:00:00    100.000000
2022-01-01 02:00:00    100.000000
2022-01-01 03:00:00    100.000000
2022-01-01 04:00:00    100.000000
                          ...    
2023-05-01 19:00:00     83.345404
2023-05-01 20:00:00     83.153998
2023-05-01 21:00:00     83.572699
2023-05-01 22:00:00     83.943548
2023-05-01 23:00:00     83.943548
Freq: H, Length: 11664, dtype: float64",2022-01-01,2023-05-01 23:00:00,486 days,100.0,59.519290609069714,118.62470473672546,83.94354789055312,-16.05645210944688,-70.17976286600607,32.39883401920439,100.0,49.82555215528986,430 days 01:00:00,99,0.0,50,40.816326530612244,21.847109041521154,-17.404292985173708,7.182672345371495,-5.208169413003723,4 days 12:27:00,2 days 03:12:24.827586206,0.8603704421358355,-0.3972627281290526,0.1158799263644044,-0.2472150894783889,1.0073257659811592,0.17917146045361315,long
718,"{'window_k': 42, 'window_d': 192, 'window_ma': 222}","open_time
2022-01-01 00:00:00    100.000000
2022-01-01 01:00:00    100.000000
2022-01-01 02:00:00    100.000000
2022-01-01 03:00:00    100.000000
2022-01-01 04:00:00    100.000000
                          ...    
2023-05-01 19:00:00     81.036582
2023-05-01 20:00:00     80.850479
2023-05-01 21:00:00     81.257581
2023-05-01 22:00:00     81.618157
2023-05-01 23:00:00     81.618157
Freq: H, Length: 11664, dtype: float64",2022-01-01,2023-05-01 23:00:00,486 days,100.0,56.543480247788686,132.08643675774368,81.61815692047385,-18.38184307952615,-70.17976286600607,36.051097393689986,100.0,57.19206177732418,391 days 18:00:00,59,0.0,30,31.03448275862069,34.345749761222535,-12.20043572984749,14.760391036012233,-6.7225705692986315,9 days 17:46:40,4 days 05:57:00,0.8561989548080524,-0.6298457997072653,-0.02001191086915099,-0.24738073398523394,0.9990027633243191,-0.027985744157388585,long
3826,"{'window_k': 222, 'window_d': 237, 'window_ma': 42}","open_time
2022-01-01 00:00:00    100.000000
2022-01-01 01:00:00    100.000000
2022-01-01 02:00:00    100.000000
2022-01-01 03:00:00    100.000000
2022-01-01 04:00:00    100.000000
                          ...    
2023-05-01 19:00:00     87.257451
2023-05-01 20:00:00     87.257451
2023-05-01 21:00:00     87.257451
2023-05-01 22:00:00     87.257451
2023-05-01 23:00:00     87.257451
Freq: H, Length: 11664, dtype: float64",2022-01-01,2023-05-01 23:00:00,486 days,100.0,70.57189918129663,116.21080279751109,87.2574507635232,-12.742549236476805,-70.17976286600607,20.41323731138546,100.0,39.27251384343067,424 days 03:00:00,38,0.0,19,36.84210526315789,28.83977900552485,-14.955062911923298,11.854978262254097,-7.090690689413794,6 days 13:42:51.428571428,4 days 10:25:00,0.8413883541863237,-0.670660486130358,-0.03637501803734841,-0.24776896708569604,0.9975567382636875,-0.05122690720022926,long
2625,"{'window_k': 162, 'window_d': 72, 'window_ma': 27}","open_time
2022-01-01 00:00:00    100.000000
2022-01-01 01:00:00    100.000000
2022-01-01 02:00:00    100.000000
2022-01-01 03:00:00    100.000000
2022-01-01 04:00:00    100.000000
                          ...    
2023-05-01 19:00:00     84.725547
2023-05-01 20:00:00     84.530971
2023-05-01 21:00:00     84.956605
2023-05-01 22:00:00     85.333596
2023-05-01 23:00:00     85.333596
Freq: H, Length: 11664, dtype: float64",2022-01-01,2023-05-01 23:00:00,486 days,100.0,59.92129762064941,112.97344839031085,85.33359568481725,-14.666404315182746,-70.17976286600607,24.751371742112482,100.0,45.317188283432955,408 days 10:00:00,79,0.0,40,38.46153846153847,20.213799805636555,-23.54904705502316,6.87461960706208,-4.473702319532979,4 days 03:12:00,2 days 05:15:00,0.8305494451909994,-0.41566278865469286,-0.018985810468516173,-0.24779553579613928,0.9988198541596307,-0.027201467269423237,long
3569,"{'window_k': 207, 'window_d': 237, 'window_ma': 27}","open_time
2022-01-01 00:00:00    100.000000
2022-01-01 01:00:00    100.000000
2022-01-01 02:00:00    100.000000
2022-01-01 03:00:00    100.000000
2022-01-01 04:00:00    100.000000
                          ...    
2023-05-01 19:00:00     87.619734
2023-05-01 20:00:00     87.619734
2023-05-01 21:00:00     87.619734
2023-05-01 22:00:00     87.619734
2023-05-01 23:00:00     87.619734
Freq: H, Length: 11664, dtype: float64",2022-01-01,2023-05-01 23:00:00,486 days,100.0,77.8478645336226,125.46564824153815,87.61973371020854,-12.380266289791464,-70.17976286600607,17.76406035665295,100.0,37.95284555996152,310 days 16:00:00,34,0.0,17,41.17647058823529,14.581497797356837,-13.460572576594679,7.731961969350591,-6.178665075341651,4 days 09:00:00,5 days 13:41:59.999999999,0.8044847074826945,-0.7282509582230281,-0.046536721391903395,-0.24897153968210065,0.9965585590855492,-0.06685953215396308,long
645,"{'window_k': 42, 'window_d': 132, 'window_ma': 87}","open_time
2022-01-01 00:00:00    100.00000
2022-01-01 01:00:00    100.00000
2022-01-01 02:00:00    100.00000
2022-01-01 03:00:00    100.00000
2022-01-01 04:00:00    100.00000
                         ...    
2023-05-01 19:00:00     83.47586
2023-05-01 20:00:00     83.47586
2023-05-01 21:00:00     83.47586
2023-05-01 22:00:00     83.47586
2023-05-01 23:00:00     83.47586
Freq: H, Length: 11664, dtype: float64",2022-01-01,2023-05-01 23:00:00,486 days,100.0,60.15271741835099,122.52511724996795,83.4758604939956,-16.524139506004403,-70.17976286600607,36.68552812071331,100.0,50.9058070961636,439 days 04:00:00,84,0.0,42,42.857142857142854,38.379850238257305,-18.897364771151175,7.810404407241007,-5.83033892331597,5 days 10:43:20,3 days 08:15:00,0.8715117602024652,-0.39343189300010506,0.04032898576859353,-0.2491812871121959,1.0020345065305043,0.056521101926106876,long
2335,"{'window_k': 147, 'window_d': 27, 'window_ma': 237}","open_time
2022-01-01 00:00:00    100.000000
2022-01-01 01:00:00    100.000000
2022-01-01 02:00:00    100.000000
2022-01-01 03:00:00    100.000000
2022-01-01 04:00:00    100.000000
                          ...    
2023-05-01 19:00:00     81.845606
2023-05-01 20:00:00     81.845606
2023-05-01 21:00:00     81.845606
2023-05-01 22:00:00     81.845606
2023-05-01 23:00:00     81.845606
Freq: H, Length: 11664, dtype: float64",2022-01-01,2023-05-01 23:00:00,486 days,100.0,44.72458605750715,101.76343056957036,81.84560593357935,-18.15439406642065,-70.17976286600607,38.66598079561043,100.0,56.050434024105265,454 days 07:00:00,198,0.0,99,36.36363636363637,23.877814427075876,-14.848161147566003,6.847309496043788,-3.850128350900966,2 days 22:58:20,1 days 07:01:54.285714285,0.9029334385139955,-0.1833777178426319,0.11796047951256355,-0.24921475260875325,1.0066822753503726,0.18286166155497688,long
2326,"{'window_k': 147, 'window_d': 27, 'window_ma': 102}","open_time
2022-01-01 00:00:00    100.000000
2022-01-01 01:00:00    100.000000
2022-01-01 02:00:00    100.000000
2022-01-01 03:00:00    100.000000
2022-01-01 04:00:00    100.000000
                          ...    
2023-05-01 19:00:00     81.123117
2023-05-01 20:00:00     81.123117
2023-05-01 21:00:00     81.123117
2023-05-01 22:00:00     81.123117
2023-05-01 23:00:00     81.123117
Freq: H, Length: 11664, dtype: float64",2022-01-01,2023-05-01 23:00:00,486 days,100.0,42.4380153181937,101.76343056957036,81.12311679410092,-18.876883205899077,-70.17976286600607,38.871742112482856,100.0,58.29738140639723,454 days 07:00:00,198,0.0,99,35.35353535353536,23.877814427075865,-14.848161147566003,6.91391624080831,-3.737342732833817,3 days 00:37:42.857142857,1 days 07:07:30,0.8970656652120063,-0.19067558793837347,0.1097940823416731,-0.2494037372021227,1.0062062965121505,0.16975211710725852,long
1924,"{'window_k': 117, 'window_d': 132, 'window_ma': 72}","open_time
2022-01-01 00:00:00    100.000000
2022-01-01 01:00:00    100.000000
2022-01-01 02:00:00    100.000000
2022-01-01 03:00:00    100.000000
2022-01-01 04:00:00    100.000000
                          ...    
2023-05-01 19:00:00     83.018655
2023-05-01 20:00:00     83.018655
2023-05-01 21:00:00     83.018655
2023-05-01 22:00:00     83.018655
2023-05-01 23:00:00     83.018655
Freq: H, Length: 11664, dtype: float64",2022-01-01,2023-05-01 23:00:00,486 days,100.0,63.89967850282319,133.78653078562635,83.01865473294677,-16.98134526705323,-70.17976286600607,35.60528120713306,100.0,52.237584659988514,391 days 18:00:00,64,0.0,32,37.5,37.15755805868446,-17.388089797015738,9.829466199937093,-5.940617377841638,5 days 07:55:00,5 days 10:54:00,0.8484330364894922,-0.5306670395954134,0.04285066107356913,-0.249708860809483,1.002180160193345,0.060149034868753656,long
663,"{'window_k': 42, 'window_d': 147, 'window_ma': 117}","open_time
2022-01-01 00:00:00    100.000000
2022-01-01 01:00:00    100.000000
2022-01-01 02:00:00    100.000000
2022-01-01 03:00:00    100.000000
2022-01-01 04:00:00    100.000000
                          ...    
2023-05-01 19:00:00     81.332033
2023-05-01 20:00:00     81.145251
2023-05-01 21:00:00     81.553837
2023-05-01 22:00:00     81.915728
2023-05-01 23:00:00     81.915728
Freq: H, Length: 11664, dtype: float64",2022-01-01,2023-05-01 23:00:00,486 days,100.0,59.2965869529012,133.61896941694707,81.91572804129542,-18.084271958704576,-70.17976286600607,36.462620027434845,100.0,55.62262812559865,286 days 02:00:00,77,0.0,39,39.473684210526315,35.68102444703143,-25.922934933087205,10.443712549053405,-6.548825723888988,6 days 15:20:00,3 days 04:41:44.347826086,0.8852134049271858,-0.4654568288323331,0.015454695171987623,-0.25013639836749557,1.0007826724845983,0.021484135471771113,long
3062,"{'window_k': 177, 'window_d': 237, 'window_ma': 102}","open_time
2022-01-01 00:00:00    100.000000
2022-01-01 01:00:00    100.000000
2022-01-01 02:00:00    100.000000
2022-01-01 03:00:00    100.000000
2022-01-01 04:00:00    100.000000
                          ...    
2023-05-01 19:00:00     83.433478
2023-05-01 20:00:00     83.433478
2023-05-01 21:00:00     83.433478
2023-05-01 22:00:00     83.433478
2023-05-01 23:00:00     83.433478
Freq: H, Length: 11664, dtype: float64",2022-01-01,2023-05-01 23:00:00,486 days,100.0,60.365172235869814,122.59133845984123,83.43347791255958,-16.56652208744042,-70.17976286600607,28.43792866941015,100.0,50.75902343978046,349 days 17:00:00,34,0.0,17,29.411764705882355,42.99636363636364,-16.653890379455735,14.988047533291585,-6.540939518992844,11 days 06:48:00,6 days 19:35:00,0.7650020918730257,-0.9745012992612012,-0.04680510970273013,-0.25055783821230576,0.9972917858356237,-0.06532390820855177,long
1657,"{'window_k': 102, 'window_d': 117, 'window_ma': 147}","open_time
2022-01-01 00:00:00    100.000000
2022-01-01 01:00:00    100.000000
2022-01-01 02:00:00    100.000000
2022-01-01 03:00:00    100.000000
2022-01-01 04:00:00    100.000000
                          ...    
2023-05-01 19:00:00     79.896743
2023-05-01 20:00:00     79.713257
2023-05-01 21:00:00     80.114632
2023-05-01 22:00:00     80.470137
2023-05-01 23:00:00     80.470137
Freq: H, Length: 11664, dtype: float64",2022-01-01,2023-05-01 23:00:00,486 days,100.0,52.679767658757456,131.77038848395844,80.47013681109776,-19.52986318890224,-70.17976286600607,42.378257887517144,100.0,60.0215433339406,391 days 18:00:00,71,0.0,36,34.285714285714285,36.69689369091261,-17.041348855881154,13.242925040432926,-6.805157286280582,7 days 09:25:00,4 days 22:00:00,0.8575004726141268,-0.548494130698935,0.030987346408986375,-0.2508554437266411,1.0014609824675325,0.04329807320093191,long
1750,"{'window_k': 102, 'window_d': 207, 'window_ma': 102}","open_time
2022-01-01 00:00:00    100.000000
2022-01-01 01:00:00    100.000000
2022-01-01 02:00:00    100.000000
2022-01-01 03:00:00    100.000000
2022-01-01 04:00:00    100.000000
                          ...    
2023-05-01 19:00:00     76.804228
2023-05-01 20:00:00     76.627844
2023-05-01 21:00:00     77.013684
2023-05-01 22:00:00     77.355428
2023-05-01 23:00:00     77.355428
Freq: H, Length: 11664, dtype: float64",2022-01-01,2023-05-01 23:00:00,486 days,100.0,41.866413353546385,139.01381998055885,77.35542824095093,-22.64457175904907,-70.17976286600607,30.29835390946502,100.0,69.88327249808586,391 days 18:00:00,49,0.0,25,37.5,41.830448811968324,-36.755009696186164,13.674049332639326,-8.222863064978474,8 days 21:40:00,4 days 10:16:00,0.7618987821813619,-0.9963471704488907,-0.10105004239767205,-0.25096267320091775,0.9942962381941581,-0.13773354920597206,long
3413,"{'window_k': 207, 'window_d': 87, 'window_ma': 87}","open_time
2022-01-01 00:00:00    100.000000
2022-01-01 01:00:00    100.000000
2022-01-01 02:00:00    100.000000
2022-01-01 03:00:00    100.000000
2022-01-01 04:00:00    100.000000
                          ...    
2023-05-01 19:00:00     79.678513
2023-05-01 20:00:00     79.678513
2023-05-01 21:00:00     79.678513
2023-05-01 22:00:00     79.678513
2023-05-01 23:00:00     79.678513
Freq: H, Length: 11664, dtype: float64",2022-01-01,2023-05-01 23:00:00,486 days,100.0,60.60033207168386,161.39468669537854,79.67851296252869,-20.321487037471314,-70.17976286600607,38.80315500685871,100.0,62.45208977290384,309 days 12:00:00,68,0.0,34,35.294117647058826,31.123318810380763,-19.642455588036867,12.702185910268424,-6.95798453522266,8 days 09:40:00,3 days 23:43:38.181818181,0.8776323643295846,-0.5976907952197461,0.1038644546637584,-0.2511538609607081,1.0057886870694188,0.15803657461349624,long
1561,"{'window_k': 102, 'window_d': 27, 'window_ma': 147}","open_time
2022-01-01 00:00:00    100.000000
2022-01-01 01:00:00    100.000000
2022-01-01 02:00:00    100.000000
2022-01-01 03:00:00    100.000000
2022-01-01 04:00:00    100.000000
                          ...    
2023-05-01 19:00:00     81.070131
2023-05-01 20:00:00     81.070131
2023-05-01 21:00:00     81.070131
2023-05-01 22:00:00     81.070131
2023-05-01 23:00:00     81.070131
Freq: H, Length: 11664, dtype: float64",2022-01-01,2023-05-01 23:00:00,486 days,100.0,42.49237460193722,101.30651377009117,81.07013092879892,-18.929869071201082,-70.17976286600607,37.05418381344307,100.0,58.05563431155964,477 days 04:00:00,200,0.0,100,36.0,29.31392931392931,-14.893299507536176,7.066543513038252,-3.902334961658997,2 days 11:45:00,1 days 09:55:18.750000,0.8905647663086119,-0.1892986907120109,0.11217518999021578,-0.2511644199896524,1.0065282323026365,0.17478187925027663,long
1564,"{'window_k': 102, 'window_d': 27, 'window_ma': 192}","open_time
2022-01-01 00:00:00    100.000000
2022-01-01 01:00:00    100.000000
2022-01-01 02:00:00    100.000000
2022-01-01 03:00:00    100.000000
2022-01-01 04:00:00    100.000000
                          ...    
2023-05-01 19:00:00     81.070131
2023-05-01 20:00:00     81.070131
2023-05-01 21:00:00     81.070131
2023-05-01 22:00:00     81.070131
2023-05-01 23:00:00     81.070131
Freq: H, Length: 11664, dtype: float64",2022-01-01,2023-05-01 23:00:00,486 days,100.0,42.49237460193722,101.30651377009117,81.07013092879892,-18.929869071201082,-70.17976286600607,37.05418381344307,100.0,58.05563431155964,477 days 04:00:00,200,0.0,100,36.0,29.31392931392931,-14.893299507536176,7.066543513038252,-3.902334961658997,2 days 11:45:00,1 days 09:55:18.750000,0.8905647663086119,-0.1892986907120109,0.11217518999021578,-0.2511644199896524,1.0065282323026365,0.17478187925027663,long
1566,"{'window_k': 102, 'window_d': 27, 'window_ma': 222}","open_time
2022-01-01 00:00:00    100.000000
2022-01-01 01:00:00    100.000000
2022-01-01 02:00:00    100.000000
2022-01-01 03:00:00    100.000000
2022-01-01 04:00:00    100.000000
                          ...    
2023-05-01 19:00:00     81.070131
2023-05-01 20:00:00     81.070131
2023-05-01 21:00:00     81.070131
2023-05-01 22:00:00     81.070131
2023-05-01 23:00:00     81.070131
Freq: H, Length: 11664, dtype: float64",2022-01-01,2023-05-01 23:00:00,486 days,100.0,42.49237460193722,101.30651377009117,81.07013092879892,-18.929869071201082,-70.17976286600607,37.05418381344307,100.0,58.05563431155964,477 days 04:00:00,200,0.0,100,36.0,29.31392931392931,-14.893299507536176,7.066543513038252,-3.902334961658997,2 days 11:45:00,1 days 09:55:18.750000,0.8905647663086119,-0.1892986907120109,0.11217518999021578,-0.2511644199896524,1.0065282323026365,0.17478187925027663,long
3094,"{'window_k': 192, 'window_d': 27, 'window_ma': 102}","open_time
2022-01-01 00:00:00    100.000000
2022-01-01 01:00:00    100.000000
2022-01-01 02:00:00    100.000000
2022-01-01 03:00:00    100.000000
2022-01-01 04:00:00    100.000000
                          ...    
2023-05-01 19:00:00     78.861694
2023-05-01 20:00:00     78.861694
2023-05-01 21:00:00     78.861694
2023-05-01 22:00:00     78.861694
2023-05-01 23:00:00     78.861694
Freq: H, Length: 11664, dtype: float64",2022-01-01,2023-05-01 23:00:00,486 days,100.0,38.35740825578043,109.69116080937167,78.86169440258064,-21.13830559741936,-70.17976286600607,37.34567901234568,100.0,65.03145014351668,469 days 22:00:00,190,0.0,95,36.84210526315789,25.370287253141825,-14.919252771730882,7.000022602746932,-4.063157067989085,3 days 00:00:00,1 days 06:36:00,0.8742682353311815,-0.22250847997283563,0.07698198644109566,-0.25118717012274416,1.004444560018699,0.11874671752116066,long
634,"{'window_k': 42, 'window_d': 117, 'window_ma': 162}","open_time
2022-01-01 00:00:00    100.000000
2022-01-01 01:00:00    100.000000
2022-01-01 02:00:00    100.000000
2022-01-01 03:00:00    100.000000
2022-01-01 04:00:00    100.000000
                          ...    
2023-05-01 19:00:00     82.351534
2023-05-01 20:00:00     82.162410
2023-05-01 21:00:00     82.576118
2023-05-01 22:00:00     82.942545
2023-05-01 23:00:00     82.942545
Freq: H, Length: 11664, dtype: float64",2022-01-01,2023-05-01 23:00:00,486 days,100.0,59.19566427745781,138.87198221240504,82.94254549025118,-17.057454509748823,-70.17976286600607,42.5497256515775,100.0,52.10079997429605,275 days 07:00:00,87,0.0,44,41.86046511627907,42.50568257788475,-17.114404817044935,8.850890700684957,-6.2191846540040014,6 days 02:00:00,3 days 16:16:48,0.9026993031930879,-0.3645229707008828,0.10921727685049555,-0.25151371293781133,1.0053941777184283,0.15571357051826643,long
3298,"{'window_k': 192, 'window_d': 222, 'window_ma': 42}","open_time
2022-01-01 00:00:00    100.000000
2022-01-01 01:00:00    100.000000
2022-01-01 02:00:00    100.000000
2022-01-01 03:00:00    100.000000
2022-01-01 04:00:00    100.000000
                          ...    
2023-05-01 19:00:00     86.666526
2023-05-01 20:00:00     86.666526
2023-05-01 21:00:00     86.666526
2023-05-01 22:00:00     86.666526
2023-05-01 23:00:00     86.666526
Freq: H, Length: 11664, dtype: float64",2022-01-01,2023-05-01 23:00:00,486 days,100.0,72.06950191331933,120.87741374383282,86.66652630685427,-13.333473693145734,-70.17976286600607,20.027434842249658,100.0,40.37802457781628,424 days 03:00:00,38,0.0,19,47.368421052631575,29.00608519269778,-22.845735832316734,9.084820159803847,-8.214744419336158,4 days 11:40:00,5 days 16:41:59.999999999,0.8397477029576467,-0.7017617733234598,-0.035677623221425904,-0.2523654713436112,0.9975702375982334,-0.05049741088425039,long
1654,"{'window_k': 102, 'window_d': 117, 'window_ma': 102}","open_time
2022-01-01 00:00:00    100.000000
2022-01-01 01:00:00    100.000000
2022-01-01 02:00:00    100.000000
2022-01-01 03:00:00    100.000000
2022-01-01 04:00:00    100.000000
                          ...    
2023-05-01 19:00:00     80.298620
2023-05-01 20:00:00     80.114211
2023-05-01 21:00:00     80.517606
2023-05-01 22:00:00     80.874898
2023-05-01 23:00:00     80.874898
Freq: H, Length: 11664, dtype: float64",2022-01-01,2023-05-01 23:00:00,486 days,100.0,52.55960839096294,125.96065933198103,80.87489807920073,-19.125101920799267,-70.17976286600607,39.360425240054866,100.0,58.272996767635846,391 days 18:00:00,71,0.0,36,31.428571428571427,36.69689369091262,-17.04134885588116,14.098287300449208,-6.367342955694196,7 days 09:16:21.818181818,4 days 09:52:30,0.856467292072411,-0.536881728593626,0.02275216459230709,-0.25287949725980297,1.001111345091765,0.03172170683753569,long
4088,"{'window_k': 237, 'window_d': 237, 'window_ma': 132}","open_time
2022-01-01 00:00:00    100.00000
2022-01-01 01:00:00    100.00000
2022-01-01 02:00:00    100.00000
2022-01-01 03:00:00    100.00000
2022-01-01 04:00:00    100.00000
                         ...    
2023-05-01 19:00:00     86.27848
2023-05-01 20:00:00     86.27848
2023-05-01 21:00:00     86.27848
2023-05-01 22:00:00     86.27848
2023-05-01 23:00:00     86.27848
Freq: H, Length: 11664, dtype: float64",2022-01-01,2023-05-01 23:00:00,486 days,100.0,68.80984677314734,117.35378715244485,86.27848013655665,-13.72151986344335,-70.17976286600607,29.286694101508914,100.0,41.36546553562689,451 days 16:00:00,34,0.0,17,41.17647058823529,36.755823986195004,-21.494147349093414,11.800649323591347,-8.181084726949557,9 days 13:08:34.285714285,7 days 13:12:00,0.8200567648035088,-0.8071482272613744,0.01587348453164021,-0.25364617737647366,1.000917323956773,0.022455169637472617,long
3622,"{'window_k': 222, 'window_d': 42, 'window_ma': 102}","open_time
2022-01-01 00:00:00    100.000000
2022-01-01 01:00:00    100.000000
2022-01-01 02:00:00    100.000000
2022-01-01 03:00:00    100.000000
2022-01-01 04:00:00    100.000000
                          ...    
2023-05-01 19:00:00     83.255035
2023-05-01 20:00:00     83.063837
2023-05-01 21:00:00     83.482084
2023-05-01 22:00:00     83.852531
2023-05-01 23:00:00     83.852531
Freq: H, Length: 11664, dtype: float64",2022-01-01,2023-05-01 23:00:00,486 days,100.0,66.47440132046066,132.3280785686194,83.85253108974436,-16.14746891025564,-70.17976286600607,41.60665294924554,100.0,48.80000297329137,275 days 07:00:00,127,0.0,64,41.269841269841265,23.94366197183099,-19.895566922421132,7.674071691295289,-5.28122448638899,4 days 02:32:18.461538461,2 days 10:25:56.756756756,0.925091788879427,-0.22918462735042722,0.16687843892485002,-0.25387373011505676,1.0087159715581213,0.25183223565010654,long
1394,"{'window_k': 87, 'window_d': 117, 'window_ma': 42}","open_time
2022-01-01 00:00:00    100.000000
2022-01-01 01:00:00    100.000000
2022-01-01 02:00:00    100.000000
2022-01-01 03:00:00    100.000000
2022-01-01 04:00:00    100.000000
                          ...    
2023-05-01 19:00:00     83.322823
2023-05-01 20:00:00     83.322823
2023-05-01 21:00:00     83.322823
2023-05-01 22:00:00     83.322823
2023-05-01 23:00:00     83.322823
Freq: H, Length: 11664, dtype: float64",2022-01-01,2023-05-01 23:00:00,486 days,100.0,65.43646429657262,131.9937125756314,83.32282329364718,-16.677176706352824,-70.17976286600607,29.38100137174211,100.0,50.42455960992989,439 days 04:00:00,72,0.0,36,41.66666666666667,33.744221879815086,-17.2026663548123,8.451414744594675,-6.128272857483403,4 days 15:20:00,3 days 11:40:00,0.8672786473804793,-0.4632549085098012,-0.046841258108950456,-0.25394418395203094,0.9973731700929975,-0.06440116296096342,long
669,"{'window_k': 42, 'window_d': 147, 'window_ma': 207}","open_time
2022-01-01 00:00:00    100.000000
2022-01-01 01:00:00    100.000000
2022-01-01 02:00:00    100.000000
2022-01-01 03:00:00    100.000000
2022-01-01 04:00:00    100.000000
                          ...    
2023-05-01 19:00:00     80.348797
2023-05-01 20:00:00     80.164272
2023-05-01 21:00:00     80.567919
2023-05-01 22:00:00     80.925435
2023-05-01 23:00:00     80.925435
Freq: H, Length: 11664, dtype: float64",2022-01-01,2023-05-01 23:00:00,486 days,100.0,52.32608037680363,123.93307041384409,80.92543506830106,-19.074564931698944,-70.17976286600607,38.61454046639231,100.0,57.77875896879379,451 days 16:00:00,77,0.0,39,36.84210526315789,35.68102444703144,-25.9229349330872,11.500226946144586,-6.440278813259863,7 days 07:25:42.857142857,3 days 09:12:30,0.86899380322034,-0.49164344236706947,0.017779387376708502,-0.2543501275244175,1.000872744984579,0.02479902290238383,long
2959,"{'window_k': 177, 'window_d': 132, 'window_ma': 237}","open_time
2022-01-01 00:00:00    100.000000
2022-01-01 01:00:00    100.000000
2022-01-01 02:00:00    100.000000
2022-01-01 03:00:00    100.000000
2022-01-01 04:00:00    100.000000
                          ...    
2023-05-01 19:00:00     82.103871
2023-05-01 20:00:00     81.915316
2023-05-01 21:00:00     82.327780
2023-05-01 22:00:00     82.693105
2023-05-01 23:00:00     82.693105
Freq: H, Length: 11664, dtype: float64",2022-01-01,2023-05-01 23:00:00,486 days,100.0,67.66900074969303,141.81368808861257,82.69310494964643,-17.306895050353575,-70.17976286600607,41.62379972565158,100.0,52.28316697651223,391 days 18:00:00,57,0.0,29,28.57142857142857,39.963224026969044,-13.252279635258352,17.190184071809078,-6.64561443466807,10 days 06:30:00,5 days 21:06:00,0.8700891230951882,-0.6088440026234192,0.10111495397921022,-0.25439173420261135,1.005080490201865,0.14583123116128474,long
2355,"{'window_k': 147, 'window_d': 57, 'window_ma': 57}","open_time
2022-01-01 00:00:00    100.000000
2022-01-01 01:00:00    100.000000
2022-01-01 02:00:00    100.000000
2022-01-01 03:00:00    100.000000
2022-01-01 04:00:00    100.000000
                          ...    
2023-05-01 19:00:00     84.495378
2023-05-01 20:00:00     84.301330
2023-05-01 21:00:00     84.725808
2023-05-01 22:00:00     85.101775
2023-05-01 23:00:00     85.101775
Freq: H, Length: 11664, dtype: float64",2022-01-01,2023-05-01 23:00:00,486 days,100.0,68.20093677274699,131.0952800639993,85.10177468099623,-14.898225319003771,-70.17976286600607,32.63888888888889,100.0,44.8260305644843,194 days 16:00:00,95,0.0,48,44.680851063829785,24.051876596580854,-20.09324539458721,6.915544609526604,-5.5301458502042715,3 days 21:28:34.285714285,2 days 17:50:46.153846153,0.911764272874134,-0.2775031929667984,0.13785103769592041,-0.25455242924394406,1.0087274117584832,0.21248994518249,long
403,"{'window_k': 27, 'window_d': 147, 'window_ma': 57}","open_time
2022-01-01 00:00:00    100.000000
2022-01-01 01:00:00    100.000000
2022-01-01 02:00:00    100.000000
2022-01-01 03:00:00    100.000000
2022-01-01 04:00:00    100.000000
                          ...    
2023-05-01 19:00:00     83.510371
2023-05-01 20:00:00     83.318586
2023-05-01 21:00:00     83.738116
2023-05-01 22:00:00     84.109699
2023-05-01 23:00:00     84.109699
Freq: H, Length: 11664, dtype: float64",2022-01-01,2023-05-01 23:00:00,486 days,100.0,65.57222630385377,125.78893073580713,84.1096993470216,-15.890300652978395,-70.17976286600607,28.24931412894376,100.0,47.87122688754365,430 days 01:00:00,83,0.0,42,31.70731707317073,28.95505617977528,-10.55716499359968,8.20810810880893,-3.9949930471609405,5 days 03:41:32.307692307,2 days 08:34:17.142857142,0.8470054296772224,-0.3884453740567002,-0.026884337104595868,-0.25458545384755393,0.9984682676272788,-0.03779662176039001,long
1701,"{'window_k': 102, 'window_d': 162, 'window_ma': 87}","open_time
2022-01-01 00:00:00    100.000000
2022-01-01 01:00:00    100.000000
2022-01-01 02:00:00    100.000000
2022-01-01 03:00:00    100.000000
2022-01-01 04:00:00    100.000000
                          ...    
2023-05-01 19:00:00     78.213967
2023-05-01 20:00:00     78.213967
2023-05-01 21:00:00     78.213967
2023-05-01 22:00:00     78.213967
2023-05-01 23:00:00     78.213967
Freq: H, Length: 11664, dtype: float64",2022-01-01,2023-05-01 23:00:00,486 days,100.0,57.45470334551817,169.79499876385393,78.21396681242939,-21.78603318757061,-70.17976286600607,38.62311385459534,100.0,66.16231116122299,355 days 14:00:00,64,0.0,32,28.125,31.803527403754973,-20.916676191564758,16.765770665908683,-6.579072152382127,9 days 00:20:00,4 days 15:13:02.608695652,0.8524360288599655,-0.680813537111582,0.027909044180285954,-0.25470220459650245,1.0015175510169207,0.041816654149129294,long
2636,"{'window_k': 162, 'window_d': 72, 'window_ma': 192}","open_time
2022-01-01 00:00:00    100.000000
2022-01-01 01:00:00    100.000000
2022-01-01 02:00:00    100.000000
2022-01-01 03:00:00    100.000000
2022-01-01 04:00:00    100.000000
                          ...    
2023-05-01 19:00:00     84.039585
2023-05-01 20:00:00     83.846585
2023-05-01 21:00:00     84.268773
2023-05-01 22:00:00     84.642712
2023-05-01 23:00:00     84.642712
Freq: H, Length: 11664, dtype: float64",2022-01-01,2023-05-01 23:00:00,486 days,100.0,60.32200682561375,132.28956108024346,84.64271152778915,-15.357288472210854,-70.17976286600607,40.33779149519891,100.0,46.15255198990858,275 days 07:00:00,81,0.0,41,40.0,26.886212828704824,-23.549047055023152,9.62898035044656,-6.341034145088073,6 days 23:48:45,3 days 07:07:30,0.8869518773688987,-0.42223071673625734,0.17271063666629688,-0.2550176545747737,1.0094079305562287,0.2650500681253588,long
3986,"{'window_k': 237, 'window_d': 147, 'window_ma': 42}","open_time
2022-01-01 00:00:00    100.000000
2022-01-01 01:00:00    100.000000
2022-01-01 02:00:00    100.000000
2022-01-01 03:00:00    100.000000
2022-01-01 04:00:00    100.000000
                          ...    
2023-05-01 19:00:00     82.015119
2023-05-01 20:00:00     81.826768
2023-05-01 21:00:00     82.238786
2023-05-01 22:00:00     82.603716
2023-05-01 23:00:00     82.603716
Freq: H, Length: 11664, dtype: float64",2022-01-01,2023-05-01 23:00:00,486 days,100.0,65.275508723828,136.772247707231,82.60371583631759,-17.39628416368241,-70.17976286600607,24.708504801097394,100.0,52.27430285158869,353 days 18:00:00,49,0.0,25,41.66666666666667,33.638968481375365,-22.868473231989427,11.059598380800058,-7.929819213806839,5 days 17:54:00,4 days 09:38:34.285714285,0.8413354202256444,-0.7464270668457416,-0.023921435550908247,-0.2557815351309449,0.9984402588351412,-0.035277931012966675,long
637,"{'window_k': 42, 'window_d': 117, 'window_ma': 207}","open_time
2022-01-01 00:00:00    100.000000
2022-01-01 01:00:00    100.000000
2022-01-01 02:00:00    100.000000
2022-01-01 03:00:00    100.000000
2022-01-01 04:00:00    100.000000
                          ...    
2023-05-01 19:00:00     82.069508
2023-05-01 20:00:00     81.881032
2023-05-01 21:00:00     82.293323
2023-05-01 22:00:00     82.658496
2023-05-01 23:00:00     82.658496
Freq: H, Length: 11664, dtype: float64",2022-01-01,2023-05-01 23:00:00,486 days,100.0,59.19566427745781,138.87198221240504,82.6584956769284,-17.341504323071604,-70.17976286600607,42.66975308641975,100.0,52.10079997429605,275 days 07:00:00,87,0.0,44,41.86046511627907,42.50568257788475,-17.114404817044935,8.850890700684957,-6.232104550644829,6 days 02:00:00,3 days 16:50:24,0.9010511044485902,-0.37123892420995075,0.1054340453119549,-0.2558052629994282,1.0051998641223758,0.15030355150329394,long
1558,"{'window_k': 102, 'window_d': 27, 'window_ma': 102}","open_time
2022-01-01 00:00:00    100.000000
2022-01-01 01:00:00    100.000000
2022-01-01 02:00:00    100.000000
2022-01-01 03:00:00    100.000000
2022-01-01 04:00:00    100.000000
                          ...    
2023-05-01 19:00:00     80.697316
2023-05-01 20:00:00     80.697316
2023-05-01 21:00:00     80.697316
2023-05-01 22:00:00     80.697316
2023-05-01 23:00:00     80.697316
Freq: H, Length: 11664, dtype: float64",2022-01-01,2023-05-01 23:00:00,486 days,100.0,42.49237460193722,101.30651377009117,80.69731569075694,-19.302684309243062,-70.17976286600607,36.50548696844993,100.0,58.05563431155964,477 days 04:00:00,200,0.0,100,36.0,29.313929313929314,-14.893299507536176,6.9926008925117795,-3.869717538937197,2 days 10:03:20,1 days 09:52:30,0.888549805483486,-0.19302684309243046,0.10600176737388542,-0.25624889267281187,1.0062116719840783,0.16518817173278477,long
79,"{'window_k': 12, 'window_d': 72, 'window_ma': 237}","open_time
2022-01-01 00:00:00    100.000000
2022-01-01 01:00:00    100.000000
2022-01-01 02:00:00    100.000000
2022-01-01 03:00:00    100.000000
2022-01-01 04:00:00    100.000000
                          ...    
2023-05-01 19:00:00     84.463175
2023-05-01 20:00:00     84.463175
2023-05-01 21:00:00     84.463175
2023-05-01 22:00:00     84.463175
2023-05-01 23:00:00     84.463175
Freq: H, Length: 11664, dtype: float64",2022-01-01,2023-05-01 23:00:00,486 days,100.0,68.52587630827742,131.84064097392516,84.46317500610672,-15.536824993893275,-70.17976286600607,34.61076817558299,100.0,46.42948609930604,172 days 03:00:00,178,0.0,89,39.325842696629216,20.199390750484618,-13.441909755145295,5.694769549488816,-3.750291239352235,2 days 16:56:34.285714285,1 days 09:01:07.924528301,0.9208398889909086,-0.1745710673471148,0.1461939762601583,-0.25652458951603074,1.0091483394036806,0.2340467210053926,long
3697,"{'window_k': 222, 'window_d': 117, 'window_ma': 27}","open_time
2022-01-01 00:00:00    100.000000
2022-01-01 01:00:00    100.000000
2022-01-01 02:00:00    100.000000
2022-01-01 03:00:00    100.000000
2022-01-01 04:00:00    100.000000
                          ...    
2023-05-01 19:00:00     82.872850
2023-05-01 20:00:00     82.682529
2023-05-01 21:00:00     83.098856
2023-05-01 22:00:00     83.467603
2023-05-01 23:00:00     83.467603
Freq: H, Length: 11664, dtype: float64",2022-01-01,2023-05-01 23:00:00,486 days,100.0,66.8583508347767,132.24377979377618,83.46760283017454,-16.532397169825458,-70.17976286600607,24.588477366255145,100.0,49.44310353270524,376 days 12:00:00,57,0.0,29,39.285714285714285,21.061587440992426,-15.355431309904164,7.493036242397364,-5.291722273925612,3 days 23:27:16.363636363,4 days 07:35:17.647058823,0.8263317136356814,-0.5598554710849806,-0.08967073241668867,-0.25668416202524225,0.9944487371396231,-0.12624086003430893,long
3394,"{'window_k': 207, 'window_d': 72, 'window_ma': 42}","open_time
2022-01-01 00:00:00    100.000000
2022-01-01 01:00:00    100.000000
2022-01-01 02:00:00    100.000000
2022-01-01 03:00:00    100.000000
2022-01-01 04:00:00    100.000000
                          ...    
2023-05-01 19:00:00     83.041263
2023-05-01 20:00:00     83.041263
2023-05-01 21:00:00     83.041263
2023-05-01 22:00:00     83.041263
2023-05-01 23:00:00     83.041263
Freq: H, Length: 11664, dtype: float64",2022-01-01,2023-05-01 23:00:00,486 days,100.0,72.32089306577001,146.35259419561157,83.04126329363966,-16.95873670636034,-70.17976286600607,23.782578875171467,100.0,50.58448163268802,355 days 14:00:00,72,0.0,36,33.33333333333333,26.53180153180154,-17.436392137947657,9.756240958643064,-5.045303336059711,4 days 02:30:00,2 days 18:19:59.999999999,0.869875119687432,-0.4710760196211208,0.043709058159618674,-0.257517780118602,1.0032957581287907,0.06915731851148604,long
1560,"{'window_k': 102, 'window_d': 27, 'window_ma': 132}","open_time
2022-01-01 00:00:00    100.00000
2022-01-01 01:00:00    100.00000
2022-01-01 02:00:00    100.00000
2022-01-01 03:00:00    100.00000
2022-01-01 04:00:00    100.00000
                         ...    
2023-05-01 19:00:00     80.59631
2023-05-01 20:00:00     80.59631
2023-05-01 21:00:00     80.59631
2023-05-01 22:00:00     80.59631
2023-05-01 23:00:00     80.59631
Freq: H, Length: 11664, dtype: float64",2022-01-01,2023-05-01 23:00:00,486 days,100.0,42.49237460193722,101.30651377009117,80.59630990188411,-19.403690098115888,-70.17976286600607,36.599794238683124,100.0,58.05563431155964,477 days 04:00:00,200,0.0,100,36.0,29.313929313929314,-14.893299507536176,7.066543513038252,-3.9114239926906538,2 days 11:45:00,1 days 09:05:37.500000,0.8879672116169991,-0.19403690098115933,0.10554008496900304,-0.25762742066296285,1.0061665897380847,0.16445045204481834,long
1446,"{'window_k': 87, 'window_d': 162, 'window_ma': 102}","open_time
2022-01-01 00:00:00    100.000000
2022-01-01 01:00:00    100.000000
2022-01-01 02:00:00    100.000000
2022-01-01 03:00:00    100.000000
2022-01-01 04:00:00    100.000000
                          ...    
2023-05-01 19:00:00     81.046688
2023-05-01 20:00:00     80.860561
2023-05-01 21:00:00     81.267714
2023-05-01 22:00:00     81.628335
2023-05-01 23:00:00     81.628335
Freq: H, Length: 11664, dtype: float64",2022-01-01,2023-05-01 23:00:00,486 days,100.0,60.74133295525636,134.62816180329912,81.62833492786604,-18.371665072133965,-70.17976286600607,36.11968449931413,100.0,54.88214936485313,391 days 18:00:00,65,0.0,33,31.25,38.675277861219605,-19.220872479205298,16.17922240847114,-6.973062629936345,8 days 21:18:00,3 days 19:32:43.636363636,0.868797106575502,-0.5690251225691805,0.015042555571570096,-0.25764613868690994,1.0007724082011593,0.02080924577791235,long
2920,"{'window_k': 177, 'window_d': 102, 'window_ma': 132}","open_time
2022-01-01 00:00:00    100.000000
2022-01-01 01:00:00    100.000000
2022-01-01 02:00:00    100.000000
2022-01-01 03:00:00    100.000000
2022-01-01 04:00:00    100.000000
                          ...    
2023-05-01 19:00:00     79.987681
2023-05-01 20:00:00     79.803986
2023-05-01 21:00:00     80.205819
2023-05-01 22:00:00     80.561728
2023-05-01 23:00:00     80.561728
Freq: H, Length: 11664, dtype: float64",2022-01-01,2023-05-01 23:00:00,486 days,100.0,62.031115776524516,148.21878368020447,80.56172797150808,-19.438272028491923,-70.17976286600607,40.697873799725656,100.0,58.14895100585746,309 days 12:00:00,67,0.0,34,33.33333333333333,30.291556228701243,-23.081164534627256,14.184021109023739,-6.98389002352751,8 days 10:05:27.272727272,4 days 14:40:54.545454545,0.8770486416162536,-0.5834720318895847,0.11709936681741842,-0.2576852992360153,1.0063185613901124,0.17703715252166552,long
852,"{'window_k': 57, 'window_d': 87, 'window_ma': 72}","open_time
2022-01-01 00:00:00    100.000000
2022-01-01 01:00:00    100.000000
2022-01-01 02:00:00    100.000000
2022-01-01 03:00:00    100.000000
2022-01-01 04:00:00    100.000000
                          ...    
2023-05-01 19:00:00     81.755246
2023-05-01 20:00:00     81.755246
2023-05-01 21:00:00     81.755246
2023-05-01 22:00:00     81.755246
2023-05-01 23:00:00     81.755246
Freq: H, Length: 11664, dtype: float64",2022-01-01,2023-05-01 23:00:00,486 days,100.0,70.91537095528273,155.87140468609607,81.75524570513261,-18.24475429486739,-70.17976286600607,42.301097393689986,100.0,54.44845719880567,194 days 16:00:00,108,0.0,54,38.88888888888889,21.10601304032842,-23.319863887707353,8.924346268858764,-5.613481123197716,5 days 03:08:34.285714285,2 days 23:09:05.454545454,0.9099549024770185,-0.33786582027532264,0.1426404252012656,-0.2578574198953717,1.0075154869782064,0.21568614308273196,long
64,"{'window_k': 12, 'window_d': 72, 'window_ma': 12}","open_time
2022-01-01 00:00:00    100.000000
2022-01-01 01:00:00    100.000000
2022-01-01 02:00:00    100.000000
2022-01-01 03:00:00    100.000000
2022-01-01 04:00:00    100.000000
                          ...    
2023-05-01 19:00:00     86.270382
2023-05-01 20:00:00     86.270382
2023-05-01 21:00:00     86.270382
2023-05-01 22:00:00     86.270382
2023-05-01 23:00:00     86.270382
Freq: H, Length: 11664, dtype: float64",2022-01-01,2023-05-01 23:00:00,486 days,100.0,72.87541777604679,124.77277349628025,86.27038242321167,-13.729617576788328,-70.17976286600607,19.35013717421125,100.0,40.649328753477334,204 days 00:00:00,178,0.0,89,39.325842696629216,22.023975466964046,-13.441909755145284,3.8637028630470702,-2.6185140297615326,1 days 04:42:51.428571428,0 days 23:21:30.566037735,0.8947677393819972,-0.1542653660313298,0.05303802644482147,-0.25826998500828396,1.0046767340608675,0.08891105799860147,long
3408,"{'window_k': 207, 'window_d': 87, 'window_ma': 12}","open_time
2022-01-01 00:00:00    100.000000
2022-01-01 01:00:00    100.000000
2022-01-01 02:00:00    100.000000
2022-01-01 03:00:00    100.000000
2022-01-01 04:00:00    100.000000
                          ...    
2023-05-01 19:00:00     82.448997
2023-05-01 20:00:00     82.448997
2023-05-01 21:00:00     82.448997
2023-05-01 22:00:00     82.448997
2023-05-01 23:00:00     82.448997
Freq: H, Length: 11664, dtype: float64",2022-01-01,2023-05-01 23:00:00,486 days,100.0,73.26277278326806,153.3820837668754,82.4489970755024,-17.551002924497595,-70.17976286600607,14.574759945130317,100.0,52.2351170462518,355 days 14:00:00,68,0.0,34,47.05882352941176,20.39469701555784,-17.213687150838002,5.945172961519884,-5.722148238069858,1 days 20:15:00,2 days 07:06:40,0.8347810429594356,-0.5162059683675766,-0.09708628254876132,-0.25830689205628504,0.990305109155358,-0.15730934131291927,long
3946,"{'window_k': 237, 'window_d': 102, 'window_ma': 162}","open_time
2022-01-01 00:00:00    100.000000
2022-01-01 01:00:00    100.000000
2022-01-01 02:00:00    100.000000
2022-01-01 03:00:00    100.000000
2022-01-01 04:00:00    100.000000
                          ...    
2023-05-01 19:00:00     82.063577
2023-05-01 20:00:00     81.875115
2023-05-01 21:00:00     82.287376
2023-05-01 22:00:00     82.652522
2023-05-01 23:00:00     82.652522
Freq: H, Length: 11664, dtype: float64",2022-01-01,2023-05-01 23:00:00,486 days,100.0,63.4691352050165,130.81276735846507,82.65252219579237,-17.347477804207628,-70.17976286600607,38.07441700960219,100.0,51.480932261686206,355 days 14:00:00,63,0.0,32,38.70967741935484,41.42414860681115,-25.375982042648708,13.835725625218116,-8.230331067816124,8 days 16:20:00,4 days 02:50:31.578947368,0.8872485214623896,-0.5538965917756782,0.13919484889241307,-0.2589767201709524,1.0078290526768166,0.21106989549048366,long
1474,"{'window_k': 87, 'window_d': 192, 'window_ma': 42}","open_time
2022-01-01 00:00:00    100.00000
2022-01-01 01:00:00    100.00000
2022-01-01 02:00:00    100.00000
2022-01-01 03:00:00    100.00000
2022-01-01 04:00:00    100.00000
                         ...    
2023-05-01 19:00:00     80.38526
2023-05-01 20:00:00     80.38526
2023-05-01 21:00:00     80.38526
2023-05-01 22:00:00     80.38526
2023-05-01 23:00:00     80.38526
Freq: H, Length: 11664, dtype: float64",2022-01-01,2023-05-01 23:00:00,486 days,100.0,54.22881894862288,130.19511753323752,80.38525952491744,-19.614740475082556,-70.17976286600607,24.828532235939644,100.0,58.348039484062205,376 days 12:00:00,52,0.0,26,38.46153846153847,33.638968481375365,-24.5157780195865,11.306140990008748,-7.264631385524828,5 days 10:54:00,4 days 03:11:15,0.8169884392486367,-0.7544130951954826,-0.16894670558895514,-0.2592037125154119,0.9898794159197309,-0.23325664948146313,long
2296,"{'window_k': 132, 'window_d': 237, 'window_ma': 132}","open_time
2022-01-01 00:00:00    100.000000
2022-01-01 01:00:00    100.000000
2022-01-01 02:00:00    100.000000
2022-01-01 03:00:00    100.000000
2022-01-01 04:00:00    100.000000
                          ...    
2023-05-01 19:00:00     82.992878
2023-05-01 20:00:00     82.992878
2023-05-01 21:00:00     82.992878
2023-05-01 22:00:00     82.992878
2023-05-01 23:00:00     82.992878
Freq: H, Length: 11664, dtype: float64",2022-01-01,2023-05-01 23:00:00,486 days,100.0,59.24837605644257,119.45143561559401,82.99287775304225,-17.00712224695775,-70.17976286600607,32.407407407407405,100.0,50.399611565063616,451 days 16:00:00,40,0.0,20,30.0,42.21149627029397,-21.736694677871153,19.359468516228322,-8.063516057248309,9 days 06:20:00,7 days 06:42:51.428571428,0.827841809412707,-0.8503561123478871,-0.00978678749787605,-0.2592175912005667,0.9994677260561713,-0.013784077320838977,long
2334,"{'window_k': 147, 'window_d': 27, 'window_ma': 222}","open_time
2022-01-01 00:00:00    100.000000
2022-01-01 01:00:00    100.000000
2022-01-01 02:00:00    100.000000
2022-01-01 03:00:00    100.000000
2022-01-01 04:00:00    100.000000
                          ...    
2023-05-01 19:00:00     80.397834
2023-05-01 20:00:00     80.397834
2023-05-01 21:00:00     80.397834
2023-05-01 22:00:00     80.397834
2023-05-01 23:00:00     80.397834
Freq: H, Length: 11664, dtype: float64",2022-01-01,2023-05-01 23:00:00,486 days,100.0,42.4380153181937,101.76343056957036,80.39783404903326,-19.602165950966736,-70.17976286600607,38.73456790123457,100.0,58.29738140639723,454 days 07:00:00,198,0.0,99,36.36363636363637,23.87781442707587,-14.848161147566003,6.762483906593782,-3.8316534956123998,2 days 22:49:59.999999999,1 days 07:14:17.142857142,0.892368369288878,-0.19800167627239085,0.09947979595263502,-0.2592579095946728,1.005627981288846,0.15388432633699387,long
219,"{'window_k': 12, 'window_d': 207, 'window_ma': 177}","open_time
2022-01-01 00:00:00    100.000000
2022-01-01 01:00:00    100.000000
2022-01-01 02:00:00    100.000000
2022-01-01 03:00:00    100.000000
2022-01-01 04:00:00    100.000000
                          ...    
2023-05-01 19:00:00     78.891412
2023-05-01 20:00:00     78.710234
2023-05-01 21:00:00     79.106560
2023-05-01 22:00:00     79.457591
2023-05-01 23:00:00     79.457591
Freq: H, Length: 11664, dtype: float64",2022-01-01,2023-05-01 23:00:00,486 days,100.0,49.126882868678344,126.52388771346996,79.45759086117283,-20.542409138827168,-70.17976286600607,31.738683127572013,100.0,61.1718516111893,391 days 18:00:00,99,0.0,50,34.69387755102041,33.66549433372412,-15.225643188528048,8.343760492384126,-4.591865424075462,5 days 08:38:49.411764705,1 days 20:20:37.500000,0.8349872389028629,-0.4157664362182598,-0.0635419227160348,-0.25928130699797025,0.9966133345719146,-0.08818424071673002,long
2113,"{'window_k': 132, 'window_d': 72, 'window_ma': 27}","open_time
2022-01-01 00:00:00    100.000000
2022-01-01 01:00:00    100.000000
2022-01-01 02:00:00    100.000000
2022-01-01 03:00:00    100.000000
2022-01-01 04:00:00    100.000000
                          ...    
2023-05-01 19:00:00     82.753155
2023-05-01 20:00:00     82.563109
2023-05-01 21:00:00     82.978834
2023-05-01 22:00:00     83.347049
2023-05-01 23:00:00     83.347049
Freq: H, Length: 11664, dtype: float64",2022-01-01,2023-05-01 23:00:00,486 days,100.0,52.39039112502784,108.51735120366159,83.3470486065926,-16.652951393407406,-70.17976286600607,26.911865569272976,100.0,49.27659882305173,408 days 09:00:00,91,0.0,46,37.77777777777778,18.896578239138773,-20.714684533780012,7.33307436627985,-4.563724996935499,4 days 07:14:07.058823529,1 days 20:51:25.714285714,0.862184284877955,-0.33918311161961734,-0.04921693149331204,-0.2594737710398384,0.9970719564206096,-0.06986795698510144,long
2666,"{'window_k': 162, 'window_d': 102, 'window_ma': 162}","open_time
2022-01-01 00:00:00    100.000000
2022-01-01 01:00:00    100.000000
2022-01-01 02:00:00    100.000000
2022-01-01 03:00:00    100.000000
2022-01-01 04:00:00    100.000000
                          ...    
2023-05-01 19:00:00     81.264161
2023-05-01 20:00:00     81.077534
2023-05-01 21:00:00     81.485780
2023-05-01 22:00:00     81.847369
2023-05-01 23:00:00     81.847369
Freq: H, Length: 11664, dtype: float64",2022-01-01,2023-05-01 23:00:00,486 days,100.0,56.42350827562511,122.02109239729262,81.84736864074632,-18.152631359253675,-70.17976286600607,39.38614540466393,100.0,53.75921722458122,451 days 16:00:00,67,0.0,34,33.33333333333333,32.74034822104467,-22.165857962064393,14.57876418043906,-7.105283662871455,8 days 11:05:27.272727272,4 days 06:57:16.363636363,0.8731233300671934,-0.5525539526447387,0.13160028959093964,-0.259810395780219,1.0071630965582283,0.19929652378057286,long
3705,"{'window_k': 222, 'window_d': 117, 'window_ma': 147}","open_time
2022-01-01 00:00:00    100.000000
2022-01-01 01:00:00    100.000000
2022-01-01 02:00:00    100.000000
2022-01-01 03:00:00    100.000000
2022-01-01 04:00:00    100.000000
                          ...    
2023-05-01 19:00:00     79.087726
2023-05-01 20:00:00     78.906098
2023-05-01 21:00:00     79.303410
2023-05-01 22:00:00     79.655314
2023-05-01 23:00:00     79.655314
Freq: H, Length: 11664, dtype: float64",2022-01-01,2023-05-01 23:00:00,486 days,100.0,56.45628535370645,142.66375435407676,79.65531427937195,-20.34468572062805,-70.17976286600607,38.32304526748971,100.0,60.42702954978476,355 days 14:00:00,59,0.0,30,34.48275862068966,32.4406457739791,-24.95575221238938,13.822600534535617,-7.252787377293639,8 days 19:18:00,5 days 01:03:09.473684210,0.8597426561272047,-0.6733572018375673,0.08762024917117545,-0.2598757700656065,1.004922834694852,0.1338313838234057,long
1110,"{'window_k': 72, 'window_d': 87, 'window_ma': 102}","open_time
2022-01-01 00:00:00    100.000000
2022-01-01 01:00:00    100.000000
2022-01-01 02:00:00    100.000000
2022-01-01 03:00:00    100.000000
2022-01-01 04:00:00    100.000000
                          ...    
2023-05-01 19:00:00     83.138335
2023-05-01 20:00:00     82.947405
2023-05-01 21:00:00     83.365065
2023-05-01 22:00:00     83.734993
2023-05-01 23:00:00     83.734993
Freq: H, Length: 11664, dtype: float64",2022-01-01,2023-05-01 23:00:00,486 days,100.0,64.8123203196019,143.05143313233154,83.7349931916112,-16.265006808388804,-70.17976286600607,40.85219478737997,100.0,47.97463811510806,194 days 16:00:00,97,0.0,49,35.41666666666667,26.4665243059917,-23.35901052403169,9.413816093092887,-5.134281612399251,5 days 23:35:17.647058823,2 days 22:34:50.322580645,0.9011599018062202,-0.3418375988455522,0.15643340640949524,-0.2601642523990854,1.0084841367174564,0.2375126764906877,long
1599,"{'window_k': 102, 'window_d': 57, 'window_ma': 237}","open_time
2022-01-01 00:00:00    100.000000
2022-01-01 01:00:00    100.000000
2022-01-01 02:00:00    100.000000
2022-01-01 03:00:00    100.000000
2022-01-01 04:00:00    100.000000
                          ...    
2023-05-01 19:00:00     81.530034
2023-05-01 20:00:00     81.530034
2023-05-01 21:00:00     81.530034
2023-05-01 22:00:00     81.530034
2023-05-01 23:00:00     81.530034
Freq: H, Length: 11664, dtype: float64",2022-01-01,2023-05-01 23:00:00,486 days,100.0,66.88419534227724,157.18559439514902,81.53003391225668,-18.469966087743316,-70.17976286600607,44.29869684499314,100.0,54.33343423414314,194 days 16:00:00,114,0.0,57,35.08771929824561,34.98877294941224,-20.093245394587214,9.820714102958213,-5.212095694552193,4 days 23:48:00,3 days 02:53:30.810810810,0.9089585463684504,-0.3240344927674266,0.1544487184048136,-0.2616775413664819,1.0079554744295436,0.23327748849673327,long
1596,"{'window_k': 102, 'window_d': 57, 'window_ma': 192}","open_time
2022-01-01 00:00:00    100.000000
2022-01-01 01:00:00    100.000000
2022-01-01 02:00:00    100.000000
2022-01-01 03:00:00    100.000000
2022-01-01 04:00:00    100.000000
                          ...    
2023-05-01 19:00:00     81.530034
2023-05-01 20:00:00     81.530034
2023-05-01 21:00:00     81.530034
2023-05-01 22:00:00     81.530034
2023-05-01 23:00:00     81.530034
Freq: H, Length: 11664, dtype: float64",2022-01-01,2023-05-01 23:00:00,486 days,100.0,66.88419534227724,157.18559439514902,81.53003391225668,-18.469966087743316,-70.17976286600607,44.29869684499314,100.0,54.33343423414314,194 days 16:00:00,114,0.0,57,35.08771929824561,34.98877294941224,-20.093245394587214,9.820714102958213,-5.212095694552193,4 days 23:48:00,3 days 02:53:30.810810810,0.9089585463684504,-0.3240344927674266,0.1544487184048136,-0.2616775413664819,1.0079554744295436,0.23327748849673327,long
1597,"{'window_k': 102, 'window_d': 57, 'window_ma': 207}","open_time
2022-01-01 00:00:00    100.000000
2022-01-01 01:00:00    100.000000
2022-01-01 02:00:00    100.000000
2022-01-01 03:00:00    100.000000
2022-01-01 04:00:00    100.000000
                          ...    
2023-05-01 19:00:00     81.530034
2023-05-01 20:00:00     81.530034
2023-05-01 21:00:00     81.530034
2023-05-01 22:00:00     81.530034
2023-05-01 23:00:00     81.530034
Freq: H, Length: 11664, dtype: float64",2022-01-01,2023-05-01 23:00:00,486 days,100.0,66.88419534227724,157.18559439514902,81.53003391225668,-18.469966087743316,-70.17976286600607,44.29869684499314,100.0,54.33343423414314,194 days 16:00:00,114,0.0,57,35.08771929824561,34.98877294941224,-20.093245394587214,9.820714102958213,-5.212095694552193,4 days 23:48:00,3 days 02:53:30.810810810,0.9089585463684504,-0.3240344927674266,0.1544487184048136,-0.2616775413664819,1.0079554744295436,0.23327748849673327,long
1594,"{'window_k': 102, 'window_d': 57, 'window_ma': 162}","open_time
2022-01-01 00:00:00    100.000000
2022-01-01 01:00:00    100.000000
2022-01-01 02:00:00    100.000000
2022-01-01 03:00:00    100.000000
2022-01-01 04:00:00    100.000000
                          ...    
2023-05-01 19:00:00     81.530034
2023-05-01 20:00:00     81.530034
2023-05-01 21:00:00     81.530034
2023-05-01 22:00:00     81.530034
2023-05-01 23:00:00     81.530034
Freq: H, Length: 11664, dtype: float64",2022-01-01,2023-05-01 23:00:00,486 days,100.0,66.88419534227724,157.18559439514902,81.53003391225668,-18.469966087743316,-70.17976286600607,44.29869684499314,100.0,54.33343423414314,194 days 16:00:00,114,0.0,57,35.08771929824561,34.98877294941224,-20.093245394587214,9.820714102958213,-5.212095694552193,4 days 23:48:00,3 days 02:53:30.810810810,0.9089585463684504,-0.3240344927674266,0.1544487184048136,-0.2616775413664819,1.0079554744295436,0.23327748849673327,long
1598,"{'window_k': 102, 'window_d': 57, 'window_ma': 222}","open_time
2022-01-01 00:00:00    100.000000
2022-01-01 01:00:00    100.000000
2022-01-01 02:00:00    100.000000
2022-01-01 03:00:00    100.000000
2022-01-01 04:00:00    100.000000
                          ...    
2023-05-01 19:00:00     81.530034
2023-05-01 20:00:00     81.530034
2023-05-01 21:00:00     81.530034
2023-05-01 22:00:00     81.530034
2023-05-01 23:00:00     81.530034
Freq: H, Length: 11664, dtype: float64",2022-01-01,2023-05-01 23:00:00,486 days,100.0,66.88419534227724,157.18559439514902,81.53003391225668,-18.469966087743316,-70.17976286600607,44.29869684499314,100.0,54.33343423414314,194 days 16:00:00,114,0.0,57,35.08771929824561,34.98877294941224,-20.093245394587214,9.820714102958213,-5.212095694552193,4 days 23:48:00,3 days 02:53:30.810810810,0.9089585463684504,-0.3240344927674266,0.1544487184048136,-0.2616775413664819,1.0079554744295436,0.23327748849673327,long
2740,"{'window_k': 162, 'window_d': 177, 'window_ma': 72}","open_time
2022-01-01 00:00:00    100.000000
2022-01-01 01:00:00    100.000000
2022-01-01 02:00:00    100.000000
2022-01-01 03:00:00    100.000000
2022-01-01 04:00:00    100.000000
                          ...    
2023-05-01 19:00:00     80.489189
2023-05-01 20:00:00     80.304342
2023-05-01 21:00:00     80.708694
2023-05-01 22:00:00     81.066835
2023-05-01 23:00:00     81.066835
Freq: H, Length: 11664, dtype: float64",2022-01-01,2023-05-01 23:00:00,486 days,100.0,59.3763744427951,133.84856499171568,81.06683458207361,-18.93316541792639,-70.17976286600607,28.59224965706447,100.0,55.63914006364574,391 days 18:00:00,47,0.0,24,43.47826086956522,34.37197600154826,-21.01994115724094,7.8233547219988,-6.800200252578084,6 days 10:18:00,5 days 15:55:23.076923076,0.7592233361891523,-0.8673835788910904,-0.05485022422587169,-0.2621197623363028,0.9968950461304009,-0.07721644763226133,long
3173,"{'window_k': 192, 'window_d': 102, 'window_ma': 87}","open_time
2022-01-01 00:00:00    100.000000
2022-01-01 01:00:00    100.000000
2022-01-01 02:00:00    100.000000
2022-01-01 03:00:00    100.000000
2022-01-01 04:00:00    100.000000
                          ...    
2023-05-01 19:00:00     78.578638
2023-05-01 20:00:00     78.578638
2023-05-01 21:00:00     78.578638
2023-05-01 22:00:00     78.578638
2023-05-01 23:00:00     78.578638
Freq: H, Length: 11664, dtype: float64",2022-01-01,2023-05-01 23:00:00,486 days,100.0,53.990100612087986,145.4514103719003,78.57863814531962,-21.421361854680384,-70.17976286600607,39.00891632373114,100.0,62.881005777776686,309 days 12:00:00,66,0.0,33,45.45454545454545,34.05433922447902,-24.812030075187973,10.105321071209843,-8.43089723904237,6 days 23:40:00,4 days 17:03:20,0.8609175677654499,-0.6491321774145575,0.08036918374039463,-0.26336566814471046,1.0044446064885215,0.12182847303167943,long
3434,"{'window_k': 207, 'window_d': 102, 'window_ma': 162}","open_time
2022-01-01 00:00:00    100.000000
2022-01-01 01:00:00    100.000000
2022-01-01 02:00:00    100.000000
2022-01-01 03:00:00    100.000000
2022-01-01 04:00:00    100.000000
                          ...    
2023-05-01 19:00:00     79.860203
2023-05-01 20:00:00     79.676801
2023-05-01 21:00:00     80.077993
2023-05-01 22:00:00     80.433335
2023-05-01 23:00:00     80.433335
Freq: H, Length: 11664, dtype: float64",2022-01-01,2023-05-01 23:00:00,486 days,100.0,58.44076875442849,136.2816720125534,80.43333477179276,-19.566665228207242,-70.17976286600607,39.94341563786008,100.0,57.117660877358986,309 days 12:00:00,65,0.0,33,37.5,38.1624380723615,-25.858585858585855,14.62846833987497,-8.401947274094043,8 days 23:10:00,4 days 04:03:00,0.8815668378439644,-0.6207716822110472,0.12156192170457505,-0.2641198556045506,1.0066147523349305,0.18359604764947712,long
1346,"{'window_k': 87, 'window_d': 72, 'window_ma': 42}","open_time
2022-01-01 00:00:00    100.000000
2022-01-01 01:00:00    100.000000
2022-01-01 02:00:00    100.000000
2022-01-01 03:00:00    100.000000
2022-01-01 04:00:00    100.000000
                          ...    
2023-05-01 19:00:00     82.611716
2023-05-01 20:00:00     82.611716
2023-05-01 21:00:00     82.611716
2023-05-01 22:00:00     82.611716
2023-05-01 23:00:00     82.611716
Freq: H, Length: 11664, dtype: float64",2022-01-01,2023-05-01 23:00:00,486 days,100.0,71.02939150416454,143.6083601577385,82.61171604313797,-17.388283956862026,-70.17976286600607,30.949931412894376,100.0,50.539514951534635,194 days 16:00:00,112,0.0,56,39.285714285714285,22.32056955936117,-17.183166525985776,7.739153927529093,-5.0623946961719515,3 days 17:46:21.818181818,2 days 00:05:17.647058823,0.9069437107191899,-0.3105050706582495,0.07142975253032313,-0.26443665576982356,1.0045852374691522,0.11004577436220782,long
488,"{'window_k': 27, 'window_d': 222, 'window_ma': 132}","open_time
2022-01-01 00:00:00    100.000000
2022-01-01 01:00:00    100.000000
2022-01-01 02:00:00    100.000000
2022-01-01 03:00:00    100.000000
2022-01-01 04:00:00    100.000000
                          ...    
2023-05-01 19:00:00     80.854236
2023-05-01 20:00:00     80.668551
2023-05-01 21:00:00     81.074737
2023-05-01 22:00:00     81.434502
2023-05-01 23:00:00     81.434502
Freq: H, Length: 11664, dtype: float64",2022-01-01,2023-05-01 23:00:00,486 days,100.0,56.52320488644524,122.9357256135472,81.43450187821266,-18.565498121787343,-70.17976286600607,32.4502743484225,100.0,54.02214888768141,391 days 18:00:00,63,0.0,32,29.03225806451613,35.27794146533096,-16.78962398857687,15.330792992176972,-6.240822850971592,8 days 02:13:20,3 days 17:57:16.363636363,0.8529590892399178,-0.5678147386976802,-0.028888862437227655,-0.26458295388268255,0.9984926916637338,-0.039983879446071624,long
2637,"{'window_k': 162, 'window_d': 72, 'window_ma': 207}","open_time
2022-01-01 00:00:00    100.000000
2022-01-01 01:00:00    100.000000
2022-01-01 02:00:00    100.000000
2022-01-01 03:00:00    100.000000
2022-01-01 04:00:00    100.000000
                          ...    
2023-05-01 19:00:00     83.465936
2023-05-01 20:00:00     83.274253
2023-05-01 21:00:00     83.693560
2023-05-01 22:00:00     84.064946
2023-05-01 23:00:00     84.064946
Freq: H, Length: 11664, dtype: float64",2022-01-01,2023-05-01 23:00:00,486 days,100.0,60.32200682561375,132.28956108024346,84.064945578794,-15.935054421206004,-70.17976286600607,40.20919067215363,100.0,46.15255198990858,275 days 07:00:00,81,0.0,41,40.0,26.886212828704824,-23.549047055023152,9.628980350446561,-6.369405836948802,6 days 23:48:45,3 days 06:30:00,0.883515831638891,-0.43641344221928646,0.16539173379459896,-0.26482634117023846,1.0090184017313282,0.2538147565730116,long
901,"{'window_k': 57, 'window_d': 132, 'window_ma': 87}","open_time
2022-01-01 00:00:00    100.000000
2022-01-01 01:00:00    100.000000
2022-01-01 02:00:00    100.000000
2022-01-01 03:00:00    100.000000
2022-01-01 04:00:00    100.000000
                          ...    
2023-05-01 19:00:00     83.032876
2023-05-01 20:00:00     83.032876
2023-05-01 21:00:00     83.032876
2023-05-01 22:00:00     83.032876
2023-05-01 23:00:00     83.032876
Freq: H, Length: 11664, dtype: float64",2022-01-01,2023-05-01 23:00:00,486 days,100.0,58.90849884282133,115.44231975817726,83.03287578350111,-16.96712421649889,-70.17976286600607,36.179698216735254,100.0,48.971487262019785,439 days 04:00:00,74,0.0,37,40.54054054054054,31.06382978723405,-19.06721536351165,8.651294175136897,-5.942573654545948,6 days 13:56:00,3 days 12:08:10.909090909,0.8519303536897004,-0.4585709247702403,0.027589085072740018,-0.2661344751179543,1.00140213329602,0.038425435060533024,long
3206,"{'window_k': 192, 'window_d': 132, 'window_ma': 102}","open_time
2022-01-01 00:00:00    100.000000
2022-01-01 01:00:00    100.000000
2022-01-01 02:00:00    100.000000
2022-01-01 03:00:00    100.000000
2022-01-01 04:00:00    100.000000
                          ...    
2023-05-01 19:00:00     81.606818
2023-05-01 20:00:00     81.419404
2023-05-01 21:00:00     81.829371
2023-05-01 22:00:00     82.192485
2023-05-01 23:00:00     82.192485
Freq: H, Length: 11664, dtype: float64",2022-01-01,2023-05-01 23:00:00,486 days,100.0,68.65423894793133,141.39905460684082,82.19248464253589,-17.807515357464112,-70.17976286600607,34.89368998628258,100.0,51.44646536794464,391 days 18:00:00,57,0.0,29,28.57142857142857,38.28917486752459,-15.955723542116635,15.328490778268392,-6.0624214207730525,9 days 18:22:30,4 days 10:57:00,0.8605736771865822,-0.6029343480962837,0.05274501995178502,-0.26619710029849936,1.002882985150185,0.07611620771168284,long
3824,"{'window_k': 222, 'window_d': 237, 'window_ma': 12}","open_time
2022-01-01 00:00:00    100.000000
2022-01-01 01:00:00    100.000000
2022-01-01 02:00:00    100.000000
2022-01-01 03:00:00    100.000000
2022-01-01 04:00:00    100.000000
                          ...    
2023-05-01 19:00:00     87.239099
2023-05-01 20:00:00     87.239099
2023-05-01 21:00:00     87.239099
2023-05-01 22:00:00     87.239099
2023-05-01 23:00:00     87.239099
Freq: H, Length: 11664, dtype: float64",2022-01-01,2023-05-01 23:00:00,486 days,100.0,68.62620473625344,108.23712004091065,87.23909946361758,-12.760900536382422,-70.17976286600607,13.005829903978054,100.0,36.596423934492506,426 days 23:00:00,38,0.0,19,42.10526315789473,16.408839779005525,-14.955062911923298,7.187071947641782,-5.911946773684953,3 days 19:00:00,2 days 23:43:38.181818181,0.7828071225464375,-0.6716263440201278,-0.18852869446484946,-0.26627652713947725,0.9841926948800583,-0.2563264913646044,long
2634,"{'window_k': 162, 'window_d': 72, 'window_ma': 162}","open_time
2022-01-01 00:00:00    100.000000
2022-01-01 01:00:00    100.000000
2022-01-01 02:00:00    100.000000
2022-01-01 03:00:00    100.000000
2022-01-01 04:00:00    100.000000
                          ...    
2023-05-01 19:00:00     83.260525
2023-05-01 20:00:00     83.069314
2023-05-01 21:00:00     83.487588
2023-05-01 22:00:00     83.858060
2023-05-01 23:00:00     83.858060
Freq: H, Length: 11664, dtype: float64",2022-01-01,2023-05-01 23:00:00,486 days,100.0,60.32200682561375,132.28956108024346,83.85805983359299,-16.14194016640701,-70.17976286600607,40.0462962962963,100.0,46.46902701916148,275 days 07:00:00,81,0.0,41,40.0,26.886212828704824,-23.549047055023163,9.62898035044656,-6.379694393201076,6 days 23:48:45,3 days 05:42:29.999999999,0.8821439790249058,-0.44149197572518295,0.16245538381035057,-0.26651516627394906,1.0088785635656776,0.2493631290074228,long
981,"{'window_k': 57, 'window_d': 207, 'window_ma': 87}","open_time
2022-01-01 00:00:00    100.000000
2022-01-01 01:00:00    100.000000
2022-01-01 02:00:00    100.000000
2022-01-01 03:00:00    100.000000
2022-01-01 04:00:00    100.000000
                          ...    
2023-05-01 19:00:00     77.829706
2023-05-01 20:00:00     77.829706
2023-05-01 21:00:00     77.829706
2023-05-01 22:00:00     77.829706
2023-05-01 23:00:00     77.829706
Freq: H, Length: 11664, dtype: float64",2022-01-01,2023-05-01 23:00:00,486 days,100.0,49.15846045549067,137.54219470784383,77.82970603084188,-22.170293969158124,-70.17976286600607,35.768175582990395,100.0,64.25936014769202,355 days 14:00:00,56,0.0,28,28.57142857142857,30.985915492957766,-19.541431030243423,17.029787247172656,-7.013539947116561,9 days 20:15:00,4 days 18:06:00,0.8049584672633614,-0.791796213184218,-0.012101305934905764,-0.26702214236977695,0.9993182610313102,-0.018003417509505393,long
1011,"{'window_k': 57, 'window_d': 237, 'window_ma': 57}","open_time
2022-01-01 00:00:00    100.000000
2022-01-01 01:00:00    100.000000
2022-01-01 02:00:00    100.000000
2022-01-01 03:00:00    100.000000
2022-01-01 04:00:00    100.000000
                          ...    
2023-05-01 19:00:00     77.831314
2023-05-01 20:00:00     77.831314
2023-05-01 21:00:00     78.223214
2023-05-01 22:00:00     78.570325
2023-05-01 23:00:00     78.570325
Freq: H, Length: 11664, dtype: float64",2022-01-01,2023-05-01 23:00:00,486 days,100.0,49.79974414929326,130.8525730350901,78.57032485164162,-21.429675148358385,-70.17976286600607,21.356310013717422,100.0,61.94209789368169,430 days 01:00:00,51,0.0,26,32.0,27.156371730662205,-14.533747269173283,9.810217767648757,-5.489308897044379,5 days 10:22:30,3 days 12:56:28.235294117,0.7086869832244178,-0.886747453078176,-0.2363947024036954,-0.267464753077064,0.9849455366367303,-0.33120804292378,long
2176,"{'window_k': 132, 'window_d': 132, 'window_ma': 12}","open_time
2022-01-01 00:00:00    100.000000
2022-01-01 01:00:00    100.000000
2022-01-01 02:00:00    100.000000
2022-01-01 03:00:00    100.000000
2022-01-01 04:00:00    100.000000
                          ...    
2023-05-01 19:00:00     85.363823
2023-05-01 20:00:00     85.363823
2023-05-01 21:00:00     85.363823
2023-05-01 22:00:00     85.363823
2023-05-01 23:00:00     85.363823
Freq: H, Length: 11664, dtype: float64",2022-01-01,2023-05-01 23:00:00,486 days,100.0,66.98865454861554,115.27683304333358,85.36382282882835,-14.636177171171653,-70.17976286600607,17.0181755829904,100.0,41.888883672373346,391 days 18:00:00,64,0.0,32,53.125,25.099876015980165,-17.430635252818476,5.132783403891854,-6.213103397469421,1 days 23:10:35.294117647,3 days 06:52:00,0.8197073567344261,-0.45738053659911415,-0.10368630637360153,-0.26751207482467526,0.9923131750283969,-0.14360891605598153,long
74,"{'window_k': 12, 'window_d': 72, 'window_ma': 162}","open_time
2022-01-01 00:00:00    100.000000
2022-01-01 01:00:00    100.000000
2022-01-01 02:00:00    100.000000
2022-01-01 03:00:00    100.000000
2022-01-01 04:00:00    100.000000
                          ...    
2023-05-01 19:00:00     83.774197
2023-05-01 20:00:00     83.774197
2023-05-01 21:00:00     83.774197
2023-05-01 22:00:00     83.774197
2023-05-01 23:00:00     83.774197
Freq: H, Length: 11664, dtype: float64",2022-01-01,2023-05-01 23:00:00,486 days,100.0,68.52587630827742,130.76519773882902,83.77419663415677,-16.225803365843234,-70.17976286600607,34.72222222222222,100.0,46.42948609930606,172 days 03:00:00,178,0.0,89,39.325842696629216,20.199390750484618,-13.441909755145295,5.62829161963337,-3.723662026914851,2 days 16:17:08.571428571,1 days 09:41:53.207547169,0.9159732464165117,-0.18231239736902616,0.13825992638455303,-0.26815964058973374,1.0086420036034351,0.22076744074185095,long
2086,"{'window_k': 132, 'window_d': 42, 'window_ma': 102}","open_time
2022-01-01 00:00:00    100.000000
2022-01-01 01:00:00    100.000000
2022-01-01 02:00:00    100.000000
2022-01-01 03:00:00    100.000000
2022-01-01 04:00:00    100.000000
                          ...    
2023-05-01 19:00:00     78.918182
2023-05-01 20:00:00     78.918182
2023-05-01 21:00:00     78.918182
2023-05-01 22:00:00     78.918182
2023-05-01 23:00:00     78.918182
Freq: H, Length: 11664, dtype: float64",2022-01-01,2023-05-01 23:00:00,486 days,100.0,58.63333065072843,149.2274720536368,78.9181823809773,-21.0818176190227,-70.17976286600607,39.360425240054866,100.0,60.708755670903635,355 days 14:00:00,120,0.0,60,31.666666666666664,22.75929549902152,-15.937687237866976,9.456570808843907,-4.5151857409202805,4 days 04:56:50.526315789,2 days 17:11:42.439024390,0.8719842843502601,-0.35136362698371215,0.09771499529592331,-0.2683313425446443,1.0054834306043328,0.15182690609611138,long
3347,"{'window_k': 207, 'window_d': 27, 'window_ma': 57}","open_time
2022-01-01 00:00:00    100.000000
2022-01-01 01:00:00    100.000000
2022-01-01 02:00:00    100.000000
2022-01-01 03:00:00    100.000000
2022-01-01 04:00:00    100.000000
                          ...    
2023-05-01 19:00:00     75.905803
2023-05-01 20:00:00     75.905803
2023-05-01 21:00:00     75.905803
2023-05-01 22:00:00     75.905803
2023-05-01 23:00:00     75.905803
Freq: H, Length: 11664, dtype: float64",2022-01-01,2023-05-01 23:00:00,486 days,100.0,33.355401000779594,110.01068064860665,75.90580273196142,-24.094197268038585,-70.17976286600607,36.11968449931413,100.0,69.67985217060644,469 days 22:00:00,194,0.0,97,35.051546391752574,24.724669603524216,-14.131233595800527,7.04809621357885,-3.8749313507044123,2 days 16:49:24.705882352,1 days 07:53:20,0.8441460500497258,-0.24839378626844066,0.03231389543236094,-0.26839037196612625,1.001892883144719,0.049801280250718866,long
2088,"{'window_k': 132, 'window_d': 42, 'window_ma': 132}","open_time
2022-01-01 00:00:00    100.00000
2022-01-01 01:00:00    100.00000
2022-01-01 02:00:00    100.00000
2022-01-01 03:00:00    100.00000
2022-01-01 04:00:00    100.00000
                         ...    
2023-05-01 19:00:00     79.31613
2023-05-01 20:00:00     79.31613
2023-05-01 21:00:00     79.31613
2023-05-01 22:00:00     79.31613
2023-05-01 23:00:00     79.31613
Freq: H, Length: 11664, dtype: float64",2022-01-01,2023-05-01 23:00:00,486 days,100.0,58.92899124270653,145.53120310648774,79.31613003739791,-20.68386996260209,-70.17976286600607,38.640260631001375,100.0,59.50765884922483,355 days 14:00:00,120,0.0,60,30.0,22.75929549902152,-15.93768723786699,10.179134028607875,-4.4686928343494,4 days 05:36:40,2 days 15:45:42.857142857,0.8778556433136501,-0.34473116604336784,0.10227055396944579,-0.2684233231038572,1.005778611296084,0.15893870215158323,long
2083,"{'window_k': 132, 'window_d': 42, 'window_ma': 57}","open_time
2022-01-01 00:00:00    100.000000
2022-01-01 01:00:00    100.000000
2022-01-01 02:00:00    100.000000
2022-01-01 03:00:00    100.000000
2022-01-01 04:00:00    100.000000
                          ...    
2023-05-01 19:00:00     80.644023
2023-05-01 20:00:00     80.644023
2023-05-01 21:00:00     80.644023
2023-05-01 22:00:00     80.644023
2023-05-01 23:00:00     80.644023
Freq: H, Length: 11664, dtype: float64",2022-01-01,2023-05-01 23:00:00,486 days,100.0,59.29290849574482,133.22355928429062,80.64402332553593,-19.355976674464074,-70.17976286600607,34.465020576131685,100.0,55.4936763330144,355 days 14:00:00,120,0.0,60,33.33333333333333,22.75929549902152,-15.937687237866992,8.738456592260647,-4.466869129682703,3 days 14:18:00,2 days 09:21:00,0.8749746864328571,-0.32259961124106784,0.09859071993704781,-0.268839906816527,1.0060226681035362,0.1543318573024021,long
1314,"{'window_k': 87, 'window_d': 42, 'window_ma': 42}","open_time
2022-01-01 00:00:00    100.000000
2022-01-01 01:00:00    100.000000
2022-01-01 02:00:00    100.000000
2022-01-01 03:00:00    100.000000
2022-01-01 04:00:00    100.000000
                          ...    
2023-05-01 19:00:00     82.392208
2023-05-01 20:00:00     82.392208
2023-05-01 21:00:00     82.392208
2023-05-01 22:00:00     82.392208
2023-05-01 23:00:00     82.392208
Freq: H, Length: 11664, dtype: float64",2022-01-01,2023-05-01 23:00:00,486 days,100.0,62.20270155610017,126.73373892386563,82.39220757874588,-17.607792421254118,-70.17976286600607,32.86179698216735,100.0,50.27881354245347,194 days 16:00:00,136,0.0,68,35.294117647058826,22.196851339983166,-14.600313876373209,7.798963418118143,-4.250293368999417,2 days 22:40:00,2 days 00:34:05.454545454,0.8972617028088511,-0.25893812384197235,0.10424748946977262,-0.26924749257073993,1.0065284360429605,0.16489593703931088,long
1013,"{'window_k': 57, 'window_d': 237, 'window_ma': 87}","open_time
2022-01-01 00:00:00    100.000000
2022-01-01 01:00:00    100.000000
2022-01-01 02:00:00    100.000000
2022-01-01 03:00:00    100.000000
2022-01-01 04:00:00    100.000000
                          ...    
2023-05-01 19:00:00     78.636361
2023-05-01 20:00:00     78.636361
2023-05-01 21:00:00     79.032314
2023-05-01 22:00:00     79.383016
2023-05-01 23:00:00     79.383016
Freq: H, Length: 11664, dtype: float64",2022-01-01,2023-05-01 23:00:00,486 days,100.0,53.12585622440225,129.6243620483915,79.38301582602001,-20.616984173979986,-70.17976286600607,32.338820301783265,100.0,59.01553119731518,391 days 18:00:00,53,0.0,27,38.46153846153847,27.657206455203116,-22.72123893805309,11.506671227386663,-7.61602693465087,8 days 09:12:00,4 days 13:45:00,0.79808121214298,-0.8216784347537023,-0.09218081369653355,-0.269760049137695,0.9951968826706913,-0.12856192848865464,long
1658,"{'window_k': 102, 'window_d': 117, 'window_ma': 162}","open_time
2022-01-01 00:00:00    100.000000
2022-01-01 01:00:00    100.000000
2022-01-01 02:00:00    100.000000
2022-01-01 03:00:00    100.000000
2022-01-01 04:00:00    100.000000
                          ...    
2023-05-01 19:00:00     79.028552
2023-05-01 20:00:00     78.847060
2023-05-01 21:00:00     79.244075
2023-05-01 22:00:00     79.595716
2023-05-01 23:00:00     79.595716
Freq: H, Length: 11664, dtype: float64",2022-01-01,2023-05-01 23:00:00,486 days,100.0,52.70576050243835,126.31091719895873,79.59571590741518,-20.404284092584817,-70.17976286600607,41.22942386831276,100.0,58.27299676763582,391 days 18:00:00,71,0.0,36,31.428571428571427,36.69689369091262,-17.041348855881157,14.157873147327804,-6.444630959315499,7 days 14:16:21.818181818,4 days 16:40:00,0.8452585331402549,-0.5735808372171771,0.01404217539926719,-0.27029489115034855,1.0006682999544265,0.019586924159153137,long
3008,"{'window_k': 177, 'window_d': 192, 'window_ma': 12}","open_time
2022-01-01 00:00:00    100.00000
2022-01-01 01:00:00    100.00000
2022-01-01 02:00:00    100.00000
2022-01-01 03:00:00    100.00000
2022-01-01 04:00:00    100.00000
                         ...    
2023-05-01 19:00:00     85.62109
2023-05-01 20:00:00     85.62109
2023-05-01 21:00:00     85.62109
2023-05-01 22:00:00     85.62109
2023-05-01 23:00:00     85.62109
Freq: H, Length: 11664, dtype: float64",2022-01-01,2023-05-01 23:00:00,486 days,100.0,75.0427268554702,126.49755914084383,85.62108950047617,-14.378910499523826,-70.17976286600607,12.45713305898491,100.0,40.676541614596076,391 days 18:00:00,42,0.0,21,42.857142857142854,19.76127320954908,-24.325817860300617,6.9703367332404165,-6.3320195444682215,2 days 16:13:20,3 days 07:21:49.090909090,0.8010846421334901,-0.6847100237868489,-0.19357157811263856,-0.2705460672779689,0.9832338584126036,-0.2692104677131018,long
3286,"{'window_k': 192, 'window_d': 207, 'window_ma': 102}","open_time
2022-01-01 00:00:00    100.000000
2022-01-01 01:00:00    100.000000
2022-01-01 02:00:00    100.000000
2022-01-01 03:00:00    100.000000
2022-01-01 04:00:00    100.000000
                          ...    
2023-05-01 19:00:00     81.307703
2023-05-01 20:00:00     81.307703
2023-05-01 21:00:00     81.307703
2023-05-01 22:00:00     81.307703
2023-05-01 23:00:00     81.307703
Freq: H, Length: 11664, dtype: float64",2022-01-01,2023-05-01 23:00:00,486 days,100.0,57.28180443687489,122.20845288535307,81.3077032165022,-18.692296783497795,-70.17976286600607,28.16358024691358,100.0,53.127788557627476,349 days 17:00:00,40,0.0,20,25.0,41.16602545131697,-16.391880301153144,15.620300018717623,-5.6690773744762035,9 days 20:00:00,5 days 20:20:00,0.7522549920691853,-0.9346148391748894,-0.08049857044419557,-0.2709238397560091,0.9952909161769298,-0.11267520563851578,long
2706,"{'window_k': 162, 'window_d': 147, 'window_ma': 42}","open_time
2022-01-01 00:00:00    100.000000
2022-01-01 01:00:00    100.000000
2022-01-01 02:00:00    100.000000
2022-01-01 03:00:00    100.000000
2022-01-01 04:00:00    100.000000
                          ...    
2023-05-01 19:00:00     82.576615
2023-05-01 20:00:00     82.576615
2023-05-01 21:00:00     82.576615
2023-05-01 22:00:00     82.576615
2023-05-01 23:00:00     82.576615
Freq: H, Length: 11664, dtype: float64",2022-01-01,2023-05-01 23:00:00,486 days,100.0,68.39848722774214,135.14613118692102,82.57661503857628,-17.42338496142372,-70.17976286600607,25.420096021947874,100.0,49.389237688839216,314 days 09:00:00,56,0.0,28,35.714285714285715,32.675896074341,-13.867435158501435,10.628705660265304,-6.073882976744239,5 days 04:12:00,3 days 23:43:20,0.8442721519175765,-0.622263748622276,-0.06226170178404293,-0.2711551804582217,0.9962172653726565,-0.08736201533123546,long
3101,"{'window_k': 192, 'window_d': 27, 'window_ma': 207}","open_time
2022-01-01 00:00:00    100.00000
2022-01-01 01:00:00    100.00000
2022-01-01 02:00:00    100.00000
2022-01-01 03:00:00    100.00000
2022-01-01 04:00:00    100.00000
                         ...    
2023-05-01 19:00:00     77.33422
2023-05-01 20:00:00     77.33422
2023-05-01 21:00:00     77.33422
2023-05-01 22:00:00     77.33422
2023-05-01 23:00:00     77.33422
Freq: H, Length: 11664, dtype: float64",2022-01-01,2023-05-01 23:00:00,486 days,100.0,38.68476052767917,109.69116080937167,77.334219757223,-22.665780242777004,-70.17976286600607,37.362825788751714,100.0,64.73301928593132,469 days 22:00:00,190,0.0,95,37.89473684210527,25.370287253141825,-14.919252771730882,6.876281760201996,-4.2031047888357955,2 days 22:28:20,1 days 06:51:51.864406779,0.865825158540871,-0.23858716045028405,0.055433962679213244,-0.271191940431423,1.003198618522789,0.08551673438164407,long
913,"{'window_k': 57, 'window_d': 147, 'window_ma': 27}","open_time
2022-01-01 00:00:00    100.000000
2022-01-01 01:00:00    100.000000
2022-01-01 02:00:00    100.000000
2022-01-01 03:00:00    100.000000
2022-01-01 04:00:00    100.000000
                          ...    
2023-05-01 19:00:00     81.600530
2023-05-01 20:00:00     81.413131
2023-05-01 21:00:00     81.823066
2023-05-01 22:00:00     82.186151
2023-05-01 23:00:00     82.186151
Freq: H, Length: 11664, dtype: float64",2022-01-01,2023-05-01 23:00:00,486 days,100.0,60.586041780160016,122.38598836322288,82.18615121656003,-17.813848783439965,-70.17976286600607,26.363168724279834,100.0,50.495932916479035,451 days 16:00:00,71,0.0,36,42.857142857142854,25.735955056179762,-14.774641245031326,7.274749184139598,-5.822755390185885,4 days 10:12:00,2 days 21:27:00,0.8265633318528031,-0.5173331325711525,-0.055051877454016226,-0.2713068903955349,0.9967764782143996,-0.07732135956869492,long
3163,"{'window_k': 192, 'window_d': 87, 'window_ma': 177}","open_time
2022-01-01 00:00:00    100.000000
2022-01-01 01:00:00    100.000000
2022-01-01 02:00:00    100.000000
2022-01-01 03:00:00    100.000000
2022-01-01 04:00:00    100.000000
                          ...    
2023-05-01 19:00:00     77.680940
2023-05-01 20:00:00     77.502543
2023-05-01 21:00:00     77.892787
2023-05-01 22:00:00     78.238432
2023-05-01 23:00:00     78.238432
Freq: H, Length: 11664, dtype: float64",2022-01-01,2023-05-01 23:00:00,486 days,100.0,59.63752832127769,156.85738564443471,78.23843230441659,-21.76156769558341,-70.17976286600607,37.68004115226338,100.0,61.97977667658926,309 days 12:00:00,69,0.0,35,32.35294117647059,34.61247637051041,-16.53543307086615,14.489900391851199,-6.944322792063288,8 days 16:27:16.363636363,3 days 15:13:02.608695652,0.86468530465365,-0.635127061318908,0.07776520090138156,-0.2715749345093567,1.0043841611014819,0.11854834545407704,long
2658,"{'window_k': 162, 'window_d': 102, 'window_ma': 42}","open_time
2022-01-01 00:00:00    100.000000
2022-01-01 01:00:00    100.000000
2022-01-01 02:00:00    100.000000
2022-01-01 03:00:00    100.000000
2022-01-01 04:00:00    100.000000
                          ...    
2023-05-01 19:00:00     83.584383
2023-05-01 20:00:00     83.584383
2023-05-01 21:00:00     83.584383
2023-05-01 22:00:00     83.584383
2023-05-01 23:00:00     83.584383
Freq: H, Length: 11664, dtype: float64",2022-01-01,2023-05-01 23:00:00,486 days,100.0,65.41219859661805,122.97185505766599,83.58438254004939,-16.41561745995061,-70.17976286600607,28.737997256515772,100.0,46.39271185702857,286 days 02:00:00,68,0.0,34,35.294117647058826,32.3996971990916,-22.1658579620644,12.004629457858329,-6.403692079230017,5 days 06:15:00,3 days 11:30:00,0.8821279626017774,-0.48281227823384176,0.07856372742214951,-0.27158439336314266,1.0052358362028204,0.12143679769853341,long
1672,"{'window_k': 102, 'window_d': 132, 'window_ma': 132}","open_time
2022-01-01 00:00:00    100.000000
2022-01-01 01:00:00    100.000000
2022-01-01 02:00:00    100.000000
2022-01-01 03:00:00    100.000000
2022-01-01 04:00:00    100.000000
                          ...    
2023-05-01 19:00:00     78.575867
2023-05-01 20:00:00     78.395414
2023-05-01 21:00:00     78.790154
2023-05-01 22:00:00     79.139782
2023-05-01 23:00:00     79.139782
Freq: H, Length: 11664, dtype: float64",2022-01-01,2023-05-01 23:00:00,486 days,100.0,54.8401378412296,134.64727417410793,79.13978156776764,-20.860218432232358,-70.17976286600607,41.9238683127572,100.0,59.27126027793357,391 days 18:00:00,69,0.0,35,32.35294117647059,30.586011342154997,-25.548726953467966,12.730933083219417,-6.115931296854216,7 days 12:10:54.545454545,5 days 02:36:31.304347826,0.835627230579759,-0.6248141291832372,0.010794082576632717,-0.27186179203336847,1.0005090052286385,0.015064310158778056,long
3208,"{'window_k': 192, 'window_d': 132, 'window_ma': 132}","open_time
2022-01-01 00:00:00    100.000000
2022-01-01 01:00:00    100.000000
2022-01-01 02:00:00    100.000000
2022-01-01 03:00:00    100.000000
2022-01-01 04:00:00    100.000000
                          ...    
2023-05-01 19:00:00     80.995684
2023-05-01 20:00:00     80.809675
2023-05-01 21:00:00     81.216571
2023-05-01 22:00:00     81.576965
2023-05-01 23:00:00     81.576965
Freq: H, Length: 11664, dtype: float64",2022-01-01,2023-05-01 23:00:00,486 days,100.0,65.39728634897713,136.70232993211684,81.57696539119982,-18.42303460880018,-70.17976286600607,38.95747599451303,100.0,52.1608107327418,391 days 18:00:00,57,0.0,29,32.142857142857146,38.28917486752461,-14.878216911764714,15.134247686296263,-7.034981474936068,9 days 06:46:40,5 days 10:41:03.157894736,0.8678730564854891,-0.6251646693949695,0.07455825780030972,-0.27186611517258374,1.0038871590524578,0.10771307763697734,long
1403,"{'window_k': 87, 'window_d': 117, 'window_ma': 177}","open_time
2022-01-01 00:00:00    100.000000
2022-01-01 01:00:00    100.000000
2022-01-01 02:00:00    100.000000
2022-01-01 03:00:00    100.000000
2022-01-01 04:00:00    100.000000
                          ...    
2023-05-01 19:00:00     78.462214
2023-05-01 20:00:00     78.282023
2023-05-01 21:00:00     78.676192
2023-05-01 22:00:00     79.025313
2023-05-01 23:00:00     79.025313
Freq: H, Length: 11664, dtype: float64",2022-01-01,2023-05-01 23:00:00,486 days,100.0,50.14368827450338,124.11504103899331,79.0253134043622,-20.974686595637806,-70.17976286600607,39.017489711934154,100.0,59.599023732546875,439 days 04:00:00,71,0.0,36,34.285714285714285,33.74422187981509,-17.202666354812298,12.574654541601578,-6.675050362084329,6 days 18:20:00,4 days 12:28:41.739130434,0.8180973060138025,-0.6459335340101515,-0.010688742790031886,-0.2718959396991872,0.999477910112061,-0.014827778074478007,long
1945,"{'window_k': 117, 'window_d': 147, 'window_ma': 147}","open_time
2022-01-01 00:00:00    100.000000
2022-01-01 01:00:00    100.000000
2022-01-01 02:00:00    100.000000
2022-01-01 03:00:00    100.000000
2022-01-01 04:00:00    100.000000
                          ...    
2023-05-01 19:00:00     78.505423
2023-05-01 20:00:00     78.325132
2023-05-01 21:00:00     78.719519
2023-05-01 22:00:00     79.068832
2023-05-01 23:00:00     79.068832
Freq: H, Length: 11664, dtype: float64",2022-01-01,2023-05-01 23:00:00,486 days,100.0,56.757893228021366,139.8941289701636,79.06883217311022,-20.931167826889777,-70.17976286600607,40.012002743484224,100.0,59.42796624429706,451 days 16:00:00,59,0.0,30,34.48275862068966,37.05375461633157,-12.134443541835912,13.549209377001938,-7.1592789782204695,8 days 14:42:00,5 days 13:25:15.789473684,0.8391779837386774,-0.7167131538826146,0.0005964432619727253,-0.2720954345197329,1.0000288414840068,0.0008427397194146365,long
855,"{'window_k': 57, 'window_d': 87, 'window_ma': 117}","open_time
2022-01-01 00:00:00    100.000000
2022-01-01 01:00:00    100.000000
2022-01-01 02:00:00    100.000000
2022-01-01 03:00:00    100.000000
2022-01-01 04:00:00    100.000000
                          ...    
2023-05-01 19:00:00     79.999657
2023-05-01 20:00:00     79.999657
2023-05-01 21:00:00     79.999657
2023-05-01 22:00:00     79.999657
2023-05-01 23:00:00     79.999657
Freq: H, Length: 11664, dtype: float64",2022-01-01,2023-05-01 23:00:00,486 days,100.0,69.48714073101658,160.4503893943249,79.99965729638838,-20.000342703611622,-70.17976286600607,44.247256515775035,100.0,56.69244493994707,194 days 16:00:00,108,0.0,54,37.03703703703704,23.21488434461952,-23.319863887707356,9.578709092618078,-5.607052777794151,5 days 11:51:00,3 days 02:14:07.058823529,0.9058390433784068,-0.3703767167335501,0.1225017353389025,-0.2721700957789342,1.0063301909825124,0.18520612426694325,long
3186,"{'window_k': 192, 'window_d': 117, 'window_ma': 42}","open_time
2022-01-01 00:00:00    100.000000
2022-01-01 01:00:00    100.000000
2022-01-01 02:00:00    100.000000
2022-01-01 03:00:00    100.000000
2022-01-01 04:00:00    100.000000
                          ...    
2023-05-01 19:00:00     79.110162
2023-05-01 20:00:00     79.110162
2023-05-01 21:00:00     79.110162
2023-05-01 22:00:00     79.110162
2023-05-01 23:00:00     79.110162
Freq: H, Length: 11664, dtype: float64",2022-01-01,2023-05-01 23:00:00,486 days,100.0,64.42886818194266,158.1640812597987,79.11016248255736,-20.889837517442643,-70.17976286600607,26.783264746227708,100.0,59.2645386558327,355 days 14:00:00,58,0.0,29,37.93103448275862,33.43505626549688,-26.48412074963528,10.174778881904121,-6.523739640780139,4 days 23:43:38.181818181,4 days 04:23:20,0.8321112812114977,-0.7203392247394014,-0.0031929613614126774,-0.27229050421703466,0.999779628490551,-0.0048771797926313405,long
1186,"{'window_k': 72, 'window_d': 162, 'window_ma': 42}","open_time
2022-01-01 00:00:00    100.000000
2022-01-01 01:00:00    100.000000
2022-01-01 02:00:00    100.000000
2022-01-01 03:00:00    100.000000
2022-01-01 04:00:00    100.000000
                          ...    
2023-05-01 19:00:00     79.702087
2023-05-01 20:00:00     79.702087
2023-05-01 21:00:00     79.702087
2023-05-01 22:00:00     79.702087
2023-05-01 23:00:00     79.702087
Freq: H, Length: 11664, dtype: float64",2022-01-01,2023-05-01 23:00:00,486 days,100.0,56.97166736856749,133.68344250270545,79.70208730134081,-20.29791269865919,-70.17976286600607,27.95781893004115,100.0,57.383153588811474,451 days 16:00:00,68,0.0,34,47.05882352941176,32.29954614220879,-20.200068205069904,8.131552449972656,-7.383179966684791,4 days 04:03:45,3 days 20:13:20,0.8435137034199478,-0.5969974323135059,-0.08608648207649,-0.2730130350035208,0.9949923770053148,-0.12007418238801079,long
1426,"{'window_k': 87, 'window_d': 147, 'window_ma': 42}","open_time
2022-01-01 00:00:00    100.000000
2022-01-01 01:00:00    100.000000
2022-01-01 02:00:00    100.000000
2022-01-01 03:00:00    100.000000
2022-01-01 04:00:00    100.000000
                          ...    
2023-05-01 19:00:00     80.272211
2023-05-01 20:00:00     80.272211
2023-05-01 21:00:00     80.272211
2023-05-01 22:00:00     80.272211
2023-05-01 23:00:00     80.272211
Freq: H, Length: 11664, dtype: float64",2022-01-01,2023-05-01 23:00:00,486 days,100.0,59.833245109874674,135.11322644837247,80.27221085033437,-19.727789149665625,-70.17976286600607,28.50651577503429,100.0,55.716219142515044,451 days 16:00:00,64,0.0,32,40.625,29.734345351043668,-16.105828447553833,6.9384981369398275,-5.246234136425819,4 days 09:41:32.307692307,4 days 06:41:03.157894736,0.7900799253281168,-0.6164934109270512,-0.10190833984872612,-0.273056755921238,0.9942122409980281,-0.141805925941154,long
2639,"{'window_k': 162, 'window_d': 72, 'window_ma': 237}","open_time
2022-01-01 00:00:00    100.000000
2022-01-01 01:00:00    100.000000
2022-01-01 02:00:00    100.000000
2022-01-01 03:00:00    100.000000
2022-01-01 04:00:00    100.000000
                          ...    
2023-05-01 19:00:00     82.896270
2023-05-01 20:00:00     82.705895
2023-05-01 21:00:00     83.122340
2023-05-01 22:00:00     83.491191
2023-05-01 23:00:00     83.491191
Freq: H, Length: 11664, dtype: float64",2022-01-01,2023-05-01 23:00:00,486 days,100.0,60.32200682561375,130.48982932361181,83.49119076787392,-16.508809232126083,-70.17976286600607,40.14060356652949,100.0,46.15255198990857,275 days 07:00:00,81,0.0,41,40.0,26.88621282870485,-23.54904705502316,9.528607833890272,-6.3410341450880745,6 days 22:22:30,3 days 07:07:30,0.8781714460213504,-0.45049770418037927,0.1574277219449831,-0.27458355470542456,1.0086036931770754,0.24156123982247854,long
221,"{'window_k': 12, 'window_d': 207, 'window_ma': 207}","open_time
2022-01-01 00:00:00    100.000000
2022-01-01 01:00:00    100.000000
2022-01-01 02:00:00    100.000000
2022-01-01 03:00:00    100.000000
2022-01-01 04:00:00    100.000000
                          ...    
2023-05-01 19:00:00     77.264629
2023-05-01 20:00:00     77.087188
2023-05-01 21:00:00     77.475341
2023-05-01 22:00:00     77.819134
2023-05-01 23:00:00     77.819134
Freq: H, Length: 11664, dtype: float64",2022-01-01,2023-05-01 23:00:00,486 days,100.0,48.066867949643104,128.15048139294282,77.81913353395056,-22.180866466049437,-70.17976286600607,32.030178326474626,100.0,62.491855335090364,397 days 07:00:00,99,0.0,50,34.69387755102041,33.665494333724105,-15.225643188528046,8.217555289003919,-4.591865424075463,5 days 10:38:49.411764705,1 days 20:20:37.500000,0.8193023264587428,-0.4492758199162368,-0.09219811894352227,-0.2747097778467206,0.9950980857107962,-0.12827566658079678,long
1048,"{'window_k': 72, 'window_d': 27, 'window_ma': 132}","open_time
2022-01-01 00:00:00    100.000000
2022-01-01 01:00:00    100.000000
2022-01-01 02:00:00    100.000000
2022-01-01 03:00:00    100.000000
2022-01-01 04:00:00    100.000000
                          ...    
2023-05-01 19:00:00     74.264409
2023-05-01 20:00:00     74.264409
2023-05-01 21:00:00     74.264409
2023-05-01 22:00:00     74.264409
2023-05-01 23:00:00     74.264409
Freq: H, Length: 11664, dtype: float64",2022-01-01,2023-05-01 23:00:00,486 days,100.0,27.793780368954863,101.97265717394389,74.26440945855434,-25.735590541445656,-70.17976286600607,37.302812071330585,100.0,72.74388925499457,477 days 04:00:00,210,0.0,105,38.095238095238095,27.93205317577547,-14.512437051732046,6.039940433763125,-3.819683688378205,2 days 08:22:30,1 days 08:14:46.153846153,0.8230129042981299,-0.24510086229948258,0.017411899626188068,-0.27528500981845555,1.0010143375555502,0.02725566105688894,long
853,"{'window_k': 57, 'window_d': 87, 'window_ma': 87}","open_time
2022-01-01 00:00:00    100.000000
2022-01-01 01:00:00    100.000000
2022-01-01 02:00:00    100.000000
2022-01-01 03:00:00    100.000000
2022-01-01 04:00:00    100.000000
                          ...    
2023-05-01 19:00:00     80.161307
2023-05-01 20:00:00     80.161307
2023-05-01 21:00:00     80.161307
2023-05-01 22:00:00     80.161307
2023-05-01 23:00:00     80.161307
Freq: H, Length: 11664, dtype: float64",2022-01-01,2023-05-01 23:00:00,486 days,100.0,69.18019883344297,155.68155908743302,80.16130739995647,-19.83869260004353,-70.17976286600607,43.612825788751714,100.0,55.56301000647716,194 days 16:00:00,108,0.0,54,37.03703703703704,23.214884344619524,-23.319863887707346,9.30620290926252,-5.459962255814938,5 days 08:15:00,3 days 02:10:35.294117647,0.9015550141967383,-0.3673831962971019,0.12085552508543158,-0.27539330165681436,1.0062924463369316,0.1831201520104429,long
3096,"{'window_k': 192, 'window_d': 27, 'window_ma': 132}","open_time
2022-01-01 00:00:00    100.000000
2022-01-01 01:00:00    100.000000
2022-01-01 02:00:00    100.000000
2022-01-01 03:00:00    100.000000
2022-01-01 04:00:00    100.000000
                          ...    
2023-05-01 19:00:00     76.912515
2023-05-01 20:00:00     76.912515
2023-05-01 21:00:00     76.912515
2023-05-01 22:00:00     76.912515
2023-05-01 23:00:00     76.912515
Freq: H, Length: 11664, dtype: float64",2022-01-01,2023-05-01 23:00:00,486 days,100.0,38.52453549629012,109.69116080937167,76.91251509487302,-23.087484905126985,-70.17976286600607,37.32853223593964,100.0,64.87908851357628,469 days 22:00:00,190,0.0,95,36.84210526315789,25.370287253141825,-14.919252771730882,7.000022602746933,-4.101530527720832,3 days 00:00:00,1 days 06:34:00,0.8622307608155417,-0.24302615689607365,0.04976569262310362,-0.27578909991068723,1.0028712331700023,0.07673589697180433,long
3379,"{'window_k': 207, 'window_d': 57, 'window_ma': 57}","open_time
2022-01-01 00:00:00    100.000000
2022-01-01 01:00:00    100.000000
2022-01-01 02:00:00    100.000000
2022-01-01 03:00:00    100.000000
2022-01-01 04:00:00    100.000000
                          ...    
2023-05-01 19:00:00     83.044255
2023-05-01 20:00:00     82.853541
2023-05-01 21:00:00     83.270729
2023-05-01 22:00:00     83.640238
2023-05-01 23:00:00     83.640238
Freq: H, Length: 11664, dtype: float64",2022-01-01,2023-05-01 23:00:00,486 days,100.0,63.95353714871719,117.33752356888567,83.6402383047503,-16.359761695249702,-70.17976286600607,31.858710562414267,100.0,45.49609093192443,430 days 01:00:00,95,0.0,48,40.42553191489361,20.77538527627127,-16.95726495726495,7.214245389507725,-5.06084732159031,3 days 17:50:31.578947368,2 days 19:32:08.571428571,0.8715233612034772,-0.3554347184994655,0.11559008640212035,-0.2759726252488732,1.007358614525985,0.17833032660107587,long
1743,"{'window_k': 102, 'window_d': 192, 'window_ma': 237}","open_time
2022-01-01 00:00:00    100.000000
2022-01-01 01:00:00    100.000000
2022-01-01 02:00:00    100.000000
2022-01-01 03:00:00    100.000000
2022-01-01 04:00:00    100.000000
                          ...    
2023-05-01 19:00:00     75.699445
2023-05-01 20:00:00     75.525598
2023-05-01 21:00:00     75.905888
2023-05-01 22:00:00     76.242716
2023-05-01 23:00:00     76.242716
Freq: H, Length: 11664, dtype: float64",2022-01-01,2023-05-01 23:00:00,486 days,100.0,47.305480190477184,142.33168480725027,76.24271645968322,-23.757283540316777,-70.17976286600607,37.877229080932786,100.0,66.76391468664222,391 days 18:00:00,51,0.0,26,32.0,40.65462085308057,-23.765936580581894,16.878926343958874,-8.126134033470231,10 days 17:45:00,5 days 16:35:17.647058823,0.7952893865815533,-0.9546375132791778,-0.07431836740605116,-0.2760554440499219,0.996297032336588,-0.10447269071221095,long
2324,"{'window_k': 147, 'window_d': 27, 'window_ma': 72}","open_time
2022-01-01 00:00:00    100.000000
2022-01-01 01:00:00    100.000000
2022-01-01 02:00:00    100.000000
2022-01-01 03:00:00    100.000000
2022-01-01 04:00:00    100.000000
                          ...    
2023-05-01 19:00:00     78.921743
2023-05-01 20:00:00     78.921743
2023-05-01 21:00:00     78.921743
2023-05-01 22:00:00     78.921743
2023-05-01 23:00:00     78.921743
Freq: H, Length: 11664, dtype: float64",2022-01-01,2023-05-01 23:00:00,486 days,100.0,41.42735092766393,101.03585657370517,78.92174283028349,-21.078257169716508,-70.17976286600607,37.61145404663923,100.0,58.99737743358183,477 days 04:00:00,198,0.0,99,36.36363636363637,23.877814427075876,-14.848161147566005,6.660000899300951,-3.8042993431958756,2 days 20:16:39.999999999,1 days 06:37:08.571428571,0.8804555854084699,-0.21291168858299403,0.07775629245847465,-0.27606694191920667,1.0044558171699178,0.12033241857056781,long
3730,"{'window_k': 222, 'window_d': 147, 'window_ma': 42}","open_time
2022-01-01 00:00:00    100.000000
2022-01-01 01:00:00    100.000000
2022-01-01 02:00:00    100.000000
2022-01-01 03:00:00    100.000000
2022-01-01 04:00:00    100.000000
                          ...    
2023-05-01 19:00:00     81.827207
2023-05-01 20:00:00     81.639287
2023-05-01 21:00:00     82.050361
2023-05-01 22:00:00     82.414455
2023-05-01 23:00:00     82.414455
Freq: H, Length: 11664, dtype: float64",2022-01-01,2023-05-01 23:00:00,486 days,100.0,66.58207376528742,130.4153817225003,82.41445521845102,-17.585544781548975,-70.17976286600607,25.257201646090532,100.0,48.94614969040869,353 days 18:00:00,47,0.0,24,39.130434782608695,33.690043951844075,-23.788642841482126,11.08548483901588,-7.2926678236353375,5 days 23:26:40,4 days 20:00:00,0.8302738222995412,-0.7656102052937648,-0.01980810813302529,-0.27622011315434597,0.9987220208104006,-0.029012433190571795,long
1733,"{'window_k': 102, 'window_d': 192, 'window_ma': 87}","open_time
2022-01-01 00:00:00    100.00000
2022-01-01 01:00:00    100.00000
2022-01-01 02:00:00    100.00000
2022-01-01 03:00:00    100.00000
2022-01-01 04:00:00    100.00000
                         ...    
2023-05-01 19:00:00     76.35054
2023-05-01 20:00:00     76.35054
2023-05-01 21:00:00     76.35054
2023-05-01 22:00:00     76.35054
2023-05-01 23:00:00     76.35054
Freq: H, Length: 11664, dtype: float64",2022-01-01,2023-05-01 23:00:00,486 days,100.0,47.84170863000459,142.33168480725027,76.35054030290183,-23.649459697098166,-70.17976286600607,34.816529492455416,100.0,66.38716903070933,391 days 18:00:00,50,0.0,25,40.0,31.864341827936393,-23.765936580581894,13.659016736136293,-9.460782343177625,7 days 23:42:00,5 days 22:56:00,0.8179574535684271,-0.945978387883927,-0.11693083992338851,-0.27631726405463375,0.9939858084351845,-0.1628088418003859,long
3126,"{'window_k': 192, 'window_d': 57, 'window_ma': 102}","open_time
2022-01-01 00:00:00    100.000000
2022-01-01 01:00:00    100.000000
2022-01-01 02:00:00    100.000000
2022-01-01 03:00:00    100.000000
2022-01-01 04:00:00    100.000000
                          ...    
2023-05-01 19:00:00     83.219762
2023-05-01 20:00:00     83.028644
2023-05-01 21:00:00     83.446714
2023-05-01 22:00:00     83.817004
2023-05-01 23:00:00     83.817004
Freq: H, Length: 11664, dtype: float64",2022-01-01,2023-05-01 23:00:00,486 days,100.0,62.311812819481055,113.1168198725942,83.8170039919978,-16.182996008002206,-70.17976286600607,37.31138545953361,100.0,44.91375120900311,453 days 11:00:00,95,0.0,48,46.808510638297875,20.182241178751454,-17.211933015415333,6.343329456012143,-5.739151415163591,4 days 17:46:21.818181818,2 days 21:09:36,0.8792226648993856,-0.3402527324954887,0.13984899963953093,-0.2764613893750112,1.0080911730508237,0.2142529392490193,long
2945,"{'window_k': 177, 'window_d': 132, 'window_ma': 27}","open_time
2022-01-01 00:00:00    100.000000
2022-01-01 01:00:00    100.000000
2022-01-01 02:00:00    100.000000
2022-01-01 03:00:00    100.000000
2022-01-01 04:00:00    100.000000
                          ...    
2023-05-01 19:00:00     81.508604
2023-05-01 20:00:00     81.321416
2023-05-01 21:00:00     81.730889
2023-05-01 22:00:00     82.093566
2023-05-01 23:00:00     82.093566
Freq: H, Length: 11664, dtype: float64",2022-01-01,2023-05-01 23:00:00,486 days,100.0,70.50375743570116,140.35850081477457,82.09356558978398,-17.906434410216022,-70.17976286600607,25.65157750342936,100.0,49.768801300647894,451 days 16:00:00,57,0.0,29,39.285714285714285,32.82032711690505,-13.252279635258352,8.760946814581168,-6.096613407937677,3 days 17:38:10.909090909,4 days 18:24:42.352941176,0.8395499652411803,-0.6303232548174358,-0.03225209789308765,-0.2767380276260474,0.9979002020322022,-0.04708527978343098,long
2629,"{'window_k': 162, 'window_d': 72, 'window_ma': 87}","open_time
2022-01-01 00:00:00    100.000000
2022-01-01 01:00:00    100.000000
2022-01-01 02:00:00    100.000000
2022-01-01 03:00:00    100.000000
2022-01-01 04:00:00    100.000000
                          ...    
2023-05-01 19:00:00     83.428373
2023-05-01 20:00:00     83.428373
2023-05-01 21:00:00     83.428373
2023-05-01 22:00:00     83.428373
2023-05-01 23:00:00     83.428373
Freq: H, Length: 11664, dtype: float64",2022-01-01,2023-05-01 23:00:00,486 days,100.0,59.23402309911011,130.95235250824774,83.42837312565402,-16.57162687434598,-70.17976286600607,38.25445816186557,100.0,45.94437936158437,194 days 16:00:00,82,0.0,41,41.46341463414634,24.895551732612446,-23.549047055023156,8.718183941779484,-6.149302961088851,6 days 13:17:38.823529411,3 days 02:30:00,0.8875410399333695,-0.4041860213255104,0.14635900926357115,-0.27690181197138625,1.0082288609310126,0.2254838286107562,long
3127,"{'window_k': 192, 'window_d': 57, 'window_ma': 117}","open_time
2022-01-01 00:00:00    100.000000
2022-01-01 01:00:00    100.000000
2022-01-01 02:00:00    100.000000
2022-01-01 03:00:00    100.000000
2022-01-01 04:00:00    100.000000
                          ...    
2023-05-01 19:00:00     83.015091
2023-05-01 20:00:00     82.824443
2023-05-01 21:00:00     83.241485
2023-05-01 22:00:00     83.610864
2023-05-01 23:00:00     83.610864
Freq: H, Length: 11664, dtype: float64",2022-01-01,2023-05-01 23:00:00,486 days,100.0,64.93406233549521,118.94436533061193,83.61086423539139,-16.38913576460861,-70.17976286600607,37.39711934156379,100.0,45.40803832530639,453 days 11:00:00,95,0.0,48,44.680851063829785,20.182241178751458,-17.21193301541533,6.767803350147005,-5.6210545995881125,4 days 21:17:08.571428571,2 days 20:25:23.076923076,0.8816510797620353,-0.34464868550993977,0.13730278934742535,-0.27701572795000634,1.007936916262367,0.21039305193859212,long
1232,"{'window_k': 72, 'window_d': 207, 'window_ma': 12}","open_time
2022-01-01 00:00:00    100.000000
2022-01-01 01:00:00    100.000000
2022-01-01 02:00:00    100.000000
2022-01-01 03:00:00    100.000000
2022-01-01 04:00:00    100.000000
                          ...    
2023-05-01 19:00:00     82.999808
2023-05-01 20:00:00     82.809195
2023-05-01 21:00:00     83.226160
2023-05-01 22:00:00     83.226160
2023-05-01 23:00:00     83.226160
Freq: H, Length: 11664, dtype: float64",2022-01-01,2023-05-01 23:00:00,486 days,100.0,58.97983742961226,110.18241856984336,83.22616013181614,-16.773839868183856,-70.17976286600607,14.780521262002743,100.0,46.470736261588215,391 days 18:00:00,52,0.0,26,46.15384615384615,21.86234817813765,-15.049967087547126,5.349220777130006,-5.37351579149621,2 days 06:05:00,3 days 04:47:08.571428571,0.7374026473870634,-0.6451476872378408,-0.20607934250773582,-0.2771853034986405,0.9836142999411995,-0.272997556769018,long
1570,"{'window_k': 102, 'window_d': 42, 'window_ma': 42}","open_time
2022-01-01 00:00:00    100.000000
2022-01-01 01:00:00    100.000000
2022-01-01 02:00:00    100.000000
2022-01-01 03:00:00    100.000000
2022-01-01 04:00:00    100.000000
                          ...    
2023-05-01 19:00:00     80.029795
2023-05-01 20:00:00     80.029795
2023-05-01 21:00:00     80.029795
2023-05-01 22:00:00     80.029795
2023-05-01 23:00:00     80.029795
Freq: H, Length: 11664, dtype: float64",2022-01-01,2023-05-01 23:00:00,486 days,100.0,59.974095456577956,134.59264251161017,80.02979518777737,-19.970204812222633,-70.17976286600607,31.95301783264746,100.0,55.44028682592772,355 days 14:00:00,130,0.0,65,32.30769230769231,25.720876585928487,-14.864040970613344,7.789213509999911,-3.8426313921470787,3 days 00:54:17.142857142,2 days 01:54:32.727272727,0.8760874749536319,-0.3072339201880414,0.06923119834863779,-0.2778856793727171,1.0044114521200285,0.10953626234566634,long
482,"{'window_k': 27, 'window_d': 222, 'window_ma': 42}","open_time
2022-01-01 00:00:00    100.000000
2022-01-01 01:00:00    100.000000
2022-01-01 02:00:00    100.000000
2022-01-01 03:00:00    100.000000
2022-01-01 04:00:00    100.000000
                          ...    
2023-05-01 19:00:00     81.294396
2023-05-01 20:00:00     81.294396
2023-05-01 21:00:00     81.294396
2023-05-01 22:00:00     81.294396
2023-05-01 23:00:00     81.294396
Freq: H, Length: 11664, dtype: float64",2022-01-01,2023-05-01 23:00:00,486 days,100.0,59.2489464703614,122.84612540277851,81.29439554736136,-18.70560445263864,-70.17976286600607,25.12002743484225,100.0,51.7697881995867,451 days 16:00:00,64,0.0,32,25.0,37.41897466116678,-16.789623988576867,15.126389768820758,-5.166871061983787,6 days 01:15:00,3 days 01:40:00,0.8298031431178958,-0.584550139144957,-0.12969133450017892,-0.27823385095833814,0.9923736839056091,-0.1806956500877376,long
2669,"{'window_k': 162, 'window_d': 102, 'window_ma': 207}","open_time
2022-01-01 00:00:00    100.000000
2022-01-01 01:00:00    100.000000
2022-01-01 02:00:00    100.000000
2022-01-01 03:00:00    100.000000
2022-01-01 04:00:00    100.000000
                          ...    
2023-05-01 19:00:00     79.710606
2023-05-01 20:00:00     79.527548
2023-05-01 21:00:00     79.927988
2023-05-01 22:00:00     80.282665
2023-05-01 23:00:00     80.282665
Freq: H, Length: 11664, dtype: float64",2022-01-01,2023-05-01 23:00:00,486 days,100.0,55.53502923901865,122.02109239729262,80.28266451952663,-19.717335480473366,-70.17976286600607,39.75480109739369,100.0,54.48735284371962,451 days 16:00:00,67,0.0,34,33.33333333333333,32.74034822104467,-22.165857962064408,15.14830234039427,-7.4300160179690335,8 days 11:21:49.090909091,4 days 08:46:21.818181818,0.8680932432989091,-0.5999219286413431,0.105240272947448,-0.2790628812906366,1.0057497460816776,0.15969113843132926,long
3415,"{'window_k': 207, 'window_d': 87, 'window_ma': 117}","open_time
2022-01-01 00:00:00    100.000000
2022-01-01 01:00:00    100.000000
2022-01-01 02:00:00    100.000000
2022-01-01 03:00:00    100.000000
2022-01-01 04:00:00    100.000000
                          ...    
2023-05-01 19:00:00     75.660687
2023-05-01 20:00:00     75.486929
2023-05-01 21:00:00     75.867025
2023-05-01 22:00:00     76.203681
2023-05-01 23:00:00     76.203681
Freq: H, Length: 11664, dtype: float64",2022-01-01,2023-05-01 23:00:00,486 days,100.0,59.84037735408254,176.25553225405653,76.20368065466813,-23.796319345331867,-70.17976286600607,37.57716049382716,100.0,66.0490785232046,309 days 12:00:00,67,0.0,34,36.36363636363637,31.123318810380766,-19.642455588036874,12.605308422830294,-7.447034561351394,7 days 19:50:00,4 days 01:05:42.857142857,0.8594461360643642,-0.7250496284523287,0.048753384346076525,-0.27951804615321835,1.00277460298342,0.07426723861903665,long
1092,"{'window_k': 72, 'window_d': 72, 'window_ma': 72}","open_time
2022-01-01 00:00:00    100.00000
2022-01-01 01:00:00    100.00000
2022-01-01 02:00:00    100.00000
2022-01-01 03:00:00    100.00000
2022-01-01 04:00:00    100.00000
                         ...    
2023-05-01 19:00:00     82.70858
2023-05-01 20:00:00     82.70858
2023-05-01 21:00:00     82.70858
2023-05-01 22:00:00     82.70858
2023-05-01 23:00:00     82.70858
Freq: H, Length: 11664, dtype: float64",2022-01-01,2023-05-01 23:00:00,486 days,100.0,69.86904061717162,134.76678429176604,82.70857982317473,-17.29142017682527,-70.17976286600607,39.128943758573385,100.0,47.52741087190998,194 days 16:00:00,110,0.0,55,36.36363636363637,21.20338331410993,-17.72516043372427,8.725984940349697,-5.004710542480527,4 days 10:48:00,2 days 21:22:17.142857142,0.9022458777323864,-0.3143894577604587,0.1448836696781069,-0.279590669683962,1.0080027817116495,0.22013072663878863,long
578,"{'window_k': 42, 'window_d': 72, 'window_ma': 42}","open_time
2022-01-01 00:00:00    100.00000
2022-01-01 01:00:00    100.00000
2022-01-01 02:00:00    100.00000
2022-01-01 03:00:00    100.00000
2022-01-01 04:00:00    100.00000
                         ...    
2023-05-01 19:00:00     81.24732
2023-05-01 20:00:00     81.24732
2023-05-01 21:00:00     81.24732
2023-05-01 22:00:00     81.24732
2023-05-01 23:00:00     81.24732
Freq: H, Length: 11664, dtype: float64",2022-01-01,2023-05-01 23:00:00,486 days,100.0,62.27265710303567,157.85908051281473,81.24732032830684,-18.75267967169316,-70.17976286600607,32.49314128943759,100.0,51.58359954971412,194 days 16:00:00,130,0.0,65,36.92307692307693,19.010967866076566,-17.21199727334697,6.84142968604005,-4.139620609980023,3 days 12:40:00,1 days 18:52:40.975609756,0.8933416881861613,-0.28850276417989296,0.07530684189221214,-0.279959830376503,1.0047323645895099,0.11745571784660665,long
2168,"{'window_k': 132, 'window_d': 117, 'window_ma': 132}","open_time
2022-01-01 00:00:00    100.000000
2022-01-01 01:00:00    100.000000
2022-01-01 02:00:00    100.000000
2022-01-01 03:00:00    100.000000
2022-01-01 04:00:00    100.000000
                          ...    
2023-05-01 19:00:00     79.699689
2023-05-01 20:00:00     79.516656
2023-05-01 21:00:00     79.917042
2023-05-01 22:00:00     80.271669
2023-05-01 23:00:00     80.271669
Freq: H, Length: 11664, dtype: float64",2022-01-01,2023-05-01 23:00:00,486 days,100.0,59.92001945963141,131.2137352355727,80.27166928360664,-19.72833071639336,-70.17976286600607,43.08984910836763,100.0,54.33403419843595,275 days 07:00:00,71,0.0,36,31.428571428571427,33.20037229091875,-25.053824362606232,14.264776324732232,-6.404863777927148,7 days 18:54:32.727272727,5 days 00:02:30,0.8699374653750787,-0.5584370607235276,0.044587646400741726,-0.2800108602428298,1.002115406478959,0.06314243439112292,long
1681,"{'window_k': 102, 'window_d': 147, 'window_ma': 27}","open_time
2022-01-01 00:00:00    100.000000
2022-01-01 01:00:00    100.000000
2022-01-01 02:00:00    100.000000
2022-01-01 03:00:00    100.000000
2022-01-01 04:00:00    100.000000
                          ...    
2023-05-01 19:00:00     81.082358
2023-05-01 20:00:00     80.896150
2023-05-01 21:00:00     81.303482
2023-05-01 22:00:00     81.664261
2023-05-01 23:00:00     81.664261
Freq: H, Length: 11664, dtype: float64",2022-01-01,2023-05-01 23:00:00,486 days,100.0,63.76790241462549,128.54094919230357,81.66426142308559,-18.33573857691441,-70.17976286600607,27.09190672153635,100.0,50.390982161470134,451 days 16:00:00,65,0.0,33,40.625,25.910701630049616,-18.83506805444356,7.727879398071494,-5.707759363097133,3 days 12:13:50.769230769,4 days 08:50:31.578947368,0.811213759406807,-0.5849935790810274,-0.083146168634225,-0.28004603770779374,0.995133297294927,-0.11759606140727887,long
3460,"{'window_k': 207, 'window_d': 132, 'window_ma': 72}","open_time
2022-01-01 00:00:00    100.000000
2022-01-01 01:00:00    100.000000
2022-01-01 02:00:00    100.000000
2022-01-01 03:00:00    100.000000
2022-01-01 04:00:00    100.000000
                          ...    
2023-05-01 19:00:00     76.967192
2023-05-01 20:00:00     76.790434
2023-05-01 21:00:00     77.177092
2023-05-01 22:00:00     77.519562
2023-05-01 23:00:00     77.519562
Freq: H, Length: 11664, dtype: float64",2022-01-01,2023-05-01 23:00:00,486 days,100.0,51.22055303591911,135.2991717997136,77.51956162938828,-22.480438370611722,-70.17976286600607,31.84156378600823,100.0,62.142744589935816,391 days 18:00:00,53,0.0,27,42.30769230769231,32.44944677603965,-15.168253506795553,9.07114675555956,-7.29161617782952,5 days 19:49:05.454545454,5 days 21:39:59.999999999,0.7817742199748007,-0.8251165675395424,-0.023681127690630032,-0.2801086658548378,0.9986440162607748,-0.03416531881122874,long
1248,"{'window_k': 72, 'window_d': 222, 'window_ma': 12}","open_time
2022-01-01 00:00:00    100.000000
2022-01-01 01:00:00    100.000000
2022-01-01 02:00:00    100.000000
2022-01-01 03:00:00    100.000000
2022-01-01 04:00:00    100.000000
                          ...    
2023-05-01 19:00:00     80.223566
2023-05-01 20:00:00     80.039329
2023-05-01 21:00:00     80.442347
2023-05-01 22:00:00     80.442347
2023-05-01 23:00:00     80.442347
Freq: H, Length: 11664, dtype: float64",2022-01-01,2023-05-01 23:00:00,486 days,100.0,67.34030797211032,145.71892752356177,80.44234689794597,-19.557653102054033,-70.17976286600607,14.026063100137174,100.0,53.78753528005355,391 days 18:00:00,52,0.0,26,38.46153846153847,18.260056127221695,-27.28974020255394,6.946069440716622,-5.031963823610789,2 days 17:24:00,2 days 13:22:30,0.7656562059830858,-0.7522174270020785,-0.29812205755721705,-0.28033935647001174,0.976275490832522,-0.404731617819572,long
1905,"{'window_k': 117, 'window_d': 117, 'window_ma': 27}","open_time
2022-01-01 00:00:00    100.000000
2022-01-01 01:00:00    100.000000
2022-01-01 02:00:00    100.000000
2022-01-01 03:00:00    100.000000
2022-01-01 04:00:00    100.000000
                          ...    
2023-05-01 19:00:00     82.958683
2023-05-01 20:00:00     82.768165
2023-05-01 21:00:00     83.184923
2023-05-01 22:00:00     83.554051
2023-05-01 23:00:00     83.554051
Freq: H, Length: 11664, dtype: float64",2022-01-01,2023-05-01 23:00:00,486 days,100.0,68.32377274114177,124.2594170436238,83.55405140488455,-16.445948595115453,-70.17976286600607,30.015432098765434,100.0,45.015215452720724,451 days 16:00:00,71,0.0,36,37.142857142857146,18.27397835907132,-15.60581798772351,8.739676654289164,-5.418631603501678,4 days 07:50:46.153846153,3 days 21:30:00,0.8538195526224689,-0.4780493028182269,-7.786095075771853e-05,-0.28042423038676223,0.9999956347949656,-0.00010938588093447039,long
3358,"{'window_k': 207, 'window_d': 27, 'window_ma': 222}","open_time
2022-01-01 00:00:00    100.000000
2022-01-01 01:00:00    100.000000
2022-01-01 02:00:00    100.000000
2022-01-01 03:00:00    100.000000
2022-01-01 04:00:00    100.000000
                          ...    
2023-05-01 19:00:00     75.770936
2023-05-01 20:00:00     75.770936
2023-05-01 21:00:00     75.770936
2023-05-01 22:00:00     75.770936
2023-05-01 23:00:00     75.770936
Freq: H, Length: 11664, dtype: float64",2022-01-01,2023-05-01 23:00:00,486 days,100.0,36.44952361239791,110.01068064860665,75.77093566906169,-24.229064330938314,-70.17976286600607,38.37448559670782,100.0,66.86728652391119,469 days 22:00:00,194,0.0,97,36.08247422680412,24.724669603524223,-14.131233595800527,6.945740228510894,-3.987414254298135,2 days 19:01:42.857142857,1 days 10:21:17.419354838,0.8505766478149595,-0.24978416836018869,0.03913407910550755,-0.2813021382179843,1.0022186264068564,0.06026660295630334,long
1433,"{'window_k': 87, 'window_d': 147, 'window_ma': 147}","open_time
2022-01-01 00:00:00    100.000000
2022-01-01 01:00:00    100.000000
2022-01-01 02:00:00    100.000000
2022-01-01 03:00:00    100.000000
2022-01-01 04:00:00    100.000000
                          ...    
2023-05-01 19:00:00     78.272205
2023-05-01 20:00:00     78.092450
2023-05-01 21:00:00     78.485665
2023-05-01 22:00:00     78.833941
2023-05-01 23:00:00     78.833941
Freq: H, Length: 11664, dtype: float64",2022-01-01,2023-05-01 23:00:00,486 days,100.0,55.358697615357606,132.0244318913761,78.83394063671378,-21.166059363286223,-70.17976286600607,41.01508916323731,100.0,58.06935366258246,451 days 16:00:00,67,0.0,34,36.36363636363637,31.49492017416547,-16.10582844755383,10.83316079568966,-6.473090915432475,7 days 02:50:00,5 days 06:22:51.428571428,0.8234450890269023,-0.6553540109011649,0.004367735306486515,-0.28168352644292594,1.0002082979291456,0.006128253462474963,long
3125,"{'window_k': 192, 'window_d': 57, 'window_ma': 87}","open_time
2022-01-01 00:00:00    100.000000
2022-01-01 01:00:00    100.000000
2022-01-01 02:00:00    100.000000
2022-01-01 03:00:00    100.000000
2022-01-01 04:00:00    100.000000
                          ...    
2023-05-01 19:00:00     83.197063
2023-05-01 20:00:00     83.197063
2023-05-01 21:00:00     83.197063
2023-05-01 22:00:00     83.197063
2023-05-01 23:00:00     83.197063
Freq: H, Length: 11664, dtype: float64",2022-01-01,2023-05-01 23:00:00,486 days,100.0,61.4554004457842,113.1168198725942,83.19706272967926,-16.80293727032074,-70.17976286600607,36.59122085048011,100.0,45.67085556771957,453 days 11:00:00,96,0.0,48,45.83333333333333,20.182241178751458,-17.211933015415337,6.32353386619884,-5.753587236062476,4 days 19:51:49.090909090,2 days 18:43:12,0.8706009325003853,-0.3500611931316824,0.1265090846581703,-0.2825408263625118,1.0074095023809702,0.19455438482129409,long
3477,"{'window_k': 207, 'window_d': 147, 'window_ma': 87}","open_time
2022-01-01 00:00:00    100.000000
2022-01-01 01:00:00    100.000000
2022-01-01 02:00:00    100.000000
2022-01-01 03:00:00    100.000000
2022-01-01 04:00:00    100.000000
                          ...    
2023-05-01 19:00:00     78.636737
2023-05-01 20:00:00     78.636737
2023-05-01 21:00:00     78.636737
2023-05-01 22:00:00     78.636737
2023-05-01 23:00:00     78.636737
Freq: H, Length: 11664, dtype: float64",2022-01-01,2023-05-01 23:00:00,486 days,100.0,61.97120053988692,148.70335048671336,78.63673739772847,-21.363262602271533,-70.17976286600607,34.75651577503429,100.0,58.3256192028948,349 days 17:00:00,48,0.0,24,37.5,31.461318051575926,-23.14540059347182,13.082948933886504,-8.07437618978283,8 days 14:13:20,6 days 02:32:00,0.8283809426294293,-0.8901359417613133,-0.029222687501246083,-0.28314091271979747,0.9984226266163476,-0.042974459855461174,long
3461,"{'window_k': 207, 'window_d': 132, 'window_ma': 87}","open_time
2022-01-01 00:00:00    100.000000
2022-01-01 01:00:00    100.000000
2022-01-01 02:00:00    100.000000
2022-01-01 03:00:00    100.000000
2022-01-01 04:00:00    100.000000
                          ...    
2023-05-01 19:00:00     79.124391
2023-05-01 20:00:00     79.124391
2023-05-01 21:00:00     79.124391
2023-05-01 22:00:00     79.124391
2023-05-01 23:00:00     79.124391
Freq: H, Length: 11664, dtype: float64",2022-01-01,2023-05-01 23:00:00,486 days,100.0,59.857797866614135,138.96238475450738,79.12439079043847,-20.87560920956153,-70.17976286600607,37.09705075445816,100.0,56.92517944884175,391 days 18:00:00,54,0.0,27,33.33333333333333,31.285768790537965,-15.168253506795553,13.960833356934934,-7.153556902229001,8 days 06:40:00,5 days 21:03:19.999999999,0.8382073008016523,-0.7731707114652426,0.01810571273289517,-0.2832813823896943,1.0009644598017897,0.026109346215751623,long
2956,"{'window_k': 177, 'window_d': 132, 'window_ma': 192}","open_time
2022-01-01 00:00:00    100.000000
2022-01-01 01:00:00    100.000000
2022-01-01 02:00:00    100.000000
2022-01-01 03:00:00    100.000000
2022-01-01 04:00:00    100.000000
                          ...    
2023-05-01 19:00:00     79.656785
2023-05-01 20:00:00     79.473850
2023-05-01 21:00:00     79.874020
2023-05-01 22:00:00     80.228457
2023-05-01 23:00:00     80.228457
Freq: H, Length: 11664, dtype: float64",2022-01-01,2023-05-01 23:00:00,486 days,100.0,65.65214254658515,142.1550308339868,80.2284569541031,-19.771543045896905,-70.17976286600607,42.02674897119342,100.0,53.81651837334142,391 days 18:00:00,57,0.0,29,28.57142857142857,39.963224026969044,-13.252279635258354,17.461281919416482,-6.862295556313993,10 days 02:37:30,6 days 01:00:00,0.8562238206518485,-0.6971431192617343,0.06716430511711599,-0.2833405282861008,1.0033532417556406,0.09685547130365181,long
1708,"{'window_k': 102, 'window_d': 162, 'window_ma': 192}","open_time
2022-01-01 00:00:00    100.000000
2022-01-01 01:00:00    100.000000
2022-01-01 02:00:00    100.000000
2022-01-01 03:00:00    100.000000
2022-01-01 04:00:00    100.000000
                          ...    
2023-05-01 19:00:00     75.236185
2023-05-01 20:00:00     75.063403
2023-05-01 21:00:00     75.441365
2023-05-01 22:00:00     75.776132
2023-05-01 23:00:00     75.776132
Freq: H, Length: 11664, dtype: float64",2022-01-01,2023-05-01 23:00:00,486 days,100.0,53.92573213277397,160.35660287798214,75.77613228409493,-24.223867715905072,-70.17976286600607,41.718106995884774,100.0,66.3713678358434,355 days 14:00:00,63,0.0,32,29.03225806451613,42.3529411764706,-20.916676191564747,17.377959849324505,-7.095453670779038,10 days 03:00:00,4 days 23:05:27.272727272,0.8367104236242296,-0.7493666330725355,0.01732428861790716,-0.2833409855436292,1.0009062020049673,0.025896522350026017,long
2749,"{'window_k': 162, 'window_d': 177, 'window_ma': 207}","open_time
2022-01-01 00:00:00    100.000000
2022-01-01 01:00:00    100.000000
2022-01-01 02:00:00    100.000000
2022-01-01 03:00:00    100.000000
2022-01-01 04:00:00    100.000000
                          ...    
2023-05-01 19:00:00     80.385483
2023-05-01 20:00:00     80.200874
2023-05-01 21:00:00     80.604705
2023-05-01 22:00:00     80.962384
2023-05-01 23:00:00     80.962384
Freq: H, Length: 11664, dtype: float64",2022-01-01,2023-05-01 23:00:00,486 days,100.0,60.134266043059974,124.40355194179949,80.96238437305131,-19.037615626948693,-70.17976286600607,36.11968449931413,100.0,51.66193801991042,451 days 16:00:00,47,0.0,24,39.130434782608695,48.1820869051138,-21.019941157240932,13.46061167560994,-8.57843118899327,9 days 03:13:20,6 days 14:12:51.428571428,0.8142717196859643,-0.871867939842542,-0.006495563391546718,-0.2838992401435291,0.9996677821196862,-0.009226786713113696,long
2916,"{'window_k': 177, 'window_d': 102, 'window_ma': 72}","open_time
2022-01-01 00:00:00    100.000000
2022-01-01 01:00:00    100.000000
2022-01-01 02:00:00    100.000000
2022-01-01 03:00:00    100.000000
2022-01-01 04:00:00    100.000000
                          ...    
2023-05-01 19:00:00     79.563281
2023-05-01 20:00:00     79.563281
2023-05-01 21:00:00     79.563281
2023-05-01 22:00:00     79.563281
2023-05-01 23:00:00     79.563281
Freq: H, Length: 11664, dtype: float64",2022-01-01,2023-05-01 23:00:00,486 days,100.0,61.178639402151475,137.65240290910194,79.56328078568733,-20.436719214312674,-70.17976286600607,36.54835390946502,100.0,55.555705451396676,286 days 02:00:00,68,0.0,34,38.23529411764706,31.446421809920462,-23.08116453462726,10.809239739941548,-6.811659180214612,6 days 23:46:09.230769230,4 days 03:08:34.285714285,0.8547224726707131,-0.6010799768915489,0.09164507035495138,-0.28397944633558375,1.005205928341829,0.13894628701548964,long
3485,"{'window_k': 207, 'window_d': 147, 'window_ma': 207}","open_time
2022-01-01 00:00:00    100.000000
2022-01-01 01:00:00    100.000000
2022-01-01 02:00:00    100.000000
2022-01-01 03:00:00    100.000000
2022-01-01 04:00:00    100.000000
                          ...    
2023-05-01 19:00:00     78.995183
2023-05-01 20:00:00     78.813767
2023-05-01 21:00:00     79.210614
2023-05-01 22:00:00     79.562107
2023-05-01 23:00:00     79.562107
Freq: H, Length: 11664, dtype: float64",2022-01-01,2023-05-01 23:00:00,486 days,100.0,61.9938715626243,139.41977796193876,79.56210697493086,-20.437893025069144,-70.17976286600607,37.7400548696845,100.0,55.534377927679344,349 days 17:00:00,47,0.0,24,34.78260869565217,34.7142647274864,-23.145400593471816,15.875400035763743,-8.411397037484065,10 days 07:30:00,6 days 14:56:00,0.8347096528636891,-0.8792374749793153,0.02010521438683282,-0.28410531034200137,1.001047143311845,0.029558272808209475,long
1650,"{'window_k': 102, 'window_d': 117, 'window_ma': 42}","open_time
2022-01-01 00:00:00    100.000000
2022-01-01 01:00:00    100.000000
2022-01-01 02:00:00    100.000000
2022-01-01 03:00:00    100.000000
2022-01-01 04:00:00    100.000000
                          ...    
2023-05-01 19:00:00     82.067924
2023-05-01 20:00:00     82.067924
2023-05-01 21:00:00     82.067924
2023-05-01 22:00:00     82.067924
2023-05-01 23:00:00     82.067924
Freq: H, Length: 11664, dtype: float64",2022-01-01,2023-05-01 23:00:00,486 days,100.0,66.3089352005845,128.8450263489204,82.06792380600018,-17.93207619399982,-70.17976286600607,29.183813443072705,100.0,48.53589845135679,451 days 16:00:00,72,0.0,36,33.33333333333333,36.69689369091262,-17.041348855881157,9.411588991549435,-5.075863321327765,4 days 18:00:00,3 days 14:23:28.695652173,0.8404246338137522,-0.498113227611106,-0.06745776332230723,-0.28418445943346504,0.9961917228875148,-0.09309273610775802,long
994,"{'window_k': 57, 'window_d': 222, 'window_ma': 42}","open_time
2022-01-01 00:00:00    100.000000
2022-01-01 01:00:00    100.000000
2022-01-01 02:00:00    100.000000
2022-01-01 03:00:00    100.000000
2022-01-01 04:00:00    100.000000
                          ...    
2023-05-01 19:00:00     77.031424
2023-05-01 20:00:00     76.854518
2023-05-01 21:00:00     77.241500
2023-05-01 22:00:00     77.584255
2023-05-01 23:00:00     77.584255
Freq: H, Length: 11664, dtype: float64",2022-01-01,2023-05-01 23:00:00,486 days,100.0,51.21437356582596,131.43463115608435,77.58425480957155,-22.415745190428453,-70.17976286600607,24.391289437585733,100.0,61.034338427132916,355 days 14:00:00,57,0.0,29,39.285714285714285,32.550208412277385,-21.71103078102748,11.511381383803789,-7.727649002865272,5 days 07:38:10.909090909,3 days 11:00:00,0.8093029666523165,-0.781608134176067,-0.10331784432703843,-0.2843474778246272,0.9926482121705767,-0.1567957069719097,long
754,"{'window_k': 42, 'window_d': 237, 'window_ma': 42}","open_time
2022-01-01 00:00:00    100.000000
2022-01-01 01:00:00    100.000000
2022-01-01 02:00:00    100.000000
2022-01-01 03:00:00    100.000000
2022-01-01 04:00:00    100.000000
                          ...    
2023-05-01 19:00:00     77.203662
2023-05-01 20:00:00     77.026361
2023-05-01 21:00:00     77.414208
2023-05-01 22:00:00     77.757729
2023-05-01 23:00:00     77.757729
Freq: H, Length: 11664, dtype: float64",2022-01-01,2023-05-01 23:00:00,486 days,100.0,51.57851115311686,130.52988421896296,77.75772917429835,-22.242270825701652,-70.17976286600607,25.73731138545953,100.0,60.485285448813954,430 days 01:00:00,53,0.0,27,34.61538461538461,32.52509945065354,-22.2849401670806,14.259334169445726,-7.8342004067579,6 days 14:06:40,3 days 20:28:14.117647058,0.8166534913462756,-0.8618650328409192,-0.1961309040751941,-0.28463478401303455,0.9885902946801224,-0.2735420613228364,long
922,"{'window_k': 57, 'window_d': 147, 'window_ma': 162}","open_time
2022-01-01 00:00:00    100.000000
2022-01-01 01:00:00    100.000000
2022-01-01 02:00:00    100.000000
2022-01-01 03:00:00    100.000000
2022-01-01 04:00:00    100.000000
                          ...    
2023-05-01 19:00:00     76.036438
2023-05-01 20:00:00     75.861817
2023-05-01 21:00:00     76.243800
2023-05-01 22:00:00     76.582127
2023-05-01 23:00:00     76.582127
Freq: H, Length: 11664, dtype: float64",2022-01-01,2023-05-01 23:00:00,486 days,100.0,50.65471396474805,139.79728262731658,76.58212746363526,-23.41787253636474,-70.17976286600607,39.651920438957475,100.0,63.765594714893226,391 days 18:00:00,71,0.0,36,34.285714285714285,35.377176015473886,-22.139332032594965,13.0834742758166,-6.908585705801511,8 days 01:00:00,4 days 00:20:52.173913043,0.8387030855625154,-0.6768776431696977,-0.03357070307712499,-0.2847613411736565,0.9983906849970934,-0.04692497889812877,long
1280,"{'window_k': 87, 'window_d': 12, 'window_ma': 12}","open_time
2022-01-01 00:00:00    100.000000
2022-01-01 01:00:00    100.000000
2022-01-01 02:00:00    100.000000
2022-01-01 03:00:00    100.000000
2022-01-01 04:00:00    100.000000
                          ...    
2023-05-01 19:00:00     76.998479
2023-05-01 20:00:00     76.821649
2023-05-01 21:00:00     77.208465
2023-05-01 22:00:00     77.208465
2023-05-01 23:00:00     77.208465
Freq: H, Length: 11664, dtype: float64",2022-01-01,2023-05-01 23:00:00,486 days,100.0,38.829251683396905,101.42055773033617,77.20846458277043,-22.791535417229568,-70.17976286600607,32.07304526748971,100.0,61.71461432243477,481 days 09:00:00,476,0.0,238,36.97478991596639,30.74237412715911,-16.333207499685425,3.954394720652695,-2.3248460433887015,0 days 21:41:35.454545454,0 days 12:14:05.637583892,0.892977804071638,-0.09576275385390542,0.05071172347898031,-0.28608751749088396,1.0032543319984077,0.0814909844444482,long
3990,"{'window_k': 237, 'window_d': 147, 'window_ma': 102}","open_time
2022-01-01 00:00:00    100.000000
2022-01-01 01:00:00    100.000000
2022-01-01 02:00:00    100.000000
2022-01-01 03:00:00    100.000000
2022-01-01 04:00:00    100.000000
                          ...    
2023-05-01 19:00:00     80.301919
2023-05-01 20:00:00     80.117502
2023-05-01 21:00:00     80.520914
2023-05-01 22:00:00     80.878221
2023-05-01 23:00:00     80.878221
Freq: H, Length: 11664, dtype: float64",2022-01-01,2023-05-01 23:00:00,486 days,100.0,62.512523463952164,128.82342180453387,80.87822108871603,-19.12177891128397,-70.17976286600607,31.035665294924552,100.0,51.47425632055981,349 days 17:00:00,49,0.0,25,33.33333333333333,32.4288647697272,-12.729676140118956,12.068105232048834,-6.539590655154545,8 days 17:00:00,5 days 00:15:00,0.7946951044500112,-0.817871860887744,-0.0070521019348695575,-0.286228807905364,0.999594782083843,-0.010265064103817518,long
1425,"{'window_k': 87, 'window_d': 147, 'window_ma': 27}","open_time
2022-01-01 00:00:00    100.000000
2022-01-01 01:00:00    100.000000
2022-01-01 02:00:00    100.000000
2022-01-01 03:00:00    100.000000
2022-01-01 04:00:00    100.000000
                          ...    
2023-05-01 19:00:00     81.363010
2023-05-01 20:00:00     81.176156
2023-05-01 21:00:00     81.584898
2023-05-01 22:00:00     81.946927
2023-05-01 23:00:00     81.946927
Freq: H, Length: 11664, dtype: float64",2022-01-01,2023-05-01 23:00:00,486 days,100.0,63.717292642752966,123.60100609749563,81.94692689584201,-18.05307310415799,-70.17976286600607,28.009259259259263,100.0,48.449211980933875,451 days 16:00:00,67,0.0,34,39.39393939393939,23.22902243145943,-16.105828447553833,7.72012350660915,-5.469720840702571,3 days 08:00:00,4 days 11:21:00,0.8131960306491411,-0.5615722767417921,-0.070503035504796,-0.28666350068260443,0.9959380545463905,-0.09909089269044219,long
1662,"{'window_k': 102, 'window_d': 117, 'window_ma': 222}","open_time
2022-01-01 00:00:00    100.000000
2022-01-01 01:00:00    100.000000
2022-01-01 02:00:00    100.000000
2022-01-01 03:00:00    100.000000
2022-01-01 04:00:00    100.000000
                          ...    
2023-05-01 19:00:00     77.354124
2023-05-01 20:00:00     77.176477
2023-05-01 21:00:00     77.565079
2023-05-01 22:00:00     77.909270
2023-05-01 23:00:00     77.909270
Freq: H, Length: 11664, dtype: float64",2022-01-01,2023-05-01 23:00:00,486 days,100.0,51.0032966662567,126.31091719895873,77.90927035093704,-22.090729649062965,-70.17976286600607,41.2980109739369,100.0,59.620832626906804,391 days 18:00:00,71,0.0,36,31.428571428571427,36.6968936909126,-17.041348855881157,14.157873147327802,-6.525210906895591,7 days 14:16:21.818181818,4 days 17:00:00,0.8324303724556575,-0.6219641324428338,-0.011487462281307294,-0.28672993140171377,0.999454349454302,-0.01604935567961214,long
1263,"{'window_k': 72, 'window_d': 222, 'window_ma': 237}","open_time
2022-01-01 00:00:00    100.000000
2022-01-01 01:00:00    100.000000
2022-01-01 02:00:00    100.000000
2022-01-01 03:00:00    100.000000
2022-01-01 04:00:00    100.000000
                          ...    
2023-05-01 19:00:00     74.817842
2023-05-01 20:00:00     74.646019
2023-05-01 21:00:00     75.021880
2023-05-01 22:00:00     75.354786
2023-05-01 23:00:00     75.354786
Freq: H, Length: 11664, dtype: float64",2022-01-01,2023-05-01 23:00:00,486 days,100.0,51.21457022976219,153.6753289810085,75.35478604094928,-24.64521395905072,-70.17976286600607,36.51406035665295,100.0,66.6735249116718,391 days 18:00:00,49,0.0,25,41.66666666666667,40.3702071397091,-27.289740202553947,12.765520282298901,-9.47644508905778,10 days 02:42:00,5 days 10:04:17.142857142,0.7878649712869347,-1.0340431744769498,-0.10891252082637402,-0.287145962444411,0.994525624754138,-0.1526207026266769,long
1258,"{'window_k': 72, 'window_d': 222, 'window_ma': 162}","open_time
2022-01-01 00:00:00    100.000000
2022-01-01 01:00:00    100.000000
2022-01-01 02:00:00    100.000000
2022-01-01 03:00:00    100.000000
2022-01-01 04:00:00    100.000000
                          ...    
2023-05-01 19:00:00     74.565719
2023-05-01 20:00:00     74.394476
2023-05-01 21:00:00     74.769070
2023-05-01 22:00:00     75.100854
2023-05-01 23:00:00     75.100854
Freq: H, Length: 11664, dtype: float64",2022-01-01,2023-05-01 23:00:00,486 days,100.0,50.57977842797973,154.87526723311692,75.10085411483533,-24.89914588516467,-70.17976286600607,36.41975308641975,100.0,67.34160377470246,391 days 18:00:00,49,0.0,25,41.66666666666667,40.37020713970914,-27.289740202553936,12.950416863792308,-9.581462500282449,10 days 01:36:00,5 days 10:04:17.142857142,0.7874349949657686,-1.0445995459956663,-0.1080148191462386,-0.2873372265205826,0.9945741619720954,-0.15085335374413128,long
1675,"{'window_k': 102, 'window_d': 132, 'window_ma': 177}","open_time
2022-01-01 00:00:00    100.000000
2022-01-01 01:00:00    100.000000
2022-01-01 02:00:00    100.000000
2022-01-01 03:00:00    100.000000
2022-01-01 04:00:00    100.000000
                          ...    
2023-05-01 19:00:00     76.283967
2023-05-01 20:00:00     76.108778
2023-05-01 21:00:00     76.492004
2023-05-01 22:00:00     76.831433
2023-05-01 23:00:00     76.831433
Freq: H, Length: 11664, dtype: float64",2022-01-01,2023-05-01 23:00:00,486 days,100.0,51.11770029794393,136.26767500707496,76.83143323472572,-23.168566765274278,-70.17976286600607,42.36111111111111,100.0,62.487288129565634,391 days 18:00:00,69,0.0,35,32.35294117647059,30.586011342154997,-25.54872695346796,12.682779474984468,-6.222536955717739,7 days 08:27:16.363636363,5 days 06:36:31.304347826,0.8162070279435211,-0.6923777620816276,-0.02958984080624943,-0.28738583543346924,0.9986103850671195,-0.04121492383562792,long
2002,"{'window_k': 117, 'window_d': 207, 'window_ma': 42}","open_time
2022-01-01 00:00:00    100.000000
2022-01-01 01:00:00    100.000000
2022-01-01 02:00:00    100.000000
2022-01-01 03:00:00    100.000000
2022-01-01 04:00:00    100.000000
                          ...    
2023-05-01 19:00:00     79.062352
2023-05-01 20:00:00     78.880782
2023-05-01 21:00:00     79.277966
2023-05-01 22:00:00     79.629758
2023-05-01 23:00:00     79.629758
Freq: H, Length: 11664, dtype: float64",2022-01-01,2023-05-01 23:00:00,486 days,100.0,54.646632674982314,120.59738643434972,79.629757598539,-20.370242401461,-70.17976286600607,24.314128943758572,100.0,54.68671893256111,451 days 16:00:00,47,0.0,24,43.47826086956522,30.839723209276226,-26.480990274093713,10.077555704494708,-8.216255221816816,5 days 10:11:59.999999999,4 days 21:23:04.615384615,0.7907883228350624,-0.8748079896889167,-0.15740417097419074,-0.28752563871728326,0.9903710458829579,-0.2208343732709885,long
2774,"{'window_k': 162, 'window_d': 207, 'window_ma': 102}","open_time
2022-01-01 00:00:00    100.000000
2022-01-01 01:00:00    100.000000
2022-01-01 02:00:00    100.000000
2022-01-01 03:00:00    100.000000
2022-01-01 04:00:00    100.000000
                          ...    
2023-05-01 19:00:00     80.241088
2023-05-01 20:00:00     80.241088
2023-05-01 21:00:00     80.241088
2023-05-01 22:00:00     80.241088
2023-05-01 23:00:00     80.241088
Freq: H, Length: 11664, dtype: float64",2022-01-01,2023-05-01 23:00:00,486 days,100.0,56.48325112490423,119.71584474415731,80.24108757667591,-19.75891242332409,-70.17976286600607,26.71467764060357,100.0,52.81890108563856,451 days 16:00:00,42,0.0,21,23.809523809523807,40.82528533801579,-13.097014925373122,15.31133414339752,-5.350725507806993,9 days 12:00:00,5 days 03:30:00,0.7311282644276985,-0.9409005915868618,-0.10856495328197614,-0.28850240853210873,0.9936318876185958,-0.15129979782688704,long
2748,"{'window_k': 162, 'window_d': 177, 'window_ma': 192}","open_time
2022-01-01 00:00:00    100.000000
2022-01-01 01:00:00    100.000000
2022-01-01 02:00:00    100.000000
2022-01-01 03:00:00    100.000000
2022-01-01 04:00:00    100.000000
                          ...    
2023-05-01 19:00:00     79.080935
2023-05-01 20:00:00     78.899323
2023-05-01 21:00:00     79.296600
2023-05-01 22:00:00     79.648475
2023-05-01 23:00:00     79.648475
Freq: H, Length: 11664, dtype: float64",2022-01-01,2023-05-01 23:00:00,486 days,100.0,61.39061733030711,134.6495519956785,79.64847462271418,-20.351525377285824,-70.17976286600607,37.78292181069959,100.0,54.40711356226614,391 days 18:00:00,47,0.0,24,34.78260869565217,48.1820869051138,-21.019941157240936,15.918702249116299,-8.454734440396203,10 days 04:22:30,6 days 17:48:00,0.8141808919984123,-0.9282780287575738,-0.01609831711695491,-0.2887298359224524,0.9991963772820159,-0.022867279814741955,long
3232,"{'window_k': 192, 'window_d': 162, 'window_ma': 12}","open_time
2022-01-01 00:00:00    100.000000
2022-01-01 01:00:00    100.000000
2022-01-01 02:00:00    100.000000
2022-01-01 03:00:00    100.000000
2022-01-01 04:00:00    100.000000
                          ...    
2023-05-01 19:00:00     83.714233
2023-05-01 20:00:00     83.521980
2023-05-01 21:00:00     83.942534
2023-05-01 22:00:00     83.942534
2023-05-01 23:00:00     83.942534
Freq: H, Length: 11664, dtype: float64",2022-01-01,2023-05-01 23:00:00,486 days,100.0,66.76406474661201,116.43914163194907,83.94253361050305,-16.057466389496952,-70.17976286600607,12.525720164609053,100.0,42.66183706708724,391 days 18:00:00,50,0.0,25,40.0,20.74498567335243,-9.381597466572831,5.069405832179416,-4.202326738528707,2 days 14:24:00,2 days 07:48:00,0.7113804032367813,-0.642298655579878,-0.26167445507844816,-0.28874574711927586,0.9774926246529659,-0.34793160032139414,long
3966,"{'window_k': 237, 'window_d': 117, 'window_ma': 222}","open_time
2022-01-01 00:00:00    100.000000
2022-01-01 01:00:00    100.000000
2022-01-01 02:00:00    100.000000
2022-01-01 03:00:00    100.000000
2022-01-01 04:00:00    100.000000
                          ...    
2023-05-01 19:00:00     77.781865
2023-05-01 20:00:00     77.603235
2023-05-01 21:00:00     77.993987
2023-05-01 22:00:00     78.340081
2023-05-01 23:00:00     78.340081
Freq: H, Length: 11664, dtype: float64",2022-01-01,2023-05-01 23:00:00,486 days,100.0,55.067736219648395,130.99219557285758,78.34008102717634,-21.65991897282366,-70.17976286600607,37.84293552812071,100.0,57.96105563478411,355 days 14:00:00,59,0.0,30,34.48275862068966,41.555624418964996,-25.376746232537684,15.420855627219265,-7.897744063581662,10 days 01:06:00,4 days 06:44:12.631578947,0.8492628610629753,-0.7110909166250234,0.07290488065526125,-0.28900467276823666,1.0040906267686172,0.11177790684780003,long
2624,"{'window_k': 162, 'window_d': 72, 'window_ma': 12}","open_time
2022-01-01 00:00:00    100.000000
2022-01-01 01:00:00    100.000000
2022-01-01 02:00:00    100.000000
2022-01-01 03:00:00    100.000000
2022-01-01 04:00:00    100.000000
                          ...    
2023-05-01 19:00:00     79.609638
2023-05-01 20:00:00     79.609638
2023-05-01 21:00:00     79.609638
2023-05-01 22:00:00     79.609638
2023-05-01 23:00:00     79.609638
Freq: H, Length: 11664, dtype: float64",2022-01-01,2023-05-01 23:00:00,486 days,100.0,70.32286292845261,154.34773324122995,79.60963815043827,-20.390361849561728,-70.17976286600607,14.531893004115226,100.0,54.438681118468345,355 days 14:00:00,80,0.0,40,42.5,17.51655629139072,-23.549047055023163,5.696333443069931,-4.684646613562282,1 days 12:24:42.352941176,1 days 22:46:57.391304347,0.831893850566336,-0.5097590462390431,-0.14068784736986417,-0.28912945616348484,0.9860188988856471,-0.2301505762628312,long
3138,"{'window_k': 192, 'window_d': 72, 'window_ma': 42}","open_time
2022-01-01 00:00:00    100.000000
2022-01-01 01:00:00    100.000000
2022-01-01 02:00:00    100.000000
2022-01-01 03:00:00    100.000000
2022-01-01 04:00:00    100.000000
                          ...    
2023-05-01 19:00:00     81.967806
2023-05-01 20:00:00     81.967806
2023-05-01 21:00:00     81.967806
2023-05-01 22:00:00     81.967806
2023-05-01 23:00:00     81.967806
Freq: H, Length: 11664, dtype: float64",2022-01-01,2023-05-01 23:00:00,486 days,100.0,74.97078451551214,144.02765883291084,81.9678064493633,-18.032193550636705,-70.17976286600607,23.61968449931413,100.0,47.946953298402825,286 days 02:00:00,76,0.0,38,34.21052631578947,27.060692191941136,-17.674642298905855,8.610508934669566,-4.7272347131700005,4 days 14:13:50.769230769,2 days 04:52:48,0.8565939343391068,-0.4745314092272821,0.02592132558164164,-0.28932272512341084,1.001967779854005,0.04102687546719213,long
3092,"{'window_k': 192, 'window_d': 27, 'window_ma': 72}","open_time
2022-01-01 00:00:00    100.000000
2022-01-01 01:00:00    100.000000
2022-01-01 02:00:00    100.000000
2022-01-01 03:00:00    100.000000
2022-01-01 04:00:00    100.000000
                          ...    
2023-05-01 19:00:00     75.459374
2023-05-01 20:00:00     75.459374
2023-05-01 21:00:00     75.459374
2023-05-01 22:00:00     75.459374
2023-05-01 23:00:00     75.459374
Freq: H, Length: 11664, dtype: float64",2022-01-01,2023-05-01 23:00:00,486 days,100.0,36.20987209108329,106.0944912382612,75.45937373583268,-24.540626264167315,-70.17976286600607,36.11968449931413,100.0,65.87016755680072,473 days 09:00:00,190,0.0,95,37.89473684210527,25.37028725314182,-14.919252771730873,6.719832046089238,-4.1526091421222215,2 days 19:38:20,1 days 06:08:08.135593220,0.8463031112186383,-0.25832238172807753,0.026582922770243562,-0.28936872468215624,1.0015553325197764,0.041038546364552494,long
3571,"{'window_k': 207, 'window_d': 237, 'window_ma': 57}","open_time
2022-01-01 00:00:00    100.000000
2022-01-01 01:00:00    100.000000
2022-01-01 02:00:00    100.000000
2022-01-01 03:00:00    100.000000
2022-01-01 04:00:00    100.000000
                          ...    
2023-05-01 19:00:00     80.662738
2023-05-01 20:00:00     80.662738
2023-05-01 21:00:00     80.662738
2023-05-01 22:00:00     80.662738
2023-05-01 23:00:00     80.662738
Freq: H, Length: 11664, dtype: float64",2022-01-01,2023-05-01 23:00:00,486 days,100.0,63.1004193517299,130.113825056956,80.66273767448675,-19.33726232551325,-70.17976286600607,26.64609053497942,100.0,51.50367816478507,351 days 13:00:00,34,0.0,17,47.05882352941176,26.243093922651944,-23.42319749216301,8.039783275513946,-8.373907539275157,7 days 09:52:30,7 days 19:13:20,0.733360172268355,-1.1374860191478384,-0.14208910089208274,-0.2893790775094836,0.9913724182113719,-0.20001419657502525,long
959,"{'window_k': 57, 'window_d': 177, 'window_ma': 237}","open_time
2022-01-01 00:00:00    100.000000
2022-01-01 01:00:00    100.000000
2022-01-01 02:00:00    100.000000
2022-01-01 03:00:00    100.000000
2022-01-01 04:00:00    100.000000
                          ...    
2023-05-01 19:00:00     75.847870
2023-05-01 20:00:00     75.673682
2023-05-01 21:00:00     76.054718
2023-05-01 22:00:00     76.392206
2023-05-01 23:00:00     76.392206
Freq: H, Length: 11664, dtype: float64",2022-01-01,2023-05-01 23:00:00,486 days,100.0,50.347210233890735,136.9364911710249,76.3922064044542,-23.6077935955458,-70.17976286600607,38.25445816186557,100.0,63.23316757765445,391 days 18:00:00,63,0.0,32,32.25806451612903,39.55439416861505,-26.76644121456325,14.65198152312907,-7.061462941196892,8 days 03:12:00,4 days 20:25:42.857142857,0.8300883849009016,-0.7569763246709011,-0.0766596681033737,-0.2895704415850505,0.9962484833821785,-0.10675604843013228,long
1261,"{'window_k': 72, 'window_d': 222, 'window_ma': 207}","open_time
2022-01-01 00:00:00    100.000000
2022-01-01 01:00:00    100.000000
2022-01-01 02:00:00    100.000000
2022-01-01 03:00:00    100.000000
2022-01-01 04:00:00    100.000000
                          ...    
2023-05-01 19:00:00     75.830055
2023-05-01 20:00:00     75.655908
2023-05-01 21:00:00     76.036854
2023-05-01 22:00:00     76.374264
2023-05-01 23:00:00     76.374264
Freq: H, Length: 11664, dtype: float64",2022-01-01,2023-05-01 23:00:00,486 days,100.0,51.516355628267824,140.11398588099544,76.3742637632024,-23.625736236797593,-70.17976286600607,36.03395061728395,100.0,63.23253863320769,409 days 07:00:00,49,0.0,25,41.66666666666667,40.37020713970913,-27.28974020255394,12.8021224561448,-9.400034518232285,10 days 00:54:00,5 days 07:21:25.714285714,0.7955687223249379,-0.9916617939398362,-0.09736050336008521,-0.2898012155839389,0.9950556123852036,-0.13600430815530123,long
3857,"{'window_k': 237, 'window_d': 27, 'window_ma': 27}","open_time
2022-01-01 00:00:00    100.000000
2022-01-01 01:00:00    100.000000
2022-01-01 02:00:00    100.000000
2022-01-01 03:00:00    100.000000
2022-01-01 04:00:00    100.000000
                          ...    
2023-05-01 19:00:00     77.823931
2023-05-01 20:00:00     77.823931
2023-05-01 21:00:00     77.823931
2023-05-01 22:00:00     77.823931
2023-05-01 23:00:00     77.823931
Freq: H, Length: 11664, dtype: float64",2022-01-01,2023-05-01 23:00:00,486 days,100.0,52.289035848552444,127.96388637262307,77.82393057303412,-22.17606942696588,-70.17976286600607,27.95781893004115,100.0,59.137661936673325,439 days 04:00:00,184,0.0,92,35.869565217391305,21.787288955801714,-13.671753347866696,5.457488374434597,-3.2131514960963594,2 days 02:12:43.636363636,1 days 03:11:11.186440677,0.8595427825972619,-0.24104423290180277,-0.09879718882068625,-0.29022603080536424,0.9940643188804028,-0.14064428704374748,long
1943,"{'window_k': 117, 'window_d': 147, 'window_ma': 117}","open_time
2022-01-01 00:00:00    100.000000
2022-01-01 01:00:00    100.000000
2022-01-01 02:00:00    100.000000
2022-01-01 03:00:00    100.000000
2022-01-01 04:00:00    100.000000
                          ...    
2023-05-01 19:00:00     77.531122
2023-05-01 20:00:00     77.353069
2023-05-01 21:00:00     77.742561
2023-05-01 22:00:00     78.087539
2023-05-01 23:00:00     78.087539
Freq: H, Length: 11664, dtype: float64",2022-01-01,2023-05-01 23:00:00,486 days,100.0,58.278417807451795,139.8941289701636,78.08753930331649,-21.91246069668351,-70.17976286600607,35.84533607681756,100.0,58.341055313421094,451 days 16:00:00,59,0.0,30,37.93103448275862,35.01564003849853,-12.134443541835903,11.61291137056977,-7.313373319030579,6 days 19:54:32.727272727,5 days 08:30:00,0.8308856634434147,-0.7506135282180968,-0.05260050511626063,-0.2905783530959272,0.9972983192198838,-0.07424975120119474,long
1740,"{'window_k': 102, 'window_d': 192, 'window_ma': 192}","open_time
2022-01-01 00:00:00    100.000000
2022-01-01 01:00:00    100.000000
2022-01-01 02:00:00    100.000000
2022-01-01 03:00:00    100.000000
2022-01-01 04:00:00    100.000000
                          ...    
2023-05-01 19:00:00     74.282551
2023-05-01 20:00:00     74.111958
2023-05-01 21:00:00     74.485130
2023-05-01 22:00:00     74.815654
2023-05-01 23:00:00     74.815654
Freq: H, Length: 11664, dtype: float64",2022-01-01,2023-05-01 23:00:00,486 days,100.0,46.07029296611085,140.9846082600928,74.81565386639774,-25.184346133602258,-70.17976286600607,38.58024691358025,100.0,67.32246623608803,391 days 18:00:00,51,0.0,26,32.0,40.654620853080566,-23.76593658058189,17.846377605663307,-8.63631943924715,10 days 11:37:30,6 days 00:17:38.823529411,0.7965540268893596,-1.0116386681382412,-0.09632297710410341,-0.2908372284425388,0.995241728676047,-0.13513900625465972,long
3367,"{'window_k': 207, 'window_d': 42, 'window_ma': 117}","open_time
2022-01-01 00:00:00    100.000000
2022-01-01 01:00:00    100.000000
2022-01-01 02:00:00    100.000000
2022-01-01 03:00:00    100.000000
2022-01-01 04:00:00    100.000000
                          ...    
2023-05-01 19:00:00     80.352349
2023-05-01 20:00:00     80.352349
2023-05-01 21:00:00     80.352349
2023-05-01 22:00:00     80.352349
2023-05-01 23:00:00     80.352349
Freq: H, Length: 11664, dtype: float64",2022-01-01,2023-05-01 23:00:00,486 days,100.0,62.78082128587584,130.99769851331766,80.35234908286496,-19.64765091713504,-70.17976286600607,41.70096021947874,100.0,52.07486696455713,430 days 01:00:00,136,0.0,68,35.294117647058826,31.16784630940341,-16.189095774333804,8.459794760858362,-4.628973576490816,4 days 04:15:00,2 days 07:51:49.090909090,0.8946533260778777,-0.2889360428990435,0.12627059237596286,-0.29092973540485734,1.006636770428787,0.19099243998673193,long
953,"{'window_k': 57, 'window_d': 177, 'window_ma': 147}","open_time
2022-01-01 00:00:00    100.000000
2022-01-01 01:00:00    100.000000
2022-01-01 02:00:00    100.000000
2022-01-01 03:00:00    100.000000
2022-01-01 04:00:00    100.000000
                          ...    
2023-05-01 19:00:00     74.639762
2023-05-01 20:00:00     74.468349
2023-05-01 21:00:00     74.843315
2023-05-01 22:00:00     75.175429
2023-05-01 23:00:00     75.175429
Freq: H, Length: 11664, dtype: float64",2022-01-01,2023-05-01 23:00:00,486 days,100.0,49.437461511933485,146.68495287587646,75.1754285305408,-24.8245714694592,-70.17976286600607,37.98868312757202,100.0,66.29684194413107,391 days 18:00:00,63,0.0,32,35.483870967741936,39.55439416861503,-26.76644121456324,12.888371023089176,-7.288152246657545,7 days 11:43:38.181818181,4 days 23:27:00,0.8219816924731992,-0.7962999417557275,-0.0966056869481161,-0.2909582183443513,0.9952579851758994,-0.1342053861775329,long
2230,"{'window_k': 132, 'window_d': 177, 'window_ma': 102}","open_time
2022-01-01 00:00:00    100.000000
2022-01-01 01:00:00    100.000000
2022-01-01 02:00:00    100.000000
2022-01-01 03:00:00    100.000000
2022-01-01 04:00:00    100.000000
                          ...    
2023-05-01 19:00:00     78.307322
2023-05-01 20:00:00     78.127486
2023-05-01 21:00:00     78.520878
2023-05-01 22:00:00     78.869310
2023-05-01 23:00:00     78.869310
Freq: H, Length: 11664, dtype: float64",2022-01-01,2023-05-01 23:00:00,486 days,100.0,62.9651638469596,143.16824421275433,78.86930978237027,-21.130690217629734,-70.17976286600607,31.404320987654323,100.0,56.02016062068165,391 days 18:00:00,53,0.0,27,26.923076923076923,43.68716735659374,-14.298787462823153,16.37876685286795,-6.257145957889164,10 days 07:34:17.142857142,4 days 03:47:22.105263157,0.8054845211266435,-0.8170418344182342,-0.09431250939430792,-0.2914843174769569,0.994911421355875,-0.1319118842856722,long
1731,"{'window_k': 102, 'window_d': 192, 'window_ma': 57}","open_time
2022-01-01 00:00:00    100.000000
2022-01-01 01:00:00    100.000000
2022-01-01 02:00:00    100.000000
2022-01-01 03:00:00    100.000000
2022-01-01 04:00:00    100.000000
                          ...    
2023-05-01 19:00:00     75.738949
2023-05-01 20:00:00     75.565011
2023-05-01 21:00:00     75.945500
2023-05-01 22:00:00     76.282504
2023-05-01 23:00:00     76.282504
Freq: H, Length: 11664, dtype: float64",2022-01-01,2023-05-01 23:00:00,486 days,100.0,46.004643588259576,124.7238013514963,76.28250360114995,-23.717496398850045,-70.17976286600607,22.608024691358025,100.0,63.11478395482077,451 days 16:00:00,51,0.0,26,32.0,31.347001341253122,-11.728178090216748,10.804970860730496,-5.955470595162575,5 days 13:30:00,3 days 18:17:38.823529411,0.7102776190121708,-0.9530482956633453,-0.27917696409234627,-0.2915097553359788,0.9824575899488895,-0.3853770655672991,long
504,"{'window_k': 27, 'window_d': 237, 'window_ma': 132}","open_time
2022-01-01 00:00:00    100.000000
2022-01-01 01:00:00    100.000000
2022-01-01 02:00:00    100.000000
2022-01-01 03:00:00    100.000000
2022-01-01 04:00:00    100.000000
                          ...    
2023-05-01 19:00:00     78.320621
2023-05-01 20:00:00     78.140754
2023-05-01 21:00:00     78.534212
2023-05-01 22:00:00     78.882703
2023-05-01 23:00:00     78.882703
Freq: H, Length: 11664, dtype: float64",2022-01-01,2023-05-01 23:00:00,486 days,100.0,53.71305074768896,121.95332487473823,78.88270349675359,-21.117296503246408,-70.17976286600607,28.309327846364884,100.0,55.95605876030098,424 days 03:00:00,57,0.0,29,32.142857142857146,33.91540551028328,-22.08173402573944,14.21639363095905,-6.838917253845691,7 days 10:40:00,3 days 14:25:15.789473684,0.8241429394938463,-0.7204641914002354,-0.1394892002011848,-0.2916275269021036,0.9922271445297325,-0.19379315688999088,long
2453,"{'window_k': 147, 'window_d': 147, 'window_ma': 87}","open_time
2022-01-01 00:00:00    100.000000
2022-01-01 01:00:00    100.000000
2022-01-01 02:00:00    100.000000
2022-01-01 03:00:00    100.000000
2022-01-01 04:00:00    100.000000
                          ...    
2023-05-01 19:00:00     78.761231
2023-05-01 20:00:00     78.761231
2023-05-01 21:00:00     78.761231
2023-05-01 22:00:00     78.761231
2023-05-01 23:00:00     78.761231
Freq: H, Length: 11664, dtype: float64",2022-01-01,2023-05-01 23:00:00,486 days,100.0,62.06973088117381,141.88848173579362,78.76123054379266,-21.238769456207336,-70.17976286600607,36.7283950617284,100.0,56.25456688108621,309 days 12:00:00,56,0.0,28,25.0,31.260728590501643,-13.651907847372216,18.282002303504033,-6.2312653502363196,9 days 16:08:34.285714285,5 days 06:37:08.571428571,0.8418795646504297,-0.7585274805788336,-0.037264701793890645,-0.2918007605955308,0.9981243257490205,-0.052800463310319186,long
2085,"{'window_k': 132, 'window_d': 42, 'window_ma': 87}","open_time
2022-01-01 00:00:00    100.000000
2022-01-01 01:00:00    100.000000
2022-01-01 02:00:00    100.000000
2022-01-01 03:00:00    100.000000
2022-01-01 04:00:00    100.000000
                          ...    
2023-05-01 19:00:00     76.424157
2023-05-01 20:00:00     76.424157
2023-05-01 21:00:00     76.424157
2023-05-01 22:00:00     76.424157
2023-05-01 23:00:00     76.424157
Freq: H, Length: 11664, dtype: float64",2022-01-01,2023-05-01 23:00:00,486 days,100.0,53.311275309147995,142.64509019877408,76.42415699341988,-23.575843006580115,-70.17976286600607,38.425925925925924,100.0,62.62663142849192,355 days 14:00:00,120,0.0,60,35.0,22.75929549902152,-15.937687237866985,8.225741954608235,-4.6581791605423,3 days 23:20:00,2 days 15:35:23.076923076,0.8465705312660293,-0.3929307167763363,0.05988392034067147,-0.2919652135174765,1.0034003942769079,0.09328749014622587,long
1559,"{'window_k': 102, 'window_d': 27, 'window_ma': 117}","open_time
2022-01-01 00:00:00    100.000000
2022-01-01 01:00:00    100.000000
2022-01-01 02:00:00    100.000000
2022-01-01 03:00:00    100.000000
2022-01-01 04:00:00    100.000000
                          ...    
2023-05-01 19:00:00     77.610781
2023-05-01 20:00:00     77.610781
2023-05-01 21:00:00     77.610781
2023-05-01 22:00:00     77.610781
2023-05-01 23:00:00     77.610781
Freq: H, Length: 11664, dtype: float64",2022-01-01,2023-05-01 23:00:00,486 days,100.0,41.24498637654922,101.30651377009117,77.6107810847356,-22.389218915264394,-70.17976286600607,36.994170096021946,100.0,59.286935418435036,477 days 04:00:00,200,0.0,100,36.0,29.3139293139293,-14.893299507536176,6.939427848275716,-3.9023349616589957,2 days 11:33:20,1 days 09:55:18.750000,0.8684169175523705,-0.2238921891526453,0.0646289541362509,-0.29237030846361745,1.003760920178718,0.10064461585743874,long
2034,"{'window_k': 117, 'window_d': 237, 'window_ma': 42}","open_time
2022-01-01 00:00:00    100.000000
2022-01-01 01:00:00    100.000000
2022-01-01 02:00:00    100.000000
2022-01-01 03:00:00    100.000000
2022-01-01 04:00:00    100.000000
                          ...    
2023-05-01 19:00:00     81.197551
2023-05-01 20:00:00     81.197551
2023-05-01 21:00:00     81.197551
2023-05-01 22:00:00     81.197551
2023-05-01 23:00:00     81.197551
Freq: H, Length: 11664, dtype: float64",2022-01-01,2023-05-01 23:00:00,486 days,100.0,60.10318263415243,119.03882527145772,81.19755064850814,-18.80244935149186,-70.17976286600607,24.21124828532236,100.0,49.509596976371085,430 days 01:00:00,44,0.0,22,45.45454545454545,29.029878273699744,-22.227191413237925,8.740315982730266,-7.7919319103639015,5 days 05:48:00,5 days 10:30:00,0.7729380686344511,-0.8546567887041747,-0.12175000670902543,-0.29248270229328216,0.9925324801304825,-0.17063749540752846,long
3437,"{'window_k': 207, 'window_d': 102, 'window_ma': 207}","open_time
2022-01-01 00:00:00    100.000000
2022-01-01 01:00:00    100.000000
2022-01-01 02:00:00    100.000000
2022-01-01 03:00:00    100.000000
2022-01-01 04:00:00    100.000000
                          ...    
2023-05-01 19:00:00     77.029664
2023-05-01 20:00:00     76.852762
2023-05-01 21:00:00     77.239735
2023-05-01 22:00:00     77.582482
2023-05-01 23:00:00     77.582482
Freq: H, Length: 11664, dtype: float64",2022-01-01,2023-05-01 23:00:00,486 days,100.0,56.56312241192396,138.73296683357754,77.58248172429973,-22.417518275700274,-70.17976286600607,40.2863511659808,100.0,59.228780510564285,309 days 12:00:00,65,0.0,33,37.5,38.162438072361496,-25.858585858585847,14.915318616512337,-8.710325659940112,9 days 00:05:00,4 days 05:30:00,0.8683163177775188,-0.709530739032977,0.07820764347069854,-0.29303960924272515,1.0042722025739388,0.11823592850319727,long
951,"{'window_k': 57, 'window_d': 177, 'window_ma': 117}","open_time
2022-01-01 00:00:00    100.000000
2022-01-01 01:00:00    100.000000
2022-01-01 02:00:00    100.000000
2022-01-01 03:00:00    100.000000
2022-01-01 04:00:00    100.000000
                          ...    
2023-05-01 19:00:00     75.961797
2023-05-01 20:00:00     75.787348
2023-05-01 21:00:00     76.168956
2023-05-01 22:00:00     76.506951
2023-05-01 23:00:00     76.506951
Freq: H, Length: 11664, dtype: float64",2022-01-01,2023-05-01 23:00:00,486 days,100.0,51.85451256492904,136.90896974072808,76.50695127890756,-23.493048721092435,-70.17976286600607,33.78772290809328,100.0,62.12482449971778,397 days 07:00:00,63,0.0,32,32.25806451612903,39.554394168615055,-26.766441214563248,13.791060554740719,-6.700964688002038,6 days 06:48:00,4 days 16:45:42.857142857,0.82987955760413,-0.7532680196448256,-0.1190807223099887,-0.29325347936052937,0.9937629183812654,-0.1650022368175514,long
470,"{'window_k': 27, 'window_d': 207, 'window_ma': 102}","open_time
2022-01-01 00:00:00    100.000000
2022-01-01 01:00:00    100.000000
2022-01-01 02:00:00    100.000000
2022-01-01 03:00:00    100.000000
2022-01-01 04:00:00    100.000000
                          ...    
2023-05-01 19:00:00     80.309397
2023-05-01 20:00:00     80.124964
2023-05-01 21:00:00     80.528413
2023-05-01 22:00:00     80.885753
2023-05-01 23:00:00     80.885753
Freq: H, Length: 11664, dtype: float64",2022-01-01,2023-05-01 23:00:00,486 days,100.0,66.44131440227632,133.4536875933628,80.8857530645864,-19.114246935413604,-70.17976286600607,33.924897119341566,100.0,50.21395391881196,391 days 18:00:00,71,0.0,36,31.428571428571427,34.36707626292176,-14.32087190905893,11.834056866081792,-5.512623194316275,7 days 18:05:27.272727272,3 days 05:00:00,0.8513615979747323,-0.5428278801081103,-0.03720800791755178,-0.2932940006778108,0.9980707195820046,-0.051950743812417086,long
979,"{'window_k': 57, 'window_d': 207, 'window_ma': 57}","open_time
2022-01-01 00:00:00    100.000000
2022-01-01 01:00:00    100.000000
2022-01-01 02:00:00    100.000000
2022-01-01 03:00:00    100.000000
2022-01-01 04:00:00    100.000000
                          ...    
2023-05-01 19:00:00     76.615479
2023-05-01 20:00:00     76.439529
2023-05-01 21:00:00     76.824421
2023-05-01 22:00:00     77.165325
2023-05-01 23:00:00     77.165325
Freq: H, Length: 11664, dtype: float64",2022-01-01,2023-05-01 23:00:00,486 days,100.0,46.85321722375597,117.83632325394453,77.16532478257419,-22.83467521742581,-70.17976286600607,22.505144032921812,100.0,60.23873120787688,355 days 14:00:00,55,0.0,28,33.33333333333333,30.472021317091745,-14.715020355688882,10.672884346021055,-6.037703345264716,5 days 14:39:59.999999999,3 days 03:56:40,0.7344267751623433,-0.8489870557689931,-0.12605033596422865,-0.29367048773016147,0.9905384813507591,-0.1927316813970914,long
2746,"{'window_k': 162, 'window_d': 177, 'window_ma': 162}","open_time
2022-01-01 00:00:00    100.000000
2022-01-01 01:00:00    100.000000
2022-01-01 02:00:00    100.000000
2022-01-01 03:00:00    100.000000
2022-01-01 04:00:00    100.000000
                          ...    
2023-05-01 19:00:00     77.348109
2023-05-01 20:00:00     77.170476
2023-05-01 21:00:00     77.559048
2023-05-01 22:00:00     77.903212
2023-05-01 23:00:00     77.903212
Freq: H, Length: 11664, dtype: float64",2022-01-01,2023-05-01 23:00:00,486 days,100.0,55.48156526149569,132.7295218741567,77.90321204205684,-22.096787957943164,-70.17976286600607,35.13374485596708,100.0,58.199529028591854,391 days 18:00:00,47,0.0,24,34.78260869565217,48.1820869051138,-21.019941157240943,14.566956118409461,-7.942176297817481,9 days 11:22:30,6 days 06:16:00,0.7747604011023618,-1.0032073892632685,-0.05243561097579988,-0.2938154190617132,0.9973041319796907,-0.07439902246585846,long
722,"{'window_k': 42, 'window_d': 207, 'window_ma': 42}","open_time
2022-01-01 00:00:00    100.000000
2022-01-01 01:00:00    100.000000
2022-01-01 02:00:00    100.000000
2022-01-01 03:00:00    100.000000
2022-01-01 04:00:00    100.000000
                          ...    
2023-05-01 19:00:00     78.804788
2023-05-01 20:00:00     78.804788
2023-05-01 21:00:00     78.804788
2023-05-01 22:00:00     78.804788
2023-05-01 23:00:00     78.804788
Freq: H, Length: 11664, dtype: float64",2022-01-01,2023-05-01 23:00:00,486 days,100.0,56.548014334952065,127.77561491425426,78.80478808092366,-21.195211919076343,-70.17976286600607,25.411522633744855,100.0,55.744283153793106,451 days 16:00:00,62,0.0,31,32.25806451612903,33.43505626549687,-31.79342947758961,13.22425649202757,-6.369721385568488,6 days 11:06:00,2 days 19:17:08.571428571,0.8240410027675423,-0.6837165135185912,-0.17069109860597487,-0.2938491703775099,0.9895768666918308,-0.2299810963175525,long
954,"{'window_k': 57, 'window_d': 177, 'window_ma': 162}","open_time
2022-01-01 00:00:00    100.000000
2022-01-01 01:00:00    100.000000
2022-01-01 02:00:00    100.000000
2022-01-01 03:00:00    100.000000
2022-01-01 04:00:00    100.000000
                          ...    
2023-05-01 19:00:00     75.436879
2023-05-01 20:00:00     75.263635
2023-05-01 21:00:00     75.642606
2023-05-01 22:00:00     75.978266
2023-05-01 23:00:00     75.978266
Freq: H, Length: 11664, dtype: float64",2022-01-01,2023-05-01 23:00:00,486 days,100.0,50.07439809665126,136.9364911710249,75.97826646615728,-24.02173353384272,-70.17976286600607,37.42283950617284,100.0,63.432392879037955,391 days 18:00:00,63,0.0,32,29.03225806451613,39.55439416861506,-26.76644121456325,16.01353046604348,-6.672894780194502,8 days 05:20:00,4 days 18:43:38.181818181,0.821632705461264,-0.7703539640730317,-0.0851166324208396,-0.29390534842176824,0.9957915358888131,-0.11817801523258006,long
2406,"{'window_k': 147, 'window_d': 102, 'window_ma': 102}","open_time
2022-01-01 00:00:00    100.000000
2022-01-01 01:00:00    100.000000
2022-01-01 02:00:00    100.000000
2022-01-01 03:00:00    100.000000
2022-01-01 04:00:00    100.000000
                          ...    
2023-05-01 19:00:00     75.715812
2023-05-01 20:00:00     75.541927
2023-05-01 21:00:00     75.922299
2023-05-01 22:00:00     76.259201
2023-05-01 23:00:00     76.259201
Freq: H, Length: 11664, dtype: float64",2022-01-01,2023-05-01 23:00:00,486 days,100.0,48.6064036451211,130.1085051346474,76.25920059189372,-23.740799408106284,-70.17976286600607,39.017489711934154,100.0,62.64164007201602,391 days 18:00:00,71,0.0,36,34.285714285714285,30.913134484563077,-21.60748079706111,12.586794373919183,-6.755818762928858,7 days 06:40:00,4 days 06:28:41.739130434,0.8335367230702041,-0.6776875386123415,0.0011566572521175458,-0.29401046097379474,1.000059724502633,0.0016385820560745864,long
1928,"{'window_k': 117, 'window_d': 132, 'window_ma': 132}","open_time
2022-01-01 00:00:00    100.000000
2022-01-01 01:00:00    100.000000
2022-01-01 02:00:00    100.000000
2022-01-01 03:00:00    100.000000
2022-01-01 04:00:00    100.000000
                          ...    
2023-05-01 19:00:00     78.209998
2023-05-01 20:00:00     78.030385
2023-05-01 21:00:00     78.423287
2023-05-01 22:00:00     78.771287
2023-05-01 23:00:00     78.771287
Freq: H, Length: 11664, dtype: float64",2022-01-01,2023-05-01 23:00:00,486 days,100.0,60.387507328627244,136.58177961615036,78.77128652914803,-21.22871347085197,-70.17976286600607,40.14060356652949,100.0,55.78655696364451,391 days 18:00:00,63,0.0,32,32.25806451612903,39.31303017660963,-17.38808979701574,12.08494568451008,-5.985219220730465,7 days 10:06:00,5 days 14:22:51.428571428,0.8158880732463698,-0.6989199621178299,-0.006847391661262229,-0.2941050954608951,0.9996705805312427,-0.009608468598136834,long
2148,"{'window_k': 132, 'window_d': 102, 'window_ma': 72}","open_time
2022-01-01 00:00:00    100.000000
2022-01-01 01:00:00    100.000000
2022-01-01 02:00:00    100.000000
2022-01-01 03:00:00    100.000000
2022-01-01 04:00:00    100.000000
                          ...    
2023-05-01 19:00:00     79.099744
2023-05-01 20:00:00     79.099744
2023-05-01 21:00:00     79.099744
2023-05-01 22:00:00     79.099744
2023-05-01 23:00:00     79.099744
Freq: H, Length: 11664, dtype: float64",2022-01-01,2023-05-01 23:00:00,486 days,100.0,59.08328745505908,130.92691256809863,79.09974350049146,-20.900256499508544,-70.17976286600607,38.005829903978054,100.0,54.873076668383014,391 days 18:00:00,76,0.0,38,36.84210526315789,31.848723363409487,-23.50022055580061,11.657502776413924,-6.743321164503091,5 days 23:12:51.428571428,4 days 05:10:00,0.8665964410580138,-0.550006749987066,0.04159758673586572,-0.2942329331823042,1.0021667722415286,0.05905929155263261,long
1925,"{'window_k': 117, 'window_d': 132, 'window_ma': 87}","open_time
2022-01-01 00:00:00    100.000000
2022-01-01 01:00:00    100.000000
2022-01-01 02:00:00    100.000000
2022-01-01 03:00:00    100.000000
2022-01-01 04:00:00    100.000000
                          ...    
2023-05-01 19:00:00     79.611497
2023-05-01 20:00:00     79.611497
2023-05-01 21:00:00     79.611497
2023-05-01 22:00:00     79.611497
2023-05-01 23:00:00     79.611497
Freq: H, Length: 11664, dtype: float64",2022-01-01,2023-05-01 23:00:00,486 days,100.0,62.10600379253011,133.49138677088962,79.61149726962516,-20.38850273037484,-70.17976286600607,39.291838134430726,100.0,53.47564715982595,391 days 18:00:00,64,0.0,32,34.375,41.34334584897788,-17.38808979701573,11.70385377742503,-6.233418109348299,6 days 15:05:27.272727272,5 days 14:54:17.142857142,0.8394934128084022,-0.6371407103242133,-0.0028938009055296155,-0.2943087047967742,0.999859304854559,-0.004068844048584248,long
989,"{'window_k': 57, 'window_d': 207, 'window_ma': 207}","open_time
2022-01-01 00:00:00    100.000000
2022-01-01 01:00:00    100.000000
2022-01-01 02:00:00    100.000000
2022-01-01 03:00:00    100.000000
2022-01-01 04:00:00    100.000000
                          ...    
2023-05-01 19:00:00     75.548377
2023-05-01 20:00:00     75.374877
2023-05-01 21:00:00     75.754408
2023-05-01 22:00:00     76.090564
2023-05-01 23:00:00     76.090564
Freq: H, Length: 11664, dtype: float64",2022-01-01,2023-05-01 23:00:00,486 days,100.0,45.55111741481692,123.14499946605505,76.09056380153096,-23.909436198469038,-70.17976286600607,37.02846364883402,100.0,63.01017693587055,355 days 14:00:00,55,0.0,28,29.629629629629626,43.62209570703186,-14.715020355688882,16.865013374607457,-7.360277970008817,10 days 19:37:30,4 days 19:34:44.210526315,0.7755469549484327,-0.8887476357157462,-0.022132129853702238,-0.2944417561574336,0.9987655516796886,-0.03294278921623386,long
3352,"{'window_k': 207, 'window_d': 27, 'window_ma': 132}","open_time
2022-01-01 00:00:00    100.000000
2022-01-01 01:00:00    100.000000
2022-01-01 02:00:00    100.000000
2022-01-01 03:00:00    100.000000
2022-01-01 04:00:00    100.000000
                          ...    
2023-05-01 19:00:00     75.076867
2023-05-01 20:00:00     75.076867
2023-05-01 21:00:00     75.076867
2023-05-01 22:00:00     75.076867
2023-05-01 23:00:00     75.076867
Freq: H, Length: 11664, dtype: float64",2022-01-01,2023-05-01 23:00:00,486 days,100.0,37.65939732476404,110.01068064860665,75.07686696931853,-24.92313303068147,-70.17976286600607,38.425925925925924,100.0,65.76750811582129,469 days 22:00:00,194,0.0,97,35.051546391752574,24.724669603524227,-14.131233595800536,7.145510157185845,-3.9362998535116276,2 days 20:24:42.352941176,1 days 10:13:20,0.8483406658642239,-0.25693951578022145,0.02975721158165975,-0.29450859850458005,1.00168631180485,0.045792091029141786,long
389,"{'window_k': 27, 'window_d': 132, 'window_ma': 87}","open_time
2022-01-01 00:00:00    100.000000
2022-01-01 01:00:00    100.000000
2022-01-01 02:00:00    100.000000
2022-01-01 03:00:00    100.000000
2022-01-01 04:00:00    100.000000
                          ...    
2023-05-01 19:00:00     77.848077
2023-05-01 20:00:00     77.848077
2023-05-01 21:00:00     77.848077
2023-05-01 22:00:00     77.848077
2023-05-01 23:00:00     77.848077
Freq: H, Length: 11664, dtype: float64",2022-01-01,2023-05-01 23:00:00,486 days,100.0,47.72179580484084,113.94682048154564,77.84807709963123,-22.151922900368774,-70.17976286600607,36.65980795610425,100.0,58.1192387789621,451 days 16:00:00,96,0.0,48,37.5,38.86752420103434,-18.306264501160094,7.545373471648276,-4.753363149688594,5 days 02:30:00,2 days 21:02:00,0.8085826832536394,-0.46149839375768265,-0.06312384479809101,-0.29497954846401603,0.99680043592684,-0.08802520608059095,long
1660,"{'window_k': 102, 'window_d': 117, 'window_ma': 192}","open_time
2022-01-01 00:00:00    100.000000
2022-01-01 01:00:00    100.000000
2022-01-01 02:00:00    100.000000
2022-01-01 03:00:00    100.000000
2022-01-01 04:00:00    100.000000
                          ...    
2023-05-01 19:00:00     76.586485
2023-05-01 20:00:00     76.410601
2023-05-01 21:00:00     76.795347
2023-05-01 22:00:00     77.136122
2023-05-01 23:00:00     77.136122
Freq: H, Length: 11664, dtype: float64",2022-01-01,2023-05-01 23:00:00,486 days,100.0,50.4971552968879,126.31091719895873,77.1361221946525,-22.8638778053475,-70.17976286600607,42.661179698216735,100.0,60.0215433339406,391 days 18:00:00,71,0.0,36,31.428571428571427,36.696893690912624,-17.041348855881157,14.157873147327804,-6.56729092791541,7 days 14:16:21.818181818,4 days 23:37:30,0.8268865976153269,-0.6441453735478264,-0.020952607181254086,-0.2951229142832518,0.9990165049590621,-0.02926613239301052,long
1659,"{'window_k': 102, 'window_d': 117, 'window_ma': 177}","open_time
2022-01-01 00:00:00    100.000000
2022-01-01 01:00:00    100.000000
2022-01-01 02:00:00    100.000000
2022-01-01 03:00:00    100.000000
2022-01-01 04:00:00    100.000000
                          ...    
2023-05-01 19:00:00     76.812318
2023-05-01 20:00:00     76.635916
2023-05-01 21:00:00     77.021796
2023-05-01 22:00:00     77.363576
2023-05-01 23:00:00     77.363576
Freq: H, Length: 11664, dtype: float64",2022-01-01,2023-05-01 23:00:00,486 days,100.0,51.31236231302304,126.31091719895873,77.36357634551689,-22.63642365448311,-70.17976286600607,42.069615912208505,100.0,59.37614621846319,391 days 18:00:00,71,0.0,36,31.428571428571427,36.6968936909126,-17.041348855881157,14.157873147327798,-6.560027432748687,7 days 14:16:21.818181818,4 days 20:45:00,0.8296614345689367,-0.637619825605114,-0.024432649565871926,-0.29526283960478583,0.9988459300480085,-0.03407103689164093,long
3098,"{'window_k': 192, 'window_d': 27, 'window_ma': 162}","open_time
2022-01-01 00:00:00    100.000000
2022-01-01 01:00:00    100.000000
2022-01-01 02:00:00    100.000000
2022-01-01 03:00:00    100.000000
2022-01-01 04:00:00    100.000000
                          ...    
2023-05-01 19:00:00     74.919779
2023-05-01 20:00:00     74.919779
2023-05-01 21:00:00     74.919779
2023-05-01 22:00:00     74.919779
2023-05-01 23:00:00     74.919779
Freq: H, Length: 11664, dtype: float64",2022-01-01,2023-05-01 23:00:00,486 days,100.0,37.28686771376755,109.69116080937167,74.91977935463522,-25.080220645364776,-70.17976286600607,36.95130315500686,100.0,66.00740894832259,469 days 22:00:00,190,0.0,95,36.84210526315789,25.370287253141825,-14.919252771730882,7.000022602746932,-4.143967907003081,3 days 00:00:00,1 days 05:50:00,0.8493087133790744,-0.2640023225827868,0.020669080804714007,-0.2953582792372648,1.001195877541186,0.03185187715203827,long
3368,"{'window_k': 207, 'window_d': 42, 'window_ma': 132}","open_time
2022-01-01 00:00:00    100.000000
2022-01-01 01:00:00    100.000000
2022-01-01 02:00:00    100.000000
2022-01-01 03:00:00    100.000000
2022-01-01 04:00:00    100.000000
                          ...    
2023-05-01 19:00:00     80.093093
2023-05-01 20:00:00     80.093093
2023-05-01 21:00:00     80.093093
2023-05-01 22:00:00     80.093093
2023-05-01 23:00:00     80.093093
Freq: H, Length: 11664, dtype: float64",2022-01-01,2023-05-01 23:00:00,486 days,100.0,61.10442337191775,127.2518049379265,80.09309331496569,-19.906906685034315,-70.17976286600607,42.069615912208505,100.0,51.981487884022926,430 days 01:00:00,136,0.0,68,35.294117647058826,31.16784630940344,-16.189095774333797,8.352150370307209,-4.58038861282046,4 days 05:40:00,2 days 08:04:05.454545454,0.8892938886177029,-0.29274862772109334,0.12461007382791603,-0.2954093363675928,1.006517680023005,0.18822641824086128,long
1710,"{'window_k': 102, 'window_d': 162, 'window_ma': 222}","open_time
2022-01-01 00:00:00    100.000000
2022-01-01 01:00:00    100.000000
2022-01-01 02:00:00    100.000000
2022-01-01 03:00:00    100.000000
2022-01-01 04:00:00    100.000000
                          ...    
2023-05-01 19:00:00     74.144698
2023-05-01 20:00:00     73.974421
2023-05-01 21:00:00     74.346901
2023-05-01 22:00:00     74.676811
2023-05-01 23:00:00     74.676811
Freq: H, Length: 11664, dtype: float64",2022-01-01,2023-05-01 23:00:00,486 days,100.0,53.14340536783517,159.06508646660868,74.67681116067595,-25.323188839324047,-70.17976286600607,40.20061728395062,100.0,66.59015089462063,355 days 14:00:00,63,0.0,32,29.03225806451613,42.35294117647059,-20.916676191564758,16.781342241937832,-6.96662774393419,10 days 04:00:00,4 days 14:38:10.909090909,0.8219290279249786,-0.7852935472780609,-0.0014603536630220472,-0.2957192810062929,0.9999225806852654,-0.002182975180126609,long
921,"{'window_k': 57, 'window_d': 147, 'window_ma': 147}","open_time
2022-01-01 00:00:00    100.000000
2022-01-01 01:00:00    100.000000
2022-01-01 02:00:00    100.000000
2022-01-01 03:00:00    100.000000
2022-01-01 04:00:00    100.000000
                          ...    
2023-05-01 19:00:00     74.474753
2023-05-01 20:00:00     74.303719
2023-05-01 21:00:00     74.677857
2023-05-01 22:00:00     75.009236
2023-05-01 23:00:00     75.009236
Freq: H, Length: 11664, dtype: float64",2022-01-01,2023-05-01 23:00:00,486 days,100.0,49.6143356087197,144.44215791083604,75.00923559167215,-24.99076440832785,-70.17976286600607,39.51474622770919,100.0,65.65107007100617,391 days 18:00:00,71,0.0,36,34.285714285714285,35.377176015473886,-22.139332032594975,13.340855898357292,-7.1196887661860035,7 days 21:45:00,4 days 01:20:52.173913043,0.8351288831363602,-0.7216573006088423,-0.05924242109322693,-0.2958619475148045,0.9971606263256514,-0.08277872230529543,long
3718,"{'window_k': 222, 'window_d': 132, 'window_ma': 102}","open_time
2022-01-01 00:00:00    100.000000
2022-01-01 01:00:00    100.000000
2022-01-01 02:00:00    100.000000
2022-01-01 03:00:00    100.000000
2022-01-01 04:00:00    100.000000
                          ...    
2023-05-01 19:00:00     77.752723
2023-05-01 20:00:00     77.574161
2023-05-01 21:00:00     77.964766
2023-05-01 22:00:00     78.310731
2023-05-01 23:00:00     78.310731
Freq: H, Length: 11664, dtype: float64",2022-01-01,2023-05-01 23:00:00,486 days,100.0,54.32436883439526,125.41366977164884,78.31073055065563,-21.689269449344366,-70.17976286600607,33.59053497942387,100.0,56.68385357568423,391 days 18:00:00,53,0.0,27,30.76923076923077,37.681804689818954,-16.06726108551254,14.738003015598315,-6.768010740904002,9 days 19:30:00,4 days 14:33:20,0.7896707830774439,-0.8376365615946697,-0.01337260531139697,-0.295929797545073,0.9992480355676002,-0.019133264780874678,long
1475,"{'window_k': 87, 'window_d': 192, 'window_ma': 57}","open_time
2022-01-01 00:00:00    100.000000
2022-01-01 01:00:00    100.000000
2022-01-01 02:00:00    100.000000
2022-01-01 03:00:00    100.000000
2022-01-01 04:00:00    100.000000
                          ...    
2023-05-01 19:00:00     75.680806
2023-05-01 20:00:00     75.507002
2023-05-01 21:00:00     75.887199
2023-05-01 22:00:00     76.223944
2023-05-01 23:00:00     76.223944
Freq: H, Length: 11664, dtype: float64",2022-01-01,2023-05-01 23:00:00,486 days,100.0,46.644298954653266,123.69554810914313,76.22394409526616,-23.776055904733838,-70.17976286600607,23.2681755829904,100.0,62.29104469184572,451 days 16:00:00,51,0.0,26,28.000000000000004,30.945558739255013,-15.651572078307293,11.694388849388002,-5.377369385686836,6 days 08:42:51.428571428,3 days 17:10:00,0.7046825104135612,-0.9323582994865092,-0.2672439710235838,-0.2961200323623171,0.98342701999372,-0.3686662289021278,long
2329,"{'window_k': 147, 'window_d': 27, 'window_ma': 147}","open_time
2022-01-01 00:00:00    100.000000
2022-01-01 01:00:00    100.000000
2022-01-01 02:00:00    100.000000
2022-01-01 03:00:00    100.000000
2022-01-01 04:00:00    100.000000
                          ...    
2023-05-01 19:00:00     77.661201
2023-05-01 20:00:00     77.661201
2023-05-01 21:00:00     77.661201
2023-05-01 22:00:00     77.661201
2023-05-01 23:00:00     77.661201
Freq: H, Length: 11664, dtype: float64",2022-01-01,2023-05-01 23:00:00,486 days,100.0,42.4380153181937,101.76343056957036,77.66120124331628,-22.338798756683715,-70.17976286600607,38.92318244170096,100.0,58.29738140639723,454 days 07:00:00,198,0.0,99,35.35353535353536,23.877814427075855,-14.848161147566003,6.913916240808309,-3.8028977865325038,3 days 00:37:42.857142857,1 days 07:13:07.500000,0.8775321703416497,-0.22564443188569405,0.06272684970024414,-0.2966412698997774,1.00353726376604,0.09691141989889,long
2330,"{'window_k': 147, 'window_d': 27, 'window_ma': 162}","open_time
2022-01-01 00:00:00    100.000000
2022-01-01 01:00:00    100.000000
2022-01-01 02:00:00    100.000000
2022-01-01 03:00:00    100.000000
2022-01-01 04:00:00    100.000000
                          ...    
2023-05-01 19:00:00     77.661201
2023-05-01 20:00:00     77.661201
2023-05-01 21:00:00     77.661201
2023-05-01 22:00:00     77.661201
2023-05-01 23:00:00     77.661201
Freq: H, Length: 11664, dtype: float64",2022-01-01,2023-05-01 23:00:00,486 days,100.0,42.4380153181937,101.76343056957036,77.66120124331628,-22.338798756683715,-70.17976286600607,38.92318244170096,100.0,58.29738140639723,454 days 07:00:00,198,0.0,99,35.35353535353536,23.877814427075855,-14.848161147566003,6.913916240808309,-3.8028977865325038,3 days 00:37:42.857142857,1 days 07:13:07.500000,0.8775321703416497,-0.22564443188569405,0.06272684970024414,-0.2966412698997774,1.00353726376604,0.09691141989889,long
2332,"{'window_k': 147, 'window_d': 27, 'window_ma': 192}","open_time
2022-01-01 00:00:00    100.000000
2022-01-01 01:00:00    100.000000
2022-01-01 02:00:00    100.000000
2022-01-01 03:00:00    100.000000
2022-01-01 04:00:00    100.000000
                          ...    
2023-05-01 19:00:00     77.661201
2023-05-01 20:00:00     77.661201
2023-05-01 21:00:00     77.661201
2023-05-01 22:00:00     77.661201
2023-05-01 23:00:00     77.661201
Freq: H, Length: 11664, dtype: float64",2022-01-01,2023-05-01 23:00:00,486 days,100.0,42.4380153181937,101.76343056957036,77.66120124331628,-22.338798756683715,-70.17976286600607,38.92318244170096,100.0,58.29738140639723,454 days 07:00:00,198,0.0,99,35.35353535353536,23.877814427075855,-14.848161147566003,6.913916240808309,-3.8028977865325038,3 days 00:37:42.857142857,1 days 07:13:07.500000,0.8775321703416497,-0.22564443188569405,0.06272684970024414,-0.2966412698997774,1.00353726376604,0.09691141989889,long
2333,"{'window_k': 147, 'window_d': 27, 'window_ma': 207}","open_time
2022-01-01 00:00:00    100.000000
2022-01-01 01:00:00    100.000000
2022-01-01 02:00:00    100.000000
2022-01-01 03:00:00    100.000000
2022-01-01 04:00:00    100.000000
                          ...    
2023-05-01 19:00:00     77.661201
2023-05-01 20:00:00     77.661201
2023-05-01 21:00:00     77.661201
2023-05-01 22:00:00     77.661201
2023-05-01 23:00:00     77.661201
Freq: H, Length: 11664, dtype: float64",2022-01-01,2023-05-01 23:00:00,486 days,100.0,42.4380153181937,101.76343056957036,77.66120124331628,-22.338798756683715,-70.17976286600607,38.92318244170096,100.0,58.29738140639723,454 days 07:00:00,198,0.0,99,35.35353535353536,23.877814427075855,-14.848161147566003,6.913916240808309,-3.8028977865325038,3 days 00:37:42.857142857,1 days 07:13:07.500000,0.8775321703416497,-0.22564443188569405,0.06272684970024414,-0.2966412698997774,1.00353726376604,0.09691141989889,long
914,"{'window_k': 57, 'window_d': 147, 'window_ma': 42}","open_time
2022-01-01 00:00:00    100.000000
2022-01-01 01:00:00    100.000000
2022-01-01 02:00:00    100.000000
2022-01-01 03:00:00    100.000000
2022-01-01 04:00:00    100.000000
                          ...    
2023-05-01 19:00:00     77.262811
2023-05-01 20:00:00     77.262811
2023-05-01 21:00:00     77.262811
2023-05-01 22:00:00     77.262811
2023-05-01 23:00:00     77.262811
Freq: H, Length: 11664, dtype: float64",2022-01-01,2023-05-01 23:00:00,486 days,100.0,53.33788842794497,130.93145044140766,77.26281087769435,-22.73718912230565,-70.17976286600607,27.734910836762687,100.0,59.26273767828313,399 days 10:00:00,72,0.0,36,38.88888888888889,35.3771760154739,-22.139332032594975,8.89537053206277,-5.958943075666963,4 days 16:51:25.714285714,3 days 03:13:38.181818181,0.8175800371775898,-0.6315885867307127,-0.1632586933994637,-0.29718934189146673,0.9907430999646646,-0.22571238982113215,long
3348,"{'window_k': 207, 'window_d': 27, 'window_ma': 72}","open_time
2022-01-01 00:00:00    100.000000
2022-01-01 01:00:00    100.000000
2022-01-01 02:00:00    100.000000
2022-01-01 03:00:00    100.000000
2022-01-01 04:00:00    100.000000
                          ...    
2023-05-01 19:00:00     74.492195
2023-05-01 20:00:00     74.492195
2023-05-01 21:00:00     74.492195
2023-05-01 22:00:00     74.492195
2023-05-01 23:00:00     74.492195
Freq: H, Length: 11664, dtype: float64",2022-01-01,2023-05-01 23:00:00,486 days,100.0,35.490503978490466,106.53897876701389,74.49219454768848,-25.507805452311516,-70.17976286600607,37.21707818930041,100.0,66.6877753201452,453 days 11:00:00,194,0.0,97,36.08247422680412,24.724669603524223,-14.131233595800527,6.86818962525667,-3.9729464816801743,2 days 17:39:25.714285714,1 days 08:57:05.806451612,0.837124487212636,-0.26296706651867585,0.018937510966931206,-0.2975229750992703,1.0010881760641583,0.02917787865922887,long
2179,"{'window_k': 132, 'window_d': 132, 'window_ma': 57}","open_time
2022-01-01 00:00:00    100.000000
2022-01-01 01:00:00    100.000000
2022-01-01 02:00:00    100.000000
2022-01-01 03:00:00    100.000000
2022-01-01 04:00:00    100.000000
                          ...    
2023-05-01 19:00:00     80.558256
2023-05-01 20:00:00     80.373251
2023-05-01 21:00:00     80.777950
2023-05-01 22:00:00     81.136398
2023-05-01 23:00:00     81.136398
Freq: H, Length: 11664, dtype: float64",2022-01-01,2023-05-01 23:00:00,486 days,100.0,65.86703291638598,128.65678247399867,81.13639780509098,-18.86360219490902,-70.17976286600607,28.549382716049383,100.0,48.80407262656549,451 days 16:00:00,63,0.0,32,35.483870967741936,30.075901328273247,-17.43063525281848,9.421419299782595,-5.500462843345035,5 days 13:32:43.636363636,3 days 17:21:00,0.8153835336391408,-0.6219311024500858,-0.06158399522583653,-0.29770214888813834,0.996468942671402,-0.08575453879835818,long
3970,"{'window_k': 237, 'window_d': 132, 'window_ma': 42}","open_time
2022-01-01 00:00:00    100.000000
2022-01-01 01:00:00    100.000000
2022-01-01 02:00:00    100.000000
2022-01-01 03:00:00    100.000000
2022-01-01 04:00:00    100.000000
                          ...    
2023-05-01 19:00:00     79.688916
2023-05-01 20:00:00     79.688916
2023-05-01 21:00:00     79.688916
2023-05-01 22:00:00     79.688916
2023-05-01 23:00:00     79.688916
Freq: H, Length: 11664, dtype: float64",2022-01-01,2023-05-01 23:00:00,486 days,100.0,58.279567055403454,123.02991440134372,79.68891612301795,-20.311083876982053,-70.17976286600607,26.757544581618653,100.0,52.629758917586535,314 days 09:00:00,52,0.0,26,30.76923076923077,33.63896848137536,-22.782723376195186,12.772590575002232,-5.994361824889928,5 days 14:37:30,4 days 17:33:20,0.7995120280106861,-0.7811955337300782,-0.039071461822709,-0.29786980258163387,0.9975255321852815,-0.05673417535670206,long
2613,"{'window_k': 162, 'window_d': 57, 'window_ma': 87}","open_time
2022-01-01 00:00:00    100.00000
2022-01-01 01:00:00    100.00000
2022-01-01 02:00:00    100.00000
2022-01-01 03:00:00    100.00000
2022-01-01 04:00:00    100.00000
                         ...    
2023-05-01 19:00:00     82.61429
2023-05-01 20:00:00     82.61429
2023-05-01 21:00:00     82.61429
2023-05-01 22:00:00     82.61429
2023-05-01 23:00:00     82.61429
Freq: H, Length: 11664, dtype: float64",2022-01-01,2023-05-01 23:00:00,486 days,100.0,62.76457560658067,125.28737750544113,82.61429032036499,-17.385709679635013,-70.17976286600607,35.9139231824417,100.0,44.82603056448429,194 days 16:00:00,102,0.0,51,37.254901960784316,21.4739272657302,-20.093245394587214,8.203761692369426,-4.958543767080356,4 days 05:18:56.842105263,2 days 22:45:00,0.8842055718250363,-0.3408962682281378,0.11610877773814338,-0.2980962764920153,1.0068693958660422,0.1787266442707108,long
2325,"{'window_k': 147, 'window_d': 27, 'window_ma': 87}","open_time
2022-01-01 00:00:00    100.000000
2022-01-01 01:00:00    100.000000
2022-01-01 02:00:00    100.000000
2022-01-01 03:00:00    100.000000
2022-01-01 04:00:00    100.000000
                          ...    
2023-05-01 19:00:00     77.485236
2023-05-01 20:00:00     77.485236
2023-05-01 21:00:00     77.485236
2023-05-01 22:00:00     77.485236
2023-05-01 23:00:00     77.485236
Freq: H, Length: 11664, dtype: float64",2022-01-01,2023-05-01 23:00:00,486 days,100.0,42.317457963956166,101.76343056957036,77.48523551426672,-22.51476448573328,-70.17976286600607,38.77743484224966,100.0,58.415849655318056,454 days 07:00:00,198,0.0,99,35.35353535353536,23.877814427075872,-14.848161147566003,6.92395815319103,-3.811717602337614,3 days 00:17:08.571428571,1 days 07:08:26.250000,0.8764990698730599,-0.2274218634922558,0.06005647361481121,-0.29844965216166075,1.0033922691495063,0.09279966067583088,long
1330,"{'window_k': 87, 'window_d': 57, 'window_ma': 42}","open_time
2022-01-01 00:00:00    100.00000
2022-01-01 01:00:00    100.00000
2022-01-01 02:00:00    100.00000
2022-01-01 03:00:00    100.00000
2022-01-01 04:00:00    100.00000
                         ...    
2023-05-01 19:00:00     77.03924
2023-05-01 20:00:00     77.03924
2023-05-01 21:00:00     77.03924
2023-05-01 22:00:00     77.03924
2023-05-01 23:00:00     77.03924
Freq: H, Length: 11664, dtype: float64",2022-01-01,2023-05-01 23:00:00,486 days,100.0,71.41141581543485,176.54032948142614,77.03924033839601,-22.960759661603987,-70.17976286600607,33.14471879286694,100.0,59.54951708473612,194 days 16:00:00,120,0.0,60,31.666666666666664,16.50981017706175,-17.65507839127471,8.095000726476677,-4.136447485845945,3 days 14:47:22.105263157,2 days 06:49:30,0.8762933782761623,-0.3826793276934013,0.013017235486766848,-0.2987658826187217,1.0007907169373094,0.019994369828134975,long
1987,"{'window_k': 117, 'window_d': 192, 'window_ma': 57}","open_time
2022-01-01 00:00:00    100.000000
2022-01-01 01:00:00    100.000000
2022-01-01 02:00:00    100.000000
2022-01-01 03:00:00    100.000000
2022-01-01 04:00:00    100.000000
                          ...    
2023-05-01 19:00:00     75.017881
2023-05-01 20:00:00     74.845600
2023-05-01 21:00:00     75.222466
2023-05-01 22:00:00     75.556261
2023-05-01 23:00:00     75.556261
Freq: H, Length: 11664, dtype: float64",2022-01-01,2023-05-01 23:00:00,486 days,100.0,47.01107684001791,128.58117319442175,75.55626134377877,-24.443738656221228,-70.17976286600607,23.894032921810698,100.0,63.43860016821079,391 days 18:00:00,51,0.0,26,32.0,31.77623990772778,-17.399157134256466,10.863644516773098,-6.066483235153632,6 days 07:37:30,3 days 19:07:03.529411764,0.7081038381118094,-1.0156515043406413,-0.281496329671179,-0.2992299513495676,0.9827960230347416,-0.3910475980789949,long
2970,"{'window_k': 177, 'window_d': 147, 'window_ma': 162}","open_time
2022-01-01 00:00:00    100.000000
2022-01-01 01:00:00    100.000000
2022-01-01 02:00:00    100.000000
2022-01-01 03:00:00    100.000000
2022-01-01 04:00:00    100.000000
                          ...    
2023-05-01 19:00:00     76.898001
2023-05-01 20:00:00     76.721401
2023-05-01 21:00:00     77.107713
2023-05-01 22:00:00     77.449874
2023-05-01 23:00:00     77.449874
Freq: H, Length: 11664, dtype: float64",2022-01-01,2023-05-01 23:00:00,486 days,100.0,62.87148609614911,150.78326105905833,77.44987401324842,-22.55012598675158,-70.17976286600607,36.831275720164605,100.0,58.303404731693796,349 days 17:00:00,53,0.0,27,30.76923076923077,36.68639053254438,-21.425364758698095,15.475445239151512,-7.1033166312709035,10 days 11:07:30,5 days 04:20:00,0.8294200052233024,-0.838445328466773,-0.026878596324203845,-0.2995106466747364,0.9986174945625054,-0.03856352151533617,long
1688,"{'window_k': 102, 'window_d': 147, 'window_ma': 132}","open_time
2022-01-01 00:00:00    100.000000
2022-01-01 01:00:00    100.000000
2022-01-01 02:00:00    100.000000
2022-01-01 03:00:00    100.000000
2022-01-01 04:00:00    100.000000
                          ...    
2023-05-01 19:00:00     77.940866
2023-05-01 20:00:00     77.761872
2023-05-01 21:00:00     78.153422
2023-05-01 22:00:00     78.500224
2023-05-01 23:00:00     78.500224
Freq: H, Length: 11664, dtype: float64",2022-01-01,2023-05-01 23:00:00,486 days,100.0,57.22539354381923,128.54094919230357,78.50022354335755,-21.49977645664245,-70.17976286600607,39.76337448559671,100.0,55.480806775273436,451 days 16:00:00,65,0.0,33,34.375,41.99858256555635,-18.83506805444356,12.00256249575205,-6.458028224377468,7 days 20:10:54.545454545,4 days 22:48:34.285714285,0.8220810194782406,-0.6834047615308845,-0.008277724435758959,-0.2996214608430774,0.9995976966053666,-0.011619850091086454,long
1741,"{'window_k': 102, 'window_d': 192, 'window_ma': 207}","open_time
2022-01-01 00:00:00    100.000000
2022-01-01 01:00:00    100.000000
2022-01-01 02:00:00    100.000000
2022-01-01 03:00:00    100.000000
2022-01-01 04:00:00    100.000000
                          ...    
2023-05-01 19:00:00     74.897952
2023-05-01 20:00:00     74.725945
2023-05-01 21:00:00     75.102209
2023-05-01 22:00:00     75.435471
2023-05-01 23:00:00     75.435471
Freq: H, Length: 11664, dtype: float64",2022-01-01,2023-05-01 23:00:00,486 days,100.0,46.45196648609596,127.87947817879477,75.43547093554861,-24.564529064451392,-70.17976286600607,37.09705075445816,100.0,63.67519859507941,409 days 07:00:00,51,0.0,26,32.0,40.65462085308058,-23.765936580581897,16.979552462026852,-8.233705188096858,10 days 16:07:30,5 days 12:00:00,0.7888232070450955,-0.9868813176834039,-0.0978088565702796,-0.2996460616429861,0.9950641245216785,-0.1370924090117411,long
3482,"{'window_k': 207, 'window_d': 147, 'window_ma': 162}","open_time
2022-01-01 00:00:00    100.000000
2022-01-01 01:00:00    100.000000
2022-01-01 02:00:00    100.000000
2022-01-01 03:00:00    100.000000
2022-01-01 04:00:00    100.000000
                          ...    
2023-05-01 19:00:00     77.555671
2023-05-01 20:00:00     77.377561
2023-05-01 21:00:00     77.767176
2023-05-01 22:00:00     78.112264
2023-05-01 23:00:00     78.112264
Freq: H, Length: 11664, dtype: float64",2022-01-01,2023-05-01 23:00:00,486 days,100.0,60.81325936990766,139.81119401453043,78.11226362388281,-21.88773637611719,-70.17976286600607,35.588134430727024,100.0,56.503297322825674,349 days 17:00:00,47,0.0,24,34.78260869565217,34.71426472748639,-23.145400593471816,15.397857078101703,-8.328558203991825,10 days 15:52:30,5 days 17:43:59.999999999,0.8168926343159109,-0.942444827421359,-0.00840642430016065,-0.29967986410040937,0.9995518955960053,-0.0123693774485809,long
3102,"{'window_k': 192, 'window_d': 27, 'window_ma': 222}","open_time
2022-01-01 00:00:00    100.00000
2022-01-01 01:00:00    100.00000
2022-01-01 02:00:00    100.00000
2022-01-01 03:00:00    100.00000
2022-01-01 04:00:00    100.00000
                         ...    
2023-05-01 19:00:00     74.53971
2023-05-01 20:00:00     74.53971
2023-05-01 21:00:00     74.53971
2023-05-01 22:00:00     74.53971
2023-05-01 23:00:00     74.53971
Freq: H, Length: 11664, dtype: float64",2022-01-01,2023-05-01 23:00:00,486 days,100.0,37.28686771376755,109.69116080937167,74.53970975913904,-25.460290240860957,-70.17976286600607,37.4485596707819,100.0,66.00740894832259,469 days 22:00:00,190,0.0,95,36.84210526315789,25.370287253141825,-14.919252771730882,7.000022602746929,-4.152389281983941,3 days 00:00:00,1 days 06:48:00,0.8471633107984118,-0.2680030551669572,0.015970529548247868,-0.300007965596757,1.0009187857217785,0.024613194507841683,long
3100,"{'window_k': 192, 'window_d': 27, 'window_ma': 192}","open_time
2022-01-01 00:00:00    100.00000
2022-01-01 01:00:00    100.00000
2022-01-01 02:00:00    100.00000
2022-01-01 03:00:00    100.00000
2022-01-01 04:00:00    100.00000
                         ...    
2023-05-01 19:00:00     74.53971
2023-05-01 20:00:00     74.53971
2023-05-01 21:00:00     74.53971
2023-05-01 22:00:00     74.53971
2023-05-01 23:00:00     74.53971
Freq: H, Length: 11664, dtype: float64",2022-01-01,2023-05-01 23:00:00,486 days,100.0,37.28686771376755,109.69116080937167,74.53970975913904,-25.460290240860957,-70.17976286600607,37.4485596707819,100.0,66.00740894832259,469 days 22:00:00,190,0.0,95,36.84210526315789,25.370287253141825,-14.919252771730882,7.000022602746929,-4.152389281983941,3 days 00:00:00,1 days 06:48:00,0.8471633107984118,-0.2680030551669572,0.015970529548247868,-0.300007965596757,1.0009187857217785,0.024613194507841683,long
406,"{'window_k': 27, 'window_d': 147, 'window_ma': 102}","open_time
2022-01-01 00:00:00    100.000000
2022-01-01 01:00:00    100.000000
2022-01-01 02:00:00    100.000000
2022-01-01 03:00:00    100.000000
2022-01-01 04:00:00    100.000000
                          ...    
2023-05-01 19:00:00     76.644671
2023-05-01 20:00:00     76.468653
2023-05-01 21:00:00     76.853692
2023-05-01 22:00:00     77.194726
2023-05-01 23:00:00     77.194726
Freq: H, Length: 11664, dtype: float64",2022-01-01,2023-05-01 23:00:00,486 days,100.0,50.84616727683143,123.62751371598833,77.19472606343247,-22.80527393656753,-70.17976286600607,31.72153635116598,100.0,58.87147953679531,451 days 16:00:00,83,0.0,42,29.268292682926827,32.663971834659016,-13.750174849629312,10.904005511854386,-4.775200770211256,6 days 09:45:00,2 days 12:24:49.655172413,0.8065309373824252,-0.5570311521881872,-0.10544577478806544,-0.30009073231288275,0.9943780114477795,-0.1473392704135248,long
243,"{'window_k': 12, 'window_d': 237, 'window_ma': 57}","open_time
2022-01-01 00:00:00    100.000000
2022-01-01 01:00:00    100.000000
2022-01-01 02:00:00    100.000000
2022-01-01 03:00:00    100.000000
2022-01-01 04:00:00    100.000000
                          ...    
2023-05-01 19:00:00     76.366936
2023-05-01 20:00:00     76.191557
2023-05-01 21:00:00     76.575200
2023-05-01 22:00:00     76.914998
2023-05-01 23:00:00     76.914998
Freq: H, Length: 11664, dtype: float64",2022-01-01,2023-05-01 23:00:00,486 days,100.0,50.044411487011814,123.82176439628329,76.91499828718322,-23.085001712816776,-70.17976286600607,23.73971193415638,100.0,59.58350962691178,424 days 03:00:00,85,0.0,43,26.190476190476193,33.15850815850816,-17.621558289396607,9.230195238087434,-3.8237289732619195,4 days 00:43:38.181818181,2 days 03:42:00,0.7519380020594463,-0.5457281705128618,-0.24388190682107566,-0.30026687987663747,0.9848658558266267,-0.3366787517945712,long
3703,"{'window_k': 222, 'window_d': 117, 'window_ma': 117}","open_time
2022-01-01 00:00:00    100.000000
2022-01-01 01:00:00    100.000000
2022-01-01 02:00:00    100.000000
2022-01-01 03:00:00    100.000000
2022-01-01 04:00:00    100.000000
                          ...    
2023-05-01 19:00:00     74.702848
2023-05-01 20:00:00     74.531290
2023-05-01 21:00:00     74.906573
2023-05-01 22:00:00     75.238967
2023-05-01 23:00:00     75.238967
Freq: H, Length: 11664, dtype: float64",2022-01-01,2023-05-01 23:00:00,486 days,100.0,56.87895781711035,158.23555939319053,75.23896722493362,-24.761032775066383,-70.17976286600607,33.89060356652949,100.0,64.0542504888076,309 days 12:00:00,59,0.0,30,34.48275862068966,29.51566951566953,-24.955752212389385,12.34748563499258,-6.8685489586328305,7 days 10:24:00,4 days 15:09:28.421052631,0.8220779344054767,-0.8272076255323069,-0.005286041709456669,-0.30034515146480734,0.9996783247542517,-0.008129259424354196,long
2087,"{'window_k': 132, 'window_d': 42, 'window_ma': 117}","open_time
2022-01-01 00:00:00    100.000000
2022-01-01 01:00:00    100.000000
2022-01-01 02:00:00    100.000000
2022-01-01 03:00:00    100.000000
2022-01-01 04:00:00    100.000000
                          ...    
2023-05-01 19:00:00     76.639814
2023-05-01 20:00:00     76.639814
2023-05-01 21:00:00     76.639814
2023-05-01 22:00:00     76.639814
2023-05-01 23:00:00     76.639814
Freq: H, Length: 11664, dtype: float64",2022-01-01,2023-05-01 23:00:00,486 days,100.0,57.80682210943281,145.53120310648774,76.6398139428878,-23.3601860571122,-70.17976286600607,39.060356652949245,100.0,60.2787437501396,355 days 14:00:00,120,0.0,60,30.0,22.759295499021523,-15.937687237866992,10.158219753005989,-4.5403252525427,4 days 04:40:00,2 days 17:19:59.999999999,0.8629451714377613,-0.3893364342852035,0.06495270612909555,-0.3004654648974648,1.003663146766014,0.10100903840245495,long
2907,"{'window_k': 177, 'window_d': 87, 'window_ma': 177}","open_time
2022-01-01 00:00:00    100.000000
2022-01-01 01:00:00    100.000000
2022-01-01 02:00:00    100.000000
2022-01-01 03:00:00    100.000000
2022-01-01 04:00:00    100.000000
                          ...    
2023-05-01 19:00:00     76.767233
2023-05-01 20:00:00     76.590934
2023-05-01 21:00:00     76.976588
2023-05-01 22:00:00     77.318167
2023-05-01 23:00:00     77.318167
Freq: H, Length: 11664, dtype: float64",2022-01-01,2023-05-01 23:00:00,486 days,100.0,62.87109620597289,151.23212807278077,77.3181674420598,-22.681832557940197,-70.17976286600607,36.634087791495205,100.0,58.42742080854932,286 days 02:00:00,71,0.0,36,34.285714285714285,35.92964824120603,-19.102132435465766,13.772251981162967,-7.185904151673856,8 days 00:30:00,3 days 08:57:23.478260869,0.8635037580616507,-0.6411263233182325,0.059196270018748394,-0.3006794697813187,1.0033782554341166,0.09041478978439163,long
3484,"{'window_k': 207, 'window_d': 147, 'window_ma': 192}","open_time
2022-01-01 00:00:00    100.000000
2022-01-01 01:00:00    100.000000
2022-01-01 02:00:00    100.000000
2022-01-01 03:00:00    100.000000
2022-01-01 04:00:00    100.000000
                          ...    
2023-05-01 19:00:00     77.400837
2023-05-01 20:00:00     77.223083
2023-05-01 21:00:00     77.611921
2023-05-01 22:00:00     77.956319
2023-05-01 23:00:00     77.956319
Freq: H, Length: 11664, dtype: float64",2022-01-01,2023-05-01 23:00:00,486 days,100.0,60.69185101876049,140.2257363308971,77.9563193244124,-22.043680675587595,-70.17976286600607,38.237311385459535,100.0,56.718465092924774,349 days 17:00:00,47,0.0,24,34.78260869565217,34.7142647274864,-23.14540059347181,16.293761449285476,-8.764223731774173,10 days 08:15:00,6 days 18:24:00,0.8302730105527076,-0.9492433731337826,-0.0051204849505429445,-0.30073943598716385,0.9997350701279138,-0.00753601373079048,long
1442,"{'window_k': 87, 'window_d': 162, 'window_ma': 42}","open_time
2022-01-01 00:00:00    100.000000
2022-01-01 01:00:00    100.000000
2022-01-01 02:00:00    100.000000
2022-01-01 03:00:00    100.000000
2022-01-01 04:00:00    100.000000
                          ...    
2023-05-01 19:00:00     77.554678
2023-05-01 20:00:00     77.554678
2023-05-01 21:00:00     77.554678
2023-05-01 22:00:00     77.554678
2023-05-01 23:00:00     77.554678
Freq: H, Length: 11664, dtype: float64",2022-01-01,2023-05-01 23:00:00,486 days,100.0,58.43028077511195,138.34681840396263,77.55467844731756,-22.445321552682444,-70.17976286600607,27.074759945130317,100.0,57.765359948864315,451 days 16:00:00,66,0.0,33,36.36363636363637,33.84350487851539,-20.13651877133105,11.431040404620276,-6.614485875999628,4 days 20:50:00,3 days 11:37:08.571428571,0.8340071918947308,-0.6801612591721944,-0.13368848512955414,-0.30084851812706936,0.9920599493195993,-0.18465741832996205,long
69,"{'window_k': 12, 'window_d': 72, 'window_ma': 87}","open_time
2022-01-01 00:00:00    100.000000
2022-01-01 01:00:00    100.000000
2022-01-01 02:00:00    100.000000
2022-01-01 03:00:00    100.000000
2022-01-01 04:00:00    100.000000
                          ...    
2023-05-01 19:00:00     81.843549
2023-05-01 20:00:00     81.843549
2023-05-01 21:00:00     81.843549
2023-05-01 22:00:00     81.843549
2023-05-01 23:00:00     81.843549
Freq: H, Length: 11664, dtype: float64",2022-01-01,2023-05-01 23:00:00,486 days,100.0,65.96572178902507,123.1381164483669,81.84354850801442,-18.156451491985578,-70.17976286600607,34.62791495198903,100.0,46.429486099306075,183 days 10:00:00,178,0.0,89,38.20224719101123,20.199390750484618,-13.441909755145295,5.700627837335759,-3.6412241512994727,2 days 17:14:07.058823529,1 days 09:27:46.666666666,0.9025892652412847,-0.20400507294365933,0.11145032269813433,-0.3008911025820727,1.0069818584971815,0.17798982093791926,long
1055,"{'window_k': 72, 'window_d': 27, 'window_ma': 237}","open_time
2022-01-01 00:00:00    100.000000
2022-01-01 01:00:00    100.000000
2022-01-01 02:00:00    100.000000
2022-01-01 03:00:00    100.000000
2022-01-01 04:00:00    100.000000
                          ...    
2023-05-01 19:00:00     72.312461
2023-05-01 20:00:00     72.312461
2023-05-01 21:00:00     72.312461
2023-05-01 22:00:00     72.312461
2023-05-01 23:00:00     72.312461
Freq: H, Length: 11664, dtype: float64",2022-01-01,2023-05-01 23:00:00,486 days,100.0,28.765454191126178,101.97265717394389,72.31246091359368,-27.687539086406314,-70.17976286600607,37.294238683127574,100.0,71.79101242595026,477 days 04:00:00,210,0.0,105,39.04761904761905,27.93205317577548,-14.512437051732046,5.982719600651497,-3.972793340318996,2 days 07:48:17.560975609,1 days 08:13:07.500000,0.814713413148086,-0.26369084844196555,-0.010764028237029698,-0.3010016745041477,0.9993733560293562,-0.016830665762224205,long
1992,"{'window_k': 117, 'window_d': 192, 'window_ma': 132}","open_time
2022-01-01 00:00:00    100.000000
2022-01-01 01:00:00    100.000000
2022-01-01 02:00:00    100.000000
2022-01-01 03:00:00    100.000000
2022-01-01 04:00:00    100.000000
                          ...    
2023-05-01 19:00:00     74.749064
2023-05-01 20:00:00     74.577400
2023-05-01 21:00:00     74.952915
2023-05-01 22:00:00     75.285515
2023-05-01 23:00:00     75.285515
Freq: H, Length: 11664, dtype: float64",2022-01-01,2023-05-01 23:00:00,486 days,100.0,45.92675082916656,126.74934992522252,75.28551496414467,-24.714485035855333,-70.17976286600607,35.228052126200275,100.0,63.76569121951186,391 days 18:00:00,51,0.0,26,32.0,39.497649823736786,-24.919951418792103,17.535716028513367,-8.4366598670487,9 days 19:45:00,5 days 09:17:38.823529411,0.779157914989851,-1.026345542616172,-0.10875925982038888,-0.3011158724273244,0.9944024800680273,-0.1523112172434093,long
715,"{'window_k': 42, 'window_d': 192, 'window_ma': 177}","open_time
2022-01-01 00:00:00    100.000000
2022-01-01 01:00:00    100.000000
2022-01-01 02:00:00    100.000000
2022-01-01 03:00:00    100.000000
2022-01-01 04:00:00    100.000000
                          ...    
2023-05-01 19:00:00     78.067605
2023-05-01 20:00:00     77.888319
2023-05-01 21:00:00     78.280506
2023-05-01 22:00:00     78.627872
2023-05-01 23:00:00     78.627872
Freq: H, Length: 11664, dtype: float64",2022-01-01,2023-05-01 23:00:00,486 days,100.0,54.47186852897408,120.50524030374186,78.62787175225385,-21.372128247746147,-70.17976286600607,35.50240054869684,100.0,54.79709563528197,451 days 16:00:00,59,0.0,30,31.03448275862069,34.34574976122253,-12.20043572984749,13.553794807102232,-6.432075906809895,8 days 23:06:40,4 days 11:09:00,0.815799500944472,-0.7331060291848477,-0.08304174255349,-0.301502075720379,0.995831019305816,-0.11555708807710395,long
2670,"{'window_k': 162, 'window_d': 102, 'window_ma': 222}","open_time
2022-01-01 00:00:00    100.000000
2022-01-01 01:00:00    100.000000
2022-01-01 02:00:00    100.000000
2022-01-01 03:00:00    100.000000
2022-01-01 04:00:00    100.000000
                          ...    
2023-05-01 19:00:00     77.937159
2023-05-01 20:00:00     77.758173
2023-05-01 21:00:00     78.149704
2023-05-01 22:00:00     78.496489
2023-05-01 23:00:00     78.496489
Freq: H, Length: 11664, dtype: float64",2022-01-01,2023-05-01 23:00:00,486 days,100.0,54.77378344530723,122.02109239729262,78.49648934527946,-21.503510654720543,-70.17976286600607,40.63786008230453,100.0,55.11121694684768,451 days 16:00:00,67,0.0,34,33.33333333333333,32.74034822104467,-22.165857962064408,14.752621047785322,-7.36694760017238,8 days 12:16:21.818181818,4 days 13:00:00,0.8536338788840646,-0.6539944536843043,0.09185805477975004,-0.3016848478840813,1.0049048014918425,0.13909790325464066,long
1043,"{'window_k': 72, 'window_d': 27, 'window_ma': 57}","open_time
2022-01-01 00:00:00    100.000000
2022-01-01 01:00:00    100.000000
2022-01-01 02:00:00    100.000000
2022-01-01 03:00:00    100.000000
2022-01-01 04:00:00    100.000000
                          ...    
2023-05-01 19:00:00     71.520172
2023-05-01 20:00:00     71.520172
2023-05-01 21:00:00     71.520172
2023-05-01 22:00:00     71.520172
2023-05-01 23:00:00     71.520172
Freq: H, Length: 11664, dtype: float64",2022-01-01,2023-05-01 23:00:00,486 days,100.0,26.78918422984118,101.97265717394389,71.5201724466033,-28.479827553396703,-70.17976286600607,36.89128943758573,100.0,73.72905152001239,477 days 04:00:00,210,0.0,105,39.04761904761905,27.932053175775483,-14.512437051732046,5.879686011626377,-3.9264826851594896,2 days 08:04:23.414634146,1 days 07:18:45,0.8032897246131862,-0.2712364528894924,-0.02258023659716638,-0.30185043729824823,0.9986776157792432,-0.03524371542782875,long
755,"{'window_k': 42, 'window_d': 237, 'window_ma': 57}","open_time
2022-01-01 00:00:00    100.000000
2022-01-01 01:00:00    100.000000
2022-01-01 02:00:00    100.000000
2022-01-01 03:00:00    100.000000
2022-01-01 04:00:00    100.000000
                          ...    
2023-05-01 19:00:00     73.976812
2023-05-01 20:00:00     73.806921
2023-05-01 21:00:00     74.178557
2023-05-01 22:00:00     74.507720
2023-05-01 23:00:00     74.507720
Freq: H, Length: 11664, dtype: float64",2022-01-01,2023-05-01 23:00:00,486 days,100.0,44.92980426940853,130.9229768729439,74.50772020304635,-25.492279796953653,-70.17976286600607,23.439643347050755,100.0,65.68226193557201,430 days 01:00:00,53,0.0,27,38.46153846153847,29.85413904148514,-22.284940167080602,9.563430063927367,-6.920607097212196,5 days 03:48:00,3 days 21:03:45,0.7129604900156901,-0.9865981689428387,-0.3026548976927494,-0.30188665621702276,0.9815741072001665,-0.4223814315364034,long
3949,"{'window_k': 237, 'window_d': 102, 'window_ma': 207}","open_time
2022-01-01 00:00:00    100.000000
2022-01-01 01:00:00    100.000000
2022-01-01 02:00:00    100.000000
2022-01-01 03:00:00    100.000000
2022-01-01 04:00:00    100.000000
                          ...    
2023-05-01 19:00:00     78.134061
2023-05-01 20:00:00     77.954623
2023-05-01 21:00:00     78.347143
2023-05-01 22:00:00     78.694805
2023-05-01 23:00:00     78.694805
Freq: H, Length: 11664, dtype: float64",2022-01-01,2023-05-01 23:00:00,486 days,100.0,60.637654554213064,133.1197255696291,78.69480473490381,-21.305195265096188,-70.17976286600607,38.67455418381344,100.0,54.44878338297342,309 days 12:00:00,63,0.0,32,35.483870967741936,41.42414860681116,-25.37598204264872,15.343270985936044,-8.148624256765688,9 days 01:32:43.636363636,4 days 06:45:00,0.8647377676370204,-0.681837809118667,0.08179654196026862,-0.3024507243790996,1.0045993630152295,0.1241214836703379,long
1674,"{'window_k': 102, 'window_d': 132, 'window_ma': 162}","open_time
2022-01-01 00:00:00    100.000000
2022-01-01 01:00:00    100.000000
2022-01-01 02:00:00    100.000000
2022-01-01 03:00:00    100.000000
2022-01-01 04:00:00    100.000000
                          ...    
2023-05-01 19:00:00     74.812368
2023-05-01 20:00:00     74.640558
2023-05-01 21:00:00     75.016392
2023-05-01 22:00:00     75.349273
2023-05-01 23:00:00     75.349273
Freq: H, Length: 11664, dtype: float64",2022-01-01,2023-05-01 23:00:00,486 days,100.0,50.11098318627727,136.26767500707496,75.34927274463591,-24.65072725536409,-70.17976286600607,41.289437585733886,100.0,63.22606723591965,391 days 18:00:00,69,0.0,35,32.35294117647059,30.58601134215501,-25.548726953467966,12.553380819109613,-6.244646549641505,7 days 06:00:00,5 days 02:20:52.173913043,0.8022982164872537,-0.7357594934327873,-0.05134805340707875,-0.30287312227126356,0.9975684316386614,-0.07148172054093764,long
1050,"{'window_k': 72, 'window_d': 27, 'window_ma': 162}","open_time
2022-01-01 00:00:00    100.000000
2022-01-01 01:00:00    100.000000
2022-01-01 02:00:00    100.000000
2022-01-01 03:00:00    100.000000
2022-01-01 04:00:00    100.000000
                          ...    
2023-05-01 19:00:00     71.480957
2023-05-01 20:00:00     71.480957
2023-05-01 21:00:00     71.480957
2023-05-01 22:00:00     71.480957
2023-05-01 23:00:00     71.480957
Freq: H, Length: 11664, dtype: float64",2022-01-01,2023-05-01 23:00:00,486 days,100.0,26.99355724375492,101.97265717394389,71.48095661309945,-28.51904338690055,-70.17976286600607,36.86556927297668,100.0,73.52863209427838,477 days 04:00:00,210,0.0,105,39.04761904761905,27.93205317577548,-14.512437051732046,5.9072862947340505,-3.944765454806376,2 days 07:07:19.024390243,1 days 07:52:30,0.8066998997077295,-0.2716099370181009,-0.022901643059776388,-0.3031086470239791,0.9986597262171838,-0.03572622056220331,long
2048,"{'window_k': 132, 'window_d': 12, 'window_ma': 12}","open_time
2022-01-01 00:00:00    100.000000
2022-01-01 01:00:00    100.000000
2022-01-01 02:00:00    100.000000
2022-01-01 03:00:00    100.000000
2022-01-01 04:00:00    100.000000
                          ...    
2023-05-01 19:00:00     80.036579
2023-05-01 20:00:00     79.852772
2023-05-01 21:00:00     80.254851
2023-05-01 22:00:00     80.254851
2023-05-01 23:00:00     80.254851
Freq: H, Length: 11664, dtype: float64",2022-01-01,2023-05-01 23:00:00,486 days,100.0,54.00358035578475,108.51666861501872,80.25485062076784,-19.74514937923216,-70.17976286600607,30.632716049382715,100.0,50.23476020317984,353 days 18:00:00,456,0.0,228,34.21052631578947,35.12278697886922,-14.131233595800538,3.8742918750135207,-2.0024023087490317,0 days 21:05:23.076923076,0 days 12:51:12,0.9140912591656877,-0.08660153236505308,0.06437656301084382,-0.3031259945362129,1.0041743938665273,0.1018480411080131,long
1711,"{'window_k': 102, 'window_d': 162, 'window_ma': 237}","open_time
2022-01-01 00:00:00    100.000000
2022-01-01 01:00:00    100.000000
2022-01-01 02:00:00    100.000000
2022-01-01 03:00:00    100.000000
2022-01-01 04:00:00    100.000000
                          ...    
2023-05-01 19:00:00     73.351688
2023-05-01 20:00:00     73.183232
2023-05-01 21:00:00     73.551728
2023-05-01 22:00:00     73.878110
2023-05-01 23:00:00     73.878110
Freq: H, Length: 11664, dtype: float64",2022-01-01,2023-05-01 23:00:00,486 days,100.0,52.57501333843235,159.06508646660868,73.87810991164693,-26.121890088353066,-70.17976286600607,41.289437585733886,100.0,66.94748388454872,355 days 14:00:00,63,0.0,32,32.25806451612903,42.35294117647058,-20.916676191564743,15.111746512122872,-7.350018526131138,9 days 15:00:00,4 days 20:31:25.714285714,0.817229976382964,-0.8113959032124844,-0.012841284208817066,-0.3037893852514722,0.9993241621584301,-0.019194252553478855,long
3097,"{'window_k': 192, 'window_d': 27, 'window_ma': 147}","open_time
2022-01-01 00:00:00    100.000000
2022-01-01 01:00:00    100.000000
2022-01-01 02:00:00    100.000000
2022-01-01 03:00:00    100.000000
2022-01-01 04:00:00    100.000000
                          ...    
2023-05-01 19:00:00     74.152652
2023-05-01 20:00:00     74.152652
2023-05-01 21:00:00     74.152652
2023-05-01 22:00:00     74.152652
2023-05-01 23:00:00     74.152652
Freq: H, Length: 11664, dtype: float64",2022-01-01,2023-05-01 23:00:00,486 days,100.0,37.09325052317264,109.69116080937167,74.15265206091362,-25.847347939086372,-70.17976286600607,37.42283950617284,100.0,66.18392015411737,469 days 22:00:00,190,0.0,95,36.84210526315789,25.37028725314182,-14.919252771730884,6.984532235818866,-4.152389281983941,2 days 23:54:51.428571428,1 days 06:48:00,0.8440299291713442,-0.27207734672722506,0.010288456263050808,-0.30393645329316243,1.0005918893170438,0.015856022293476386,long
245,"{'window_k': 12, 'window_d': 237, 'window_ma': 87}","open_time
2022-01-01 00:00:00    100.000000
2022-01-01 01:00:00    100.000000
2022-01-01 02:00:00    100.000000
2022-01-01 03:00:00    100.000000
2022-01-01 04:00:00    100.000000
                          ...    
2023-05-01 19:00:00     78.385465
2023-05-01 20:00:00     78.385465
2023-05-01 21:00:00     78.385465
2023-05-01 22:00:00     78.385465
2023-05-01 23:00:00     78.385465
Freq: H, Length: 11664, dtype: float64",2022-01-01,2023-05-01 23:00:00,486 days,100.0,55.01292212592033,122.14188029908242,78.3854651381342,-21.614534861865806,-70.17976286600607,29.741083676268858,100.0,54.959820504471466,409 days 07:00:00,86,0.0,43,23.25581395348837,33.682983682983696,-17.621558289396592,12.894666301429384,-4.217591452541741,6 days 05:30:00,2 days 10:58:07.500000,0.813911084596019,-0.5026636014387402,-0.13176947648608514,-0.3041275935586434,0.9927766034471645,-0.1824134219558049,long
2964,"{'window_k': 177, 'window_d': 147, 'window_ma': 72}","open_time
2022-01-01 00:00:00    100.000000
2022-01-01 01:00:00    100.000000
2022-01-01 02:00:00    100.000000
2022-01-01 03:00:00    100.000000
2022-01-01 04:00:00    100.000000
                          ...    
2023-05-01 19:00:00     74.704579
2023-05-01 20:00:00     74.533016
2023-05-01 21:00:00     74.908309
2023-05-01 22:00:00     75.240710
2023-05-01 23:00:00     75.240710
Freq: H, Length: 11664, dtype: float64",2022-01-01,2023-05-01 23:00:00,486 days,100.0,57.15441494526424,155.2614943684342,75.24071018420712,-24.759289815792883,-70.17976286600607,30.95850480109739,100.0,63.18828749024061,349 days 17:00:00,53,0.0,27,42.30769230769231,30.9752876815695,-21.425364758698084,9.035532632287314,-7.477270834194767,6 days 06:27:16.363636363,5 days 07:08:00,0.7849557553346949,-0.924236570224469,-0.11286267089942274,-0.30443899078610226,0.993702611603527,-0.16136655112267853,long
1671,"{'window_k': 102, 'window_d': 132, 'window_ma': 117}","open_time
2022-01-01 00:00:00    100.000000
2022-01-01 01:00:00    100.000000
2022-01-01 02:00:00    100.000000
2022-01-01 03:00:00    100.000000
2022-01-01 04:00:00    100.000000
                          ...    
2023-05-01 19:00:00     75.209867
2023-05-01 20:00:00     75.037144
2023-05-01 21:00:00     75.414975
2023-05-01 22:00:00     75.749625
2023-05-01 23:00:00     75.749625
Freq: H, Length: 11664, dtype: float64",2022-01-01,2023-05-01 23:00:00,486 days,100.0,53.78057481644097,140.66848330880651,75.74962451171096,-24.250375488289038,-70.17976286600607,39.97770919067216,100.0,61.76785762424293,451 days 16:00:00,69,0.0,35,35.294117647058826,30.586011342155,-25.548726953467956,11.051375164093583,-6.309139239564455,6 days 06:15:00,5 days 06:00:00,0.8118653882039649,-0.7240414960085277,-0.07248392191722576,-0.30480353367864743,0.9964796029976082,-0.10102753636027736,long
255,"{'window_k': 12, 'window_d': 237, 'window_ma': 237}","open_time
2022-01-01 00:00:00    100.000000
2022-01-01 01:00:00    100.000000
2022-01-01 02:00:00    100.000000
2022-01-01 03:00:00    100.000000
2022-01-01 04:00:00    100.000000
                          ...    
2023-05-01 19:00:00     77.400079
2023-05-01 20:00:00     77.222327
2023-05-01 21:00:00     77.611160
2023-05-01 22:00:00     77.955555
2023-05-01 23:00:00     77.955555
Freq: H, Length: 11664, dtype: float64",2022-01-01,2023-05-01 23:00:00,486 days,100.0,53.80010276791269,122.14188029908242,77.95555548172958,-22.044444518270424,-70.17976286600607,30.54698216735254,100.0,55.95277996689162,409 days 07:00:00,85,0.0,43,23.809523809523807,32.45920745920748,-17.621558289396607,12.748272650294451,-4.332453965148809,6 days 05:36:00,2 days 13:42:34.838709677,0.8085502484777594,-0.5209000381810087,-0.12765888110973175,-0.30486580958881326,0.9931010997419115,-0.1775463920688545,long
2327,"{'window_k': 147, 'window_d': 27, 'window_ma': 117}","open_time
2022-01-01 00:00:00    100.000000
2022-01-01 01:00:00    100.000000
2022-01-01 02:00:00    100.000000
2022-01-01 03:00:00    100.000000
2022-01-01 04:00:00    100.000000
                          ...    
2023-05-01 19:00:00     77.006767
2023-05-01 20:00:00     77.006767
2023-05-01 21:00:00     77.006767
2023-05-01 22:00:00     77.006767
2023-05-01 23:00:00     77.006767
Freq: H, Length: 11664, dtype: float64",2022-01-01,2023-05-01 23:00:00,486 days,100.0,42.95224768910905,102.9965242894794,77.00676714600674,-22.993232853993263,-70.17976286600607,38.88888888888889,100.0,58.29738140639721,454 days 07:00:00,198,0.0,99,34.34343434343434,23.877814427075865,-14.848161147566005,7.106093755352749,-3.75104975187441,3 days 00:40:35.294117647,1 days 07:46:09.230769230,0.8753234865125111,-0.23225487731306393,0.05336969307133029,-0.3056293395209255,1.0030110383376711,0.08245593516715666,long
1986,"{'window_k': 117, 'window_d': 192, 'window_ma': 42}","open_time
2022-01-01 00:00:00    100.000000
2022-01-01 01:00:00    100.000000
2022-01-01 02:00:00    100.000000
2022-01-01 03:00:00    100.000000
2022-01-01 04:00:00    100.000000
                          ...    
2023-05-01 19:00:00     75.290595
2023-05-01 20:00:00     75.117687
2023-05-01 21:00:00     75.495923
2023-05-01 22:00:00     75.830932
2023-05-01 23:00:00     75.830932
Freq: H, Length: 11664, dtype: float64",2022-01-01,2023-05-01 23:00:00,486 days,100.0,48.31942639248252,125.05001752190725,75.83093241110257,-24.169067588897434,-70.17976286600607,26.637517146776407,100.0,61.35992033426342,424 days 03:00:00,51,0.0,26,40.0,34.486735870818904,-24.919951418792103,11.040873544085787,-8.028414228644465,5 days 18:18:00,4 days 17:16:00,0.7604610706499066,-1.0048024473334496,-0.21379470208395382,-0.30576365484624635,0.9874676792173243,-0.2989615277347161,long
1742,"{'window_k': 102, 'window_d': 192, 'window_ma': 222}","open_time
2022-01-01 00:00:00    100.000000
2022-01-01 01:00:00    100.000000
2022-01-01 02:00:00    100.000000
2022-01-01 03:00:00    100.000000
2022-01-01 04:00:00    100.000000
                          ...    
2023-05-01 19:00:00     72.805996
2023-05-01 20:00:00     72.638794
2023-05-01 21:00:00     73.004548
2023-05-01 22:00:00     73.328502
2023-05-01 23:00:00     73.328502
Freq: H, Length: 11664, dtype: float64",2022-01-01,2023-05-01 23:00:00,486 days,100.0,45.913255515065494,142.33168480725027,73.32850162127032,-26.67149837872968,-70.17976286600607,37.19993141289438,100.0,67.74206981583717,391 days 18:00:00,51,0.0,26,32.0,40.654620853080566,-23.765936580581894,16.73904284164204,-8.282446455479734,10 days 16:37:30,5 days 12:28:14.117647058,0.7708689140742554,-1.0710399836953624,-0.12565627889689235,-0.30680249761696987,0.9937354365474624,-0.1756143749151993,long
3940,"{'window_k': 237, 'window_d': 102, 'window_ma': 72}","open_time
2022-01-01 00:00:00    100.000000
2022-01-01 01:00:00    100.000000
2022-01-01 02:00:00    100.000000
2022-01-01 03:00:00    100.000000
2022-01-01 04:00:00    100.000000
                          ...    
2023-05-01 19:00:00     77.007232
2023-05-01 20:00:00     76.830382
2023-05-01 21:00:00     77.217242
2023-05-01 22:00:00     77.559889
2023-05-01 23:00:00     77.559889
Freq: H, Length: 11664, dtype: float64",2022-01-01,2023-05-01 23:00:00,486 days,100.0,59.15460228582191,136.18665260163203,77.55988936577249,-22.44011063422751,-70.17976286600607,33.813443072702334,100.0,56.56358302684868,355 days 14:00:00,63,0.0,32,35.483870967741936,32.67724058857252,-25.37598204264872,12.60067041210645,-7.113484073020547,7 days 01:38:10.909090909,4 days 04:45:00,0.838400721910952,-0.7185262426268357,0.044842647545160846,-0.30716678152510013,1.0026911203338214,0.06817615884697006,long
1778,"{'window_k': 102, 'window_d': 237, 'window_ma': 42}","open_time
2022-01-01 00:00:00    100.000000
2022-01-01 01:00:00    100.000000
2022-01-01 02:00:00    100.000000
2022-01-01 03:00:00    100.000000
2022-01-01 04:00:00    100.000000
                          ...    
2023-05-01 19:00:00     78.840311
2023-05-01 20:00:00     78.840311
2023-05-01 21:00:00     78.840311
2023-05-01 22:00:00     78.840311
2023-05-01 23:00:00     78.840311
Freq: H, Length: 11664, dtype: float64",2022-01-01,2023-05-01 23:00:00,486 days,100.0,57.43602197062243,122.71862528984785,78.84031076958384,-21.159689230416163,-70.17976286600607,24.99142661179698,100.0,53.196980625422675,430 days 01:00:00,44,0.0,22,36.36363636363637,29.029878273699733,-22.362539114885998,10.646766895222653,-6.796097833384025,6 days 07:22:30,5 days 01:42:51.428571428,0.7452847167108091,-0.961804055928007,-0.16798221971184243,-0.3073878289629204,0.989901787857701,-0.2362278273069896,long
1973,"{'window_k': 117, 'window_d': 177, 'window_ma': 87}","open_time
2022-01-01 00:00:00    100.000000
2022-01-01 01:00:00    100.000000
2022-01-01 02:00:00    100.000000
2022-01-01 03:00:00    100.000000
2022-01-01 04:00:00    100.000000
                          ...    
2023-05-01 19:00:00     72.224121
2023-05-01 20:00:00     72.224121
2023-05-01 21:00:00     72.224121
2023-05-01 22:00:00     72.224121
2023-05-01 23:00:00     72.224121
Freq: H, Length: 11664, dtype: float64",2022-01-01,2023-05-01 23:00:00,486 days,100.0,45.15696761735903,153.16299988658977,72.22412075077169,-27.775879249228307,-70.17976286600607,35.039437585733886,100.0,70.51705199637269,391 days 18:00:00,54,0.0,27,33.33333333333333,31.28576879053795,-21.938408404086903,15.712955322210078,-8.325655923141909,8 days 20:33:20,5 days 00:46:40,0.7971534878281504,-1.0287362684899373,-0.153553232762548,-0.3074596582923508,0.9919535236287049,-0.21523117503328143,long
1223,"{'window_k': 72, 'window_d': 192, 'window_ma': 117}","open_time
2022-01-01 00:00:00    100.000000
2022-01-01 01:00:00    100.000000
2022-01-01 02:00:00    100.000000
2022-01-01 03:00:00    100.000000
2022-01-01 04:00:00    100.000000
                          ...    
2023-05-01 19:00:00     73.722228
2023-05-01 20:00:00     73.552922
2023-05-01 21:00:00     73.923279
2023-05-01 22:00:00     74.251310
2023-05-01 23:00:00     74.251310
Freq: H, Length: 11664, dtype: float64",2022-01-01,2023-05-01 23:00:00,486 days,100.0,48.76922463290565,139.8534644522313,74.25130986632385,-25.74869013367615,-70.17976286600607,31.67866941015089,100.0,65.1283399922042,309 days 12:00:00,53,0.0,27,30.76923076923077,31.95503048780489,-13.957558521111357,14.3343387161171,-7.106028502724765,8 days 06:30:00,4 days 18:23:20,0.7822281437207422,-0.9887062925671732,-0.21047691413154423,-0.3076371537168781,0.9887596393562628,-0.29329313777417887,long
1673,"{'window_k': 102, 'window_d': 132, 'window_ma': 147}","open_time
2022-01-01 00:00:00    100.000000
2022-01-01 01:00:00    100.000000
2022-01-01 02:00:00    100.000000
2022-01-01 03:00:00    100.000000
2022-01-01 04:00:00    100.000000
                          ...    
2023-05-01 19:00:00     74.129370
2023-05-01 20:00:00     73.959129
2023-05-01 21:00:00     74.331531
2023-05-01 22:00:00     74.661374
2023-05-01 23:00:00     74.661374
Freq: H, Length: 11664, dtype: float64",2022-01-01,2023-05-01 23:00:00,486 days,100.0,51.39238948184504,142.60122427949705,74.6613735713082,-25.338626428691796,-70.17976286600607,43.71570644718793,100.0,63.960765595450674,391 days 18:00:00,69,0.0,35,32.35294117647059,30.586011342155018,-25.54872695346796,12.957354042100382,-6.467837049834012,7 days 16:05:27.272727272,5 days 09:49:33.913043478,0.8101095714784377,-0.7558937888302983,-0.053234118350192705,-0.30807105007993757,0.9975394050896433,-0.07423752106832018,long
856,"{'window_k': 57, 'window_d': 87, 'window_ma': 132}","open_time
2022-01-01 00:00:00    100.000000
2022-01-01 01:00:00    100.000000
2022-01-01 02:00:00    100.000000
2022-01-01 03:00:00    100.000000
2022-01-01 04:00:00    100.000000
                          ...    
2023-05-01 19:00:00     77.085297
2023-05-01 20:00:00     77.085297
2023-05-01 21:00:00     77.085297
2023-05-01 22:00:00     77.085297
2023-05-01 23:00:00     77.085297
Freq: H, Length: 11664, dtype: float64",2022-01-01,2023-05-01 23:00:00,486 days,100.0,66.9557480278328,157.89151738470588,77.08529722045441,-22.914702779545593,-70.17976286600607,44.14437585733882,100.0,57.593828258237735,194 days 16:00:00,108,0.0,54,37.03703703703704,23.416444767207295,-23.31986388770736,9.500300661358493,-5.66528095280639,5 days 13:15:00,3 days 01:03:31.764705882,0.8910824445224854,-0.42434634776936253,0.08619848519828423,-0.30827010895577833,1.0044386051948053,0.1300147254709317,long
2671,"{'window_k': 162, 'window_d': 102, 'window_ma': 237}","open_time
2022-01-01 00:00:00    100.000000
2022-01-01 01:00:00    100.000000
2022-01-01 02:00:00    100.000000
2022-01-01 03:00:00    100.000000
2022-01-01 04:00:00    100.000000
                          ...    
2023-05-01 19:00:00     77.357306
2023-05-01 20:00:00     77.179651
2023-05-01 21:00:00     77.568270
2023-05-01 22:00:00     77.912475
2023-05-01 23:00:00     77.912475
Freq: H, Length: 11664, dtype: float64",2022-01-01,2023-05-01 23:00:00,486 days,100.0,54.36626621467233,122.02109239729262,77.91247506069946,-22.087524939300536,-70.17976286600607,41.958161865569274,100.0,55.445189723708296,451 days 16:00:00,67,0.0,34,33.33333333333333,32.74034822104468,-22.165857962064408,14.759378413313748,-7.40352211187907,8 days 08:49:05.454545454,4 days 21:43:38.181818181,0.8500276609974053,-0.6716742017200512,0.08482408903188356,-0.3082777097322752,1.0044873309355353,0.12841399193843472,long
4084,"{'window_k': 237, 'window_d': 237, 'window_ma': 72}","open_time
2022-01-01 00:00:00    100.000000
2022-01-01 01:00:00    100.000000
2022-01-01 02:00:00    100.000000
2022-01-01 03:00:00    100.000000
2022-01-01 04:00:00    100.000000
                          ...    
2023-05-01 19:00:00     79.061396
2023-05-01 20:00:00     79.061396
2023-05-01 21:00:00     79.061396
2023-05-01 22:00:00     79.061396
2023-05-01 23:00:00     79.061396
Freq: H, Length: 11664, dtype: float64",2022-01-01,2023-05-01 23:00:00,486 days,100.0,55.71073604578659,117.09604317066743,79.06139574775135,-20.938604252248652,-70.17976286600607,24.92283950617284,100.0,52.42304134513903,424 days 03:00:00,34,0.0,17,41.17647058823529,28.052379195868653,-21.4941473490934,8.705679155987593,-7.436697256809205,7 days 20:25:42.857142857,6 days 14:48:00,0.6654768256543412,-1.231682603073451,-0.15506852119591466,-0.30856660006555886,0.9905999756002704,-0.21745047932628736,long
2668,"{'window_k': 162, 'window_d': 102, 'window_ma': 192}","open_time
2022-01-01 00:00:00    100.000000
2022-01-01 01:00:00    100.000000
2022-01-01 02:00:00    100.000000
2022-01-01 03:00:00    100.000000
2022-01-01 04:00:00    100.000000
                          ...    
2023-05-01 19:00:00     77.307809
2023-05-01 20:00:00     77.130269
2023-05-01 21:00:00     77.518639
2023-05-01 22:00:00     77.862623
2023-05-01 23:00:00     77.862623
Freq: H, Length: 11664, dtype: float64",2022-01-01,2023-05-01 23:00:00,486 days,100.0,54.33148046208225,122.02109239729262,77.86262348416412,-22.137376515835882,-70.17976286600607,42.28395061728395,100.0,55.47369770696484,451 days 16:00:00,67,0.0,34,33.33333333333333,32.74034822104468,-22.165857962064408,14.752621047785322,-7.403522111879073,8 days 12:16:21.818181818,4 days 21:43:38.181818181,0.849628355735188,-0.673183348560463,0.08575567985293858,-0.3088375257427094,1.0045111816862586,0.1297492794718041,long
658,"{'window_k': 42, 'window_d': 147, 'window_ma': 42}","open_time
2022-01-01 00:00:00    100.00000
2022-01-01 01:00:00    100.00000
2022-01-01 02:00:00    100.00000
2022-01-01 03:00:00    100.00000
2022-01-01 04:00:00    100.00000
                         ...    
2023-05-01 19:00:00     78.49372
2023-05-01 20:00:00     78.49372
2023-05-01 21:00:00     78.49372
2023-05-01 22:00:00     78.49372
2023-05-01 23:00:00     78.49372
Freq: H, Length: 11664, dtype: float64",2022-01-01,2023-05-01 23:00:00,486 days,100.0,60.96851976970275,132.0641671867619,78.49371990632247,-21.506280093677532,-70.17976286600607,28.03497942386831,100.0,53.83416935232509,451 days 16:00:00,78,0.0,39,38.46153846153847,35.681024447031426,-25.922934933087216,8.546148578986548,-5.502392688266578,5 days 00:48:00,2 days 12:45:00,0.8393978423199067,-0.5514430793250655,-0.1467982819368633,-0.3088824156392752,0.9916106530253883,-0.201586011225948,long
3956,"{'window_k': 237, 'window_d': 117, 'window_ma': 72}","open_time
2022-01-01 00:00:00    100.000000
2022-01-01 01:00:00    100.000000
2022-01-01 02:00:00    100.000000
2022-01-01 03:00:00    100.000000
2022-01-01 04:00:00    100.000000
                          ...    
2023-05-01 19:00:00     75.244514
2023-05-01 20:00:00     75.071712
2023-05-01 21:00:00     75.449717
2023-05-01 22:00:00     75.784521
2023-05-01 23:00:00     75.784521
Freq: H, Length: 11664, dtype: float64",2022-01-01,2023-05-01 23:00:00,486 days,100.0,53.625394848159296,136.98600635396946,75.78452105146158,-24.21547894853842,-70.17976286600607,31.31858710562414,100.0,60.85337745405016,355 days 14:00:00,59,0.0,30,44.827586206896555,30.50751879699247,-25.376746232537684,9.37004918513268,-8.092758016234264,6 days 14:41:32.307692307,4 days 00:11:15,0.8091673745086495,-0.8003816117709608,-0.0014131817740926237,-0.3089225113091656,0.9999117859608979,-0.0021808908429091604,long
832,"{'window_k': 57, 'window_d': 72, 'window_ma': 12}","open_time
2022-01-01 00:00:00    100.000000
2022-01-01 01:00:00    100.000000
2022-01-01 02:00:00    100.000000
2022-01-01 03:00:00    100.000000
2022-01-01 04:00:00    100.000000
                          ...    
2023-05-01 19:00:00     77.471157
2023-05-01 20:00:00     77.471157
2023-05-01 21:00:00     77.471157
2023-05-01 22:00:00     77.471157
2023-05-01 23:00:00     77.471157
Freq: H, Length: 11664, dtype: float64",2022-01-01,2023-05-01 23:00:00,486 days,100.0,68.56296411688459,157.44262500050226,77.4711566611354,-22.528843338864604,-70.17976286600607,18.029835390946502,100.0,56.452095411477124,355 days 14:00:00,114,0.0,57,40.35087719298245,18.343195266272183,-17.914691943127966,4.372154735728979,-3.4254478412552274,1 days 14:00:00,1 days 12:08:49.411764705,0.8277274492396668,-0.39524286559411603,-0.1316224784325706,-0.3090311715942356,0.9884437517708318,-0.20938342764879933,long
1738,"{'window_k': 102, 'window_d': 192, 'window_ma': 162}","open_time
2022-01-01 00:00:00    100.000000
2022-01-01 01:00:00    100.000000
2022-01-01 02:00:00    100.000000
2022-01-01 03:00:00    100.000000
2022-01-01 04:00:00    100.000000
                          ...    
2023-05-01 19:00:00     72.794076
2023-05-01 20:00:00     72.626901
2023-05-01 21:00:00     72.992596
2023-05-01 22:00:00     73.316496
2023-05-01 23:00:00     73.316496
Freq: H, Length: 11664, dtype: float64",2022-01-01,2023-05-01 23:00:00,486 days,100.0,45.14713553418453,137.9753490518838,73.31649633028228,-26.683503669717723,-70.17976286600607,36.42832647462277,100.0,67.27883941267831,391 days 18:00:00,51,0.0,26,32.0,40.65462085308056,-23.765936580581897,16.506930988252314,-8.201831393514087,10 days 16:22:30,5 days 07:17:38.823529411,0.7620014254305357,-1.0715195109802598,-0.12968159504666363,-0.3090596820110726,0.993437682598466,-0.18177840288885694,long
3577,"{'window_k': 207, 'window_d': 237, 'window_ma': 147}","open_time
2022-01-01 00:00:00    100.00000
2022-01-01 01:00:00    100.00000
2022-01-01 02:00:00    100.00000
2022-01-01 03:00:00    100.00000
2022-01-01 04:00:00    100.00000
                         ...    
2023-05-01 19:00:00     81.19307
2023-05-01 20:00:00     81.19307
2023-05-01 21:00:00     81.19307
2023-05-01 22:00:00     81.19307
2023-05-01 23:00:00     81.19307
Freq: H, Length: 11664, dtype: float64",2022-01-01,2023-05-01 23:00:00,486 days,100.0,67.13525342513208,126.25407686333351,81.19307047370633,-18.806929526293672,-70.17976286600607,30.37551440329218,100.0,46.825278760856094,349 days 17:00:00,34,0.0,17,47.05882352941176,21.344383057090244,-23.423197492163,7.480247627524028,-8.001449160841302,8 days 23:30:00,8 days 10:06:40,0.7204601273943255,-1.1062899721349218,-0.06418939850761805,-0.3093253249046892,0.9963927268580927,-0.09052393947266485,long
3363,"{'window_k': 207, 'window_d': 42, 'window_ma': 57}","open_time
2022-01-01 00:00:00    100.0000
2022-01-01 01:00:00    100.0000
2022-01-01 02:00:00    100.0000
2022-01-01 03:00:00    100.0000
2022-01-01 04:00:00    100.0000
                         ...   
2023-05-01 19:00:00     77.5011
2023-05-01 20:00:00     77.5011
2023-05-01 21:00:00     77.5011
2023-05-01 22:00:00     77.5011
2023-05-01 23:00:00     77.5011
Freq: H, Length: 11664, dtype: float64",2022-01-01,2023-05-01 23:00:00,486 days,100.0,57.578384634405005,131.77234070792412,77.50110049947094,-22.498899500529063,-70.17976286600607,36.92558299039781,100.0,56.30465063830915,430 days 01:00:00,136,0.0,68,38.23529411764706,21.743313450067348,-16.189095774333815,7.167236308021893,-4.622669010440304,3 days 13:57:41.538461538,2 days 01:20:00,0.8630083391964137,-0.3308661691254282,0.06023022303554635,-0.30941483208488746,1.003409582787932,0.09151166656936463,long
3947,"{'window_k': 237, 'window_d': 102, 'window_ma': 177}","open_time
2022-01-01 00:00:00    100.000000
2022-01-01 01:00:00    100.000000
2022-01-01 02:00:00    100.000000
2022-01-01 03:00:00    100.000000
2022-01-01 04:00:00    100.000000
                          ...    
2023-05-01 19:00:00     77.271784
2023-05-01 20:00:00     77.094327
2023-05-01 21:00:00     77.482515
2023-05-01 22:00:00     77.826340
2023-05-01 23:00:00     77.826340
Freq: H, Length: 11664, dtype: float64",2022-01-01,2023-05-01 23:00:00,486 days,100.0,59.78766477885346,134.17634346617473,77.82633998655157,-22.173660013448426,-70.17976286600607,39.463305898491086,100.0,55.44097921111878,309 days 12:00:00,63,0.0,32,35.483870967741936,41.42414860681114,-25.375982042648705,15.203263380909526,-8.140324692852637,8 days 20:05:27.272727272,4 days 14:21:00,0.8584713424028464,-0.7099126876873649,0.07377012813742671,-0.30954292387978777,1.0040935268869873,0.11177419893375665,long
3809,"{'window_k': 222, 'window_d': 222, 'window_ma': 27}","open_time
2022-01-01 00:00:00    100.00000
2022-01-01 01:00:00    100.00000
2022-01-01 02:00:00    100.00000
2022-01-01 03:00:00    100.00000
2022-01-01 04:00:00    100.00000
                         ...    
2023-05-01 19:00:00     83.03379
2023-05-01 20:00:00     83.03379
2023-05-01 21:00:00     83.03379
2023-05-01 22:00:00     83.03379
2023-05-01 23:00:00     83.03379
Freq: H, Length: 11664, dtype: float64",2022-01-01,2023-05-01 23:00:00,486 days,100.0,80.95137291960421,139.776372080365,83.03379028376163,-16.966209716238367,-70.17976286600607,17.892661179698216,100.0,42.085080822486304,310 days 16:00:00,36,0.0,18,44.44444444444444,15.522984676882077,-18.76769201736176,7.067975598119671,-6.748448460843568,3 days 23:52:30,5 days 12:00:00,0.772633680563047,-0.9425672064576873,-0.13667886857796385,-0.30966512234075383,0.9899320948571096,-0.19559435687939042,long
208,"{'window_k': 12, 'window_d': 207, 'window_ma': 12}","open_time
2022-01-01 00:00:00    100.000000
2022-01-01 01:00:00    100.000000
2022-01-01 02:00:00    100.000000
2022-01-01 03:00:00    100.000000
2022-01-01 04:00:00    100.000000
                          ...    
2023-05-01 19:00:00     79.574553
2023-05-01 20:00:00     79.574553
2023-05-01 21:00:00     79.574553
2023-05-01 22:00:00     79.574553
2023-05-01 23:00:00     79.574553
Freq: H, Length: 11664, dtype: float64",2022-01-01,2023-05-01 23:00:00,486 days,100.0,70.00886906046857,142.53618583782816,79.5745528322583,-20.425447167741694,-70.17976286600607,13.32304526748971,100.0,50.88344152822933,391 days 18:00:00,102,0.0,51,43.13725490196079,16.54220411857887,-11.222702323951864,3.7843659889735606,-3.4253022037219902,1 days 12:32:43.636363636,1 days 01:51:43.448275862,0.8037275898102586,-0.40049896407336627,-0.3202210372515571,-0.3098791412991774,0.973336248451677,-0.4435804585303926,long
3302,"{'window_k': 192, 'window_d': 222, 'window_ma': 102}","open_time
2022-01-01 00:00:00    100.000000
2022-01-01 01:00:00    100.000000
2022-01-01 02:00:00    100.000000
2022-01-01 03:00:00    100.000000
2022-01-01 04:00:00    100.000000
                          ...    
2023-05-01 19:00:00     77.796062
2023-05-01 20:00:00     77.796062
2023-05-01 21:00:00     77.796062
2023-05-01 22:00:00     77.796062
2023-05-01 23:00:00     77.796062
Freq: H, Length: 11664, dtype: float64",2022-01-01,2023-05-01 23:00:00,486 days,100.0,57.62123948516006,129.27677460389307,77.7960624071461,-22.203937592853904,-70.17976286600607,31.001371742112482,100.0,55.428003474164,349 days 17:00:00,38,0.0,19,21.052631578947366,42.01668374067026,-18.01515521877293,17.556517434374484,-5.4158734986388,11 days 10:45:00,6 days 23:48:00,0.6815186357330564,-1.1686282943607327,-0.12856870943490079,-0.3100520807626083,0.992848241097983,-0.1795046416081623,long
3731,"{'window_k': 222, 'window_d': 147, 'window_ma': 57}","open_time
2022-01-01 00:00:00    100.000000
2022-01-01 01:00:00    100.000000
2022-01-01 02:00:00    100.000000
2022-01-01 03:00:00    100.000000
2022-01-01 04:00:00    100.000000
                          ...    
2023-05-01 19:00:00     79.802162
2023-05-01 20:00:00     79.618893
2023-05-01 21:00:00     80.019793
2023-05-01 22:00:00     80.374877
2023-05-01 23:00:00     80.374877
Freq: H, Length: 11664, dtype: float64",2022-01-01,2023-05-01 23:00:00,486 days,100.0,63.711219447194544,124.40355194179949,80.37487695926926,-19.62512304073074,-70.17976286600607,25.600137174211245,100.0,48.78665564388309,451 days 16:00:00,47,0.0,24,34.78260869565217,30.99560481559336,-13.896626431445364,9.91599298017682,-5.969364965955794,6 days 07:15:00,4 days 20:20:00,0.7733305936968783,-0.8542622459166016,-0.08744627662981362,-0.31017214857338443,0.994305733626357,-0.12792577648648176,long
2750,"{'window_k': 162, 'window_d': 177, 'window_ma': 222}","open_time
2022-01-01 00:00:00    100.000000
2022-01-01 01:00:00    100.000000
2022-01-01 02:00:00    100.000000
2022-01-01 03:00:00    100.000000
2022-01-01 04:00:00    100.000000
                          ...    
2023-05-01 19:00:00     76.565389
2023-05-01 20:00:00     76.389554
2023-05-01 21:00:00     76.774194
2023-05-01 22:00:00     77.114875
2023-05-01 23:00:00     77.114875
Freq: H, Length: 11664, dtype: float64",2022-01-01,2023-05-01 23:00:00,486 days,100.0,55.7772361415571,130.2091529693852,77.11487543861459,-22.88512456138541,-70.17976286600607,36.0082304526749,100.0,57.16335229162311,391 days 18:00:00,47,0.0,24,30.434782608695656,48.1820869051138,-21.019941157240947,16.215863118389372,-7.35133693771423,10 days 22:08:34.285714285,6 days 02:15:00,0.7613744410898649,-1.0370530456211289,-0.06185793705342277,-0.31017697498163505,0.99687651070509,-0.08753720485256396,long
2290,"{'window_k': 132, 'window_d': 237, 'window_ma': 42}","open_time
2022-01-01 00:00:00    100.000000
2022-01-01 01:00:00    100.000000
2022-01-01 02:00:00    100.000000
2022-01-01 03:00:00    100.000000
2022-01-01 04:00:00    100.000000
                          ...    
2023-05-01 19:00:00     79.518731
2023-05-01 20:00:00     79.518731
2023-05-01 21:00:00     79.518731
2023-05-01 22:00:00     79.518731
2023-05-01 23:00:00     79.518731
Freq: H, Length: 11664, dtype: float64",2022-01-01,2023-05-01 23:00:00,486 days,100.0,58.5709046451367,119.45143561559401,79.51873114363949,-20.481268856360515,-70.17976286600607,23.208161865569274,100.0,50.96676373683494,451 days 16:00:00,40,0.0,20,40.0,29.029878273699726,-21.73669467787115,11.162258473096877,-8.041516175256735,4 days 19:52:30,6 days 04:20:00,0.7602064377949266,-1.0240634428180249,-0.16122300652201874,-0.3102433330336118,0.9899131095902198,-0.22523065911008597,long
3354,"{'window_k': 207, 'window_d': 27, 'window_ma': 162}","open_time
2022-01-01 00:00:00    100.000000
2022-01-01 01:00:00    100.000000
2022-01-01 02:00:00    100.000000
2022-01-01 03:00:00    100.000000
2022-01-01 04:00:00    100.000000
                          ...    
2023-05-01 19:00:00     73.372266
2023-05-01 20:00:00     73.372266
2023-05-01 21:00:00     73.372266
2023-05-01 22:00:00     73.372266
2023-05-01 23:00:00     73.372266
Freq: H, Length: 11664, dtype: float64",2022-01-01,2023-05-01 23:00:00,486 days,100.0,36.44952361239791,110.01068064860665,73.37226601632808,-26.627733983671913,-70.17976286600607,38.07441700960219,100.0,66.86728652391119,469 days 22:00:00,194,0.0,97,35.051546391752574,24.724669603524223,-14.131233595800527,7.145510157185841,-3.971914303273817,2 days 20:24:42.352941176,1 days 09:34:17.142857142,0.8366276028955473,-0.27451272148115424,0.00450460817485031,-0.3102852288270674,1.0002559258623618,0.006928164314839133,long
1666,"{'window_k': 102, 'window_d': 132, 'window_ma': 42}","open_time
2022-01-01 00:00:00    100.000000
2022-01-01 01:00:00    100.000000
2022-01-01 02:00:00    100.000000
2022-01-01 03:00:00    100.000000
2022-01-01 04:00:00    100.000000
                          ...    
2023-05-01 19:00:00     76.145587
2023-05-01 20:00:00     76.145587
2023-05-01 21:00:00     76.145587
2023-05-01 22:00:00     76.145587
2023-05-01 23:00:00     76.145587
Freq: H, Length: 11664, dtype: float64",2022-01-01,2023-05-01 23:00:00,486 days,100.0,57.53355160461652,142.23600059760017,76.1455869396232,-23.8544130603768,-70.17976286600607,30.915637860082306,100.0,59.55064022969496,451 days 16:00:00,70,0.0,35,42.857142857142854,30.586011342154997,-25.548726953467966,7.382035280911925,-6.013153768593718,4 days 06:28:00,4 days 07:27:00,0.7964813148750278,-0.6815546588679089,-0.16884026676566605,-0.31080435044651283,0.9907828799692637,-0.23262913442179478,long
4000,"{'window_k': 237, 'window_d': 162, 'window_ma': 12}","open_time
2022-01-01 00:00:00    100.000000
2022-01-01 01:00:00    100.000000
2022-01-01 02:00:00    100.000000
2022-01-01 03:00:00    100.000000
2022-01-01 04:00:00    100.000000
                          ...    
2023-05-01 19:00:00     83.383239
2023-05-01 20:00:00     83.191746
2023-05-01 21:00:00     83.610637
2023-05-01 22:00:00     83.610637
2023-05-01 23:00:00     83.610637
Freq: H, Length: 11664, dtype: float64",2022-01-01,2023-05-01 23:00:00,486 days,100.0,70.57776498021896,118.51363392717559,83.61063693216744,-16.389363067832562,-70.17976286600607,14.437585733882031,100.0,40.44755641904654,353 days 18:00:00,48,0.0,24,50.0,21.51095732410611,-23.43490304709142,5.1778497926683675,-5.962476904808184,2 days 01:00:00,3 days 19:20:00,0.7655875978098995,-0.6828901278263566,-0.17236592720726732,-0.3109933058080043,0.9858334736930896,-0.2464606800456558,long
2675,"{'window_k': 162, 'window_d': 117, 'window_ma': 57}","open_time
2022-01-01 00:00:00    100.000000
2022-01-01 01:00:00    100.000000
2022-01-01 02:00:00    100.000000
2022-01-01 03:00:00    100.000000
2022-01-01 04:00:00    100.000000
                          ...    
2023-05-01 19:00:00     74.767533
2023-05-01 20:00:00     74.595826
2023-05-01 21:00:00     74.971434
2023-05-01 22:00:00     75.304116
2023-05-01 23:00:00     75.304116
Freq: H, Length: 11664, dtype: float64",2022-01-01,2023-05-01 23:00:00,486 days,100.0,50.06714711231926,130.65168539325842,75.30411615306468,-24.695883846935317,-70.17976286600607,29.372427983539097,100.0,61.678912168933486,451 days 16:00:00,65,0.0,33,31.25,30.075901328273247,-14.280742459396754,10.788381330257483,-5.490570790156168,5 days 18:36:00,3 days 17:02:43.636363636,0.7680446396786768,-0.7908621542979093,-0.07710278104756252,-0.311060431980981,0.9953790041439925,-0.10938749751149612,long
1371,"{'window_k': 87, 'window_d': 87, 'window_ma': 177}","open_time
2022-01-01 00:00:00    100.000000
2022-01-01 01:00:00    100.000000
2022-01-01 02:00:00    100.000000
2022-01-01 03:00:00    100.000000
2022-01-01 04:00:00    100.000000
                          ...    
2023-05-01 19:00:00     79.018065
2023-05-01 20:00:00     78.836597
2023-05-01 21:00:00     79.233559
2023-05-01 22:00:00     79.585153
2023-05-01 23:00:00     79.585153
Freq: H, Length: 11664, dtype: float64",2022-01-01,2023-05-01 23:00:00,486 days,100.0,55.75948160409068,149.7377035241764,79.58515349472309,-20.414846505276913,-70.17976286600607,38.19444444444444,100.0,50.64750722962067,194 days 16:00:00,91,0.0,46,37.77777777777778,35.09827517047735,-24.314282592066437,9.398467851622575,-5.657396054205199,5 days 11:28:14.117647058,3 days 02:34:17.142857142,0.8859116103506655,-0.4151012602499815,0.0837638727863389,-0.3111562791920036,1.0047594281809036,0.12753324363029173,long
3221,"{'window_k': 192, 'window_d': 147, 'window_ma': 87}","open_time
2022-01-01 00:00:00    100.000000
2022-01-01 01:00:00    100.000000
2022-01-01 02:00:00    100.000000
2022-01-01 03:00:00    100.000000
2022-01-01 04:00:00    100.000000
                          ...    
2023-05-01 19:00:00     76.107385
2023-05-01 20:00:00     76.107385
2023-05-01 21:00:00     76.107385
2023-05-01 22:00:00     76.107385
2023-05-01 23:00:00     76.107385
Freq: H, Length: 11664, dtype: float64",2022-01-01,2023-05-01 23:00:00,486 days,100.0,64.1099829290981,158.5893727923766,76.10738510587638,-23.892614894123625,-70.17976286600607,35.24519890260631,100.0,59.57485561593704,349 days 17:00:00,52,0.0,26,30.76923076923077,30.41500852757248,-22.659773402265976,14.68032599070083,-6.977438032721625,8 days 06:22:30,5 days 20:13:20,0.8233895589659468,-0.9189467266970617,-0.08737032218368317,-0.3111934505515622,0.9954185210321272,-0.1257476045703786,long
3095,"{'window_k': 192, 'window_d': 27, 'window_ma': 117}","open_time
2022-01-01 00:00:00    100.000000
2022-01-01 01:00:00    100.000000
2022-01-01 02:00:00    100.000000
2022-01-01 03:00:00    100.000000
2022-01-01 04:00:00    100.000000
                          ...    
2023-05-01 19:00:00     73.716129
2023-05-01 20:00:00     73.716129
2023-05-01 21:00:00     73.716129
2023-05-01 22:00:00     73.716129
2023-05-01 23:00:00     73.716129
Freq: H, Length: 11664, dtype: float64",2022-01-01,2023-05-01 23:00:00,486 days,100.0,37.542719001339435,109.69116080937167,73.71612871698343,-26.28387128301657,-70.17976286600607,37.37139917695473,100.0,65.77416199780802,469 days 22:00:00,190,0.0,95,36.84210526315789,25.37028725314181,-14.919252771730873,7.020492016187591,-4.181514590712214,2 days 23:53:08.571428571,1 days 06:43:00,0.8440455811240187,-0.2766723292949109,0.003649337875704773,-0.31120347217198085,1.0002101200371705,0.005624402991947786,long
1978,"{'window_k': 117, 'window_d': 177, 'window_ma': 162}","open_time
2022-01-01 00:00:00    100.000000
2022-01-01 01:00:00    100.000000
2022-01-01 02:00:00    100.000000
2022-01-01 03:00:00    100.000000
2022-01-01 04:00:00    100.000000
                          ...    
2023-05-01 19:00:00     71.943180
2023-05-01 20:00:00     71.777960
2023-05-01 21:00:00     72.139379
2023-05-01 22:00:00     72.459494
2023-05-01 23:00:00     72.459494
Freq: H, Length: 11664, dtype: float64",2022-01-01,2023-05-01 23:00:00,486 days,100.0,46.720813834671105,150.93237232303562,72.45949412157535,-27.540505878424653,-70.17976286600607,36.462620027434845,100.0,69.04520010148912,391 days 18:00:00,53,0.0,27,30.76923076923077,47.47699614128823,-21.93840840408691,18.04545455911669,-8.245346121913787,10 days 16:15:00,5 days 00:13:20,0.7820609234554241,-1.0505126060788155,-0.11402577946642814,-0.3112386812934917,0.9941276607065364,-0.1604137929189827,long
3664,"{'window_k': 222, 'window_d': 87, 'window_ma': 12}","open_time
2022-01-01 00:00:00    100.00000
2022-01-01 01:00:00    100.00000
2022-01-01 02:00:00    100.00000
2022-01-01 03:00:00    100.00000
2022-01-01 04:00:00    100.00000
                         ...    
2023-05-01 19:00:00     78.63183
2023-05-01 20:00:00     78.63183
2023-05-01 21:00:00     78.63183
2023-05-01 22:00:00     78.63183
2023-05-01 23:00:00     78.63183
Freq: H, Length: 11664, dtype: float64",2022-01-01,2023-05-01 23:00:00,486 days,100.0,69.23253964228375,146.88585224948122,78.6318301588991,-21.368169841100894,-70.17976286600607,14.077503429355282,100.0,52.866434321602085,355 days 14:00:00,66,0.0,33,45.45454545454545,23.313492063492074,-19.681571815718165,6.373567711250096,-5.913840966061999,2 days 00:16:00,2 days 03:00:00,0.7970594665694818,-0.6475202982151784,-0.19117288447590783,-0.3124531099900239,0.9803026630446773,-0.3101280231083743,long
3356,"{'window_k': 207, 'window_d': 27, 'window_ma': 192}","open_time
2022-01-01 00:00:00    100.000000
2022-01-01 01:00:00    100.000000
2022-01-01 02:00:00    100.000000
2022-01-01 03:00:00    100.000000
2022-01-01 04:00:00    100.000000
                          ...    
2023-05-01 19:00:00     73.191796
2023-05-01 20:00:00     73.191796
2023-05-01 21:00:00     73.191796
2023-05-01 22:00:00     73.191796
2023-05-01 23:00:00     73.191796
Freq: H, Length: 11664, dtype: float64",2022-01-01,2023-05-01 23:00:00,486 days,100.0,36.44952361239791,110.01068064860665,73.19179618446626,-26.808203815533744,-70.17976286600607,38.56310013717421,100.0,66.86728652391119,469 days 22:00:00,194,0.0,97,35.051546391752574,24.724669603524223,-14.131233595800527,7.145510157185845,-3.975797016222424,2 days 20:24:42.352941176,1 days 10:28:34.285714285,0.8355896394315772,-0.2763732352116879,0.00269972817773467,-0.3124753052872535,1.000152561809555,0.004152603611778025,long
1663,"{'window_k': 102, 'window_d': 117, 'window_ma': 237}","open_time
2022-01-01 00:00:00    100.000000
2022-01-01 01:00:00    100.000000
2022-01-01 02:00:00    100.000000
2022-01-01 03:00:00    100.000000
2022-01-01 04:00:00    100.000000
                          ...    
2023-05-01 19:00:00     74.961067
2023-05-01 20:00:00     74.788916
2023-05-01 21:00:00     75.165497
2023-05-01 22:00:00     75.499039
2023-05-01 23:00:00     75.499039
Freq: H, Length: 11664, dtype: float64",2022-01-01,2023-05-01 23:00:00,486 days,100.0,49.42543917653782,126.31091719895873,75.49903937025833,-24.50096062974167,-70.17976286600607,42.44684499314129,100.0,60.87001799006391,391 days 18:00:00,71,0.0,36,31.428571428571427,36.69689369091262,-17.041348855881157,14.157873147327798,-6.647520305019785,7 days 14:16:21.818181818,4 days 22:35:00,0.8143657210970155,-0.691112476219629,-0.049037057803399044,-0.31261392246761743,0.9976919299876156,-0.06845529134149918,long
2469,"{'window_k': 147, 'window_d': 162, 'window_ma': 87}","open_time
2022-01-01 00:00:00    100.000000
2022-01-01 01:00:00    100.000000
2022-01-01 02:00:00    100.000000
2022-01-01 03:00:00    100.000000
2022-01-01 04:00:00    100.000000
                          ...    
2023-05-01 19:00:00     76.213533
2023-05-01 20:00:00     76.213533
2023-05-01 21:00:00     76.213533
2023-05-01 22:00:00     76.213533
2023-05-01 23:00:00     76.213533
Freq: H, Length: 11664, dtype: float64",2022-01-01,2023-05-01 23:00:00,486 days,100.0,55.957317745560694,136.4499294004805,76.2135330345867,-23.786466965413297,-70.17976286600607,35.49382716049383,100.0,58.99058505092665,349 days 17:00:00,52,0.0,26,30.76923076923077,30.71225071225072,-20.965207631874293,14.467413371036278,-7.2845384813400225,8 days 17:22:30,6 days 00:28:14.117647058,0.8058220733461109,-0.9148641140543572,-0.10495280846520358,-0.3128294471925356,0.9946537034087332,-0.14812321813398852,long
3014,"{'window_k': 177, 'window_d': 192, 'window_ma': 102}","open_time
2022-01-01 00:00:00    100.000000
2022-01-01 01:00:00    100.000000
2022-01-01 02:00:00    100.000000
2022-01-01 03:00:00    100.000000
2022-01-01 04:00:00    100.000000
                          ...    
2023-05-01 19:00:00     78.030417
2023-05-01 20:00:00     78.030417
2023-05-01 21:00:00     78.030417
2023-05-01 22:00:00     78.376673
2023-05-01 23:00:00     78.376673
Freq: H, Length: 11664, dtype: float64",2022-01-01,2023-05-01 23:00:00,486 days,100.0,56.17531719010477,120.60989523908307,78.37667260914687,-21.623327390853134,-70.17976286600607,27.829218106995885,100.0,53.423956567784636,451 days 16:00:00,43,0.0,22,38.095238095238095,37.465201465201474,-12.695179904955866,9.70562386322505,-6.9057667902733835,8 days 08:15:00,5 days 06:13:50.769230769,0.7124016179386364,-1.046170627472736,-0.13112689374787798,-0.3130021686296537,0.9924410326690601,-0.18330985073705713,long
3172,"{'window_k': 192, 'window_d': 102, 'window_ma': 72}","open_time
2022-01-01 00:00:00    100.000000
2022-01-01 01:00:00    100.000000
2022-01-01 02:00:00    100.000000
2022-01-01 03:00:00    100.000000
2022-01-01 04:00:00    100.000000
                          ...    
2023-05-01 19:00:00     75.707701
2023-05-01 20:00:00     75.707701
2023-05-01 21:00:00     75.707701
2023-05-01 22:00:00     75.707701
2023-05-01 23:00:00     75.707701
Freq: H, Length: 11664, dtype: float64",2022-01-01,2023-05-01 23:00:00,486 days,100.0,55.377516057580856,139.10927612066087,75.70770055171461,-24.29229944828539,-70.17976286600607,35.708161865569274,100.0,60.19135631936765,286 days 02:00:00,66,0.0,33,39.39393939393939,33.421260881034016,-24.812030075187963,11.16391577272307,-7.5170049515070305,6 days 19:50:46.153846153,4 days 05:45:00,0.8337582568374262,-0.7361302863116772,0.03406534141829793,-0.3133473825385451,1.0019595448846048,0.05158531968746416,long
2751,"{'window_k': 162, 'window_d': 177, 'window_ma': 237}","open_time
2022-01-01 00:00:00    100.000000
2022-01-01 01:00:00    100.000000
2022-01-01 02:00:00    100.000000
2022-01-01 03:00:00    100.000000
2022-01-01 04:00:00    100.000000
                          ...    
2023-05-01 19:00:00     77.153419
2023-05-01 20:00:00     76.976233
2023-05-01 21:00:00     77.363828
2023-05-01 22:00:00     77.707126
2023-05-01 23:00:00     77.707126
Freq: H, Length: 11664, dtype: float64",2022-01-01,2023-05-01 23:00:00,486 days,100.0,58.500564776940124,130.2091529693852,77.70712550944037,-22.292874490559626,-70.17976286600607,37.21707818930041,100.0,55.071849065253666,391 days 18:00:00,47,0.0,24,30.434782608695656,48.1820869051138,-21.019941157240947,15.971955351668104,-7.231940006154977,10 days 10:25:42.857142857,6 days 16:11:15,0.7669194642410153,-1.0116259726074417,-0.051188530771388796,-0.3133484906022384,0.9974310503350706,-0.07279980472644842,long
407,"{'window_k': 27, 'window_d': 147, 'window_ma': 117}","open_time
2022-01-01 00:00:00    100.000000
2022-01-01 01:00:00    100.000000
2022-01-01 02:00:00    100.000000
2022-01-01 03:00:00    100.000000
2022-01-01 04:00:00    100.000000
                          ...    
2023-05-01 19:00:00     77.083813
2023-05-01 20:00:00     76.906786
2023-05-01 21:00:00     77.294031
2023-05-01 22:00:00     77.637019
2023-05-01 23:00:00     77.637019
Freq: H, Length: 11664, dtype: float64",2022-01-01,2023-05-01 23:00:00,486 days,100.0,57.74797375647335,129.00339781713043,77.63701925810793,-22.362980741892073,-70.17976286600607,32.16735253772291,100.0,55.235307958062975,451 days 16:00:00,83,0.0,42,31.70731707317073,32.66397183465902,-13.750174849629312,9.365948142820521,-4.654759386199987,5 days 23:32:18.461538461,2 days 15:40:42.857142857,0.8084865002988514,-0.5462481253667271,-0.09685170771395774,-0.3134363126246074,0.9948806811719886,-0.13547160483189785,long
1709,"{'window_k': 102, 'window_d': 162, 'window_ma': 207}","open_time
2022-01-01 00:00:00    100.000000
2022-01-01 01:00:00    100.000000
2022-01-01 02:00:00    100.000000
2022-01-01 03:00:00    100.000000
2022-01-01 04:00:00    100.000000
                          ...    
2023-05-01 19:00:00     73.087172
2023-05-01 20:00:00     72.919324
2023-05-01 21:00:00     73.286491
2023-05-01 22:00:00     73.611696
2023-05-01 23:00:00     73.611696
Freq: H, Length: 11664, dtype: float64",2022-01-01,2023-05-01 23:00:00,486 days,100.0,52.40734852917845,152.0217492277748,73.61169550970611,-26.38830449029389,-70.17976286600607,40.32064471879287,100.0,65.52641395366638,355 days 14:00:00,63,0.0,32,29.03225806451613,42.352941176470594,-20.91667619156474,17.02661356669926,-7.126011898294806,9 days 23:53:20,4 days 16:57:16.363636363,0.8172313356364567,-0.8201025924207084,-0.025429004034206053,-0.31367169925161986,0.9986414800178465,-0.03807910743332742,long
3353,"{'window_k': 207, 'window_d': 27, 'window_ma': 147}","open_time
2022-01-01 00:00:00    100.000000
2022-01-01 01:00:00    100.000000
2022-01-01 02:00:00    100.000000
2022-01-01 03:00:00    100.000000
2022-01-01 04:00:00    100.000000
                          ...    
2023-05-01 19:00:00     73.004666
2023-05-01 20:00:00     73.004666
2023-05-01 21:00:00     73.004666
2023-05-01 22:00:00     73.004666
2023-05-01 23:00:00     73.004666
Freq: H, Length: 11664, dtype: float64",2022-01-01,2023-05-01 23:00:00,486 days,100.0,36.35633265857296,110.01068064860665,73.00466580188225,-26.99533419811775,-70.17976286600607,38.52023319615912,100.0,66.9519973476926,469 days 22:00:00,194,0.0,97,35.051546391752574,24.724669603524223,-14.131233595800522,7.137656739092707,-3.9757970162224243,2 days 20:15:52.941176470,1 days 10:28:34.285714285,0.8340176299780114,-0.2783024144135846,-7.586122902670094e-05,-0.31434939706325743,0.9999957123978288,-0.00011668621348600867,long
1983,"{'window_k': 117, 'window_d': 177, 'window_ma': 237}","open_time
2022-01-01 00:00:00    100.000000
2022-01-01 01:00:00    100.000000
2022-01-01 02:00:00    100.000000
2022-01-01 03:00:00    100.000000
2022-01-01 04:00:00    100.000000
                          ...    
2023-05-01 19:00:00     71.521951
2023-05-01 20:00:00     71.357698
2023-05-01 21:00:00     71.717001
2023-05-01 22:00:00     72.035241
2023-05-01 23:00:00     72.035241
Freq: H, Length: 11664, dtype: float64",2022-01-01,2023-05-01 23:00:00,486 days,100.0,46.799877211550495,153.16299988658977,72.03524147209917,-27.96475852790083,-70.17976286600607,37.92866941015089,100.0,69.44439763767772,391 days 18:00:00,53,0.0,27,34.61538461538461,47.476996141288225,-21.93840840408692,16.161533198781296,-8.828025297503707,10 days 01:06:40,5 days 10:17:38.823529411,0.7846748944269185,-1.0668811747179592,-0.11898811083360522,-0.3144245452328752,0.9939684369412318,-0.16775955200359904,long
3466,"{'window_k': 207, 'window_d': 132, 'window_ma': 162}","open_time
2022-01-01 00:00:00    100.000000
2022-01-01 01:00:00    100.000000
2022-01-01 02:00:00    100.000000
2022-01-01 03:00:00    100.000000
2022-01-01 04:00:00    100.000000
                          ...    
2023-05-01 19:00:00     75.383063
2023-05-01 20:00:00     75.209943
2023-05-01 21:00:00     75.588644
2023-05-01 22:00:00     75.924064
2023-05-01 23:00:00     75.924064
Freq: H, Length: 11664, dtype: float64",2022-01-01,2023-05-01 23:00:00,486 days,100.0,55.89730955615067,137.60049175979583,75.92406432915661,-24.075935670843393,-70.17976286600607,38.08299039780521,100.0,59.37710044399509,391 days 18:00:00,53,0.0,27,30.76923076923077,37.2337278106509,-15.168253506795551,15.15737465518959,-7.022596533017625,10 days 02:52:30,5 days 16:00:00,0.7927611798842955,-0.8872951547324432,-0.006659315074451195,-0.3147124457707877,0.9996513946600206,-0.009600653131795995,long
2534,"{'window_k': 147, 'window_d': 222, 'window_ma': 102}","open_time
2022-01-01 00:00:00    100.000000
2022-01-01 01:00:00    100.000000
2022-01-01 02:00:00    100.000000
2022-01-01 03:00:00    100.000000
2022-01-01 04:00:00    100.000000
                          ...    
2023-05-01 19:00:00     77.972137
2023-05-01 20:00:00     77.972137
2023-05-01 21:00:00     77.972137
2023-05-01 22:00:00     77.972137
2023-05-01 23:00:00     77.972137
Freq: H, Length: 11664, dtype: float64",2022-01-01,2023-05-01 23:00:00,486 days,100.0,54.97652057157062,119.8639315534481,77.97213716320954,-22.02786283679046,-70.17976286600607,26.38888888888889,100.0,54.13422548462275,451 days 16:00:00,38,0.0,19,21.052631578947366,44.0925162050678,-13.82129904385097,19.39649096170448,-5.878444839009771,9 days 20:45:00,5 days 22:04:00,0.7074728185316601,-1.1593612019363397,-0.16440297118815772,-0.31486254538610425,0.9903033101773849,-0.22808806142967808,long
1108,"{'window_k': 72, 'window_d': 87, 'window_ma': 72}","open_time
2022-01-01 00:00:00    100.000000
2022-01-01 01:00:00    100.000000
2022-01-01 02:00:00    100.000000
2022-01-01 03:00:00    100.000000
2022-01-01 04:00:00    100.000000
                          ...    
2023-05-01 19:00:00     80.042111
2023-05-01 20:00:00     80.042111
2023-05-01 21:00:00     80.042111
2023-05-01 22:00:00     80.042111
2023-05-01 23:00:00     80.042111
Freq: H, Length: 11664, dtype: float64",2022-01-01,2023-05-01 23:00:00,486 days,100.0,63.53263381186217,140.29298846337787,80.04211082756777,-19.957889172432232,-70.17976286600607,38.95747599451303,100.0,48.87596340331081,194 days 16:00:00,98,0.0,49,34.69387755102041,26.466524305991708,-23.359010524031696,9.924097554712015,-5.311480965796895,5 days 16:17:38.823529411,2 days 21:35:37.500000,0.883579744338531,-0.4073038606618833,0.10606786923197636,-0.3150072957306753,1.0058520332647056,0.16098067671599667,long
2258,"{'window_k': 132, 'window_d': 207, 'window_ma': 42}","open_time
2022-01-01 00:00:00    100.000000
2022-01-01 01:00:00    100.000000
2022-01-01 02:00:00    100.000000
2022-01-01 03:00:00    100.000000
2022-01-01 04:00:00    100.000000
                          ...    
2023-05-01 19:00:00     77.421749
2023-05-01 20:00:00     77.421749
2023-05-01 21:00:00     77.421749
2023-05-01 22:00:00     77.421749
2023-05-01 23:00:00     77.421749
Freq: H, Length: 11664, dtype: float64",2022-01-01,2023-05-01 23:00:00,486 days,100.0,54.53900590764739,122.55480607082632,77.42174948798781,-22.57825051201219,-70.17976286600607,23.542524005486968,100.0,55.498272441369245,451 days 16:00:00,45,0.0,23,40.909090909090914,30.839723209276237,-25.733259546209187,9.908790978569634,-7.613311098125884,6 days 05:00:00,4 days 11:55:23.076923076,0.7362648056509343,-1.0262841141823724,-0.21684905978515137,-0.31505487548971106,0.9866165359943597,-0.3033559157500918,long
980,"{'window_k': 57, 'window_d': 207, 'window_ma': 72}","open_time
2022-01-01 00:00:00    100.000000
2022-01-01 01:00:00    100.000000
2022-01-01 02:00:00    100.000000
2022-01-01 03:00:00    100.000000
2022-01-01 04:00:00    100.000000
                          ...    
2023-05-01 19:00:00     71.546971
2023-05-01 20:00:00     71.382661
2023-05-01 21:00:00     71.742090
2023-05-01 22:00:00     72.060442
2023-05-01 23:00:00     72.060442
Freq: H, Length: 11664, dtype: float64",2022-01-01,2023-05-01 23:00:00,486 days,100.0,44.640332369320504,144.8739203963685,72.0604418166746,-27.939558183325403,-70.17976286600607,31.069958847736622,100.0,69.18677133386979,355 days 14:00:00,55,0.0,28,37.03703703703704,32.14693566806243,-19.541431030243405,10.716109319288126,-7.266990337007274,7 days 20:18:00,4 days 03:42:21.176470588,0.71990493288826,-1.037841239038146,-0.12539437143351534,-0.31529853089900706,0.9923736975467926,-0.18649469530812016,long
390,"{'window_k': 27, 'window_d': 132, 'window_ma': 102}","open_time
2022-01-01 00:00:00    100.000000
2022-01-01 01:00:00    100.000000
2022-01-01 02:00:00    100.000000
2022-01-01 03:00:00    100.000000
2022-01-01 04:00:00    100.000000
                          ...    
2023-05-01 19:00:00     76.847581
2023-05-01 20:00:00     76.671098
2023-05-01 21:00:00     77.057156
2023-05-01 22:00:00     77.399093
2023-05-01 23:00:00     77.399093
Freq: H, Length: 11664, dtype: float64",2022-01-01,2023-05-01 23:00:00,486 days,100.0,50.86564693049908,113.94682048154564,77.39909270857622,-22.60090729142378,-70.17976286600607,37.34567901234568,100.0,55.36018757211652,451 days 16:00:00,95,0.0,48,34.04255319148936,38.86752420103434,-18.30626450116009,8.58119328731562,-4.686483890012646,5 days 17:11:15,2 days 17:54:11.612903225,0.8122181362277185,-0.48767625175476415,-0.06271987563766945,-0.3161683158948274,0.9968506225304812,-0.08734633987189044,long
1482,"{'window_k': 87, 'window_d': 192, 'window_ma': 162}","open_time
2022-01-01 00:00:00    100.000000
2022-01-01 01:00:00    100.000000
2022-01-01 02:00:00    100.000000
2022-01-01 03:00:00    100.000000
2022-01-01 04:00:00    100.000000
                          ...    
2023-05-01 19:00:00     73.286127
2023-05-01 20:00:00     73.117823
2023-05-01 21:00:00     73.485989
2023-05-01 22:00:00     73.812079
2023-05-01 23:00:00     73.812079
Freq: H, Length: 11664, dtype: float64",2022-01-01,2023-05-01 23:00:00,486 days,100.0,48.17671310919084,135.65519788194243,73.8120789226614,-26.1879210773386,-70.17976286600607,35.84533607681756,100.0,64.48590701911922,391 days 18:00:00,51,0.0,26,32.0,46.13171839515519,-24.515778019586502,16.41373256012065,-8.006345732833424,10 days 18:00:00,5 days 02:10:35.294117647,0.771213319887107,-1.0294241003620392,-0.1449023568717125,-0.3162150547499707,0.9926597410992728,-0.20171344230816265,long
2663,"{'window_k': 162, 'window_d': 102, 'window_ma': 117}","open_time
2022-01-01 00:00:00    100.000000
2022-01-01 01:00:00    100.000000
2022-01-01 02:00:00    100.000000
2022-01-01 03:00:00    100.000000
2022-01-01 04:00:00    100.000000
                          ...    
2023-05-01 19:00:00     76.724351
2023-05-01 20:00:00     76.548151
2023-05-01 21:00:00     76.933590
2023-05-01 22:00:00     77.274978
2023-05-01 23:00:00     77.274978
Freq: H, Length: 11664, dtype: float64",2022-01-01,2023-05-01 23:00:00,486 days,100.0,57.084439446391855,128.67768244368574,77.27497820955196,-22.72502179044804,-70.17976286600607,37.997256515775035,100.0,55.63765342807275,309 days 12:00:00,67,0.0,34,33.33333333333333,32.74034822104467,-22.165857962064408,13.767048872118146,-6.977537589047299,7 days 10:21:49.090909091,4 days 11:57:16.363636363,0.8429327280924316,-0.6909730168337531,0.05111348111712448,-0.31637765008737256,1.002885828987232,0.07783172369197826,long
3965,"{'window_k': 237, 'window_d': 117, 'window_ma': 207}","open_time
2022-01-01 00:00:00    100.000000
2022-01-01 01:00:00    100.000000
2022-01-01 02:00:00    100.000000
2022-01-01 03:00:00    100.000000
2022-01-01 04:00:00    100.000000
                          ...    
2023-05-01 19:00:00     75.809374
2023-05-01 20:00:00     75.635274
2023-05-01 21:00:00     76.016116
2023-05-01 22:00:00     76.353434
2023-05-01 23:00:00     76.353434
Freq: H, Length: 11664, dtype: float64",2022-01-01,2023-05-01 23:00:00,486 days,100.0,55.05695923849815,130.99219557285758,76.35343389800805,-23.64656610199195,-70.17976286600607,39.128943758573385,100.0,57.9692828280937,355 days 14:00:00,59,0.0,30,34.48275862068966,41.555624418964996,-25.376746232537673,15.561649078660524,-8.085232547699063,9 days 18:36:00,4 days 18:03:09.473684210,0.8393212503926205,-0.7805039238949893,0.045645466937565965,-0.3164019950855647,1.0025373813405496,0.06992654590338314,long
2173,"{'window_k': 132, 'window_d': 117, 'window_ma': 207}","open_time
2022-01-01 00:00:00    100.000000
2022-01-01 01:00:00    100.000000
2022-01-01 02:00:00    100.000000
2022-01-01 03:00:00    100.000000
2022-01-01 04:00:00    100.000000
                          ...    
2023-05-01 19:00:00     76.639551
2023-05-01 20:00:00     76.463545
2023-05-01 21:00:00     76.848558
2023-05-01 22:00:00     77.189569
2023-05-01 23:00:00     77.189569
Freq: H, Length: 11664, dtype: float64",2022-01-01,2023-05-01 23:00:00,486 days,100.0,56.05654309408286,126.75810878050972,77.18956939607675,-22.81043060392325,-70.17976286600607,41.658093278463646,100.0,55.77675966186227,275 days 07:00:00,71,0.0,36,31.428571428571427,35.87288924345165,-25.053824362606225,13.84810046677244,-6.393162103001602,8 days 03:49:05.454545454,4 days 13:00:00,0.8440299902091528,-0.6466978498641769,-0.012477142465904258,-0.31681503457970095,0.9993988496790818,-0.017652437552610346,long
3928,"{'window_k': 237, 'window_d': 87, 'window_ma': 132}","open_time
2022-01-01 00:00:00    100.000000
2022-01-01 01:00:00    100.000000
2022-01-01 02:00:00    100.000000
2022-01-01 03:00:00    100.000000
2022-01-01 04:00:00    100.000000
                          ...    
2023-05-01 19:00:00     75.551321
2023-05-01 20:00:00     75.377814
2023-05-01 21:00:00     75.757360
2023-05-01 22:00:00     76.093529
2023-05-01 23:00:00     76.093529
Freq: H, Length: 11664, dtype: float64",2022-01-01,2023-05-01 23:00:00,486 days,100.0,59.33093546348754,142.89830624768263,76.09352909559395,-23.90647090440605,-70.17976286600607,39.531893004115226,100.0,58.48030881440226,309 days 12:00:00,69,0.0,35,32.35294117647059,30.37471612414838,-20.949099799955555,17.112429887390224,-8.063408823312209,9 days 02:21:49.090909091,3 days 20:33:54.782608695,0.8689379289845159,-0.7162082883968219,0.06030047373414205,-0.31720836879547454,1.0032927301845311,0.0912475893190636,long
2152,"{'window_k': 132, 'window_d': 102, 'window_ma': 132}","open_time
2022-01-01 00:00:00    100.000000
2022-01-01 01:00:00    100.000000
2022-01-01 02:00:00    100.000000
2022-01-01 03:00:00    100.000000
2022-01-01 04:00:00    100.000000
                          ...    
2023-05-01 19:00:00     75.988822
2023-05-01 20:00:00     75.814311
2023-05-01 21:00:00     76.196055
2023-05-01 22:00:00     76.534171
2023-05-01 23:00:00     76.534171
Freq: H, Length: 11664, dtype: float64",2022-01-01,2023-05-01 23:00:00,486 days,100.0,56.3645722336232,132.19767415369353,76.53417066175885,-23.46582933824115,-70.17976286600607,40.91220850480109,100.0,57.36341611570751,391 days 18:00:00,75,0.0,38,32.432432432432435,31.84872336340949,-23.50022055580062,13.398912885921725,-6.460732114121743,7 days 07:30:00,4 days 06:33:36,0.847685049717877,-0.6271368158817228,0.0171398410872076,-0.317213848114057,1.0008575114717402,0.02428778900792713,long
2438,"{'window_k': 147, 'window_d': 132, 'window_ma': 102}","open_time
2022-01-01 00:00:00    100.000000
2022-01-01 01:00:00    100.000000
2022-01-01 02:00:00    100.000000
2022-01-01 03:00:00    100.000000
2022-01-01 04:00:00    100.000000
                          ...    
2023-05-01 19:00:00     78.822855
2023-05-01 20:00:00     78.641835
2023-05-01 21:00:00     79.037816
2023-05-01 22:00:00     79.388542
2023-05-01 23:00:00     79.388542
Freq: H, Length: 11664, dtype: float64",2022-01-01,2023-05-01 23:00:00,486 days,100.0,66.27319793126865,132.88412925033006,79.38854248657447,-20.611457513425535,-70.17976286600607,35.6738683127572,100.0,50.12707815060312,391 days 18:00:00,63,0.0,32,45.16129032258064,33.13161875945537,-13.143549364021807,8.297312099654002,-7.169953860612586,6 days 03:30:00,4 days 23:10:35.294117647,0.8170465953665146,-0.6597762934113693,-0.025252178718824358,-0.31750576636968064,0.9987140255283192,-0.03511317955866616,long
498,"{'window_k': 27, 'window_d': 237, 'window_ma': 42}","open_time
2022-01-01 00:00:00    100.000000
2022-01-01 01:00:00    100.000000
2022-01-01 02:00:00    100.000000
2022-01-01 03:00:00    100.000000
2022-01-01 04:00:00    100.000000
                          ...    
2023-05-01 19:00:00     75.694915
2023-05-01 20:00:00     75.521079
2023-05-01 21:00:00     75.901346
2023-05-01 22:00:00     76.238154
2023-05-01 23:00:00     76.238154
Freq: H, Length: 11664, dtype: float64",2022-01-01,2023-05-01 23:00:00,486 days,100.0,51.7035055764346,123.25244273885907,76.23815418503159,-23.76184581496841,-70.17976286600607,24.794238683127574,100.0,58.050725464337184,424 days 03:00:00,59,0.0,30,27.586206896551722,35.73923166472644,-22.081734025739433,16.334267723750724,-6.501812118414117,6 days 19:30:00,3 days 02:57:08.571428571,0.7997678526597207,-0.8145035754508898,-0.23290246672896248,-0.3175534462707846,0.9861576100472814,-0.32382998410341296,long
742,"{'window_k': 42, 'window_d': 222, 'window_ma': 102}","open_time
2022-01-01 00:00:00    100.000000
2022-01-01 01:00:00    100.000000
2022-01-01 02:00:00    100.000000
2022-01-01 03:00:00    100.000000
2022-01-01 04:00:00    100.000000
                          ...    
2023-05-01 19:00:00     70.916702
2023-05-01 20:00:00     70.753839
2023-05-01 21:00:00     71.110102
2023-05-01 22:00:00     71.425649
2023-05-01 23:00:00     71.425649
Freq: H, Length: 11664, dtype: float64",2022-01-01,2023-05-01 23:00:00,486 days,100.0,47.15860696641296,158.71260154648235,71.42564899072647,-28.57435100927353,-70.17976286600607,34.353566529492454,100.0,70.28679102547409,391 days 18:00:00,59,0.0,30,37.93103448275862,29.674231897483374,-42.60418428917836,11.679021618377124,-7.42045609792348,7 days 18:32:43.636363636,4 days 10:10:00,0.7599201256757628,-0.9881304331057992,-0.17392482690363292,-0.3177314995100587,0.9908751467691383,-0.23375904556814972,long
2665,"{'window_k': 162, 'window_d': 102, 'window_ma': 147}","open_time
2022-01-01 00:00:00    100.000000
2022-01-01 01:00:00    100.000000
2022-01-01 02:00:00    100.000000
2022-01-01 03:00:00    100.000000
2022-01-01 04:00:00    100.000000
                          ...    
2023-05-01 19:00:00     76.506491
2023-05-01 20:00:00     76.330790
2023-05-01 21:00:00     76.715135
2023-05-01 22:00:00     77.055554
2023-05-01 23:00:00     77.055554
Freq: H, Length: 11664, dtype: float64",2022-01-01,2023-05-01 23:00:00,486 days,100.0,53.768318291649074,122.02109239729262,77.05555392404847,-22.944446075951532,-70.17976286600607,42.20679012345679,100.0,55.935226250406785,451 days 16:00:00,67,0.0,34,33.33333333333333,32.740348221044684,-22.1658579620644,14.654767182557643,-7.403522111879073,8 days 11:27:16.363636363,4 days 21:43:38.181818181,0.8431727731443417,-0.6976156044947994,0.07460347605862,-0.317837103335752,1.0039274154102504,0.11287910126523953,long
3654,"{'window_k': 222, 'window_d': 72, 'window_ma': 102}","open_time
2022-01-01 00:00:00    100.000000
2022-01-01 01:00:00    100.000000
2022-01-01 02:00:00    100.000000
2022-01-01 03:00:00    100.000000
2022-01-01 04:00:00    100.000000
                          ...    
2023-05-01 19:00:00     77.030515
2023-05-01 20:00:00     76.853611
2023-05-01 21:00:00     77.240588
2023-05-01 22:00:00     77.583339
2023-05-01 23:00:00     77.583339
Freq: H, Length: 11664, dtype: float64",2022-01-01,2023-05-01 23:00:00,486 days,100.0,67.80110511783849,149.25389007303488,77.58333934911593,-22.41666065088407,-70.17976286600607,32.407407407407405,100.0,54.57330788185074,355 days 14:00:00,71,0.0,36,45.714285714285715,23.11411992263056,-21.995165897604927,8.0218922312708,-7.202313290091006,5 days 14:33:45,3 days 08:22:06.315789473,0.8450785855129886,-0.6313149329022538,0.04377962909219104,-0.31802529940103735,1.0027100283415507,0.06670620119400218,long
2243,"{'window_k': 132, 'window_d': 192, 'window_ma': 57}","open_time
2022-01-01 00:00:00    100.000000
2022-01-01 01:00:00    100.000000
2022-01-01 02:00:00    100.000000
2022-01-01 03:00:00    100.000000
2022-01-01 04:00:00    100.000000
                          ...    
2023-05-01 19:00:00     75.214561
2023-05-01 20:00:00     75.041827
2023-05-01 21:00:00     75.419681
2023-05-01 22:00:00     75.754352
2023-05-01 23:00:00     75.754352
Freq: H, Length: 11664, dtype: float64",2022-01-01,2023-05-01 23:00:00,486 days,100.0,50.834375800439815,124.187646218026,75.75435211796156,-24.24564788203844,-70.17976286600607,23.233882030178325,100.0,59.06647935721876,424 days 03:00:00,51,0.0,26,28.000000000000004,31.77623990772779,-13.3664905191172,10.97547300891975,-5.284858946301471,5 days 20:17:08.571428571,3 days 23:03:20,0.680081503116485,-1.0194867418089157,-0.2867107061904034,-0.3186791685177153,0.9822783322715178,-0.39900371522082795,long
3248,"{'window_k': 192, 'window_d': 177, 'window_ma': 12}","open_time
2022-01-01 00:00:00    100.000000
2022-01-01 01:00:00    100.000000
2022-01-01 02:00:00    100.000000
2022-01-01 03:00:00    100.000000
2022-01-01 04:00:00    100.000000
                          ...    
2023-05-01 19:00:00     79.595816
2023-05-01 20:00:00     79.413021
2023-05-01 21:00:00     79.812885
2023-05-01 22:00:00     79.812885
2023-05-01 23:00:00     79.812885
Freq: H, Length: 11664, dtype: float64",2022-01-01,2023-05-01 23:00:00,486 days,100.0,65.95412846616118,129.00702768127297,79.81288484976707,-20.187115150232927,-70.17976286600607,14.154663923182442,100.0,48.87555379610124,391 days 18:00:00,48,0.0,24,54.166666666666664,21.862348178137644,-23.751657092355284,4.835480887103692,-7.542409947682076,2 days 08:27:41.538461538,3 days 19:30:00,0.7238944638497421,-0.8411297979263721,-0.2573654733760127,-0.31873432114993067,0.9782123614382674,-0.3581754227540817,long
3374,"{'window_k': 207, 'window_d': 42, 'window_ma': 222}","open_time
2022-01-01 00:00:00    100.000000
2022-01-01 01:00:00    100.000000
2022-01-01 02:00:00    100.000000
2022-01-01 03:00:00    100.000000
2022-01-01 04:00:00    100.000000
                          ...    
2023-05-01 19:00:00     78.650376
2023-05-01 20:00:00     78.650376
2023-05-01 21:00:00     78.650376
2023-05-01 22:00:00     78.650376
2023-05-01 23:00:00     78.650376
Freq: H, Length: 11664, dtype: float64",2022-01-01,2023-05-01 23:00:00,486 days,100.0,61.376306283207036,127.2518049379265,78.6503757513014,-21.349624248698603,-70.17976286600607,42.13820301783265,100.0,51.76783047348803,430 days 01:00:00,136,0.0,68,36.76470588235294,31.16784630940343,-16.189095774333804,8.029413614968247,-4.737511715214639,4 days 06:45:36,2 days 06:33:29.302325581,0.8816644577559194,-0.31396506248086187,0.10577393340907411,-0.3187982720696582,1.0055186776465341,0.15982280879686828,long
3436,"{'window_k': 207, 'window_d': 102, 'window_ma': 192}","open_time
2022-01-01 00:00:00    100.000000
2022-01-01 01:00:00    100.000000
2022-01-01 02:00:00    100.000000
2022-01-01 03:00:00    100.000000
2022-01-01 04:00:00    100.000000
                          ...    
2023-05-01 19:00:00     75.099171
2023-05-01 20:00:00     74.926702
2023-05-01 21:00:00     75.303977
2023-05-01 22:00:00     75.638134
2023-05-01 23:00:00     75.638134
Freq: H, Length: 11664, dtype: float64",2022-01-01,2023-05-01 23:00:00,486 days,100.0,56.29861276423107,138.19665314923867,75.63813401989667,-24.36186598010333,-70.17976286600607,43.11556927297668,100.0,59.26195643577984,309 days 12:00:00,65,0.0,33,34.375,38.1624380723615,-25.858585858585855,16.100792514337265,-8.3299050619906,9 days 19:32:43.636363636,4 days 16:28:34.285714285,0.8577717165601748,-0.7700664683398486,0.0654269455182162,-0.31920655823405586,1.0034312799122407,0.09865151984057363,long
1487,"{'window_k': 87, 'window_d': 192, 'window_ma': 237}","open_time
2022-01-01 00:00:00    100.000000
2022-01-01 01:00:00    100.000000
2022-01-01 02:00:00    100.000000
2022-01-01 03:00:00    100.000000
2022-01-01 04:00:00    100.000000
                          ...    
2023-05-01 19:00:00     72.882330
2023-05-01 20:00:00     72.714953
2023-05-01 21:00:00     73.081091
2023-05-01 22:00:00     73.405384
2023-05-01 23:00:00     73.405384
Freq: H, Length: 11664, dtype: float64",2022-01-01,2023-05-01 23:00:00,486 days,100.0,47.911265961068636,136.23842592604055,73.40538438950415,-26.594615610495854,-70.17976286600607,37.045610425240056,100.0,64.83278074052463,391 days 18:00:00,51,0.0,26,32.0,46.1317183951552,-24.51577801958651,16.47755895233383,-8.08637288995833,10 days 18:22:30,5 days 10:14:07.058823529,0.7713024241206146,-1.0457915702442686,-0.1492907648662392,-0.31960786650021755,0.9925500260282446,-0.20834539306681074,long
253,"{'window_k': 12, 'window_d': 237, 'window_ma': 207}","open_time
2022-01-01 00:00:00    100.000000
2022-01-01 01:00:00    100.000000
2022-01-01 02:00:00    100.000000
2022-01-01 03:00:00    100.000000
2022-01-01 04:00:00    100.000000
                          ...    
2023-05-01 19:00:00     75.934778
2023-05-01 20:00:00     75.760391
2023-05-01 21:00:00     76.141863
2023-05-01 22:00:00     76.479738
2023-05-01 23:00:00     76.479738
Freq: H, Length: 11664, dtype: float64",2022-01-01,2023-05-01 23:00:00,486 days,100.0,52.501732931956546,122.14188029908242,76.4797383499984,-23.5202616500016,-70.17976286600607,31.352880658436217,100.0,57.015781316450756,409 days 07:00:00,85,0.0,43,21.428571428571427,32.45920745920748,-17.621558289396603,13.639270567776546,-4.123119917864338,6 days 16:46:40,2 days 16:15:00,0.7888547321280438,-0.5561136556892832,-0.14741688493062605,-0.31991438587869664,0.9921206721180538,-0.20412986316216603,long
252,"{'window_k': 12, 'window_d': 237, 'window_ma': 192}","open_time
2022-01-01 00:00:00    100.000000
2022-01-01 01:00:00    100.000000
2022-01-01 02:00:00    100.000000
2022-01-01 03:00:00    100.000000
2022-01-01 04:00:00    100.000000
                          ...    
2023-05-01 19:00:00     76.124771
2023-05-01 20:00:00     75.949947
2023-05-01 21:00:00     76.332374
2023-05-01 22:00:00     76.671094
2023-05-01 23:00:00     76.671094
Freq: H, Length: 11664, dtype: float64",2022-01-01,2023-05-01 23:00:00,486 days,100.0,52.91364722371289,121.72036161931238,76.67109447138427,-23.328905528615735,-70.17976286600607,31.387174211248286,100.0,56.528516248412544,409 days 07:00:00,85,0.0,43,23.809523809523807,32.45920745920747,-17.621558289396596,12.605844937666397,-4.3407982816651645,6 days 21:06:00,2 days 11:52:15.483870967,0.7955397400939407,-0.5515478181464943,-0.1442531864162823,-0.3199549860046271,0.9922911060290179,-0.1999219670782713,long
865,"{'window_k': 57, 'window_d': 102, 'window_ma': 27}","open_time
2022-01-01 00:00:00    100.000000
2022-01-01 01:00:00    100.000000
2022-01-01 02:00:00    100.000000
2022-01-01 03:00:00    100.000000
2022-01-01 04:00:00    100.000000
                          ...    
2023-05-01 19:00:00     76.594073
2023-05-01 20:00:00     76.418171
2023-05-01 21:00:00     76.802956
2023-05-01 22:00:00     77.143765
2023-05-01 23:00:00     77.143765
Freq: H, Length: 11664, dtype: float64",2022-01-01,2023-05-01 23:00:00,486 days,100.0,62.028979934643964,138.39406375323145,77.14376482064247,-22.856235179357526,-70.17976286600607,31.64437585733882,100.0,55.179450438534,439 days 04:00:00,93,0.0,47,41.30434782608695,27.51511819681144,-20.879243183082924,7.936007423702309,-5.78769273767422,4 days 13:15:47.368421052,2 days 06:55:33.333333333,0.8667184257713594,-0.4603082149438138,0.016389918450433336,-0.32090949909439903,1.0010302285833719,0.02489142098537843,long
3357,"{'window_k': 207, 'window_d': 27, 'window_ma': 207}","open_time
2022-01-01 00:00:00    100.000000
2022-01-01 01:00:00    100.000000
2022-01-01 02:00:00    100.000000
2022-01-01 03:00:00    100.000000
2022-01-01 04:00:00    100.000000
                          ...    
2023-05-01 19:00:00     73.025002
2023-05-01 20:00:00     73.025002
2023-05-01 21:00:00     73.025002
2023-05-01 22:00:00     73.025002
2023-05-01 23:00:00     73.025002
Freq: H, Length: 11664, dtype: float64",2022-01-01,2023-05-01 23:00:00,486 days,100.0,38.07605847455134,110.01068064860665,73.02500171366016,-26.97499828633984,-70.17976286600607,37.56858710562414,100.0,65.38876202741356,469 days 22:00:00,194,0.0,97,36.08247422680412,24.724669603524234,-14.13123359580053,6.857366792790268,-3.998280586735571,2 days 15:56:34.285714285,1 days 10:34:50.322580645,0.8362210867573827,-0.2780927658385546,-0.005017498178903221,-0.32161188722627987,0.999712240907074,-0.0077218021066027985,long
2065,"{'window_k': 132, 'window_d': 27, 'window_ma': 27}","open_time
2022-01-01 00:00:00    100.000000
2022-01-01 01:00:00    100.000000
2022-01-01 02:00:00    100.000000
2022-01-01 03:00:00    100.000000
2022-01-01 04:00:00    100.000000
                          ...    
2023-05-01 19:00:00     75.883304
2023-05-01 20:00:00     75.883304
2023-05-01 21:00:00     75.883304
2023-05-01 22:00:00     75.883304
2023-05-01 23:00:00     75.883304
Freq: H, Length: 11664, dtype: float64",2022-01-01,2023-05-01 23:00:00,486 days,100.0,47.52171998128388,113.59429543512785,75.88330381723075,-24.116696182769246,-70.17976286600607,26.603223593964337,100.0,58.165399240120394,445 days 12:00:00,190,0.0,95,41.05263157894737,23.61803598525903,-13.109529374269634,4.526219848572369,-3.3689330777004542,1 days 18:36:55.384615384,1 days 01:43:55.714285714,0.838724277915965,-0.25385995981862375,-0.16197436262594458,-0.3218322262769533,0.9901773850209088,-0.23050091653324392,long
1431,"{'window_k': 87, 'window_d': 147, 'window_ma': 117}","open_time
2022-01-01 00:00:00    100.000000
2022-01-01 01:00:00    100.000000
2022-01-01 02:00:00    100.000000
2022-01-01 03:00:00    100.000000
2022-01-01 04:00:00    100.000000
                          ...    
2023-05-01 19:00:00     74.945718
2023-05-01 20:00:00     74.773602
2023-05-01 21:00:00     75.150106
2023-05-01 22:00:00     75.483580
2023-05-01 23:00:00     75.483580
Freq: H, Length: 11664, dtype: float64",2022-01-01,2023-05-01 23:00:00,486 days,100.0,54.67996549294263,133.62420596472086,75.48358029578084,-24.51641970421916,-70.17976286600607,37.045610425240056,100.0,59.079296226179935,451 days 16:00:00,67,0.0,34,36.36363636363637,31.494920174165475,-16.10582844755383,9.886091163061351,-6.186154246818668,5 days 19:00:00,5 days 02:31:25.714285714,0.7874560029818864,-0.7562868697951424,-0.08897272576401574,-0.32230016829486885,0.9955140917020026,-0.12463787300607852,long
2612,"{'window_k': 162, 'window_d': 57, 'window_ma': 72}","open_time
2022-01-01 00:00:00    100.000000
2022-01-01 01:00:00    100.000000
2022-01-01 02:00:00    100.000000
2022-01-01 03:00:00    100.000000
2022-01-01 04:00:00    100.000000
                          ...    
2023-05-01 19:00:00     81.229484
2023-05-01 20:00:00     81.229484
2023-05-01 21:00:00     81.229484
2023-05-01 22:00:00     81.229484
2023-05-01 23:00:00     81.229484
Freq: H, Length: 11664, dtype: float64",2022-01-01,2023-05-01 23:00:00,486 days,100.0,66.2853639088672,133.12201791980365,81.2294842144727,-18.770515785527294,-70.17976286600607,35.82818930041152,100.0,44.82603056448429,194 days 16:00:00,102,0.0,51,37.254901960784316,21.473927265730214,-20.09324539458722,8.315203938011443,-5.060344926171708,4 days 04:44:12.631578947,2 days 22:46:52.500000,0.8812057357764351,-0.36804932912798627,0.10147674543607668,-0.32247875264129633,1.0059726862824037,0.15552145681795115,long
1653,"{'window_k': 102, 'window_d': 117, 'window_ma': 87}","open_time
2022-01-01 00:00:00    100.000000
2022-01-01 01:00:00    100.000000
2022-01-01 02:00:00    100.000000
2022-01-01 03:00:00    100.000000
2022-01-01 04:00:00    100.000000
                          ...    
2023-05-01 19:00:00     75.670791
2023-05-01 20:00:00     75.670791
2023-05-01 21:00:00     75.670791
2023-05-01 22:00:00     75.670791
2023-05-01 23:00:00     75.670791
Freq: H, Length: 11664, dtype: float64",2022-01-01,2023-05-01 23:00:00,486 days,100.0,50.125861529689395,120.68329623136732,75.67079061895802,-24.329209381041977,-70.17976286600607,38.897462277091904,100.0,58.46495489020214,451 days 16:00:00,72,0.0,36,30.555555555555557,36.696893690912596,-17.041348855881154,13.489665289827274,-6.1179519517797,6 days 10:10:54.545454545,4 days 17:38:24,0.8086287310538927,-0.6758113716956085,-0.07964846333006838,-0.323108346894545,0.9960725110556506,-0.1112365547531893,long
2461,"{'window_k': 147, 'window_d': 147, 'window_ma': 207}","open_time
2022-01-01 00:00:00    100.000000
2022-01-01 01:00:00    100.000000
2022-01-01 02:00:00    100.000000
2022-01-01 03:00:00    100.000000
2022-01-01 04:00:00    100.000000
                          ...    
2023-05-01 19:00:00     76.144049
2023-05-01 20:00:00     75.969181
2023-05-01 21:00:00     76.351704
2023-05-01 22:00:00     76.690511
2023-05-01 23:00:00     76.690511
Freq: H, Length: 11664, dtype: float64",2022-01-01,2023-05-01 23:00:00,486 days,100.0,58.515588542602444,132.70524906325565,76.69051098270815,-23.309489017291853,-70.17976286600607,38.357338820301784,100.0,55.90559608180213,309 days 12:00:00,55,0.0,28,25.925925925925924,40.514863622433346,-13.368193702398546,18.33321258033984,-6.586989906792592,10 days 17:51:25.714285714,5 days 10:39:00,0.8177717009239193,-0.8313362472445385,-0.05135714800661828,-0.32324137414193604,0.9974446981036664,-0.07298443743883887,long
1260,"{'window_k': 72, 'window_d': 222, 'window_ma': 192}","open_time
2022-01-01 00:00:00    100.000000
2022-01-01 01:00:00    100.000000
2022-01-01 02:00:00    100.000000
2022-01-01 03:00:00    100.000000
2022-01-01 04:00:00    100.000000
                          ...    
2023-05-01 19:00:00     71.212173
2023-05-01 20:00:00     71.048631
2023-05-01 21:00:00     71.406378
2023-05-01 22:00:00     71.723240
2023-05-01 23:00:00     71.723240
Freq: H, Length: 11664, dtype: float64",2022-01-01,2023-05-01 23:00:00,486 days,100.0,48.30498465331085,152.55954673770373,71.72324035846033,-28.276759641539666,-70.17976286600607,37.65432098765432,100.0,68.33696370613778,391 days 18:00:00,49,0.0,25,41.66666666666667,40.37020713970911,-27.289740202553936,13.455288895818834,-10.216169107085564,9 days 21:00:00,5 days 23:38:34.285714285,0.7680944776481395,-1.1850125543348256,-0.16677283922422673,-0.3232426550786865,0.9917397889282829,-0.23261946931750388,long
2145,"{'window_k': 132, 'window_d': 102, 'window_ma': 27}","open_time
2022-01-01 00:00:00    100.000000
2022-01-01 01:00:00    100.000000
2022-01-01 02:00:00    100.000000
2022-01-01 03:00:00    100.000000
2022-01-01 04:00:00    100.000000
                          ...    
2023-05-01 19:00:00     75.500547
2023-05-01 20:00:00     75.327157
2023-05-01 21:00:00     75.706448
2023-05-01 22:00:00     76.042391
2023-05-01 23:00:00     76.042391
Freq: H, Length: 11664, dtype: float64",2022-01-01,2023-05-01 23:00:00,486 days,100.0,51.93560916604328,122.1541947967298,76.04239141462931,-23.957608585370693,-70.17976286600607,29.6639231824417,100.0,57.48356472533217,451 days 16:00:00,75,0.0,38,35.13513513513514,19.23726131448465,-20.926872638364074,8.743154063633039,-5.264625469881315,4 days 10:32:18.461538461,3 days 10:12:30,0.7967773194564088,-0.6404736067603967,-0.0781855211131034,-0.3234238526526288,0.9953218964884524,-0.1118404272076026,long
3351,"{'window_k': 207, 'window_d': 27, 'window_ma': 117}","open_time
2022-01-01 00:00:00    100.000000
2022-01-01 01:00:00    100.000000
2022-01-01 02:00:00    100.000000
2022-01-01 03:00:00    100.000000
2022-01-01 04:00:00    100.000000
                          ...    
2023-05-01 19:00:00     72.338131
2023-05-01 20:00:00     72.338131
2023-05-01 21:00:00     72.338131
2023-05-01 22:00:00     72.338131
2023-05-01 23:00:00     72.338131
Freq: H, Length: 11664, dtype: float64",2022-01-01,2023-05-01 23:00:00,486 days,100.0,36.79687171301811,110.46056535296674,72.3381312681034,-27.661868731896604,-70.17976286600607,38.45164609053498,100.0,66.68777532014522,453 days 11:00:00,194,0.0,97,35.051546391752574,24.724669603524227,-14.131233595800522,7.17478198826025,-4.008959161185812,2 days 20:14:07.058823529,1 days 10:21:54.285714285,0.8328635857357967,-0.28517390445254254,-0.010207155357619705,-0.32372224235736324,0.9994225578864823,-0.015700485705800286,long
2974,"{'window_k': 177, 'window_d': 147, 'window_ma': 222}","open_time
2022-01-01 00:00:00    100.000000
2022-01-01 01:00:00    100.000000
2022-01-01 02:00:00    100.000000
2022-01-01 03:00:00    100.000000
2022-01-01 04:00:00    100.000000
                          ...    
2023-05-01 19:00:00     74.099444
2023-05-01 20:00:00     73.929272
2023-05-01 21:00:00     74.301524
2023-05-01 22:00:00     74.631233
2023-05-01 23:00:00     74.631233
Freq: H, Length: 11664, dtype: float64",2022-01-01,2023-05-01 23:00:00,486 days,100.0,59.39346506357976,151.9514953804886,74.63123302371716,-25.368766976282842,-70.17976286600607,37.405692729766805,100.0,60.91287886647137,349 days 17:00:00,53,0.0,27,30.76923076923077,36.68639053254437,-21.42536475869808,15.596715988366395,-7.33798355505477,10 days 12:07:30,5 days 07:36:40,0.8096294550717016,-0.9479051645288035,-0.06931855629267866,-0.32388562881542016,0.9964770500794927,-0.09936668577310213,long
4068,"{'window_k': 237, 'window_d': 222, 'window_ma': 72}","open_time
2022-01-01 00:00:00    100.000000
2022-01-01 01:00:00    100.000000
2022-01-01 02:00:00    100.000000
2022-01-01 03:00:00    100.000000
2022-01-01 04:00:00    100.000000
                          ...    
2023-05-01 19:00:00     75.789828
2023-05-01 20:00:00     75.789828
2023-05-01 21:00:00     75.789828
2023-05-01 22:00:00     75.789828
2023-05-01 23:00:00     75.789828
Freq: H, Length: 11664, dtype: float64",2022-01-01,2023-05-01 23:00:00,486 days,100.0,52.78931247836131,125.73896909941357,75.78982806633906,-24.210171933660945,-70.17976286600607,24.905692729766805,100.0,58.016744644514894,349 days 17:00:00,34,0.0,17,35.294117647058826,28.099630996309955,-17.66660337953295,10.661870979388429,-7.445583240804937,7 days 11:10:00,6 days 22:21:49.090909091,0.6332149034117183,-1.4241277608035854,-0.2091682462022176,-0.32395315778371775,0.9872066451445217,-0.2942509167973679,long
1249,"{'window_k': 72, 'window_d': 222, 'window_ma': 27}","open_time
2022-01-01 00:00:00    100.000000
2022-01-01 01:00:00    100.000000
2022-01-01 02:00:00    100.000000
2022-01-01 03:00:00    100.000000
2022-01-01 04:00:00    100.000000
                          ...    
2023-05-01 19:00:00     75.356086
2023-05-01 20:00:00     75.183028
2023-05-01 21:00:00     75.561593
2023-05-01 22:00:00     75.896893
2023-05-01 23:00:00     75.896893
Freq: H, Length: 11664, dtype: float64",2022-01-01,2023-05-01 23:00:00,486 days,100.0,56.086278599656445,132.73078477871496,75.89689322762803,-24.103106772371973,-70.17976286600607,18.31275720164609,100.0,57.74433286659013,430 days 01:00:00,47,0.0,24,43.47826086956522,17.2646030306955,-14.172777268560946,6.16431461636487,-6.240476980192036,4 days 21:18:00,3 days 01:13:50.769230769,0.6586481178880528,-1.0554854391718012,-0.3245912108807369,-0.3239896852558262,0.9778709152674399,-0.45009809020297414,long
3552,"{'window_k': 207, 'window_d': 222, 'window_ma': 12}","open_time
2022-01-01 00:00:00    100.000000
2022-01-01 01:00:00    100.000000
2022-01-01 02:00:00    100.000000
2022-01-01 03:00:00    100.000000
2022-01-01 04:00:00    100.000000
                          ...    
2023-05-01 19:00:00     82.732079
2023-05-01 20:00:00     82.732079
2023-05-01 21:00:00     82.732079
2023-05-01 22:00:00     82.732079
2023-05-01 23:00:00     82.732079
Freq: H, Length: 11664, dtype: float64",2022-01-01,2023-05-01 23:00:00,486 days,100.0,73.03823147946711,123.4723323560537,82.73207876323107,-17.267921236768927,-70.17976286600607,12.782921810699587,100.0,40.846479461610215,352 days 15:00:00,36,0.0,18,50.0,16.623616236162373,-20.62556663644605,6.2091245630702705,-7.468762200743822,2 days 19:26:40,4 days 02:13:20,0.7475170540121467,-0.9593289575982737,-0.23196838819805424,-0.3248681129552755,0.9804381498333671,-0.3219331275883739,long
2259,"{'window_k': 132, 'window_d': 207, 'window_ma': 57}","open_time
2022-01-01 00:00:00    100.000000
2022-01-01 01:00:00    100.000000
2022-01-01 02:00:00    100.000000
2022-01-01 03:00:00    100.000000
2022-01-01 04:00:00    100.000000
                          ...    
2023-05-01 19:00:00     75.492842
2023-05-01 20:00:00     75.492842
2023-05-01 21:00:00     75.492842
2023-05-01 22:00:00     75.492842
2023-05-01 23:00:00     75.492842
Freq: H, Length: 11664, dtype: float64",2022-01-01,2023-05-01 23:00:00,486 days,100.0,50.976334361594475,122.8561490240997,75.4928419172361,-24.507158082763894,-70.17976286600607,23.49108367626886,100.0,58.507299173446455,424 days 03:00:00,45,0.0,23,36.36363636363637,28.20273050308584,-14.301871272876829,8.588388924727266,-6.20506808347765,6 days 03:30:00,4 days 15:17:08.571428571,0.6653462593120496,-1.1139617310347214,-0.314563652417089,-0.3253236301171025,0.980623679806624,-0.436814528793455,long
926,"{'window_k': 57, 'window_d': 147, 'window_ma': 222}","open_time
2022-01-01 00:00:00    100.000000
2022-01-01 01:00:00    100.000000
2022-01-01 02:00:00    100.000000
2022-01-01 03:00:00    100.000000
2022-01-01 04:00:00    100.000000
                          ...    
2023-05-01 19:00:00     72.079844
2023-05-01 20:00:00     71.914309
2023-05-01 21:00:00     72.276416
2023-05-01 22:00:00     72.597138
2023-05-01 23:00:00     72.597138
Freq: H, Length: 11664, dtype: float64",2022-01-01,2023-05-01 23:00:00,486 days,100.0,48.018870652294474,139.79728262731658,72.59713825475394,-27.402861745246053,-70.17976286600607,39.87482853223594,100.0,65.65107007100613,391 days 18:00:00,71,0.0,36,34.285714285714285,35.37717601547389,-22.139332032594975,13.061702582501383,-7.1196887661860035,8 days 01:15:00,4 days 01:20:52.173913043,0.8137271968023427,-0.7903288312985208,-0.09906142477898804,-0.32562387965753653,0.9952761330796963,-0.13838107390957563,long
924,"{'window_k': 57, 'window_d': 147, 'window_ma': 192}","open_time
2022-01-01 00:00:00    100.000000
2022-01-01 01:00:00    100.000000
2022-01-01 02:00:00    100.000000
2022-01-01 03:00:00    100.000000
2022-01-01 04:00:00    100.000000
                          ...    
2023-05-01 19:00:00     72.079844
2023-05-01 20:00:00     71.914309
2023-05-01 21:00:00     72.276416
2023-05-01 22:00:00     72.597138
2023-05-01 23:00:00     72.597138
Freq: H, Length: 11664, dtype: float64",2022-01-01,2023-05-01 23:00:00,486 days,100.0,48.018870652294474,139.79728262731658,72.59713825475394,-27.402861745246053,-70.17976286600607,39.87482853223594,100.0,65.65107007100613,391 days 18:00:00,71,0.0,36,34.285714285714285,35.37717601547389,-22.139332032594975,13.061702582501383,-7.1196887661860035,8 days 01:15:00,4 days 01:20:52.173913043,0.8137271968023427,-0.7903288312985208,-0.09906142477898804,-0.32562387965753653,0.9952761330796963,-0.13838107390957563,long
3689,"{'window_k': 222, 'window_d': 102, 'window_ma': 147}","open_time
2022-01-01 00:00:00    100.000000
2022-01-01 01:00:00    100.000000
2022-01-01 02:00:00    100.000000
2022-01-01 03:00:00    100.000000
2022-01-01 04:00:00    100.000000
                          ...    
2023-05-01 19:00:00     73.063363
2023-05-01 20:00:00     72.895570
2023-05-01 21:00:00     73.262617
2023-05-01 22:00:00     73.587716
2023-05-01 23:00:00     73.587716
Freq: H, Length: 11664, dtype: float64",2022-01-01,2023-05-01 23:00:00,486 days,100.0,56.33599947043925,152.99979047257645,73.58771622470404,-26.412283775295965,-70.17976286600607,39.994855967078195,100.0,63.17903488858904,355 days 14:00:00,63,0.0,32,38.70967741935484,31.346704871060172,-25.0729517396184,12.91721988065055,-8.433698221224398,8 days 04:10:00,4 days 21:56:50.526315789,0.8377884402508516,-0.8472730613859714,0.01562749442470635,-0.32563363760901515,1.0008512636793274,0.023640172679660947,long
2741,"{'window_k': 162, 'window_d': 177, 'window_ma': 87}","open_time
2022-01-01 00:00:00    100.000000
2022-01-01 01:00:00    100.000000
2022-01-01 02:00:00    100.000000
2022-01-01 03:00:00    100.000000
2022-01-01 04:00:00    100.000000
                          ...    
2023-05-01 19:00:00     76.782744
2023-05-01 20:00:00     76.606409
2023-05-01 21:00:00     76.992141
2023-05-01 22:00:00     77.333790
2023-05-01 23:00:00     77.333790
Freq: H, Length: 11664, dtype: float64",2022-01-01,2023-05-01 23:00:00,486 days,100.0,60.10730248646632,130.2091529693852,77.33378960109522,-22.66621039890478,-70.17976286600607,34.37928669410151,100.0,53.837882271917735,391 days 18:00:00,47,0.0,24,34.78260869565217,33.191407005999615,-21.01994115724094,13.937687997247995,-8.01854731563434,8 days 12:52:30,6 days 12:24:00,0.7959096782701606,-1.0276544036161335,-0.09986670924537544,-0.32607927316052004,0.9948351148257488,-0.14080879419649636,long
635,"{'window_k': 42, 'window_d': 117, 'window_ma': 177}","open_time
2022-01-01 00:00:00    100.000000
2022-01-01 01:00:00    100.000000
2022-01-01 02:00:00    100.000000
2022-01-01 03:00:00    100.000000
2022-01-01 04:00:00    100.000000
                          ...    
2023-05-01 19:00:00     75.428940
2023-05-01 20:00:00     75.255714
2023-05-01 21:00:00     75.634646
2023-05-01 22:00:00     75.970270
2023-05-01 23:00:00     75.970270
Freq: H, Length: 11664, dtype: float64",2022-01-01,2023-05-01 23:00:00,486 days,100.0,52.90839700546364,127.25048900624587,75.97027022774901,-24.029729772250988,-70.17976286600607,41.66666666666667,100.0,57.18825150224508,275 days 07:00:00,87,0.0,44,39.53488372093023,42.505682577884755,-17.11440481704494,8.912993465043748,-6.03445568126862,6 days 02:45:52.941176470,3 days 14:02:18.461538461,0.8484732138318217,-0.5293724946897691,0.001110084709562145,-0.32610806698278,1.0000552850140916,0.0015776908920429728,long
3093,"{'window_k': 192, 'window_d': 27, 'window_ma': 87}","open_time
2022-01-01 00:00:00    100.000000
2022-01-01 01:00:00    100.000000
2022-01-01 02:00:00    100.000000
2022-01-01 03:00:00    100.000000
2022-01-01 04:00:00    100.000000
                          ...    
2023-05-01 19:00:00     71.829104
2023-05-01 20:00:00     71.829104
2023-05-01 21:00:00     71.829104
2023-05-01 22:00:00     71.829104
2023-05-01 23:00:00     71.829104
Freq: H, Length: 11664, dtype: float64",2022-01-01,2023-05-01 23:00:00,486 days,100.0,35.690086042764776,109.69116080937167,71.82910354680219,-28.170896453197813,-70.17976286600607,37.15706447187929,100.0,67.463115733829,469 days 22:00:00,190,0.0,95,35.78947368421053,25.370287253141825,-14.919252771730882,7.1091532501892,-4.0922721625989675,3 days 00:31:45.882352941,1 days 06:37:22.622950819,0.8265112663744324,-0.2965357521389247,-0.02626217086051982,-0.32614966186482053,0.9984826269534254,-0.04047138230235646,long
3438,"{'window_k': 207, 'window_d': 102, 'window_ma': 222}","open_time
2022-01-01 00:00:00    100.000000
2022-01-01 01:00:00    100.000000
2022-01-01 02:00:00    100.000000
2022-01-01 03:00:00    100.000000
2022-01-01 04:00:00    100.000000
                          ...    
2023-05-01 19:00:00     74.733575
2023-05-01 20:00:00     74.561947
2023-05-01 21:00:00     74.937384
2023-05-01 22:00:00     75.269915
2023-05-01 23:00:00     75.269915
Freq: H, Length: 11664, dtype: float64",2022-01-01,2023-05-01 23:00:00,486 days,100.0,56.024541802363885,136.2816720125534,75.26991506872133,-24.730084931278668,-70.17976286600607,41.38374485596708,100.0,58.89062632192885,309 days 12:00:00,65,0.0,33,34.375,38.16243807236149,-25.858585858585855,15.793866586637126,-8.221871934458894,9 days 19:43:38.181818181,4 days 06:45:42.857142857,0.8515076276622272,-0.7815306744093338,0.05787801243370649,-0.32625626981090233,1.003080637416808,0.08731946296080986,long
3920,"{'window_k': 237, 'window_d': 87, 'window_ma': 12}","open_time
2022-01-01 00:00:00    100.000000
2022-01-01 01:00:00    100.000000
2022-01-01 02:00:00    100.000000
2022-01-01 03:00:00    100.000000
2022-01-01 04:00:00    100.000000
                          ...    
2023-05-01 19:00:00     77.238339
2023-05-01 20:00:00     77.238339
2023-05-01 21:00:00     77.238339
2023-05-01 22:00:00     77.238339
2023-05-01 23:00:00     77.238339
Freq: H, Length: 11664, dtype: float64",2022-01-01,2023-05-01 23:00:00,486 days,100.0,66.62112044183432,144.82594467624887,77.23833884403406,-22.76166115596594,-70.17976286600607,14.411865569272978,100.0,53.999181161384804,355 days 14:00:00,70,0.0,35,42.857142857142854,24.916776584385403,-20.949099799955544,7.164862535937837,-6.233107113190299,1 days 20:52:00,2 days 01:31:34.736842105,0.8078250971836823,-0.6503331758847408,-0.214574472362612,-0.3265207493843103,0.9783990437674476,-0.347872923901726,long
3059,"{'window_k': 177, 'window_d': 237, 'window_ma': 57}","open_time
2022-01-01 00:00:00    100.000000
2022-01-01 01:00:00    100.000000
2022-01-01 02:00:00    100.000000
2022-01-01 03:00:00    100.000000
2022-01-01 04:00:00    100.000000
                          ...    
2023-05-01 19:00:00     77.648748
2023-05-01 20:00:00     77.648748
2023-05-01 21:00:00     77.648748
2023-05-01 22:00:00     77.648748
2023-05-01 23:00:00     77.648748
Freq: H, Length: 11664, dtype: float64",2022-01-01,2023-05-01 23:00:00,486 days,100.0,58.0365280048043,123.42320135703145,77.64874811242424,-22.351251887575756,-70.17976286600607,22.848079561042525,100.0,52.97761898354945,424 days 03:00:00,34,0.0,17,41.17647058823529,27.015008337965522,-19.44696282864913,8.701984039863643,-7.604476984392853,7 days 16:42:51.428571428,5 days 17:11:59.999999999,0.6815857768561159,-1.3147795227985748,-0.2236609974453386,-0.3266165987495258,0.9854609426381414,-0.31371782782487223,long
2496,"{'window_k': 147, 'window_d': 192, 'window_ma': 12}","open_time
2022-01-01 00:00:00    100.000000
2022-01-01 01:00:00    100.000000
2022-01-01 02:00:00    100.000000
2022-01-01 03:00:00    100.000000
2022-01-01 04:00:00    100.000000
                          ...    
2023-05-01 19:00:00     80.485210
2023-05-01 20:00:00     80.300372
2023-05-01 21:00:00     80.704704
2023-05-01 22:00:00     80.704704
2023-05-01 23:00:00     80.704704
Freq: H, Length: 11664, dtype: float64",2022-01-01,2023-05-01 23:00:00,486 days,100.0,68.77021198815089,126.04218841202349,80.70470449219832,-19.295295507801683,-70.17976286600607,13.794581618655693,100.0,45.43873535157477,391 days 18:00:00,48,0.0,24,41.66666666666667,21.301093839953936,-24.757815940114487,4.622930063694529,-4.299100522762605,2 days 03:18:00,3 days 06:17:08.571428571,0.6734594816775265,-0.8039706461584035,-0.31452702080585593,-0.32727227988368013,0.9743381515919142,-0.4379454610909047,long
3365,"{'window_k': 207, 'window_d': 42, 'window_ma': 87}","open_time
2022-01-01 00:00:00    100.000000
2022-01-01 01:00:00    100.000000
2022-01-01 02:00:00    100.000000
2022-01-01 03:00:00    100.000000
2022-01-01 04:00:00    100.000000
                          ...    
2023-05-01 19:00:00     77.167402
2023-05-01 20:00:00     77.167402
2023-05-01 21:00:00     77.167402
2023-05-01 22:00:00     77.167402
2023-05-01 23:00:00     77.167402
Freq: H, Length: 11664, dtype: float64",2022-01-01,2023-05-01 23:00:00,486 days,100.0,58.59214826547784,127.2518049379265,77.16740230734098,-22.83259769265902,-70.17976286600607,41.28086419753087,100.0,53.95574287212733,430 days 01:00:00,136,0.0,68,35.294117647058826,31.167846309403423,-16.189095774333804,8.260888034071755,-4.617919731570176,4 days 06:00:00,2 days 05:47:43.636363636,0.8707980289377245,-0.33577349548028046,0.08137984782603107,-0.32783671095469885,1.004294072800251,0.12318017350952261,long
3948,"{'window_k': 237, 'window_d': 102, 'window_ma': 192}","open_time
2022-01-01 00:00:00    100.000000
2022-01-01 01:00:00    100.000000
2022-01-01 02:00:00    100.000000
2022-01-01 03:00:00    100.000000
2022-01-01 04:00:00    100.000000
                          ...    
2023-05-01 19:00:00     76.340515
2023-05-01 20:00:00     76.165196
2023-05-01 21:00:00     76.548706
2023-05-01 22:00:00     76.888387
2023-05-01 23:00:00     76.888387
Freq: H, Length: 11664, dtype: float64",2022-01-01,2023-05-01 23:00:00,486 days,100.0,60.27306863044757,132.7249629223285,76.8883871114053,-23.111612888594706,-70.17976286600607,41.186556927297666,100.0,54.5879936197686,355 days 14:00:00,63,0.0,32,32.25806451612903,41.42414860681114,-25.37598204264872,16.706701171194386,-7.787723630695965,9 days 20:00:00,4 days 17:22:51.428571428,0.8541969090820688,-0.740233910423064,0.0698694687264761,-0.3281360909438857,1.0037833473430113,0.10577941622443549,long
1434,"{'window_k': 87, 'window_d': 147, 'window_ma': 162}","open_time
2022-01-01 00:00:00    100.000000
2022-01-01 01:00:00    100.000000
2022-01-01 02:00:00    100.000000
2022-01-01 03:00:00    100.000000
2022-01-01 04:00:00    100.000000
                          ...    
2023-05-01 19:00:00     75.421665
2023-05-01 20:00:00     75.248456
2023-05-01 21:00:00     75.627350
2023-05-01 22:00:00     75.962943
2023-05-01 23:00:00     75.962943
Freq: H, Length: 11664, dtype: float64",2022-01-01,2023-05-01 23:00:00,486 days,100.0,53.342628018291485,123.60100609749563,75.96294262229334,-24.03705737770666,-70.17976286600607,40.0977366255144,100.0,56.842885262426435,451 days 16:00:00,67,0.0,34,33.33333333333333,31.494920174165465,-16.105828447553833,11.513585642242173,-6.203274250368154,7 days 07:43:38.181818181,5 days 01:05:27.272727272,0.7899823715294653,-0.7418456141875431,-0.04387855016218982,-0.32819310835580384,0.9978914300564532,-0.06149831938923829,long
1506,"{'window_k': 87, 'window_d': 222, 'window_ma': 42}","open_time
2022-01-01 00:00:00    100.000000
2022-01-01 01:00:00    100.000000
2022-01-01 02:00:00    100.000000
2022-01-01 03:00:00    100.000000
2022-01-01 04:00:00    100.000000
                          ...    
2023-05-01 19:00:00     74.007116
2023-05-01 20:00:00     73.837155
2023-05-01 21:00:00     74.208944
2023-05-01 22:00:00     74.538242
2023-05-01 23:00:00     74.538242
Freq: H, Length: 11664, dtype: float64",2022-01-01,2023-05-01 23:00:00,486 days,100.0,51.986757418733276,131.0612288975012,74.5382418203743,-25.461758179625704,-70.17976286600607,25.128600823045268,100.0,60.33399209205458,349 days 17:00:00,47,0.0,24,43.47826086956522,29.555555555555564,-26.82792136072455,10.702600391515224,-9.176784345278001,5 days 18:54:00,4 days 22:09:13.846153846,0.7628584262894836,-1.1259687656750934,-0.27573381259689994,-0.3282384263020723,0.9836098620500637,-0.38273793780480747,long
1435,"{'window_k': 87, 'window_d': 147, 'window_ma': 177}","open_time
2022-01-01 00:00:00    100.000000
2022-01-01 01:00:00    100.000000
2022-01-01 02:00:00    100.000000
2022-01-01 03:00:00    100.000000
2022-01-01 04:00:00    100.000000
                          ...    
2023-05-01 19:00:00     74.949033
2023-05-01 20:00:00     74.776909
2023-05-01 21:00:00     75.153430
2023-05-01 22:00:00     75.486919
2023-05-01 23:00:00     75.486919
Freq: H, Length: 11664, dtype: float64",2022-01-01,2023-05-01 23:00:00,486 days,100.0,51.911430097420485,123.60100609749563,75.48691890972252,-24.51308109027748,-70.17976286600607,39.771947873799725,100.0,58.000802957483124,451 days 16:00:00,65,0.0,33,31.25,31.494920174165454,-16.105828447553833,12.299375662364373,-6.069296847454001,7 days 14:42:00,5 days 04:10:54.545454545,0.7821882394159262,-0.7798171123956807,-0.06070155391123677,-0.32824679819810787,0.9970651806393163,-0.0849315867812721,long
1111,"{'window_k': 72, 'window_d': 87, 'window_ma': 117}","open_time
2022-01-01 00:00:00    100.000000
2022-01-01 01:00:00    100.000000
2022-01-01 02:00:00    100.000000
2022-01-01 03:00:00    100.000000
2022-01-01 04:00:00    100.000000
                          ...    
2023-05-01 19:00:00     77.835721
2023-05-01 20:00:00     77.656968
2023-05-01 21:00:00     78.047990
2023-05-01 22:00:00     78.394324
2023-05-01 23:00:00     78.394324
Freq: H, Length: 11664, dtype: float64",2022-01-01,2023-05-01 23:00:00,486 days,100.0,60.849283578124904,141.7836778163538,78.39432359363045,-21.605676406369554,-70.17976286600607,41.28086419753087,100.0,50.85733401827683,194 days 16:00:00,97,0.0,49,35.41666666666667,26.4665243059917,-23.359010524031692,9.951038521677159,-5.568953603488555,5 days 23:03:31.764705882,3 days 00:29:01.935483870,0.8740999992794912,-0.4529112727026612,0.08649866778615369,-0.32852153095836395,1.0046607382621693,0.13128726645265643,long
919,"{'window_k': 57, 'window_d': 147, 'window_ma': 117}","open_time
2022-01-01 00:00:00    100.000000
2022-01-01 01:00:00    100.000000
2022-01-01 02:00:00    100.000000
2022-01-01 03:00:00    100.000000
2022-01-01 04:00:00    100.000000
                          ...    
2023-05-01 19:00:00     72.901101
2023-05-01 20:00:00     72.733681
2023-05-01 21:00:00     73.099913
2023-05-01 22:00:00     73.424290
2023-05-01 23:00:00     73.424290
Freq: H, Length: 11664, dtype: float64",2022-01-01,2023-05-01 23:00:00,486 days,100.0,49.220284599320195,132.86258192233677,73.42428950287507,-26.575710497124934,-70.17976286600607,36.21399176954733,100.0,62.95399059150354,397 days 07:00:00,71,0.0,36,40.0,35.37717601547389,-22.139332032594968,10.76638955155397,-7.515976647434744,6 days 10:21:25.714285714,3 days 21:48:34.285714285,0.8172473088852774,-0.7667801372010734,-0.12395698837546998,-0.32890262658490765,0.9937805237564213,-0.17298496380287498,long
4050,"{'window_k': 237, 'window_d': 207, 'window_ma': 42}","open_time
2022-01-01 00:00:00    100.000000
2022-01-01 01:00:00    100.000000
2022-01-01 02:00:00    100.000000
2022-01-01 03:00:00    100.000000
2022-01-01 04:00:00    100.000000
                          ...    
2023-05-01 19:00:00     79.122039
2023-05-01 20:00:00     79.122039
2023-05-01 21:00:00     79.122039
2023-05-01 22:00:00     79.122039
2023-05-01 23:00:00     79.122039
Freq: H, Length: 11664, dtype: float64",2022-01-01,2023-05-01 23:00:00,486 days,100.0,63.796031409299786,125.04617695078187,79.12203939561289,-20.877960604387113,-70.17976286600607,21.459190672153635,100.0,48.98202170994009,424 days 03:00:00,38,0.0,19,36.84210526315789,29.555555555555575,-17.205840251932443,10.671355711223471,-7.123489775195129,5 days 10:42:51.428571428,5 days 12:20:00,0.7375390592778716,-1.0988400318098481,-0.17088978331564586,-0.329257857179256,0.9888657142782369,-0.23934288605460807,long
1609,"{'window_k': 102, 'window_d': 72, 'window_ma': 147}","open_time
2022-01-01 00:00:00    100.000000
2022-01-01 01:00:00    100.000000
2022-01-01 02:00:00    100.000000
2022-01-01 03:00:00    100.000000
2022-01-01 04:00:00    100.000000
                          ...    
2023-05-01 19:00:00     76.146470
2023-05-01 20:00:00     75.971597
2023-05-01 21:00:00     76.354133
2023-05-01 22:00:00     76.692950
2023-05-01 23:00:00     76.692950
Freq: H, Length: 11664, dtype: float64",2022-01-01,2023-05-01 23:00:00,486 days,100.0,64.35566984413857,151.28450054982707,76.69294996973383,-23.30705003026617,-70.17976286600607,41.478052126200275,100.0,54.83131964931576,275 days 07:00:00,103,0.0,52,41.17647058823529,28.92247204816317,-17.674642298905862,8.520275922849024,-6.143174457591026,5 days 03:37:08.571428571,2 days 22:14:00,0.877475848060728,-0.4557151465839535,0.07037556218763516,-0.32953875544962885,1.0038245563864068,0.10715997259632855,long
3176,"{'window_k': 192, 'window_d': 102, 'window_ma': 132}","open_time
2022-01-01 00:00:00    100.000000
2022-01-01 01:00:00    100.000000
2022-01-01 02:00:00    100.000000
2022-01-01 03:00:00    100.000000
2022-01-01 04:00:00    100.000000
                          ...    
2023-05-01 19:00:00     72.619892
2023-05-01 20:00:00     72.453117
2023-05-01 21:00:00     72.817937
2023-05-01 22:00:00     73.141062
2023-05-01 23:00:00     73.141062
Freq: H, Length: 11664, dtype: float64",2022-01-01,2023-05-01 23:00:00,486 days,100.0,53.59058189038585,146.89321150909086,73.14106227056578,-26.858937729434217,-70.17976286600607,39.78052126200274,100.0,63.51731891499338,309 days 12:00:00,65,0.0,33,34.375,32.128725929833806,-24.81203007518797,14.086977915648083,-7.739796106913828,8 days 11:05:27.272727272,4 days 14:40:00,0.8272079240641528,-0.8608400854945906,0.01056020579068884,-0.3296039721109301,1.00057556689559,0.015936332365907056,long
1572,"{'window_k': 102, 'window_d': 42, 'window_ma': 72}","open_time
2022-01-01 00:00:00    100.000000
2022-01-01 01:00:00    100.000000
2022-01-01 02:00:00    100.000000
2022-01-01 03:00:00    100.000000
2022-01-01 04:00:00    100.000000
                          ...    
2023-05-01 19:00:00     75.287526
2023-05-01 20:00:00     75.287526
2023-05-01 21:00:00     75.287526
2023-05-01 22:00:00     75.287526
2023-05-01 23:00:00     75.287526
Freq: H, Length: 11664, dtype: float64",2022-01-01,2023-05-01 23:00:00,486 days,100.0,58.72249232626004,140.62936667382448,75.287526372386,-24.712473627614003,-70.17976286600607,41.76954732510288,100.0,58.24307986648273,355 days 14:00:00,132,0.0,66,37.878787878787875,19.560140132347218,-14.86404097061334,7.266180251209678,-4.680546040772309,3 days 23:48:00,2 days 12:24:52.682926829,0.8547644035922728,-0.3744314186002109,0.06354041832149523,-0.3296398565104946,1.0034228333460917,0.09779978921530241,long
1982,"{'window_k': 117, 'window_d': 177, 'window_ma': 222}","open_time
2022-01-01 00:00:00    100.000000
2022-01-01 01:00:00    100.000000
2022-01-01 02:00:00    100.000000
2022-01-01 03:00:00    100.000000
2022-01-01 04:00:00    100.000000
                          ...    
2023-05-01 19:00:00     69.612883
2023-05-01 20:00:00     69.453014
2023-05-01 21:00:00     69.802727
2023-05-01 22:00:00     70.112473
2023-05-01 23:00:00     70.112473
Freq: H, Length: 11664, dtype: float64",2022-01-01,2023-05-01 23:00:00,486 days,100.0,44.43247432039417,153.16299988658977,70.11247295342089,-29.88752704657911,-70.17976286600607,37.03703703703704,100.0,70.99007308991442,391 days 18:00:00,53,0.0,27,30.76923076923077,47.47699614128823,-21.93840840408692,18.515352185271063,-8.587314788273073,10 days 16:37:30,5 days 03:46:40,0.7699969844960306,-1.1410656695326211,-0.15100353177353024,-0.3297252944544792,0.9923145181250813,-0.21232409558553844,long
4092,"{'window_k': 237, 'window_d': 237, 'window_ma': 192}","open_time
2022-01-01 00:00:00    100.000000
2022-01-01 01:00:00    100.000000
2022-01-01 02:00:00    100.000000
2022-01-01 03:00:00    100.000000
2022-01-01 04:00:00    100.000000
                          ...    
2023-05-01 19:00:00     79.358491
2023-05-01 20:00:00     79.358491
2023-05-01 21:00:00     79.358491
2023-05-01 22:00:00     79.358491
2023-05-01 23:00:00     79.358491
Freq: H, Length: 11664, dtype: float64",2022-01-01,2023-05-01 23:00:00,486 days,100.0,62.510791058969865,120.90227628975111,79.35849052786634,-20.641509472133663,-70.17976286600607,32.86179698216735,100.0,48.29643164934447,424 days 03:00:00,34,0.0,17,41.17647058823529,36.755823986195,-21.494147349093407,13.157952985299007,-9.711697997869686,11 days 19:34:17.142857142,7 days 16:48:00,0.7622532997582007,-1.214206439537275,-0.09050293045840248,-0.3300356121291538,0.9951015704152083,-0.1262471459885338,long
2530,"{'window_k': 147, 'window_d': 222, 'window_ma': 42}","open_time
2022-01-01 00:00:00    100.000000
2022-01-01 01:00:00    100.000000
2022-01-01 02:00:00    100.000000
2022-01-01 03:00:00    100.000000
2022-01-01 04:00:00    100.000000
                          ...    
2023-05-01 19:00:00     81.054407
2023-05-01 20:00:00     81.054407
2023-05-01 21:00:00     81.054407
2023-05-01 22:00:00     81.054407
2023-05-01 23:00:00     81.054407
Freq: H, Length: 11664, dtype: float64",2022-01-01,2023-05-01 23:00:00,486 days,100.0,67.08257851358545,120.14714995972834,81.05440703712048,-18.945592962879516,-70.17976286600607,21.63923182441701,100.0,44.16631727338468,424 days 03:00:00,40,0.0,20,45.0,29.00608519269778,-22.90827740492169,8.613716582714838,-7.699470476817344,4 days 14:06:40,5 days 19:21:49.090909090,0.7644870375276828,-0.9472796481439758,-0.16556238529777773,-0.3304317276279271,0.9892480640650416,-0.23116599480830105,long
3418,"{'window_k': 207, 'window_d': 87, 'window_ma': 162}","open_time
2022-01-01 00:00:00    100.000000
2022-01-01 01:00:00    100.000000
2022-01-01 02:00:00    100.000000
2022-01-01 03:00:00    100.000000
2022-01-01 04:00:00    100.000000
                          ...    
2023-05-01 19:00:00     72.524621
2023-05-01 20:00:00     72.358066
2023-05-01 21:00:00     72.722406
2023-05-01 22:00:00     73.045108
2023-05-01 23:00:00     73.045108
Freq: H, Length: 11664, dtype: float64",2022-01-01,2023-05-01 23:00:00,486 days,100.0,58.79182949027261,161.39468669537854,73.04510806389284,-26.95489193610716,-70.17976286600607,38.14300411522634,100.0,63.572636315321716,309 days 12:00:00,67,0.0,34,36.36363636363637,31.12331881038079,-19.64245558803686,12.541873532025448,-7.646984857206062,8 days 20:50:00,3 days 13:57:08.571428571,0.8367046232363176,-0.8206002652105955,0.017009798557218465,-0.3305427478456017,1.0009453148806902,0.0257507006435274,long
3220,"{'window_k': 192, 'window_d': 147, 'window_ma': 72}","open_time
2022-01-01 00:00:00    100.000000
2022-01-01 01:00:00    100.000000
2022-01-01 02:00:00    100.000000
2022-01-01 03:00:00    100.000000
2022-01-01 04:00:00    100.000000
                          ...    
2023-05-01 19:00:00     74.559308
2023-05-01 20:00:00     74.388079
2023-05-01 21:00:00     74.762642
2023-05-01 22:00:00     75.094397
2023-05-01 23:00:00     75.094397
Freq: H, Length: 11664, dtype: float64",2022-01-01,2023-05-01 23:00:00,486 days,100.0,61.88436818746241,149.2176313278928,75.09439686413135,-24.905603135868645,-70.17976286600607,29.921124828532236,100.0,58.52744234260302,349 days 17:00:00,51,0.0,26,36.0,31.570968353231,-22.65977340226597,9.837676085733527,-6.481803694129573,6 days 03:33:19.999999999,5 days 12:22:30,0.7593643108390215,-0.9996486953359183,-0.12620564839578463,-0.33069884602001726,0.9928427122869545,-0.1812676100967208,long
3194,"{'window_k': 192, 'window_d': 117, 'window_ma': 162}","open_time
2022-01-01 00:00:00    100.000000
2022-01-01 01:00:00    100.000000
2022-01-01 02:00:00    100.000000
2022-01-01 03:00:00    100.000000
2022-01-01 04:00:00    100.000000
                          ...    
2023-05-01 19:00:00     72.643950
2023-05-01 20:00:00     72.477120
2023-05-01 21:00:00     72.842060
2023-05-01 22:00:00     73.165293
2023-05-01 23:00:00     73.165293
Freq: H, Length: 11664, dtype: float64",2022-01-01,2023-05-01 23:00:00,486 days,100.0,54.70233120497888,148.83070652170764,73.16529313966441,-26.83470686033559,-70.17976286600607,36.411179698216735,100.0,63.245265386816996,391 days 18:00:00,57,0.0,29,39.285714285714285,30.669464047301176,-26.484120749635288,11.38813605700007,-8.01568341719299,8 days 05:38:10.909090909,4 days 21:52:56.470588235,0.7953638505533104,-0.9606167155164638,-0.007596558893422536,-0.3307107564686103,0.9995705759135106,-0.011380913230625195,long
3470,"{'window_k': 207, 'window_d': 132, 'window_ma': 222}","open_time
2022-01-01 00:00:00    100.000000
2022-01-01 01:00:00    100.000000
2022-01-01 02:00:00    100.000000
2022-01-01 03:00:00    100.000000
2022-01-01 04:00:00    100.000000
                          ...    
2023-05-01 19:00:00     73.276561
2023-05-01 20:00:00     73.108279
2023-05-01 21:00:00     73.476397
2023-05-01 22:00:00     73.802445
2023-05-01 23:00:00     73.802445
Freq: H, Length: 11664, dtype: float64",2022-01-01,2023-05-01 23:00:00,486 days,100.0,53.26461858261393,138.96238475450738,73.80244452443878,-26.197555475561217,-70.17976286600607,38.6059670781893,100.0,61.669757843669814,391 days 18:00:00,53,0.0,27,30.76923076923077,37.23372781065088,-15.168253506795557,15.309796857793867,-7.219453920107037,10 days 03:45:00,5 days 19:00:00,0.7770867059753087,-0.9699774143631403,-0.036317562647179925,-0.3307815596167806,0.9981194389131319,-0.05232057371773948,long
2171,"{'window_k': 132, 'window_d': 117, 'window_ma': 177}","open_time
2022-01-01 00:00:00    100.000000
2022-01-01 01:00:00    100.000000
2022-01-01 02:00:00    100.000000
2022-01-01 03:00:00    100.000000
2022-01-01 04:00:00    100.000000
                          ...    
2023-05-01 19:00:00     75.661183
2023-05-01 20:00:00     75.487424
2023-05-01 21:00:00     75.867522
2023-05-01 22:00:00     76.204180
2023-05-01 23:00:00     76.204180
Freq: H, Length: 11664, dtype: float64",2022-01-01,2023-05-01 23:00:00,486 days,100.0,55.174085017198536,124.86109799411194,76.20418004764508,-23.79581995235492,-70.17976286600607,42.53257887517147,100.0,55.81162915946777,275 days 07:00:00,71,0.0,36,31.428571428571427,35.87288924345168,-25.053824362606232,13.862173081464249,-6.449067849687894,7 days 23:43:38.181818181,4 days 19:07:30,0.8368549838535081,-0.6749160273006862,-0.021808841748556934,-0.33078246136207845,0.9989621440482912,-0.03082757503227775,long
3486,"{'window_k': 207, 'window_d': 147, 'window_ma': 222}","open_time
2022-01-01 00:00:00    100.000000
2022-01-01 01:00:00    100.000000
2022-01-01 02:00:00    100.000000
2022-01-01 03:00:00    100.000000
2022-01-01 04:00:00    100.000000
                          ...    
2023-05-01 19:00:00     75.497740
2023-05-01 20:00:00     75.324357
2023-05-01 21:00:00     75.703633
2023-05-01 22:00:00     76.039564
2023-05-01 23:00:00     76.039564
Freq: H, Length: 11664, dtype: float64",2022-01-01,2023-05-01 23:00:00,486 days,100.0,60.2447048266416,137.42559390169347,76.03956406084028,-23.960435939159723,-70.17976286600607,36.462620027434845,100.0,56.161946900708124,349 days 17:00:00,47,0.0,24,34.78260869565217,34.7142647274864,-23.145400593471805,15.131661407271588,-8.383491067124712,10 days 18:52:30,5 days 22:56:00,0.7984492428066506,-1.0328062114239822,-0.037985912655372864,-0.3310752256865579,0.998012525363679,-0.055705339965941625,long
3369,"{'window_k': 207, 'window_d': 42, 'window_ma': 147}","open_time
2022-01-01 00:00:00    100.000000
2022-01-01 01:00:00    100.000000
2022-01-01 02:00:00    100.000000
2022-01-01 03:00:00    100.000000
2022-01-01 04:00:00    100.000000
                          ...    
2023-05-01 19:00:00     77.272682
2023-05-01 20:00:00     77.272682
2023-05-01 21:00:00     77.272682
2023-05-01 22:00:00     77.272682
2023-05-01 23:00:00     77.272682
Freq: H, Length: 11664, dtype: float64",2022-01-01,2023-05-01 23:00:00,486 days,100.0,60.6381869196754,129.42936948014264,77.27268239401292,-22.727317605987082,-70.17976286600607,42.181069958847736,100.0,53.149592582247216,430 days 01:00:00,136,0.0,68,35.294117647058826,31.167846309403437,-16.1890957743338,8.334390842957195,-4.653152459920261,4 days 05:22:30,2 days 08:31:21.818181818,0.8756102054408361,-0.3342252589115753,0.08817306311533972,-0.33122264387737765,1.0045951251607823,0.13311103760451917,long
3782,"{'window_k': 222, 'window_d': 192, 'window_ma': 102}","open_time
2022-01-01 00:00:00    100.000000
2022-01-01 01:00:00    100.000000
2022-01-01 02:00:00    100.000000
2022-01-01 03:00:00    100.000000
2022-01-01 04:00:00    100.000000
                          ...    
2023-05-01 19:00:00     76.746352
2023-05-01 20:00:00     76.746352
2023-05-01 21:00:00     76.746352
2023-05-01 22:00:00     76.746352
2023-05-01 23:00:00     76.746352
Freq: H, Length: 11664, dtype: float64",2022-01-01,2023-05-01 23:00:00,486 days,100.0,56.03575334189598,122.7552247927979,76.74635232855961,-23.25364767144039,-70.17976286600607,28.16358024691358,100.0,54.35163477849488,349 days 17:00:00,38,0.0,19,26.31578947368421,38.82805563776267,-14.704176334106736,15.14754570630476,-6.329986781061811,9 days 21:36:00,6 days 05:47:08.571428571,0.693875727508371,-1.223876193233704,-0.16547806793309525,-0.3316588855071342,0.9903281719429576,-0.23058087827117504,long
1020,"{'window_k': 57, 'window_d': 237, 'window_ma': 192}","open_time
2022-01-01 00:00:00    100.000000
2022-01-01 01:00:00    100.000000
2022-01-01 02:00:00    100.000000
2022-01-01 03:00:00    100.000000
2022-01-01 04:00:00    100.000000
                          ...    
2023-05-01 19:00:00     72.226295
2023-05-01 20:00:00     72.226295
2023-05-01 21:00:00     72.589972
2023-05-01 22:00:00     72.912086
2023-05-01 23:00:00     72.912086
Freq: H, Length: 11664, dtype: float64",2022-01-01,2023-05-01 23:00:00,486 days,100.0,48.227559204565196,132.5251891326517,72.91208609528404,-27.08791390471596,-70.17976286600607,35.15089163237312,100.0,63.60876032684504,391 days 18:00:00,51,0.0,26,36.0,40.41986989946776,-22.721238938053105,14.022268188397852,-8.539472442902852,9 days 19:53:20,5 days 03:18:45,0.7431956023548089,-1.110948208930771,-0.16660934496853028,-0.3320537558947818,0.9915634502303595,-0.2338510337915321,long
4056,"{'window_k': 237, 'window_d': 207, 'window_ma': 132}","open_time
2022-01-01 00:00:00    100.000000
2022-01-01 01:00:00    100.000000
2022-01-01 02:00:00    100.000000
2022-01-01 03:00:00    100.000000
2022-01-01 04:00:00    100.000000
                          ...    
2023-05-01 19:00:00     79.557068
2023-05-01 20:00:00     79.557068
2023-05-01 21:00:00     79.557068
2023-05-01 22:00:00     79.557068
2023-05-01 23:00:00     79.557068
Freq: H, Length: 11664, dtype: float64",2022-01-01,2023-05-01 23:00:00,486 days,100.0,62.876882578663,119.70968240078241,79.55706752192121,-20.442932478078788,-70.17976286600607,30.006858710562412,100.0,47.475524688007994,451 days 16:00:00,38,0.0,19,31.57894736842105,41.233196960841624,-17.20584025193244,15.294497751735497,-7.512720085619627,10 days 05:50:00,6 days 11:46:09.230769230,0.7687287780184945,-1.0759438146357265,-0.07300249213996912,-0.33241587692497837,0.9958392018184816,-0.10286838348101261,long
2697,"{'window_k': 162, 'window_d': 132, 'window_ma': 147}","open_time
2022-01-01 00:00:00    100.000000
2022-01-01 01:00:00    100.000000
2022-01-01 02:00:00    100.000000
2022-01-01 03:00:00    100.000000
2022-01-01 04:00:00    100.000000
                          ...    
2023-05-01 19:00:00     75.118657
2023-05-01 20:00:00     74.946144
2023-05-01 21:00:00     75.323516
2023-05-01 22:00:00     75.657760
2023-05-01 23:00:00     75.657760
Freq: H, Length: 11664, dtype: float64",2022-01-01,2023-05-01 23:00:00,486 days,100.0,58.094326938745716,134.6201171286463,75.65776005687479,-24.342239943125207,-70.17976286600607,41.21227709190672,100.0,56.845731397463176,391 days 18:00:00,59,0.0,30,41.37931034482759,30.20594965675056,-14.595021037868161,9.725400207569121,-7.481972961037267,7 days 21:30:00,6 days 01:07:03.529411764,0.8038854795676694,-0.8341824487334377,-0.010847904939840948,-0.33249646696892526,0.9994595577403951,-0.015511676084358616,long
2462,"{'window_k': 147, 'window_d': 147, 'window_ma': 222}","open_time
2022-01-01 00:00:00    100.000000
2022-01-01 01:00:00    100.000000
2022-01-01 02:00:00    100.000000
2022-01-01 03:00:00    100.000000
2022-01-01 04:00:00    100.000000
                          ...    
2023-05-01 19:00:00     75.272911
2023-05-01 20:00:00     75.100044
2023-05-01 21:00:00     75.478191
2023-05-01 22:00:00     75.813122
2023-05-01 23:00:00     75.813122
Freq: H, Length: 11664, dtype: float64",2022-01-01,2023-05-01 23:00:00,486 days,100.0,57.82192863061385,132.76992367129066,75.81312150290935,-24.186878497090646,-70.17976286600607,37.96296296296296,100.0,56.44952785107542,391 days 18:00:00,55,0.0,28,25.925925925925924,40.51486362243334,-13.368193702398553,18.339338529862008,-6.638599903852198,10 days 18:17:08.571428571,5 days 08:11:59.999999999,0.8098108352207789,-0.8641980049264233,-0.056737883350192884,-0.3326150812539284,0.9971898137976504,-0.08056028861425707,long
2678,"{'window_k': 162, 'window_d': 117, 'window_ma': 102}","open_time
2022-01-01 00:00:00    100.000000
2022-01-01 01:00:00    100.000000
2022-01-01 02:00:00    100.000000
2022-01-01 03:00:00    100.000000
2022-01-01 04:00:00    100.000000
                          ...    
2023-05-01 19:00:00     73.513905
2023-05-01 20:00:00     73.345078
2023-05-01 21:00:00     73.714388
2023-05-01 22:00:00     74.041492
2023-05-01 23:00:00     74.041492
Freq: H, Length: 11664, dtype: float64",2022-01-01,2023-05-01 23:00:00,486 days,100.0,56.95185188030725,144.92236606143047,74.04149191024135,-25.958508089758652,-70.17976286600607,36.882716049382715,100.0,60.701820272402806,391 days 18:00:00,65,0.0,33,31.25,37.92476576702556,-17.509424929687025,13.110993110964692,-6.366405764390256,8 days 04:00:00,4 days 06:46:21.818181818,0.7951714120604304,-0.8299986475021388,-0.04335721568378738,-0.3328674507968677,0.9977118775987053,-0.06146207163311889,long
709,"{'window_k': 42, 'window_d': 192, 'window_ma': 87}","open_time
2022-01-01 00:00:00    100.00000
2022-01-01 01:00:00    100.00000
2022-01-01 02:00:00    100.00000
2022-01-01 03:00:00    100.00000
2022-01-01 04:00:00    100.00000
                         ...    
2023-05-01 19:00:00     76.67804
2023-05-01 20:00:00     76.67804
2023-05-01 21:00:00     76.67804
2023-05-01 22:00:00     76.67804
2023-05-01 23:00:00     76.67804
Freq: H, Length: 11664, dtype: float64",2022-01-01,2023-05-01 23:00:00,486 days,100.0,55.05508408313346,120.50524030374186,76.67803974472689,-23.321960255273112,-70.17976286600607,33.753429355281206,100.0,54.31312037189148,451 days 16:00:00,60,0.0,30,30.0,34.345749761222535,-12.20043572984749,14.141329196990668,-6.440322601415695,8 days 10:26:40,4 days 04:42:51.428571428,0.8091427156051263,-0.7773986751757698,-0.14766935404909579,-0.3329031331123868,0.9924033013505446,-0.2063277204292058,long
1958,"{'window_k': 117, 'window_d': 162, 'window_ma': 102}","open_time
2022-01-01 00:00:00    100.000000
2022-01-01 01:00:00    100.000000
2022-01-01 02:00:00    100.000000
2022-01-01 03:00:00    100.000000
2022-01-01 04:00:00    100.000000
                          ...    
2023-05-01 19:00:00     73.415547
2023-05-01 20:00:00     73.246945
2023-05-01 21:00:00     73.615762
2023-05-01 22:00:00     73.942428
2023-05-01 23:00:00     73.942428
Freq: H, Length: 11664, dtype: float64",2022-01-01,2023-05-01 23:00:00,486 days,100.0,56.404821017591836,144.30213963111024,73.94242771435809,-26.05757228564191,-70.17976286600607,32.338820301783265,100.0,60.91199952974815,391 days 18:00:00,53,0.0,27,23.076923076923077,41.1078717201166,-35.7243557209722,21.31284114397761,-6.453372790805832,10 days 16:00:00,4 days 13:12:00,0.7871734772658942,-0.9681697240785745,-0.13490330572771772,-0.3330354357835593,0.9926075095389103,-0.18522404995058953,long
988,"{'window_k': 57, 'window_d': 207, 'window_ma': 192}","open_time
2022-01-01 00:00:00    100.000000
2022-01-01 01:00:00    100.000000
2022-01-01 02:00:00    100.000000
2022-01-01 03:00:00    100.000000
2022-01-01 04:00:00    100.000000
                          ...    
2023-05-01 19:00:00     71.223807
2023-05-01 20:00:00     71.060239
2023-05-01 21:00:00     71.418045
2023-05-01 22:00:00     71.734959
2023-05-01 23:00:00     71.734959
Freq: H, Length: 11664, dtype: float64",2022-01-01,2023-05-01 23:00:00,486 days,100.0,43.48364397535685,128.93982882098484,71.73495860864685,-28.26504139135315,-70.17976286600607,38.79458161865569,100.0,66.27601853285545,355 days 14:00:00,55,0.0,28,33.33333333333333,43.622095707031846,-19.541431030243412,15.286725919888877,-8.141054449560652,10 days 11:13:20,5 days 03:13:20,0.7443343717781832,-1.049882428979326,-0.07796722777144684,-0.3331500943435877,0.9957904997189521,-0.11566172393159796,long
250,"{'window_k': 12, 'window_d': 237, 'window_ma': 162}","open_time
2022-01-01 00:00:00    100.000000
2022-01-01 01:00:00    100.000000
2022-01-01 02:00:00    100.000000
2022-01-01 03:00:00    100.000000
2022-01-01 04:00:00    100.000000
                          ...    
2023-05-01 19:00:00     74.818137
2023-05-01 20:00:00     74.646314
2023-05-01 21:00:00     75.022176
2023-05-01 22:00:00     75.355083
2023-05-01 23:00:00     75.355083
Freq: H, Length: 11664, dtype: float64",2022-01-01,2023-05-01 23:00:00,486 days,100.0,52.0054177314402,122.23494286474595,75.35508333139744,-24.644916668602562,-70.17976286600607,30.752743484224965,100.0,57.45454081081818,409 days 07:00:00,85,0.0,43,21.428571428571427,32.45920745920748,-17.62155828939661,13.587043563123515,-4.148064268488478,6 days 15:33:20,2 days 14:24:22.500000,0.7791592775669358,-0.582948397475564,-0.1742222643301854,-0.33321637662965725,0.9906014514999126,-0.2416201247718631,long
4070,"{'window_k': 237, 'window_d': 222, 'window_ma': 102}","open_time
2022-01-01 00:00:00    100.000000
2022-01-01 01:00:00    100.000000
2022-01-01 02:00:00    100.000000
2022-01-01 03:00:00    100.000000
2022-01-01 04:00:00    100.000000
                          ...    
2023-05-01 19:00:00     74.297021
2023-05-01 20:00:00     74.297021
2023-05-01 21:00:00     74.297021
2023-05-01 22:00:00     74.297021
2023-05-01 23:00:00     74.297021
Freq: H, Length: 11664, dtype: float64",2022-01-01,2023-05-01 23:00:00,486 days,100.0,54.71763552654514,136.79685980126467,74.29702077182651,-25.70297922817349,-70.17976286600607,31.18141289437586,100.0,60.00081024810243,349 days 17:00:00,34,0.0,17,35.294117647058826,37.90310918293565,-18.47947414113853,13.65328402972261,-8.774853621860125,10 days 12:20:00,8 days 01:00:00,0.6848569500746216,-1.5119399545984398,-0.1721533437595525,-0.3333109730694214,0.9903795338652973,-0.24161137034795366,long
3128,"{'window_k': 192, 'window_d': 57, 'window_ma': 132}","open_time
2022-01-01 00:00:00    100.000000
2022-01-01 01:00:00    100.000000
2022-01-01 02:00:00    100.000000
2022-01-01 03:00:00    100.000000
2022-01-01 04:00:00    100.000000
                          ...    
2023-05-01 19:00:00     79.613939
2023-05-01 20:00:00     79.431103
2023-05-01 21:00:00     79.831058
2023-05-01 22:00:00     80.185304
2023-05-01 23:00:00     80.185304
Freq: H, Length: 11664, dtype: float64",2022-01-01,2023-05-01 23:00:00,486 days,100.0,61.25615280917615,113.1168198725942,80.18530396904083,-19.81469603095917,-70.17976286600607,36.78840877914952,100.0,45.84699881222774,453 days 11:00:00,95,0.0,48,44.680851063829785,20.182241178751465,-17.211933015415337,6.625945956944934,-5.663900821533565,4 days 22:45:42.857142857,2 days 16:30:00,0.8514773093377409,-0.41769913549081705,0.09216192429069435,-0.333340016606637,1.0053365464847945,0.14093647847895915,long
2090,"{'window_k': 132, 'window_d': 42, 'window_ma': 162}","open_time
2022-01-01 00:00:00    100.000000
2022-01-01 01:00:00    100.000000
2022-01-01 02:00:00    100.000000
2022-01-01 03:00:00    100.000000
2022-01-01 04:00:00    100.000000
                          ...    
2023-05-01 19:00:00     73.206707
2023-05-01 20:00:00     73.206707
2023-05-01 21:00:00     73.206707
2023-05-01 22:00:00     73.206707
2023-05-01 23:00:00     73.206707
Freq: H, Length: 11664, dtype: float64",2022-01-01,2023-05-01 23:00:00,486 days,100.0,54.38991292353773,145.53120310648774,73.20670717742858,-26.79329282257142,-70.17976286600607,39.489026063100134,100.0,62.62663142849188,355 days 14:00:00,120,0.0,60,30.0,22.75929549902151,-15.937687237866987,9.795839708442495,-4.505747105931357,4 days 06:20:00,2 days 17:48:34.285714285,0.8351918053797392,-0.44655488037619095,0.01912286157877495,-0.333440777198633,1.001068798465334,0.02967576331117518,long
2095,"{'window_k': 132, 'window_d': 42, 'window_ma': 237}","open_time
2022-01-01 00:00:00    100.000000
2022-01-01 01:00:00    100.000000
2022-01-01 02:00:00    100.000000
2022-01-01 03:00:00    100.000000
2022-01-01 04:00:00    100.000000
                          ...    
2023-05-01 19:00:00     73.206707
2023-05-01 20:00:00     73.206707
2023-05-01 21:00:00     73.206707
2023-05-01 22:00:00     73.206707
2023-05-01 23:00:00     73.206707
Freq: H, Length: 11664, dtype: float64",2022-01-01,2023-05-01 23:00:00,486 days,100.0,54.38991292353773,145.53120310648774,73.20670717742858,-26.79329282257142,-70.17976286600607,39.489026063100134,100.0,62.62663142849188,355 days 14:00:00,120,0.0,60,30.0,22.75929549902151,-15.937687237866987,9.795839708442495,-4.505747105931357,4 days 06:20:00,2 days 17:48:34.285714285,0.8351918053797392,-0.44655488037619095,0.01912286157877495,-0.333440777198633,1.001068798465334,0.02967576331117518,long
2092,"{'window_k': 132, 'window_d': 42, 'window_ma': 192}","open_time
2022-01-01 00:00:00    100.000000
2022-01-01 01:00:00    100.000000
2022-01-01 02:00:00    100.000000
2022-01-01 03:00:00    100.000000
2022-01-01 04:00:00    100.000000
                          ...    
2023-05-01 19:00:00     73.206707
2023-05-01 20:00:00     73.206707
2023-05-01 21:00:00     73.206707
2023-05-01 22:00:00     73.206707
2023-05-01 23:00:00     73.206707
Freq: H, Length: 11664, dtype: float64",2022-01-01,2023-05-01 23:00:00,486 days,100.0,54.38991292353773,145.53120310648774,73.20670717742858,-26.79329282257142,-70.17976286600607,39.489026063100134,100.0,62.62663142849188,355 days 14:00:00,120,0.0,60,30.0,22.75929549902151,-15.937687237866987,9.795839708442495,-4.505747105931357,4 days 06:20:00,2 days 17:48:34.285714285,0.8351918053797392,-0.44655488037619095,0.01912286157877495,-0.333440777198633,1.001068798465334,0.02967576331117518,long
2093,"{'window_k': 132, 'window_d': 42, 'window_ma': 207}","open_time
2022-01-01 00:00:00    100.000000
2022-01-01 01:00:00    100.000000
2022-01-01 02:00:00    100.000000
2022-01-01 03:00:00    100.000000
2022-01-01 04:00:00    100.000000
                          ...    
2023-05-01 19:00:00     73.206707
2023-05-01 20:00:00     73.206707
2023-05-01 21:00:00     73.206707
2023-05-01 22:00:00     73.206707
2023-05-01 23:00:00     73.206707
Freq: H, Length: 11664, dtype: float64",2022-01-01,2023-05-01 23:00:00,486 days,100.0,54.38991292353773,145.53120310648774,73.20670717742858,-26.79329282257142,-70.17976286600607,39.489026063100134,100.0,62.62663142849188,355 days 14:00:00,120,0.0,60,30.0,22.75929549902151,-15.937687237866987,9.795839708442495,-4.505747105931357,4 days 06:20:00,2 days 17:48:34.285714285,0.8351918053797392,-0.44655488037619095,0.01912286157877495,-0.333440777198633,1.001068798465334,0.02967576331117518,long
2094,"{'window_k': 132, 'window_d': 42, 'window_ma': 222}","open_time
2022-01-01 00:00:00    100.000000
2022-01-01 01:00:00    100.000000
2022-01-01 02:00:00    100.000000
2022-01-01 03:00:00    100.000000
2022-01-01 04:00:00    100.000000
                          ...    
2023-05-01 19:00:00     73.206707
2023-05-01 20:00:00     73.206707
2023-05-01 21:00:00     73.206707
2023-05-01 22:00:00     73.206707
2023-05-01 23:00:00     73.206707
Freq: H, Length: 11664, dtype: float64",2022-01-01,2023-05-01 23:00:00,486 days,100.0,54.38991292353773,145.53120310648774,73.20670717742858,-26.79329282257142,-70.17976286600607,39.489026063100134,100.0,62.62663142849188,355 days 14:00:00,120,0.0,60,30.0,22.75929549902151,-15.937687237866987,9.795839708442495,-4.505747105931357,4 days 06:20:00,2 days 17:48:34.285714285,0.8351918053797392,-0.44655488037619095,0.01912286157877495,-0.333440777198633,1.001068798465334,0.02967576331117518,long
2320,"{'window_k': 147, 'window_d': 27, 'window_ma': 12}","open_time
2022-01-01 00:00:00    100.000000
2022-01-01 01:00:00    100.000000
2022-01-01 02:00:00    100.000000
2022-01-01 03:00:00    100.000000
2022-01-01 04:00:00    100.000000
                          ...    
2023-05-01 19:00:00     78.864906
2023-05-01 20:00:00     78.864906
2023-05-01 21:00:00     78.864906
2023-05-01 22:00:00     78.864906
2023-05-01 23:00:00     78.864906
Freq: H, Length: 11664, dtype: float64",2022-01-01,2023-05-01 23:00:00,486 days,100.0,51.54731710129055,101.03585657370517,78.86490562467758,-21.135094375322424,-70.17976286600607,21.476337448559672,100.0,48.981164856372516,477 days 04:00:00,190,0.0,95,37.89473684210527,23.82397572078909,-13.109529374269622,5.048118417082432,-3.2213146443417897,1 days 09:48:20,0 days 21:49:49.830508474,0.851978720485767,-0.22247467763497286,-0.07032097648586122,-0.33344464918550454,0.9944410636206981,-0.11031886709840491,long
1677,"{'window_k': 102, 'window_d': 132, 'window_ma': 207}","open_time
2022-01-01 00:00:00    100.000000
2022-01-01 01:00:00    100.000000
2022-01-01 02:00:00    100.000000
2022-01-01 03:00:00    100.000000
2022-01-01 04:00:00    100.000000
                          ...    
2023-05-01 19:00:00     72.372567
2023-05-01 20:00:00     72.206361
2023-05-01 21:00:00     72.569937
2023-05-01 22:00:00     72.891963
2023-05-01 23:00:00     72.891963
Freq: H, Length: 11664, dtype: float64",2022-01-01,2023-05-01 23:00:00,486 days,100.0,48.64333750246837,132.81146483233272,72.89196260559144,-27.10803739440856,-70.17976286600607,41.56378600823045,100.0,63.3741427640468,451 days 16:00:00,69,0.0,35,26.47058823529412,30.586011342154997,-25.54872695346796,15.33111977380133,-5.870755023795972,7 days 21:13:20,5 days 02:16:48,0.7848473428911446,-0.8076831272169067,-0.10199474750803271,-0.33354105405836765,0.9951672546362431,-0.14200693793560032,long
3185,"{'window_k': 192, 'window_d': 117, 'window_ma': 27}","open_time
2022-01-01 00:00:00    100.000000
2022-01-01 01:00:00    100.000000
2022-01-01 02:00:00    100.000000
2022-01-01 03:00:00    100.000000
2022-01-01 04:00:00    100.000000
                          ...    
2023-05-01 19:00:00     78.709334
2023-05-01 20:00:00     78.528575
2023-05-01 21:00:00     78.923986
2023-05-01 22:00:00     79.274207
2023-05-01 23:00:00     79.274207
Freq: H, Length: 11664, dtype: float64",2022-01-01,2023-05-01 23:00:00,486 days,100.0,68.08392797691168,130.6950049417102,79.27420657573383,-20.725793424266172,-70.17976286600607,26.5860768175583,100.0,47.90625088749412,430 days 01:00:00,55,0.0,28,40.74074074074074,19.9902195174962,-13.834031518053061,7.691362600733753,-6.514118240898862,4 days 00:00:00,5 days 10:32:00,0.7837218833643222,-0.770132523118618,0.003507394929248651,-0.3341234414784621,1.000245785683764,0.005406096722670517,long
1520,"{'window_k': 87, 'window_d': 237, 'window_ma': 12}","open_time
2022-01-01 00:00:00    100.00000
2022-01-01 01:00:00    100.00000
2022-01-01 02:00:00    100.00000
2022-01-01 03:00:00    100.00000
2022-01-01 04:00:00    100.00000
                         ...    
2023-05-01 19:00:00     81.24635
2023-05-01 20:00:00     81.24635
2023-05-01 21:00:00     81.24635
2023-05-01 22:00:00     81.24635
2023-05-01 23:00:00     81.24635
Freq: H, Length: 11664, dtype: float64",2022-01-01,2023-05-01 23:00:00,486 days,100.0,60.12764168184163,105.71495218101236,81.24634957564214,-18.753650424357858,-70.17976286600607,13.56310013717421,100.0,43.12285968886693,469 days 22:00:00,48,0.0,24,45.83333333333333,16.58059756547398,-18.628411476557034,5.946031268773567,-6.558011809898321,2 days 06:21:49.090909090,3 days 04:55:00,0.7315009939043369,-0.7814021010149106,-0.3272832139462326,-0.3349059787787616,0.9735832722356336,-0.44654110340312,long
3667,"{'window_k': 222, 'window_d': 87, 'window_ma': 57}","open_time
2022-01-01 00:00:00    100.000000
2022-01-01 01:00:00    100.000000
2022-01-01 02:00:00    100.000000
2022-01-01 03:00:00    100.000000
2022-01-01 04:00:00    100.000000
                          ...    
2023-05-01 19:00:00     76.043850
2023-05-01 20:00:00     75.869212
2023-05-01 21:00:00     76.251232
2023-05-01 22:00:00     76.589593
2023-05-01 23:00:00     76.589593
Freq: H, Length: 11664, dtype: float64",2022-01-01,2023-05-01 23:00:00,486 days,100.0,57.905376650560676,126.29945419557143,76.58959306364838,-23.41040693635162,-70.17976286600607,28.300754458161865,100.0,54.15231441863898,314 days 09:00:00,67,0.0,34,39.39393939393939,29.85413904148514,-19.68157181571817,9.901545629728593,-6.944692166637304,5 days 22:41:32.307692307,2 days 20:09:00,0.8045709601308763,-0.7345435308416213,-0.0007085855550627308,-0.33520237428153676,0.9999523260442602,-0.0010998952064816795,long
2162,"{'window_k': 132, 'window_d': 117, 'window_ma': 42}","open_time
2022-01-01 00:00:00    100.000000
2022-01-01 01:00:00    100.000000
2022-01-01 02:00:00    100.000000
2022-01-01 03:00:00    100.000000
2022-01-01 04:00:00    100.000000
                          ...    
2023-05-01 19:00:00     77.792159
2023-05-01 20:00:00     77.792159
2023-05-01 21:00:00     77.792159
2023-05-01 22:00:00     77.792159
2023-05-01 23:00:00     77.792159
Freq: H, Length: 11664, dtype: float64",2022-01-01,2023-05-01 23:00:00,486 days,100.0,64.83492366341169,133.00665502993064,77.79215902460766,-22.207840975392344,-70.17976286600607,29.998285322359397,100.0,51.25437621988027,451 days 16:00:00,72,0.0,36,38.88888888888889,27.92060491493385,-25.053824362606232,8.760538592431297,-5.872066742382134,4 days 14:30:00,3 days 16:43:38.181818181,0.8314459656567429,-0.6168844715386772,-0.11738185078706116,-0.3353604073348138,0.9933371086712206,-0.16527133884062334,long
1464,"{'window_k': 87, 'window_d': 177, 'window_ma': 132}","open_time
2022-01-01 00:00:00    100.000000
2022-01-01 01:00:00    100.000000
2022-01-01 02:00:00    100.000000
2022-01-01 03:00:00    100.000000
2022-01-01 04:00:00    100.000000
                          ...    
2023-05-01 19:00:00     69.483094
2023-05-01 20:00:00     69.323523
2023-05-01 21:00:00     69.672584
2023-05-01 22:00:00     69.981753
2023-05-01 23:00:00     69.981753
Freq: H, Length: 11664, dtype: float64",2022-01-01,2023-05-01 23:00:00,486 days,100.0,42.67714235549964,142.78798808303054,69.98175251395342,-30.01824748604658,-70.17976286600607,37.645747599451305,100.0,70.11153183930074,391 days 18:00:00,55,0.0,28,29.629629629629626,54.44513521914829,-34.20814479638009,21.34173122458477,-8.799328470401612,10 days 06:30:00,5 days 04:31:34.736842105,0.786700721722757,-1.075957397725817,-0.15285652473256395,-0.3353870025798681,0.9922709691268526,-0.21102287956938792,long
2499,"{'window_k': 147, 'window_d': 192, 'window_ma': 57}","open_time
2022-01-01 00:00:00    100.000000
2022-01-01 01:00:00    100.000000
2022-01-01 02:00:00    100.000000
2022-01-01 03:00:00    100.000000
2022-01-01 04:00:00    100.000000
                          ...    
2023-05-01 19:00:00     74.275104
2023-05-01 20:00:00     74.104528
2023-05-01 21:00:00     74.477663
2023-05-01 22:00:00     74.808154
2023-05-01 23:00:00     74.808154
Freq: H, Length: 11664, dtype: float64",2022-01-01,2023-05-01 23:00:00,486 days,100.0,55.498304653910594,133.36880573687134,74.80815367096459,-25.191846329035418,-70.17976286600607,24.819958847736626,100.0,58.38734226697252,391 days 18:00:00,47,0.0,24,34.78260869565217,31.54864709268854,-12.211397304150537,8.870443768359108,-5.98864288669202,5 days 23:07:30,4 days 19:52:00,0.6839877933404004,-1.11059386683262,-0.30915988484163154,-0.3354482946075473,0.9813788605163088,-0.43383394286753585,long
3439,"{'window_k': 207, 'window_d': 102, 'window_ma': 237}","open_time
2022-01-01 00:00:00    100.000000
2022-01-01 01:00:00    100.000000
2022-01-01 02:00:00    100.000000
2022-01-01 03:00:00    100.000000
2022-01-01 04:00:00    100.000000
                          ...    
2023-05-01 19:00:00     73.827486
2023-05-01 20:00:00     73.657939
2023-05-01 21:00:00     74.028824
2023-05-01 22:00:00     74.357323
2023-05-01 23:00:00     74.357323
Freq: H, Length: 11664, dtype: float64",2022-01-01,2023-05-01 23:00:00,486 days,100.0,55.34528595475481,136.5534975444206,74.35732340237928,-25.642676597620724,-70.17976286600607,42.51543209876543,100.0,59.46988766307425,309 days 12:00:00,65,0.0,33,34.375,38.162438072361496,-25.858585858585865,15.81440604072778,-8.288813141527255,9 days 14:16:21.818181818,4 days 15:54:17.142857142,0.846797850388262,-0.809943494789291,0.0456691538583745,-0.33546670667175754,1.0024146238852838,0.06889312550096019,long
3964,"{'window_k': 237, 'window_d': 117, 'window_ma': 192}","open_time
2022-01-01 00:00:00    100.000000
2022-01-01 01:00:00    100.000000
2022-01-01 02:00:00    100.000000
2022-01-01 03:00:00    100.000000
2022-01-01 04:00:00    100.000000
                          ...    
2023-05-01 19:00:00     74.198955
2023-05-01 20:00:00     74.028554
2023-05-01 21:00:00     74.401306
2023-05-01 22:00:00     74.731458
2023-05-01 23:00:00     74.731458
Freq: H, Length: 11664, dtype: float64",2022-01-01,2023-05-01 23:00:00,486 days,100.0,53.44739613626016,128.81585665431788,74.73145819903102,-25.268541800968976,-70.17976286600607,39.5661865569273,100.0,58.50868245227898,430 days 01:00:00,59,0.0,30,34.48275862068966,41.555624418964996,-25.376746232537677,16.0319511952151,-8.346017491203646,9 days 20:12:00,4 days 19:53:41.052631578,0.8315911795350172,-0.8371753927893799,0.022346575798921534,-0.3358110010439754,1.0012355329767648,0.034264884722559896,long
4079,"{'window_k': 237, 'window_d': 222, 'window_ma': 237}","open_time
2022-01-01 00:00:00    100.000000
2022-01-01 01:00:00    100.000000
2022-01-01 02:00:00    100.000000
2022-01-01 03:00:00    100.000000
2022-01-01 04:00:00    100.000000
                          ...    
2023-05-01 19:00:00     76.598875
2023-05-01 20:00:00     76.598875
2023-05-01 21:00:00     76.598875
2023-05-01 22:00:00     76.598875
2023-05-01 23:00:00     76.598875
Freq: H, Length: 11664, dtype: float64",2022-01-01,2023-05-01 23:00:00,486 days,100.0,57.18347929984712,124.36600139749811,76.59887509159695,-23.401124908403048,-70.17976286600607,33.813443072702334,100.0,54.02000654738628,349 days 17:00:00,34,0.0,17,35.294117647058826,37.903109182935644,-18.479474141138535,12.226834324987472,-7.806918388763282,13 days 09:10:00,7 days 15:21:49.090909091,0.6763378116805422,-1.3765367593178262,-0.11879665378025032,-0.3358854608485715,0.9936316501241066,-0.1668705435438607,long
2723,"{'window_k': 162, 'window_d': 162, 'window_ma': 57}","open_time
2022-01-01 00:00:00    100.000000
2022-01-01 01:00:00    100.000000
2022-01-01 02:00:00    100.000000
2022-01-01 03:00:00    100.000000
2022-01-01 04:00:00    100.000000
                          ...    
2023-05-01 19:00:00     74.060289
2023-05-01 20:00:00     73.890206
2023-05-01 21:00:00     74.262262
2023-05-01 22:00:00     74.591796
2023-05-01 23:00:00     74.591796
Freq: H, Length: 11664, dtype: float64",2022-01-01,2023-05-01 23:00:00,486 days,100.0,55.23241868221568,133.86139068084753,74.59179648941544,-25.408203510584553,-70.17976286600607,23.542524005486968,100.0,58.739096911146795,391 days 18:00:00,51,0.0,26,36.0,29.9033541785105,-14.747907736272708,8.578410013956454,-6.293623565741882,5 days 18:33:19.999999999,3 days 22:40:00,0.7079081085093006,-0.9980442741041871,-0.28746818367018034,-0.33641416781114375,0.9823551279889567,-0.4029062744691726,long
1018,"{'window_k': 57, 'window_d': 237, 'window_ma': 162}","open_time
2022-01-01 00:00:00    100.000000
2022-01-01 01:00:00    100.000000
2022-01-01 02:00:00    100.000000
2022-01-01 03:00:00    100.000000
2022-01-01 04:00:00    100.000000
                          ...    
2023-05-01 19:00:00     71.996857
2023-05-01 20:00:00     71.996857
2023-05-01 21:00:00     72.359378
2023-05-01 22:00:00     72.680469
2023-05-01 23:00:00     72.680469
Freq: H, Length: 11664, dtype: float64",2022-01-01,2023-05-01 23:00:00,486 days,100.0,48.435215137224084,132.13341155802482,72.68046933898948,-27.319530661010518,-70.17976286600607,34.936556927297666,100.0,63.343703484145394,391 days 18:00:00,51,0.0,26,32.0,40.41986989946777,-22.72123893805309,15.106961320141396,-7.773019785790572,10 days 05:15:00,5 days 04:03:31.764705882,0.7323248710309485,-1.12012573820541,-0.1717410636905668,-0.3364152449158393,0.9912804130751096,-0.2413103024719391,long
1981,"{'window_k': 117, 'window_d': 177, 'window_ma': 207}","open_time
2022-01-01 00:00:00    100.000000
2022-01-01 01:00:00    100.000000
2022-01-01 02:00:00    100.000000
2022-01-01 03:00:00    100.000000
2022-01-01 04:00:00    100.000000
                          ...    
2023-05-01 19:00:00     70.909414
2023-05-01 20:00:00     70.746568
2023-05-01 21:00:00     71.102794
2023-05-01 22:00:00     71.418309
2023-05-01 23:00:00     71.418309
Freq: H, Length: 11664, dtype: float64",2022-01-01,2023-05-01 23:00:00,486 days,100.0,46.04947308689697,136.87010984608781,71.41830911270434,-28.581690887295665,-70.17976286600607,37.002743484224965,100.0,66.35534731529025,396 days 18:00:00,53,0.0,27,34.61538461538461,47.47699614128823,-21.93840840408691,16.659808957031647,-9.100341133012318,10 days 02:46:40,5 days 03:03:31.764705882,0.7857881330088883,-1.0906837359581374,-0.14018930485366807,-0.33664689724268293,0.9927868234028151,-0.19725138382279764,long
68,"{'window_k': 12, 'window_d': 72, 'window_ma': 72}","open_time
2022-01-01 00:00:00    100.000000
2022-01-01 01:00:00    100.000000
2022-01-01 02:00:00    100.000000
2022-01-01 03:00:00    100.000000
2022-01-01 04:00:00    100.000000
                          ...    
2023-05-01 19:00:00     79.828296
2023-05-01 20:00:00     79.828296
2023-05-01 21:00:00     79.828296
2023-05-01 22:00:00     79.828296
2023-05-01 23:00:00     79.828296
Freq: H, Length: 11664, dtype: float64",2022-01-01,2023-05-01 23:00:00,486 days,100.0,67.22199500967344,125.0284607048196,79.82829641691396,-20.171703583086042,-70.17976286600607,33.873456790123456,100.0,46.234645591312024,355 days 14:00:00,178,0.0,89,40.44943820224719,20.199390750484625,-13.441909755145302,5.321308090251706,-3.7863924493958936,2 days 13:50:00,1 days 08:54:13.846153846,0.8917750053468833,-0.22664835486613533,0.08453112462870915,-0.33667553092527575,1.005325314589623,0.1349562509604239,long
3422,"{'window_k': 207, 'window_d': 87, 'window_ma': 222}","open_time
2022-01-01 00:00:00    100.000000
2022-01-01 01:00:00    100.000000
2022-01-01 02:00:00    100.000000
2022-01-01 03:00:00    100.000000
2022-01-01 04:00:00    100.000000
                          ...    
2023-05-01 19:00:00     71.547925
2023-05-01 20:00:00     71.383613
2023-05-01 21:00:00     71.743047
2023-05-01 22:00:00     72.061403
2023-05-01 23:00:00     72.061403
Freq: H, Length: 11664, dtype: float64",2022-01-01,2023-05-01 23:00:00,486 days,100.0,56.95460628509213,161.39468669537854,72.06140273278218,-27.938597267217812,-70.17976286600607,39.26611796982167,100.0,64.71097812991201,309 days 12:00:00,67,0.0,34,36.36363636363637,31.123318810380766,-19.642455588036874,12.450651680482492,-7.655980907749924,8 days 22:15:00,3 days 19:22:51.428571428,0.8291561819795756,-0.8503585398960132,0.007691932007555761,-0.3370943381396663,1.0004204782684643,0.011645820429951615,long
834,"{'window_k': 57, 'window_d': 72, 'window_ma': 42}","open_time
2022-01-01 00:00:00    100.000000
2022-01-01 01:00:00    100.000000
2022-01-01 02:00:00    100.000000
2022-01-01 03:00:00    100.000000
2022-01-01 04:00:00    100.000000
                          ...    
2023-05-01 19:00:00     77.376392
2023-05-01 20:00:00     77.376392
2023-05-01 21:00:00     77.376392
2023-05-01 22:00:00     77.376392
2023-05-01 23:00:00     77.376392
Freq: H, Length: 11664, dtype: float64",2022-01-01,2023-05-01 23:00:00,486 days,100.0,65.13957378975458,156.2176787815285,77.37639196571277,-22.62360803428723,-70.17976286600607,32.00445816186557,100.0,51.97413049100459,194 days 16:00:00,118,0.0,59,33.89830508474576,22.068435217224135,-17.91469194312797,7.893634797178266,-4.295315402464921,3 days 17:33:00,2 days 01:47:41.538461538,0.8693873210381412,-0.3834509836319868,0.014789811406523325,-0.3371159763909493,1.0009331925507718,0.022891781494146467,long
2264,"{'window_k': 132, 'window_d': 207, 'window_ma': 132}","open_time
2022-01-01 00:00:00    100.000000
2022-01-01 01:00:00    100.000000
2022-01-01 02:00:00    100.000000
2022-01-01 03:00:00    100.000000
2022-01-01 04:00:00    100.000000
                          ...    
2023-05-01 19:00:00     74.048135
2023-05-01 20:00:00     74.048135
2023-05-01 21:00:00     74.048135
2023-05-01 22:00:00     74.048135
2023-05-01 23:00:00     74.048135
Freq: H, Length: 11664, dtype: float64",2022-01-01,2023-05-01 23:00:00,486 days,100.0,49.13550172219764,122.55480607082632,74.04813451691062,-25.951865483089374,-70.17976286600607,32.54458161865569,100.0,59.907323672152465,451 days 16:00:00,45,0.0,23,40.909090909090914,40.36630036630037,-25.73325954620919,12.191110987502755,-9.108851913510103,8 days 17:20:00,6 days 02:55:23.076923076,0.7205188655334072,-1.179630249231335,-0.15326224648373915,-0.33719222606892324,0.9918266826689321,-0.21469950037767577,long
1187,"{'window_k': 72, 'window_d': 162, 'window_ma': 57}","open_time
2022-01-01 00:00:00    100.000000
2022-01-01 01:00:00    100.000000
2022-01-01 02:00:00    100.000000
2022-01-01 03:00:00    100.000000
2022-01-01 04:00:00    100.000000
                          ...    
2023-05-01 19:00:00     73.037924
2023-05-01 20:00:00     72.870189
2023-05-01 21:00:00     73.237109
2023-05-01 22:00:00     73.562095
2023-05-01 23:00:00     73.562095
Freq: H, Length: 11664, dtype: float64",2022-01-01,2023-05-01 23:00:00,486 days,100.0,48.61242856175271,124.88647659276377,73.56209457268088,-26.437905427319127,-70.17976286600607,27.872085048010973,100.0,61.07470569429978,451 days 16:00:00,67,0.0,34,36.36363636363637,29.633131618759478,-16.308985132514533,9.428264808765393,-6.090535793181044,5 days 04:55:00,3 days 08:00:00,0.7450777842069679,-0.8192563591198048,-0.23403346899260555,-0.3371934270510864,0.9864849960263585,-0.3229665542141403,long
2178,"{'window_k': 132, 'window_d': 132, 'window_ma': 42}","open_time
2022-01-01 00:00:00    100.000000
2022-01-01 01:00:00    100.000000
2022-01-01 02:00:00    100.000000
2022-01-01 03:00:00    100.000000
2022-01-01 04:00:00    100.000000
                          ...    
2023-05-01 19:00:00     78.221346
2023-05-01 20:00:00     78.221346
2023-05-01 21:00:00     78.221346
2023-05-01 22:00:00     78.221346
2023-05-01 23:00:00     78.221346
Freq: H, Length: 11664, dtype: float64",2022-01-01,2023-05-01 23:00:00,486 days,100.0,64.38579720476811,128.65678247399867,78.22134555237332,-21.77865444762668,-70.17976286600607,28.540809327846368,100.0,49.95538053520002,451 days 16:00:00,64,0.0,32,34.375,29.601518026565465,-17.43063525281847,9.487889260834857,-5.425348081166764,5 days 03:38:10.909090909,3 days 21:45:42.857142857,0.7978415098074668,-0.6805829514883337,-0.11400797017953021,-0.33721683522724594,0.9934603218554786,-0.1590737850737981,long
996,"{'window_k': 57, 'window_d': 222, 'window_ma': 72}","open_time
2022-01-01 00:00:00    100.000000
2022-01-01 01:00:00    100.000000
2022-01-01 02:00:00    100.000000
2022-01-01 03:00:00    100.000000
2022-01-01 04:00:00    100.000000
                          ...    
2023-05-01 19:00:00     69.524217
2023-05-01 20:00:00     69.364552
2023-05-01 21:00:00     69.713819
2023-05-01 22:00:00     70.023171
2023-05-01 23:00:00     70.023171
Freq: H, Length: 11664, dtype: float64",2022-01-01,2023-05-01 23:00:00,486 days,100.0,42.255485742198765,139.08567723939044,70.02317081001381,-29.976829189986194,-70.17976286600607,31.095679012345677,100.0,69.61909624276424,355 days 14:00:00,55,0.0,28,37.03703703703704,31.546040166729828,-21.711030781027482,10.751333900148193,-7.40877522588934,6 days 12:48:00,4 days 23:21:10.588235294,0.7129275911680784,-1.0925123547957734,-0.1472556506519682,-0.33727099434055446,0.9910535957707107,-0.21722737620848404,long
1044,"{'window_k': 72, 'window_d': 27, 'window_ma': 72}","open_time
2022-01-01 00:00:00    100.000
2022-01-01 01:00:00    100.000
2022-01-01 02:00:00    100.000
2022-01-01 03:00:00    100.000
2022-01-01 04:00:00    100.000
                        ...   
2023-05-01 19:00:00     68.307
2023-05-01 20:00:00     68.307
2023-05-01 21:00:00     68.307
2023-05-01 22:00:00     68.307
2023-05-01 23:00:00     68.307
Freq: H, Length: 11664, dtype: float64",2022-01-01,2023-05-01 23:00:00,486 days,100.0,26.712985449668842,101.97265717394389,68.30700024177708,-31.69299975822292,-70.17976286600607,37.34567901234568,100.0,73.80377623768094,477 days 04:00:00,210,0.0,105,40.0,27.932053175775494,-14.512437051732032,5.735229928897163,-4.057327980558511,2 days 07:30:00,1 days 08:08:34.285714285,0.7807664954559841,-0.3018380929354567,-0.07026989239780386,-0.33729050247881964,0.9959213130413654,-0.10951210592488975,long
1053,"{'window_k': 72, 'window_d': 27, 'window_ma': 207}","open_time
2022-01-01 00:00:00    100.000000
2022-01-01 01:00:00    100.000000
2022-01-01 02:00:00    100.000000
2022-01-01 03:00:00    100.000000
2022-01-01 04:00:00    100.000000
                          ...    
2023-05-01 19:00:00     68.521759
2023-05-01 20:00:00     68.521759
2023-05-01 21:00:00     68.521759
2023-05-01 22:00:00     68.521759
2023-05-01 23:00:00     68.521759
Freq: H, Length: 11664, dtype: float64",2022-01-01,2023-05-01 23:00:00,486 days,100.0,27.25753636424301,101.97265717394389,68.52175946341336,-31.47824053658664,-70.17976286600607,37.15706447187929,100.0,73.26975963983425,477 days 04:00:00,210,0.0,105,38.095238095238095,27.93205317577549,-14.512437051732046,6.039940433763128,-3.9382722727080073,2 days 08:22:30,1 days 07:59:04.615384615,0.7855784256715935,-0.29979276701511126,-0.06733900058161509,-0.33732928899099146,0.9960798156741947,-0.1049759275267862,long
3421,"{'window_k': 207, 'window_d': 87, 'window_ma': 207}","open_time
2022-01-01 00:00:00    100.000000
2022-01-01 01:00:00    100.000000
2022-01-01 02:00:00    100.000000
2022-01-01 03:00:00    100.000000
2022-01-01 04:00:00    100.000000
                          ...    
2023-05-01 19:00:00     71.324689
2023-05-01 20:00:00     71.160889
2023-05-01 21:00:00     71.519201
2023-05-01 22:00:00     71.836564
2023-05-01 23:00:00     71.836564
Freq: H, Length: 11664, dtype: float64",2022-01-01,2023-05-01 23:00:00,486 days,100.0,58.017799497900604,166.75735818387534,71.83656399410319,-28.163436005896813,-70.17976286600607,39.231824417009605,100.0,65.20825219962578,309 days 12:00:00,67,0.0,34,36.36363636363637,31.123318810380766,-19.64245558803687,12.774189208076312,-7.8235284703846375,8 days 19:50:00,3 days 20:34:17.142857142,0.8340179691170422,-0.8571601833698566,0.0006458151085082497,-0.33733442610739506,1.00003552662424,0.000977698745808365,long
986,"{'window_k': 57, 'window_d': 207, 'window_ma': 162}","open_time
2022-01-01 00:00:00    100.000000
2022-01-01 01:00:00    100.000000
2022-01-01 02:00:00    100.000000
2022-01-01 03:00:00    100.000000
2022-01-01 04:00:00    100.000000
                          ...    
2023-05-01 19:00:00     70.894702
2023-05-01 20:00:00     70.731889
2023-05-01 21:00:00     71.088042
2023-05-01 22:00:00     71.403491
2023-05-01 23:00:00     71.403491
Freq: H, Length: 11664, dtype: float64",2022-01-01,2023-05-01 23:00:00,486 days,100.0,43.02322120276976,127.44337858154165,71.40349089862382,-28.59650910137618,-70.17976286600607,37.765775034293554,100.0,66.24130521206925,355 days 14:00:00,55,0.0,28,33.33333333333333,43.622095707031846,-19.541431030243412,14.950578311692567,-8.019763232378839,10 days 13:06:40,4 days 19:36:40,0.7358807537223602,-1.0621450144439986,-0.08659490067150342,-0.33740917123737924,0.995269408569046,-0.1285456569728449,long
3417,"{'window_k': 207, 'window_d': 87, 'window_ma': 147}","open_time
2022-01-01 00:00:00    100.000000
2022-01-01 01:00:00    100.000000
2022-01-01 02:00:00    100.000000
2022-01-01 03:00:00    100.000000
2022-01-01 04:00:00    100.000000
                          ...    
2023-05-01 19:00:00     71.502449
2023-05-01 20:00:00     71.338241
2023-05-01 21:00:00     71.697446
2023-05-01 22:00:00     72.015600
2023-05-01 23:00:00     72.015600
Freq: H, Length: 11664, dtype: float64",2022-01-01,2023-05-01 23:00:00,486 days,100.0,56.918405508578005,161.39468669537854,72.01559996272061,-27.984400037279382,-70.17976286600607,40.663580246913575,100.0,64.73340809787152,309 days 12:00:00,67,0.0,34,36.36363636363637,31.123318810380773,-19.64245558803687,12.61137589510579,-7.748147102863776,8 days 21:10:00,4 days 03:45:42.857142857,0.8319877468735555,-0.8517441290249295,0.009214269611909298,-0.3375541457651921,1.0004973348987625,0.01394701146362329,long
2242,"{'window_k': 132, 'window_d': 192, 'window_ma': 42}","open_time
2022-01-01 00:00:00    100.000000
2022-01-01 01:00:00    100.000000
2022-01-01 02:00:00    100.000000
2022-01-01 03:00:00    100.000000
2022-01-01 04:00:00    100.000000
                          ...    
2023-05-01 19:00:00     74.050835
2023-05-01 20:00:00     73.880774
2023-05-01 21:00:00     74.252782
2023-05-01 22:00:00     74.582275
2023-05-01 23:00:00     74.582275
Freq: H, Length: 11664, dtype: float64",2022-01-01,2023-05-01 23:00:00,486 days,100.0,51.31374285190909,123.8147762099535,74.58227475549425,-25.417725244505746,-70.17976286600607,25.99451303155007,100.0,58.55604280631573,424 days 03:00:00,51,0.0,26,32.0,34.48673587081891,-24.359960443907266,12.619190679942113,-6.755331789818905,5 days 19:30:00,4 days 15:42:21.176470588,0.7326698174748467,-1.0656014800489024,-0.2486451944609104,-0.33759721635509343,0.9853012957979658,-0.3481727817502451,long
3687,"{'window_k': 222, 'window_d': 102, 'window_ma': 117}","open_time
2022-01-01 00:00:00    100.000000
2022-01-01 01:00:00    100.000000
2022-01-01 02:00:00    100.000000
2022-01-01 03:00:00    100.000000
2022-01-01 04:00:00    100.000000
                          ...    
2023-05-01 19:00:00     71.410048
2023-05-01 20:00:00     71.246052
2023-05-01 21:00:00     71.604793
2023-05-01 22:00:00     71.922536
2023-05-01 23:00:00     71.922536
Freq: H, Length: 11664, dtype: float64",2022-01-01,2023-05-01 23:00:00,486 days,100.0,57.02485257652145,162.68901290554948,71.92253577306107,-28.07746422693893,-70.17976286600607,35.86248285322359,100.0,64.94855334230361,309 days 12:00:00,63,0.0,32,32.25806451612903,31.346704871060165,-25.072951739618414,14.887726465631545,-7.455714349279042,7 days 12:18:00,4 days 14:00:00,0.8268835960705984,-0.9010957305511837,-0.039426614102436454,-0.33760396358700895,0.9976913306826042,-0.05999451832548966,long
958,"{'window_k': 57, 'window_d': 177, 'window_ma': 222}","open_time
2022-01-01 00:00:00    100.000000
2022-01-01 01:00:00    100.000000
2022-01-01 02:00:00    100.000000
2022-01-01 03:00:00    100.000000
2022-01-01 04:00:00    100.000000
                          ...    
2023-05-01 19:00:00     71.172944
2023-05-01 20:00:00     71.009492
2023-05-01 21:00:00     71.367043
2023-05-01 22:00:00     71.683730
2023-05-01 23:00:00     71.683730
Freq: H, Length: 11664, dtype: float64",2022-01-01,2023-05-01 23:00:00,486 days,100.0,47.24403174493639,136.9364911710249,71.68372999559669,-28.31627000440331,-70.17976286600607,37.77434842249657,100.0,65.49931187740773,391 days 18:00:00,63,0.0,32,29.03225806451613,39.55439416861506,-26.76644121456325,16.013530466043477,-6.918045415305743,8 days 05:20:00,4 days 20:35:27.272727272,0.7931098695704214,-0.9091440516853302,-0.15897655730717997,-0.33773877035426086,0.9922089498967508,-0.22061832038864432,long
3736,"{'window_k': 222, 'window_d': 147, 'window_ma': 132}","open_time
2022-01-01 00:00:00    100.000000
2022-01-01 01:00:00    100.000000
2022-01-01 02:00:00    100.000000
2022-01-01 03:00:00    100.000000
2022-01-01 04:00:00    100.000000
                          ...    
2023-05-01 19:00:00     77.635767
2023-05-01 20:00:00     77.457473
2023-05-01 21:00:00     77.847491
2023-05-01 22:00:00     78.192935
2023-05-01 23:00:00     78.192935
Freq: H, Length: 11664, dtype: float64",2022-01-01,2023-05-01 23:00:00,486 days,100.0,62.271380049057754,124.40355194179949,78.19293483111039,-21.807065168889608,-70.17976286600607,35.77674897119342,100.0,49.94404976620718,451 days 16:00:00,47,0.0,24,34.78260869565217,34.694477085781436,-23.788642841482133,14.729694301248033,-8.105180691675521,9 days 13:15:00,6 days 09:52:00,0.8072512729694001,-0.9491022557624684,-0.009368614739825318,-0.3377475252807976,0.9994934933695802,-0.013603555788273654,long
2614,"{'window_k': 162, 'window_d': 57, 'window_ma': 102}","open_time
2022-01-01 00:00:00    100.000000
2022-01-01 01:00:00    100.000000
2022-01-01 02:00:00    100.000000
2022-01-01 03:00:00    100.000000
2022-01-01 04:00:00    100.000000
                          ...    
2023-05-01 19:00:00     79.791679
2023-05-01 20:00:00     79.608434
2023-05-01 21:00:00     80.009282
2023-05-01 22:00:00     80.364319
2023-05-01 23:00:00     80.364319
Freq: H, Length: 11664, dtype: float64",2022-01-01,2023-05-01 23:00:00,486 days,100.0,63.118687713715374,124.49080740040942,80.3643189716335,-19.635681028366506,-70.17976286600607,36.62551440329218,100.0,44.8260305644843,194 days 16:00:00,101,0.0,51,40.0,21.47392726573021,-20.093245394587218,7.676919585285844,-5.221808906500928,4 days 04:39:00,2 days 22:58:00,0.8811528540152049,-0.3533159780901429,0.09099605137039041,-0.3377643378946604,1.0053117853809264,0.13946177212111208,long
2695,"{'window_k': 162, 'window_d': 132, 'window_ma': 117}","open_time
2022-01-01 00:00:00    100.000000
2022-01-01 01:00:00    100.000000
2022-01-01 02:00:00    100.000000
2022-01-01 03:00:00    100.000000
2022-01-01 04:00:00    100.000000
                          ...    
2023-05-01 19:00:00     73.371036
2023-05-01 20:00:00     73.202536
2023-05-01 21:00:00     73.571129
2023-05-01 22:00:00     73.897597
2023-05-01 23:00:00     73.897597
Freq: H, Length: 11664, dtype: float64",2022-01-01,2023-05-01 23:00:00,486 days,100.0,59.175898821409874,148.55714674818404,73.8975972632691,-26.102402736730895,-70.17976286600607,36.91700960219479,100.0,60.16623897487905,309 days 12:00:00,59,0.0,30,37.93103448275862,30.205949656750576,-14.595021037868165,9.756582557669477,-6.7511981146283135,6 days 23:10:54.545454545,5 days 13:23:20,0.7869476768776197,-0.8949988139245826,-0.07525772278975393,-0.33776673512751865,0.995996057899102,-0.10769333584446977,long
2121,"{'window_k': 132, 'window_d': 72, 'window_ma': 147}","open_time
2022-01-01 00:00:00    100.000000
2022-01-01 01:00:00    100.000000
2022-01-01 02:00:00    100.000000
2022-01-01 03:00:00    100.000000
2022-01-01 04:00:00    100.000000
                          ...    
2023-05-01 19:00:00     77.614406
2023-05-01 20:00:00     77.436161
2023-05-01 21:00:00     77.826071
2023-05-01 22:00:00     78.171420
2023-05-01 23:00:00     78.171420
Freq: H, Length: 11664, dtype: float64",2022-01-01,2023-05-01 23:00:00,486 days,100.0,52.57666352921429,127.10591450475064,78.17142017908361,-21.82857982091639,-70.17976286600607,39.128943758573385,100.0,49.97976412221106,194 days 16:00:00,91,0.0,46,40.0,24.895551732612432,-20.714684533780005,9.600705610633959,-6.484237920405511,5 days 16:39:59.999999999,3 days 01:11:06.666666666,0.8735531634433614,-0.45611479563098456,0.07232265746179568,-0.33784990285747324,1.0040428709536398,0.11042318150410109,long
2119,"{'window_k': 132, 'window_d': 72, 'window_ma': 117}","open_time
2022-01-01 00:00:00    100.000000
2022-01-01 01:00:00    100.000000
2022-01-01 02:00:00    100.000000
2022-01-01 03:00:00    100.000000
2022-01-01 04:00:00    100.000000
                          ...    
2023-05-01 19:00:00     77.646647
2023-05-01 20:00:00     77.468328
2023-05-01 21:00:00     77.858400
2023-05-01 22:00:00     78.203893
2023-05-01 23:00:00     78.203893
Freq: H, Length: 11664, dtype: float64",2022-01-01,2023-05-01 23:00:00,486 days,100.0,53.40311179305005,135.5266645489602,78.20389253339947,-21.79610746660053,-70.17976286600607,38.21159122085048,100.0,49.801765087160774,194 days 16:00:00,91,0.0,46,40.0,24.895551732612432,-20.714684533780012,9.345164560222265,-6.335547559551688,5 days 12:26:40,3 days 00:02:13.333333333,0.8753354098826371,-0.45538115581754735,0.06738302485546661,-0.33853679712147977,1.0038238011381315,0.10308611028470088,long
2356,"{'window_k': 147, 'window_d': 57, 'window_ma': 72}","open_time
2022-01-01 00:00:00    100.000000
2022-01-01 01:00:00    100.000000
2022-01-01 02:00:00    100.000000
2022-01-01 03:00:00    100.000000
2022-01-01 04:00:00    100.000000
                          ...    
2023-05-01 19:00:00     79.366432
2023-05-01 20:00:00     79.366432
2023-05-01 21:00:00     79.366432
2023-05-01 22:00:00     79.366432
2023-05-01 23:00:00     79.366432
Freq: H, Length: 11664, dtype: float64",2022-01-01,2023-05-01 23:00:00,486 days,100.0,70.8606648555171,133.85328806944665,79.36643249965582,-20.633567500344185,-70.17976286600607,35.88820301783265,100.0,47.06094569843312,355 days 14:00:00,96,0.0,48,35.41666666666667,24.051876596580875,-20.093245394587214,8.941472499395879,-5.102362000265484,4 days 13:24:42.352941176,3 days 03:01:56.129032258,0.8690036700200211,-0.42986598959050415,0.07753197367411918,-0.33856575068708505,1.0045873785460802,0.11869076945706615,long
2869,"{'window_k': 177, 'window_d': 57, 'window_ma': 87}","open_time
2022-01-01 00:00:00    100.000000
2022-01-01 01:00:00    100.000000
2022-01-01 02:00:00    100.000000
2022-01-01 03:00:00    100.000000
2022-01-01 04:00:00    100.000000
                          ...    
2023-05-01 19:00:00     79.555659
2023-05-01 20:00:00     79.555659
2023-05-01 21:00:00     79.555659
2023-05-01 22:00:00     79.555659
2023-05-01 23:00:00     79.555659
Freq: H, Length: 11664, dtype: float64",2022-01-01,2023-05-01 23:00:00,486 days,100.0,60.14941131515347,112.59627329192546,79.5556588521752,-20.4443411478248,-70.17976286600607,35.871056241426615,100.0,46.57957181299807,469 days 22:00:00,100,0.0,50,40.0,21.847109041521147,-17.404292985173704,7.531890572526856,-5.456360948880162,4 days 20:51:00,2 days 13:55:51.724137931,0.852327829121695,-0.4088868229564948,0.07135920328938841,-0.3388339028809229,1.0042231135476951,0.10984556386668783,long
1052,"{'window_k': 72, 'window_d': 27, 'window_ma': 192}","open_time
2022-01-01 00:00:00    100.000000
2022-01-01 01:00:00    100.000000
2022-01-01 02:00:00    100.000000
2022-01-01 03:00:00    100.000000
2022-01-01 04:00:00    100.000000
                          ...    
2023-05-01 19:00:00     68.353085
2023-05-01 20:00:00     68.353085
2023-05-01 21:00:00     68.353085
2023-05-01 22:00:00     68.353085
2023-05-01 23:00:00     68.353085
Freq: H, Length: 11664, dtype: float64",2022-01-01,2023-05-01 23:00:00,486 days,100.0,27.19043876573756,101.97265717394389,68.35308517664268,-31.64691482335732,-70.17976286600607,37.38854595336077,100.0,73.33555923784903,477 days 04:00:00,210,0.0,105,38.095238095238095,27.93205317577549,-14.512437051732046,6.039940433763126,-3.9423579350562488,2 days 08:22:30,1 days 08:24:00,0.7844133725998408,-0.3013991887938796,-0.06972604138098162,-0.3389250687525137,0.9959511020231488,-0.10865262310109199,long
3817,"{'window_k': 222, 'window_d': 222, 'window_ma': 147}","open_time
2022-01-01 00:00:00    100.000000
2022-01-01 01:00:00    100.000000
2022-01-01 02:00:00    100.000000
2022-01-01 03:00:00    100.000000
2022-01-01 04:00:00    100.000000
                          ...    
2023-05-01 19:00:00     78.286931
2023-05-01 20:00:00     78.286931
2023-05-01 21:00:00     78.286931
2023-05-01 22:00:00     78.286931
2023-05-01 23:00:00     78.286931
Freq: H, Length: 11664, dtype: float64",2022-01-01,2023-05-01 23:00:00,486 days,100.0,70.5700631354243,139.8776840609004,78.28693090965974,-21.713069090340255,-70.17976286600607,29.835390946502056,100.0,49.54873351727837,349 days 17:00:00,36,0.0,18,44.44444444444444,22.7466222468999,-18.72140472363053,6.863918424132731,-7.156547062815638,8 days 04:07:30,7 days 23:06:00,0.6817321649274444,-1.2062816161300147,-0.11928525031797961,-0.3389276950551806,0.9932329623593956,-0.1678164021746635,long
2998,"{'window_k': 177, 'window_d': 177, 'window_ma': 102}","open_time
2022-01-01 00:00:00    100.000000
2022-01-01 01:00:00    100.000000
2022-01-01 02:00:00    100.000000
2022-01-01 03:00:00    100.000000
2022-01-01 04:00:00    100.000000
                          ...    
2023-05-01 19:00:00     74.218969
2023-05-01 20:00:00     74.048522
2023-05-01 21:00:00     74.421374
2023-05-01 22:00:00     74.751615
2023-05-01 23:00:00     74.751615
Freq: H, Length: 11664, dtype: float64",2022-01-01,2023-05-01 23:00:00,486 days,100.0,51.37868124959815,122.01297332409126,74.75161505505304,-25.24838494494696,-70.17976286600607,31.009945130315504,100.0,57.89080468260869,391 days 18:00:00,47,0.0,24,26.08695652173913,43.46549192364168,-12.521805081532039,16.02579565201547,-6.464648135073905,9 days 12:30:00,5 days 11:00:00,0.6975040987118913,-1.1704736987956963,-0.17502877303184455,-0.33911400808575476,0.9905205504587086,-0.24570996597167508,long
385,"{'window_k': 27, 'window_d': 132, 'window_ma': 27}","open_time
2022-01-01 00:00:00    100.000000
2022-01-01 01:00:00    100.000000
2022-01-01 02:00:00    100.000000
2022-01-01 03:00:00    100.000000
2022-01-01 04:00:00    100.000000
                          ...    
2023-05-01 19:00:00     76.526924
2023-05-01 20:00:00     76.351177
2023-05-01 21:00:00     76.735624
2023-05-01 22:00:00     77.076134
2023-05-01 23:00:00     77.076134
Freq: H, Length: 11664, dtype: float64",2022-01-01,2023-05-01 23:00:00,486 days,100.0,54.28489531300355,113.94682048154564,77.07613421024553,-22.923865789754473,-70.17976286600607,29.252400548696844,100.0,52.35944707926685,451 days 16:00:00,93,0.0,47,39.130434782608695,21.203213795806384,-18.30626450116009,6.2123283421452316,-4.499539266608271,4 days 05:46:40,2 days 04:12:51.428571428,0.7818225159251492,-0.5052697304645375,-0.13206345950068166,-0.33922814640768123,0.9925002740805106,-0.1837196203556201,long
2018,"{'window_k': 117, 'window_d': 222, 'window_ma': 42}","open_time
2022-01-01 00:00:00    100.000000
2022-01-01 01:00:00    100.000000
2022-01-01 02:00:00    100.000000
2022-01-01 03:00:00    100.000000
2022-01-01 04:00:00    100.000000
                          ...    
2023-05-01 19:00:00     76.787864
2023-05-01 20:00:00     76.787864
2023-05-01 21:00:00     76.787864
2023-05-01 22:00:00     76.787864
2023-05-01 23:00:00     76.787864
Freq: H, Length: 11664, dtype: float64",2022-01-01,2023-05-01 23:00:00,486 days,100.0,56.35238067597843,119.97523730912091,76.7878638288516,-23.2121361711484,-70.17976286600607,23.69684499314129,100.0,53.02999023808196,451 days 16:00:00,46,0.0,23,34.78260869565217,28.39053037254542,-24.299789660135065,10.508585185739575,-6.399192304506153,5 days 18:37:30,4 days 14:20:00,0.7172108579358385,-1.0092233117890608,-0.236668668584583,-0.3392967813596761,0.9854126423021176,-0.3317421376697641,long
3950,"{'window_k': 237, 'window_d': 102, 'window_ma': 222}","open_time
2022-01-01 00:00:00    100.000000
2022-01-01 01:00:00    100.000000
2022-01-01 02:00:00    100.000000
2022-01-01 03:00:00    100.000000
2022-01-01 04:00:00    100.000000
                          ...    
2023-05-01 19:00:00     75.700804
2023-05-01 20:00:00     75.526954
2023-05-01 21:00:00     75.907251
2023-05-01 22:00:00     76.244085
2023-05-01 23:00:00     76.244085
Freq: H, Length: 11664, dtype: float64",2022-01-01,2023-05-01 23:00:00,486 days,100.0,59.7679983265421,130.81276735846507,76.24408540373452,-23.755914596265484,-70.17976286600607,39.55761316872428,100.0,54.310271441043376,355 days 14:00:00,63,0.0,32,32.25806451612903,41.424148606811144,-25.375982042648708,16.269883331081893,-7.6584516164906695,9 days 21:36:00,4 days 07:34:17.142857142,0.8444797291344978,-0.7610622655621562,0.05903598014698651,-0.33933621914286854,1.0032401675939537,0.08938829196689224,long
1003,"{'window_k': 57, 'window_d': 222, 'window_ma': 177}","open_time
2022-01-01 00:00:00    100.000000
2022-01-01 01:00:00    100.000000
2022-01-01 02:00:00    100.000000
2022-01-01 03:00:00    100.000000
2022-01-01 04:00:00    100.000000
                          ...    
2023-05-01 19:00:00     70.820606
2023-05-01 20:00:00     70.657963
2023-05-01 21:00:00     71.013744
2023-05-01 22:00:00     71.328863
2023-05-01 23:00:00     71.328863
Freq: H, Length: 11664, dtype: float64",2022-01-01,2023-05-01 23:00:00,486 days,100.0,44.3497319205636,130.50413657112026,71.32886334185785,-28.671136658142142,-70.17976286600607,35.7253086419753,100.0,66.01660829624774,430 days 01:00:00,55,0.0,28,29.629629629629626,43.772189349112416,-21.711030781027485,16.02318882885842,-7.2742556596925345,10 days 02:52:30,4 days 19:28:25.263157894,0.7238322371200903,-1.0438225710564004,-0.09006034869600094,-0.339480967762317,0.9948987737567935,-0.133057230632634,long
1930,"{'window_k': 117, 'window_d': 132, 'window_ma': 162}","open_time
2022-01-01 00:00:00    100.000000
2022-01-01 01:00:00    100.000000
2022-01-01 02:00:00    100.000000
2022-01-01 03:00:00    100.000000
2022-01-01 04:00:00    100.000000
                          ...    
2023-05-01 19:00:00     73.717218
2023-05-01 20:00:00     73.547923
2023-05-01 21:00:00     73.918255
2023-05-01 22:00:00     74.246263
2023-05-01 23:00:00     74.246263
Freq: H, Length: 11664, dtype: float64",2022-01-01,2023-05-01 23:00:00,486 days,100.0,54.74007698452091,133.49138677088962,74.24626340288052,-25.753736597119488,-70.17976286600607,38.460219478738,100.0,58.99355133790696,391 days 18:00:00,63,0.0,32,32.25806451612903,37.15755805868446,-17.38808979701573,12.036359362659848,-6.255689922638464,7 days 04:24:00,5 days 07:45:42.857142857,0.7728249516918235,-0.8440771673157803,-0.0840527410745549,-0.33969778664549394,0.9959065363627578,-0.11768804299683708,long
76,"{'window_k': 12, 'window_d': 72, 'window_ma': 192}","open_time
2022-01-01 00:00:00    100.000000
2022-01-01 01:00:00    100.000000
2022-01-01 02:00:00    100.000000
2022-01-01 03:00:00    100.000000
2022-01-01 04:00:00    100.000000
                          ...    
2023-05-01 19:00:00     79.532036
2023-05-01 20:00:00     79.532036
2023-05-01 21:00:00     79.532036
2023-05-01 22:00:00     79.532036
2023-05-01 23:00:00     79.532036
Freq: H, Length: 11664, dtype: float64",2022-01-01,2023-05-01 23:00:00,486 days,100.0,66.50431334424678,124.1996488731279,79.53203557307933,-20.467964426920673,-70.17976286600607,34.89368998628258,100.0,46.45370260894852,355 days 14:00:00,178,0.0,89,38.20224719101123,20.199390750484618,-13.441909755145295,5.774339704216508,-3.736829449081934,2 days 18:00:00,1 days 09:33:20,0.8933782842114373,-0.2299771283923675,0.08201927410574646,-0.34015631196791635,1.0051019857973444,0.13078838793928615,long
72,"{'window_k': 12, 'window_d': 72, 'window_ma': 132}","open_time
2022-01-01 00:00:00    100.000000
2022-01-01 01:00:00    100.000000
2022-01-01 02:00:00    100.000000
2022-01-01 03:00:00    100.000000
2022-01-01 04:00:00    100.000000
                          ...    
2023-05-01 19:00:00     79.532036
2023-05-01 20:00:00     79.532036
2023-05-01 21:00:00     79.532036
2023-05-01 22:00:00     79.532036
2023-05-01 23:00:00     79.532036
Freq: H, Length: 11664, dtype: float64",2022-01-01,2023-05-01 23:00:00,486 days,100.0,66.50431334424678,124.1996488731279,79.53203557307933,-20.467964426920673,-70.17976286600607,34.89368998628258,100.0,46.45370260894852,355 days 14:00:00,178,0.0,89,38.20224719101123,20.199390750484618,-13.441909755145295,5.774339704216508,-3.736829449081934,2 days 18:00:00,1 days 09:33:20,0.8933782842114373,-0.2299771283923675,0.08201927410574646,-0.34015631196791635,1.0051019857973444,0.13078838793928615,long
78,"{'window_k': 12, 'window_d': 72, 'window_ma': 222}","open_time
2022-01-01 00:00:00    100.000000
2022-01-01 01:00:00    100.000000
2022-01-01 02:00:00    100.000000
2022-01-01 03:00:00    100.000000
2022-01-01 04:00:00    100.000000
                          ...    
2023-05-01 19:00:00     79.532036
2023-05-01 20:00:00     79.532036
2023-05-01 21:00:00     79.532036
2023-05-01 22:00:00     79.532036
2023-05-01 23:00:00     79.532036
Freq: H, Length: 11664, dtype: float64",2022-01-01,2023-05-01 23:00:00,486 days,100.0,66.50431334424678,124.1996488731279,79.53203557307933,-20.467964426920673,-70.17976286600607,34.89368998628258,100.0,46.45370260894852,355 days 14:00:00,178,0.0,89,38.20224719101123,20.199390750484618,-13.441909755145295,5.774339704216508,-3.736829449081934,2 days 18:00:00,1 days 09:33:20,0.8933782842114373,-0.2299771283923675,0.08201927410574646,-0.34015631196791635,1.0051019857973444,0.13078838793928615,long
70,"{'window_k': 12, 'window_d': 72, 'window_ma': 102}","open_time
2022-01-01 00:00:00    100.000000
2022-01-01 01:00:00    100.000000
2022-01-01 02:00:00    100.000000
2022-01-01 03:00:00    100.000000
2022-01-01 04:00:00    100.000000
                          ...    
2023-05-01 19:00:00     79.532036
2023-05-01 20:00:00     79.532036
2023-05-01 21:00:00     79.532036
2023-05-01 22:00:00     79.532036
2023-05-01 23:00:00     79.532036
Freq: H, Length: 11664, dtype: float64",2022-01-01,2023-05-01 23:00:00,486 days,100.0,66.50431334424678,124.1996488731279,79.53203557307933,-20.467964426920673,-70.17976286600607,34.89368998628258,100.0,46.45370260894852,355 days 14:00:00,178,0.0,89,38.20224719101123,20.199390750484618,-13.441909755145295,5.774339704216508,-3.736829449081934,2 days 18:00:00,1 days 09:33:20,0.8933782842114373,-0.2299771283923675,0.08201927410574646,-0.34015631196791635,1.0051019857973444,0.13078838793928615,long
73,"{'window_k': 12, 'window_d': 72, 'window_ma': 147}","open_time
2022-01-01 00:00:00    100.000000
2022-01-01 01:00:00    100.000000
2022-01-01 02:00:00    100.000000
2022-01-01 03:00:00    100.000000
2022-01-01 04:00:00    100.000000
                          ...    
2023-05-01 19:00:00     79.532036
2023-05-01 20:00:00     79.532036
2023-05-01 21:00:00     79.532036
2023-05-01 22:00:00     79.532036
2023-05-01 23:00:00     79.532036
Freq: H, Length: 11664, dtype: float64",2022-01-01,2023-05-01 23:00:00,486 days,100.0,66.50431334424678,124.1996488731279,79.53203557307933,-20.467964426920673,-70.17976286600607,34.89368998628258,100.0,46.45370260894852,355 days 14:00:00,178,0.0,89,38.20224719101123,20.199390750484618,-13.441909755145295,5.774339704216508,-3.736829449081934,2 days 18:00:00,1 days 09:33:20,0.8933782842114373,-0.2299771283923675,0.08201927410574646,-0.34015631196791635,1.0051019857973444,0.13078838793928615,long
4076,"{'window_k': 237, 'window_d': 222, 'window_ma': 192}","open_time
2022-01-01 00:00:00    100.000000
2022-01-01 01:00:00    100.000000
2022-01-01 02:00:00    100.000000
2022-01-01 03:00:00    100.000000
2022-01-01 04:00:00    100.000000
                          ...    
2023-05-01 19:00:00     74.843474
2023-05-01 20:00:00     74.843474
2023-05-01 21:00:00     74.843474
2023-05-01 22:00:00     74.843474
2023-05-01 23:00:00     74.843474
Freq: H, Length: 11664, dtype: float64",2022-01-01,2023-05-01 23:00:00,486 days,100.0,54.83233556351305,128.97681334260605,74.84347373854047,-25.156526261459533,-70.17976286600607,32.63031550068587,100.0,57.4866721060476,424 days 03:00:00,34,0.0,17,35.294117647058826,37.90310918293566,-18.47947414113853,14.505860298525395,-9.135381413521854,12 days 00:00:00,7 days 20:54:32.727272727,0.7040664123523125,-1.4797956624387947,-0.16612672294200867,-0.34020793252313924,0.9909245844184318,-0.2326536346844069,long
983,"{'window_k': 57, 'window_d': 207, 'window_ma': 117}","open_time
2022-01-01 00:00:00    100.000000
2022-01-01 01:00:00    100.000000
2022-01-01 02:00:00    100.000000
2022-01-01 03:00:00    100.000000
2022-01-01 04:00:00    100.000000
                          ...    
2023-05-01 19:00:00     70.197700
2023-05-01 20:00:00     70.036488
2023-05-01 21:00:00     70.389139
2023-05-01 22:00:00     70.701487
2023-05-01 23:00:00     70.701487
Freq: H, Length: 11664, dtype: float64",2022-01-01,2023-05-01 23:00:00,486 days,100.0,46.55533879692999,142.58763641694964,70.70148705928378,-29.298512940716222,-70.17976286600607,31.421467764060356,100.0,67.34966651611045,355 days 14:00:00,55,0.0,28,29.629629629629626,31.11914731633042,-14.715020355688887,12.389339329158616,-6.302365770527804,8 days 10:07:30,4 days 09:22:06.315789473,0.7076285982312103,-1.0881155141823822,-0.16388946074368077,-0.340379904954484,0.9900088672889299,-0.24438655041575263,long
867,"{'window_k': 57, 'window_d': 102, 'window_ma': 57}","open_time
2022-01-01 00:00:00    100.000000
2022-01-01 01:00:00    100.000000
2022-01-01 02:00:00    100.000000
2022-01-01 03:00:00    100.000000
2022-01-01 04:00:00    100.000000
                          ...    
2023-05-01 19:00:00     74.693267
2023-05-01 20:00:00     74.521731
2023-05-01 21:00:00     74.896966
2023-05-01 22:00:00     75.229317
2023-05-01 23:00:00     75.229317
Freq: H, Length: 11664, dtype: float64",2022-01-01,2023-05-01 23:00:00,486 days,100.0,65.03338811239865,149.64108915506188,75.22931714752318,-24.770682852476824,-70.17976286600607,36.71124828532236,100.0,56.54042049573068,430 days 01:00:00,93,0.0,47,41.30434782608695,27.51511819681144,-20.879243183082924,8.482395572751333,-6.2424265482010455,5 days 03:15:47.368421052,2 days 18:57:46.666666666,0.8723473327672038,-0.5028340987175826,0.011437598112001903,-0.34039653371165124,1.0006655045828035,0.017209066101238842,long
1477,"{'window_k': 87, 'window_d': 192, 'window_ma': 87}","open_time
2022-01-01 00:00:00    100.000000
2022-01-01 01:00:00    100.000000
2022-01-01 02:00:00    100.000000
2022-01-01 03:00:00    100.000000
2022-01-01 04:00:00    100.000000
                          ...    
2023-05-01 19:00:00     71.106276
2023-05-01 20:00:00     71.106276
2023-05-01 21:00:00     71.106276
2023-05-01 22:00:00     71.106276
2023-05-01 23:00:00     71.106276
Freq: H, Length: 11664, dtype: float64",2022-01-01,2023-05-01 23:00:00,486 days,100.0,45.86899413729867,136.23842592604055,71.10627579334673,-28.893724206653275,-70.17976286600607,34.113511659807955,100.0,66.33182318019479,391 days 18:00:00,52,0.0,26,34.61538461538461,31.461318051575947,-24.515778019586513,14.129085882134193,-8.224892504958447,8 days 22:40:00,5 days 00:24:42.352941176,0.7622695530385516,-1.111297084871281,-0.2460909044205768,-0.3406101631942315,0.987385716863977,-0.3391498142961062,long
2803,"{'window_k': 162, 'window_d': 237, 'window_ma': 57}","open_time
2022-01-01 00:00:00    100.000000
2022-01-01 01:00:00    100.000000
2022-01-01 02:00:00    100.000000
2022-01-01 03:00:00    100.000000
2022-01-01 04:00:00    100.000000
                          ...    
2023-05-01 19:00:00     75.491459
2023-05-01 20:00:00     75.491459
2023-05-01 21:00:00     75.491459
2023-05-01 22:00:00     75.491459
2023-05-01 23:00:00     75.491459
Freq: H, Length: 11664, dtype: float64",2022-01-01,2023-05-01 23:00:00,486 days,100.0,56.928051853073036,128.9097281573495,75.49145907914685,-24.50854092085315,-70.17976286600607,23.05384087791495,100.0,55.83882406176076,351 days 13:00:00,36,0.0,18,44.44444444444444,26.429361859092577,-22.041175822965968,8.220874954447801,-8.271256350160504,6 days 21:22:30,5 days 16:36:00,0.6891928925160097,-1.3615856067140641,-0.2769674008536154,-0.3408904310878029,0.9820480344981966,-0.3880795102446683,long
3370,"{'window_k': 207, 'window_d': 42, 'window_ma': 162}","open_time
2022-01-01 00:00:00    100.000000
2022-01-01 01:00:00    100.000000
2022-01-01 02:00:00    100.000000
2022-01-01 03:00:00    100.000000
2022-01-01 04:00:00    100.000000
                          ...    
2023-05-01 19:00:00     76.834307
2023-05-01 20:00:00     76.834307
2023-05-01 21:00:00     76.834307
2023-05-01 22:00:00     76.834307
2023-05-01 23:00:00     76.834307
Freq: H, Length: 11664, dtype: float64",2022-01-01,2023-05-01 23:00:00,486 days,100.0,60.29418076447388,127.2518049379265,76.8343071766324,-23.165692823367607,-70.17976286600607,41.75240054869684,100.0,52.61821174647745,430 days 01:00:00,136,0.0,68,35.294117647058826,31.16784630940343,-16.18909577433381,8.281225529277796,-4.638407894766979,4 days 03:12:30,2 days 08:34:05.454545454,0.871097131773659,-0.3406719532848177,0.08162509371809458,-0.3412441457811623,1.0042698133817862,0.12320055348369711,long
2463,"{'window_k': 147, 'window_d': 147, 'window_ma': 237}","open_time
2022-01-01 00:00:00    100.000000
2022-01-01 01:00:00    100.000000
2022-01-01 02:00:00    100.000000
2022-01-01 03:00:00    100.000000
2022-01-01 04:00:00    100.000000
                          ...    
2023-05-01 19:00:00     74.479472
2023-05-01 20:00:00     74.308427
2023-05-01 21:00:00     74.682588
2023-05-01 22:00:00     75.013988
2023-05-01 23:00:00     75.013988
Freq: H, Length: 11664, dtype: float64",2022-01-01,2023-05-01 23:00:00,486 days,100.0,57.21243718619958,132.76992367129066,75.01398785197993,-24.986012148020066,-70.17976286600607,39.39471879286694,100.0,56.9085862187847,391 days 18:00:00,55,0.0,28,25.925925925925924,40.514863622433346,-13.368193702398537,18.33933852986201,-6.692841227896855,10 days 18:17:08.571428571,5 days 16:33:00,0.8046845611709994,-0.8941287677141254,-0.06897658776366525,-0.34124586094848763,0.9966187379182229,-0.09793644946561549,long
3967,"{'window_k': 237, 'window_d': 117, 'window_ma': 237}","open_time
2022-01-01 00:00:00    100.000000
2022-01-01 01:00:00    100.000000
2022-01-01 02:00:00    100.000000
2022-01-01 03:00:00    100.000000
2022-01-01 04:00:00    100.000000
                          ...    
2023-05-01 19:00:00     73.282710
2023-05-01 20:00:00     73.114414
2023-05-01 21:00:00     73.482563
2023-05-01 22:00:00     73.808638
2023-05-01 23:00:00     73.808638
Freq: H, Length: 11664, dtype: float64",2022-01-01,2023-05-01 23:00:00,486 days,100.0,52.78740163707876,130.99219557285758,73.80863772707715,-26.191362272922845,-70.17976286600607,39.060356652949245,100.0,59.70187276713099,355 days 14:00:00,59,0.0,30,34.48275862068966,41.55562441896498,-25.376746232537673,15.221813671487523,-8.11399559293854,9 days 16:18:00,4 days 18:50:31.578947368,0.816444803512702,-0.8694185341042742,0.008511893900845615,-0.34160070838592466,1.0004735180325939,0.013038426734724804,long
717,"{'window_k': 42, 'window_d': 192, 'window_ma': 207}","open_time
2022-01-01 00:00:00    100.000000
2022-01-01 01:00:00    100.000000
2022-01-01 02:00:00    100.000000
2022-01-01 03:00:00    100.000000
2022-01-01 04:00:00    100.000000
                          ...    
2023-05-01 19:00:00     74.435236
2023-05-01 20:00:00     74.264293
2023-05-01 21:00:00     74.638232
2023-05-01 22:00:00     74.969435
2023-05-01 23:00:00     74.969435
Freq: H, Length: 11664, dtype: float64",2022-01-01,2023-05-01 23:00:00,486 days,100.0,51.93737429512992,120.50524030374186,74.96943496722737,-25.03056503277263,-70.17976286600607,36.09396433470508,100.0,56.90031888719681,451 days 16:00:00,59,0.0,30,27.586206896551722,34.345749761222535,-12.20043572984749,15.897804470580661,-6.544990283101882,9 days 21:30:00,4 days 11:02:51.428571428,0.7951064244363162,-0.8594388037195051,-0.14984834958206475,-0.34192717855040167,0.9925358422448168,-0.20919895570225788,long
3951,"{'window_k': 237, 'window_d': 102, 'window_ma': 237}","open_time
2022-01-01 00:00:00    100.000000
2022-01-01 01:00:00    100.000000
2022-01-01 02:00:00    100.000000
2022-01-01 03:00:00    100.000000
2022-01-01 04:00:00    100.000000
                          ...    
2023-05-01 19:00:00     75.343950
2023-05-01 20:00:00     75.170919
2023-05-01 21:00:00     75.549423
2023-05-01 22:00:00     75.884670
2023-05-01 23:00:00     75.884670
Freq: H, Length: 11664, dtype: float64",2022-01-01,2023-05-01 23:00:00,486 days,100.0,59.48625137337241,131.3688854167932,75.88467000818541,-24.11532999181459,-70.17976286600607,40.93792866941015,100.0,54.718157815954086,309 days 12:00:00,63,0.0,32,32.25806451612903,41.42414860681115,-25.375982042648708,16.361063836205748,-7.718554858892765,9 days 18:06:00,4 days 16:54:17.142857142,0.8435867656228856,-0.7726810947718663,0.05504087815797957,-0.34208755654253853,1.0029902741220755,0.08332097740381698,long
3349,"{'window_k': 207, 'window_d': 27, 'window_ma': 87}","open_time
2022-01-01 00:00:00    100.000000
2022-01-01 01:00:00    100.000000
2022-01-01 02:00:00    100.000000
2022-01-01 03:00:00    100.000000
2022-01-01 04:00:00    100.000000
                          ...    
2023-05-01 19:00:00     70.186247
2023-05-01 20:00:00     70.186247
2023-05-01 21:00:00     70.186247
2023-05-01 22:00:00     70.186247
2023-05-01 23:00:00     70.186247
Freq: H, Length: 11664, dtype: float64",2022-01-01,2023-05-01 23:00:00,486 days,100.0,34.934582245029254,110.01068064860665,70.18624747503101,-29.81375252496899,-70.17976286600607,38.24588477366255,100.0,68.24437223816801,469 days 22:00:00,194,0.0,97,35.051546391752574,24.724669603524234,-14.131233595800532,7.060523872661741,-3.997082665560741,2 days 22:10:35.294117647,1 days 08:56:11.428571428,0.812041105406118,-0.30735827345328803,-0.04454797961776312,-0.3421044406000701,0.9974713909199149,-0.06851123680916704,long
956,"{'window_k': 57, 'window_d': 177, 'window_ma': 192}","open_time
2022-01-01 00:00:00    100.000000
2022-01-01 01:00:00    100.000000
2022-01-01 02:00:00    100.000000
2022-01-01 03:00:00    100.000000
2022-01-01 04:00:00    100.000000
                          ...    
2023-05-01 19:00:00     70.727057
2023-05-01 20:00:00     70.564629
2023-05-01 21:00:00     70.919939
2023-05-01 22:00:00     71.234643
2023-05-01 23:00:00     71.234643
Freq: H, Length: 11664, dtype: float64",2022-01-01,2023-05-01 23:00:00,486 days,100.0,46.94805536542017,136.9364911710249,71.23464277567314,-28.765357224326866,-70.17976286600607,38.91460905349795,100.0,65.7154532265727,391 days 18:00:00,63,0.0,32,29.03225806451613,39.55439416861506,-26.76644121456325,16.013530466043484,-6.946321557104652,8 days 05:20:00,5 days 02:38:10.909090909,0.7902538136325041,-0.9236575748620526,-0.16311296138533,-0.3422082026496667,0.9921030401995844,-0.22634466511807894,long
3091,"{'window_k': 192, 'window_d': 27, 'window_ma': 57}","open_time
2022-01-01 00:00:00    100.000000
2022-01-01 01:00:00    100.000000
2022-01-01 02:00:00    100.000000
2022-01-01 03:00:00    100.000000
2022-01-01 04:00:00    100.000000
                          ...    
2023-05-01 19:00:00     69.683457
2023-05-01 20:00:00     69.683457
2023-05-01 21:00:00     69.683457
2023-05-01 22:00:00     69.683457
2023-05-01 23:00:00     69.683457
Freq: H, Length: 11664, dtype: float64",2022-01-01,2023-05-01 23:00:00,486 days,100.0,33.594376773283166,109.69116080937167,69.68345731004915,-30.316542689950847,-70.17976286600607,35.708161865569274,100.0,69.37367010668652,469 days 22:00:00,190,0.0,95,37.89473684210527,25.370287253141825,-14.919252771730882,6.46862282498296,-4.150242305262205,2 days 19:58:20,1 days 05:07:07.118644067,0.8038923853215845,-0.3191215019994835,-0.06606555434881847,-0.34248548440569315,0.9961082812850857,-0.10175936899001699,long
2973,"{'window_k': 177, 'window_d': 147, 'window_ma': 207}","open_time
2022-01-01 00:00:00    100.000000
2022-01-01 01:00:00    100.000000
2022-01-01 02:00:00    100.000000
2022-01-01 03:00:00    100.000000
2022-01-01 04:00:00    100.000000
                          ...    
2023-05-01 19:00:00     73.139794
2023-05-01 20:00:00     72.971825
2023-05-01 21:00:00     73.339257
2023-05-01 22:00:00     73.664696
2023-05-01 23:00:00     73.664696
Freq: H, Length: 11664, dtype: float64",2022-01-01,2023-05-01 23:00:00,486 days,100.0,59.481733825954464,148.27836235366976,73.66469562211711,-26.33530437788289,-70.17976286600607,37.78292181069959,100.0,59.885088503958414,349 days 17:00:00,53,0.0,27,30.76923076923077,36.68639053254439,-21.425364758698088,16.378344900656227,-7.69819281208009,10 days 06:22:30,5 days 12:36:40,0.8135873910471926,-0.9854399289489288,-0.09613543850073186,-0.342503057361063,0.995087381581594,-0.1378593971055587,long
450,"{'window_k': 27, 'window_d': 192, 'window_ma': 42}","open_time
2022-01-01 00:00:00    100.000000
2022-01-01 01:00:00    100.000000
2022-01-01 02:00:00    100.000000
2022-01-01 03:00:00    100.000000
2022-01-01 04:00:00    100.000000
                          ...    
2023-05-01 19:00:00     76.185879
2023-05-01 20:00:00     76.185879
2023-05-01 21:00:00     76.185879
2023-05-01 22:00:00     76.185879
2023-05-01 23:00:00     76.185879
Freq: H, Length: 11664, dtype: float64",2022-01-01,2023-05-01 23:00:00,486 days,100.0,61.28815092011446,133.04674616904336,76.18587948304693,-23.814120516953068,-70.17976286600607,25.728737997256516,100.0,53.934874256718444,451 days 16:00:00,80,0.0,40,27.500000000000004,34.79768786127168,-12.953060011883535,11.69806980548727,-4.781602407201064,5 days 04:43:38.181818181,2 days 08:10:20.689655172,0.8271611235601631,-0.5953530129238263,-0.2138719315835304,-0.3425652717757642,0.9873953497991123,-0.30221997823275537,long
2755,"{'window_k': 162, 'window_d': 192, 'window_ma': 57}","open_time
2022-01-01 00:00:00    100.000000
2022-01-01 01:00:00    100.000000
2022-01-01 02:00:00    100.000000
2022-01-01 03:00:00    100.000000
2022-01-01 04:00:00    100.000000
                          ...    
2023-05-01 19:00:00     76.086475
2023-05-01 20:00:00     75.911739
2023-05-01 21:00:00     76.293974
2023-05-01 22:00:00     76.632524
2023-05-01 23:00:00     76.632524
Freq: H, Length: 11664, dtype: float64",2022-01-01,2023-05-01 23:00:00,486 days,100.0,57.39030961136569,121.76664243714156,76.63252408988751,-23.36747591011249,-70.17976286600607,23.088134430727024,100.0,52.86861125287926,424 days 03:00:00,43,0.0,22,42.857142857142854,31.3973548016101,-13.756940160394818,7.176378789081222,-6.753351119057904,5 days 08:06:40,5 days 07:40:00,0.6788265757456222,-1.1012959203246662,-0.28008775441333267,-0.3426897402701117,0.9824332895116203,-0.39051295219192345,long
2170,"{'window_k': 132, 'window_d': 117, 'window_ma': 162}","open_time
2022-01-01 00:00:00    100.000000
2022-01-01 01:00:00    100.000000
2022-01-01 02:00:00    100.000000
2022-01-01 03:00:00    100.000000
2022-01-01 04:00:00    100.000000
                          ...    
2023-05-01 19:00:00     74.576376
2023-05-01 20:00:00     74.405108
2023-05-01 21:00:00     74.779756
2023-05-01 22:00:00     75.111587
2023-05-01 23:00:00     75.111587
Freq: H, Length: 11664, dtype: float64",2022-01-01,2023-05-01 23:00:00,486 days,100.0,54.360666354603374,124.6782179122953,75.11158737623781,-24.888412623762193,-70.17976286600607,41.36659807956104,100.0,56.39922733508808,451 days 16:00:00,71,0.0,36,31.428571428571427,35.87288924345166,-25.053824362606232,13.13369755400122,-6.219678671042453,8 days 03:05:27.272727272,4 days 11:55:00,0.8188967697892302,-0.7062041408942337,-0.03712961190168726,-0.3429318820519228,0.9982164909803231,-0.05245122477452995,long
2882,"{'window_k': 177, 'window_d': 72, 'window_ma': 42}","open_time
2022-01-01 00:00:00    100.000000
2022-01-01 01:00:00    100.000000
2022-01-01 02:00:00    100.000000
2022-01-01 03:00:00    100.000000
2022-01-01 04:00:00    100.000000
                          ...    
2023-05-01 19:00:00     77.203416
2023-05-01 20:00:00     77.203416
2023-05-01 21:00:00     77.203416
2023-05-01 22:00:00     77.203416
2023-05-01 23:00:00     77.203416
Freq: H, Length: 11664, dtype: float64",2022-01-01,2023-05-01 23:00:00,486 days,100.0,70.47079467049163,145.22572345593846,77.2034159583012,-22.796584041698793,-70.17976286600607,25.1457475994513,100.0,51.47499148670277,275 days 07:00:00,78,0.0,39,35.8974358974359,23.609303838646735,-17.674642298905848,7.433340839880708,-4.719217036361427,3 days 21:21:25.714285714,2 days 17:02:24,0.8125593834109511,-0.5845277959409954,-0.04340753148346473,-0.34307581611158605,0.9968345714672081,-0.0687556617176206,long
2357,"{'window_k': 147, 'window_d': 57, 'window_ma': 87}","open_time
2022-01-01 00:00:00    100.00000
2022-01-01 01:00:00    100.00000
2022-01-01 02:00:00    100.00000
2022-01-01 03:00:00    100.00000
2022-01-01 04:00:00    100.00000
                         ...    
2023-05-01 19:00:00     77.98948
2023-05-01 20:00:00     77.98948
2023-05-01 21:00:00     77.98948
2023-05-01 22:00:00     77.98948
2023-05-01 23:00:00     77.98948
Freq: H, Length: 11664, dtype: float64",2022-01-01,2023-05-01 23:00:00,486 days,100.0,63.60519059682745,126.29750449677107,77.98948033066428,-22.01051966933572,-70.17976286600607,36.19684499314129,100.0,49.63860065940291,355 days 14:00:00,96,0.0,48,33.33333333333333,24.051876596580854,-20.093245394587214,9.347105509680292,-4.934378012011301,4 days 15:00:00,3 days 04:26:15,0.8537554584472966,-0.45855249311116086,0.0538872983125753,-0.3430995748357344,1.0031952659607994,0.08282565936776477,long
1001,"{'window_k': 57, 'window_d': 222, 'window_ma': 147}","open_time
2022-01-01 00:00:00    100.000000
2022-01-01 01:00:00    100.000000
2022-01-01 02:00:00    100.000000
2022-01-01 03:00:00    100.000000
2022-01-01 04:00:00    100.000000
                          ...    
2023-05-01 19:00:00     69.181710
2023-05-01 20:00:00     69.022832
2023-05-01 21:00:00     69.370379
2023-05-01 22:00:00     69.678206
2023-05-01 23:00:00     69.678206
Freq: H, Length: 11664, dtype: float64",2022-01-01,2023-05-01 23:00:00,486 days,100.0,43.76965675009837,142.35988042967122,69.67820613598829,-30.32179386401171,-70.17976286600607,35.45096021947874,100.0,69.25421922384832,391 days 18:00:00,55,0.0,28,33.33333333333333,29.196665403561955,-21.711030781027485,13.03387288491196,-7.483868693865461,9 days 00:00:00,5 days 00:03:20,0.7372355295232473,-1.1053762220282115,-0.12702047339009032,-0.34313851492399533,0.9928175766236997,-0.18772016679680129,long
1088,"{'window_k': 72, 'window_d': 72, 'window_ma': 12}","open_time
2022-01-01 00:00:00    100.000000
2022-01-01 01:00:00    100.000000
2022-01-01 02:00:00    100.000000
2022-01-01 03:00:00    100.000000
2022-01-01 04:00:00    100.000000
                          ...    
2023-05-01 19:00:00     72.328069
2023-05-01 20:00:00     72.328069
2023-05-01 21:00:00     72.328069
2023-05-01 22:00:00     72.328069
2023-05-01 23:00:00     72.328069
Freq: H, Length: 11664, dtype: float64",2022-01-01,2023-05-01 23:00:00,486 days,100.0,64.08544929192665,172.7761461622155,72.32806877786838,-27.67193122213162,-70.17976286600607,17.57544581618656,100.0,62.908392902942566,355 days 14:00:00,108,0.0,54,38.88888888888889,16.57517967291042,-14.776928765097363,4.593317719841724,-3.621661333268838,1 days 12:57:08.571428571,1 days 14:36:21.818181818,0.7895559603997898,-0.5124431707802151,-0.24605994311954102,-0.3433009021286948,0.9784107366201347,-0.3885854802240912,long
1054,"{'window_k': 72, 'window_d': 27, 'window_ma': 222}","open_time
2022-01-01 00:00:00    100.000000
2022-01-01 01:00:00    100.000000
2022-01-01 02:00:00    100.000000
2022-01-01 03:00:00    100.000000
2022-01-01 04:00:00    100.000000
                          ...    
2023-05-01 19:00:00     67.858152
2023-05-01 20:00:00     67.858152
2023-05-01 21:00:00     67.858152
2023-05-01 22:00:00     67.858152
2023-05-01 23:00:00     67.858152
Freq: H, Length: 11664, dtype: float64",2022-01-01,2023-05-01 23:00:00,486 days,100.0,26.99355724375492,101.97265717394389,67.85815166130921,-32.14184833869079,-70.17976286600607,37.525720164609055,100.0,73.52863209427838,477 days 04:00:00,210,0.0,105,38.095238095238095,27.93205317577549,-14.512437051732046,6.039940433763125,-3.953111269591819,2 days 08:22:30,1 days 08:38:46.153846153,0.780665665896357,-0.30611284132086425,-0.07708354503423341,-0.3435977396203859,0.9955338764533126,-0.12011125941340361,long
1049,"{'window_k': 72, 'window_d': 27, 'window_ma': 147}","open_time
2022-01-01 00:00:00    100.000000
2022-01-01 01:00:00    100.000000
2022-01-01 02:00:00    100.000000
2022-01-01 03:00:00    100.000000
2022-01-01 04:00:00    100.000000
                          ...    
2023-05-01 19:00:00     67.858152
2023-05-01 20:00:00     67.858152
2023-05-01 21:00:00     67.858152
2023-05-01 22:00:00     67.858152
2023-05-01 23:00:00     67.858152
Freq: H, Length: 11664, dtype: float64",2022-01-01,2023-05-01 23:00:00,486 days,100.0,26.99355724375492,101.97265717394389,67.85815166130921,-32.14184833869079,-70.17976286600607,37.525720164609055,100.0,73.52863209427838,477 days 04:00:00,210,0.0,105,38.095238095238095,27.93205317577549,-14.512437051732046,6.039940433763125,-3.953111269591819,2 days 08:22:30,1 days 08:38:46.153846153,0.780665665896357,-0.30611284132086425,-0.07708354503423341,-0.3435977396203859,0.9955338764533126,-0.12011125941340361,long
3204,"{'window_k': 192, 'window_d': 132, 'window_ma': 72}","open_time
2022-01-01 00:00:00    100.000000
2022-01-01 01:00:00    100.000000
2022-01-01 02:00:00    100.000000
2022-01-01 03:00:00    100.000000
2022-01-01 04:00:00    100.000000
                          ...    
2023-05-01 19:00:00     73.295134
2023-05-01 20:00:00     73.126808
2023-05-01 21:00:00     73.495020
2023-05-01 22:00:00     73.821150
2023-05-01 23:00:00     73.821150
Freq: H, Length: 11664, dtype: float64",2022-01-01,2023-05-01 23:00:00,486 days,100.0,54.84323634585167,134.69122849703038,73.82115014673484,-26.178849853265163,-70.17976286600607,32.77606310013718,100.0,59.28225099894993,391 days 18:00:00,57,0.0,29,35.714285714285715,30.50751879699249,-15.955723542116637,10.611703323278231,-6.713869453665927,6 days 11:11:59.999999999,5 days 03:03:20,0.7723488137793342,-0.9052765658847379,-0.08099414168797366,-0.3438477221702272,0.9954609624261834,-0.11674461718848911,long
3487,"{'window_k': 207, 'window_d': 147, 'window_ma': 237}","open_time
2022-01-01 00:00:00    100.000000
2022-01-01 01:00:00    100.000000
2022-01-01 02:00:00    100.000000
2022-01-01 03:00:00    100.000000
2022-01-01 04:00:00    100.000000
                          ...    
2023-05-01 19:00:00     74.093023
2023-05-01 20:00:00     73.922865
2023-05-01 21:00:00     74.295085
2023-05-01 22:00:00     74.624765
2023-05-01 23:00:00     74.624765
Freq: H, Length: 11664, dtype: float64",2022-01-01,2023-05-01 23:00:00,486 days,100.0,58.588186888140655,137.42559390169347,74.62476541148796,-25.37523458851204,-70.17976286600607,37.91152263374485,100.0,57.36733950005605,349 days 17:00:00,47,0.0,24,34.78260869565217,34.7142647274864,-23.145400593471813,15.008576039581001,-8.449065367835322,10 days 08:07:30,6 days 15:56:00,0.786347550514036,-1.0944857554929994,-0.05855870597677387,-0.34399417407372346,0.9969616779722288,-0.0860218985042048,long
2712,"{'window_k': 162, 'window_d': 147, 'window_ma': 132}","open_time
2022-01-01 00:00:00    100.000000
2022-01-01 01:00:00    100.000000
2022-01-01 02:00:00    100.000000
2022-01-01 03:00:00    100.000000
2022-01-01 04:00:00    100.000000
                          ...    
2023-05-01 19:00:00     74.057007
2023-05-01 20:00:00     73.886932
2023-05-01 21:00:00     74.258971
2023-05-01 22:00:00     74.588491
2023-05-01 23:00:00     74.588491
Freq: H, Length: 11664, dtype: float64",2022-01-01,2023-05-01 23:00:00,486 days,100.0,56.34856890247371,132.40217785685812,74.58849096412332,-25.411509035876676,-70.17976286600607,37.03703703703704,100.0,57.44135797872376,391 days 18:00:00,55,0.0,28,25.925925925925924,41.02564102564102,-13.86743515850144,18.47173202466185,-6.770737345320126,10 days 02:51:25.714285714,5 days 08:21:00,0.8008244628961375,-0.9029788781806443,-0.09633252910898821,-0.34406106715013224,0.9951129081266281,-0.13552716712386587,long
2922,"{'window_k': 177, 'window_d': 102, 'window_ma': 162}","open_time
2022-01-01 00:00:00    100.000000
2022-01-01 01:00:00    100.000000
2022-01-01 02:00:00    100.000000
2022-01-01 03:00:00    100.000000
2022-01-01 04:00:00    100.000000
                          ...    
2023-05-01 19:00:00     74.337728
2023-05-01 20:00:00     74.167008
2023-05-01 21:00:00     74.540457
2023-05-01 22:00:00     74.871227
2023-05-01 23:00:00     74.871227
Freq: H, Length: 11664, dtype: float64",2022-01-01,2023-05-01 23:00:00,486 days,100.0,57.45323678987348,132.47850876238635,74.87122674367849,-25.12877325632151,-70.17976286600607,39.20610425240055,100.0,56.63203237521214,309 days 12:00:00,67,0.0,34,36.36363636363637,30.291556228701243,-23.081164534627252,11.759641686879723,-7.069999816085815,8 days 14:05:00,3 days 23:45:42.857142857,0.824299081342368,-0.7563046554113568,0.03824191101589961,-0.3449464811264388,1.002083009836821,0.05771238351338261,long
1045,"{'window_k': 72, 'window_d': 27, 'window_ma': 87}","open_time
2022-01-01 00:00:00    100.000000
2022-01-01 01:00:00    100.000000
2022-01-01 02:00:00    100.000000
2022-01-01 03:00:00    100.000000
2022-01-01 04:00:00    100.000000
                          ...    
2023-05-01 19:00:00     67.735331
2023-05-01 20:00:00     67.735331
2023-05-01 21:00:00     67.735331
2023-05-01 22:00:00     67.735331
2023-05-01 23:00:00     67.735331
Freq: H, Length: 11664, dtype: float64",2022-01-01,2023-05-01 23:00:00,486 days,100.0,26.99355724375492,101.97265717394389,67.7353314773068,-32.2646685226932,-70.17976286600607,37.46570644718793,100.0,73.52863209427838,477 days 04:00:00,210,0.0,105,38.095238095238095,27.93205317577548,-14.512437051732046,6.039940433763125,-3.9558841050471423,2 days 08:22:30,1 days 08:32:18.461538461,0.779920260266154,-0.3072825573589828,-0.07911213478382045,-0.3449796949717934,0.9954134834767915,-0.12327674051568306,long
3372,"{'window_k': 207, 'window_d': 42, 'window_ma': 192}","open_time
2022-01-01 00:00:00    100.000000
2022-01-01 01:00:00    100.000000
2022-01-01 02:00:00    100.000000
2022-01-01 03:00:00    100.000000
2022-01-01 04:00:00    100.000000
                          ...    
2023-05-01 19:00:00     76.491771
2023-05-01 20:00:00     76.491771
2023-05-01 21:00:00     76.491771
2023-05-01 22:00:00     76.491771
2023-05-01 23:00:00     76.491771
Freq: H, Length: 11664, dtype: float64",2022-01-01,2023-05-01 23:00:00,486 days,100.0,60.02538272570834,127.2518049379265,76.49177144901944,-23.50822855098056,-70.17976286600607,42.33539094650205,100.0,52.829444930082715,430 days 01:00:00,136,0.0,68,35.294117647058826,31.16784630940343,-16.189095774333797,8.26253803572176,-4.638407894766979,4 days 06:02:30,2 days 08:34:05.454545454,0.8690581184096267,-0.34570924339677234,0.07777904438667324,-0.34508232585213805,1.0040468503151119,0.11740757973559028,long
3373,"{'window_k': 207, 'window_d': 42, 'window_ma': 207}","open_time
2022-01-01 00:00:00    100.000000
2022-01-01 01:00:00    100.000000
2022-01-01 02:00:00    100.000000
2022-01-01 03:00:00    100.000000
2022-01-01 04:00:00    100.000000
                          ...    
2023-05-01 19:00:00     76.491771
2023-05-01 20:00:00     76.491771
2023-05-01 21:00:00     76.491771
2023-05-01 22:00:00     76.491771
2023-05-01 23:00:00     76.491771
Freq: H, Length: 11664, dtype: float64",2022-01-01,2023-05-01 23:00:00,486 days,100.0,60.02538272570834,127.2518049379265,76.49177144901944,-23.50822855098056,-70.17976286600607,42.33539094650205,100.0,52.829444930082715,430 days 01:00:00,136,0.0,68,35.294117647058826,31.16784630940343,-16.189095774333797,8.26253803572176,-4.638407894766979,4 days 06:02:30,2 days 08:34:05.454545454,0.8690581184096267,-0.34570924339677234,0.07777904438667324,-0.34508232585213805,1.0040468503151119,0.11740757973559028,long
3375,"{'window_k': 207, 'window_d': 42, 'window_ma': 237}","open_time
2022-01-01 00:00:00    100.000000
2022-01-01 01:00:00    100.000000
2022-01-01 02:00:00    100.000000
2022-01-01 03:00:00    100.000000
2022-01-01 04:00:00    100.000000
                          ...    
2023-05-01 19:00:00     76.491771
2023-05-01 20:00:00     76.491771
2023-05-01 21:00:00     76.491771
2023-05-01 22:00:00     76.491771
2023-05-01 23:00:00     76.491771
Freq: H, Length: 11664, dtype: float64",2022-01-01,2023-05-01 23:00:00,486 days,100.0,60.02538272570834,127.2518049379265,76.49177144901944,-23.50822855098056,-70.17976286600607,42.33539094650205,100.0,52.829444930082715,430 days 01:00:00,136,0.0,68,35.294117647058826,31.16784630940343,-16.189095774333797,8.26253803572176,-4.638407894766979,4 days 06:02:30,2 days 08:34:05.454545454,0.8690581184096267,-0.34570924339677234,0.07777904438667324,-0.34508232585213805,1.0040468503151119,0.11740757973559028,long
3974,"{'window_k': 237, 'window_d': 132, 'window_ma': 102}","open_time
2022-01-01 00:00:00    100.000000
2022-01-01 01:00:00    100.000000
2022-01-01 02:00:00    100.000000
2022-01-01 03:00:00    100.000000
2022-01-01 04:00:00    100.000000
                          ...    
2023-05-01 19:00:00     75.292221
2023-05-01 20:00:00     75.119309
2023-05-01 21:00:00     75.497554
2023-05-01 22:00:00     75.832570
2023-05-01 23:00:00     75.832570
Freq: H, Length: 11664, dtype: float64",2022-01-01,2023-05-01 23:00:00,486 days,100.0,56.07651560525992,122.84612540277851,75.8325700982741,-24.167429901725896,-70.17976286600607,33.08470507544581,100.0,54.35223095445581,451 days 16:00:00,53,0.0,27,30.76923076923077,36.6877854722263,-14.683224100264464,12.66685387758518,-6.227527499641604,9 days 00:15:00,4 days 20:10:00,0.7417938309455736,-0.9216191271118679,-0.06272198217057255,-0.3451618364088536,0.9964666095182753,-0.09020910385536834,long
3670,"{'window_k': 222, 'window_d': 87, 'window_ma': 102}","open_time
2022-01-01 00:00:00    100.000000
2022-01-01 01:00:00    100.000000
2022-01-01 02:00:00    100.000000
2022-01-01 03:00:00    100.000000
2022-01-01 04:00:00    100.000000
                          ...    
2023-05-01 19:00:00     77.575833
2023-05-01 20:00:00     77.397677
2023-05-01 21:00:00     77.787393
2023-05-01 22:00:00     78.132571
2023-05-01 23:00:00     78.132571
Freq: H, Length: 11664, dtype: float64",2022-01-01,2023-05-01 23:00:00,486 days,100.0,62.665685419673906,122.8865378225682,78.13257067526519,-21.867429324734815,-70.17976286600607,35.94821673525377,100.0,49.00524782449741,286 days 02:00:00,67,0.0,34,36.36363636363637,30.629652605459068,-19.681571815718176,12.906349948021353,-7.493269343506028,8 days 03:20:00,3 days 12:05:42.857142857,0.8423754661036996,-0.6882930499651683,0.06817555637578845,-0.34520144559239224,1.0039434918637464,0.10432527145954043,long
1476,"{'window_k': 87, 'window_d': 192, 'window_ma': 72}","open_time
2022-01-01 00:00:00    100.000000
2022-01-01 01:00:00    100.000000
2022-01-01 02:00:00    100.000000
2022-01-01 03:00:00    100.000000
2022-01-01 04:00:00    100.000000
                          ...    
2023-05-01 19:00:00     70.159020
2023-05-01 20:00:00     69.997897
2023-05-01 21:00:00     70.350354
2023-05-01 22:00:00     70.662529
2023-05-01 23:00:00     70.662529
Freq: H, Length: 11664, dtype: float64",2022-01-01,2023-05-01 23:00:00,486 days,100.0,44.49978970723144,132.78595897677155,70.66252946099908,-29.337470539000922,-70.17976286600607,30.444101508916322,100.0,66.48757892013577,391 days 18:00:00,51,0.0,26,40.0,32.62655205348614,-24.515778019586495,9.645632530910987,-7.659290571433496,6 days 09:36:00,5 days 11:39:59.999999999,0.6972911302514273,-1.1561780932327013,-0.2759043293462175,-0.3452730823638824,0.9850418623761922,-0.37875567696677076,long
3203,"{'window_k': 192, 'window_d': 132, 'window_ma': 57}","open_time
2022-01-01 00:00:00    100.000000
2022-01-01 01:00:00    100.000000
2022-01-01 02:00:00    100.000000
2022-01-01 03:00:00    100.000000
2022-01-01 04:00:00    100.000000
                          ...    
2023-05-01 19:00:00     73.527957
2023-05-01 20:00:00     73.359097
2023-05-01 21:00:00     73.728479
2023-05-01 22:00:00     74.055645
2023-05-01 23:00:00     74.055645
Freq: H, Length: 11664, dtype: float64",2022-01-01,2023-05-01 23:00:00,486 days,100.0,58.50501598200414,140.78409889345468,74.0556447445364,-25.94435525546361,-70.17976286600607,27.674897119341562,100.0,58.44344891088823,314 days 09:00:00,57,0.0,29,39.285714285714285,28.853383458646626,-15.95572354211663,8.918928632796536,-6.611799223492726,5 days 17:49:05.454545454,4 days 01:24:42.352941176,0.774925107642571,-0.8968074721226498,-0.1508196404261931,-0.3455341149936672,0.9906985276021703,-0.21814391451397286,long
1676,"{'window_k': 102, 'window_d': 132, 'window_ma': 192}","open_time
2022-01-01 00:00:00    100.000000
2022-01-01 01:00:00    100.000000
2022-01-01 02:00:00    100.000000
2022-01-01 03:00:00    100.000000
2022-01-01 04:00:00    100.000000
                          ...    
2023-05-01 19:00:00     71.269154
2023-05-01 20:00:00     71.105481
2023-05-01 21:00:00     71.463515
2023-05-01 22:00:00     71.780631
2023-05-01 23:00:00     71.780631
Freq: H, Length: 11664, dtype: float64",2022-01-01,2023-05-01 23:00:00,486 days,100.0,49.40945967989309,136.26767500707496,71.78063064026558,-28.219369359734415,-70.17976286600607,44.16152263374485,100.0,63.74088008962671,391 days 18:00:00,69,0.0,35,29.411764705882355,30.586011342155,-25.54872695346796,13.929082419049315,-6.229405252274813,7 days 23:00:00,5 days 11:22:30,0.7809906664417756,-0.8402109844119137,-0.10022035081425992,-0.34581584396116183,0.9953956136912621,-0.1397160416680924,long
3428,"{'window_k': 207, 'window_d': 102, 'window_ma': 72}","open_time
2022-01-01 00:00:00    100.000000
2022-01-01 01:00:00    100.000000
2022-01-01 02:00:00    100.000000
2022-01-01 03:00:00    100.000000
2022-01-01 04:00:00    100.000000
                          ...    
2023-05-01 19:00:00     72.979268
2023-05-01 20:00:00     72.979268
2023-05-01 21:00:00     72.979268
2023-05-01 22:00:00     72.979268
2023-05-01 23:00:00     72.979268
Freq: H, Length: 11664, dtype: float64",2022-01-01,2023-05-01 23:00:00,486 days,100.0,55.22356806524038,141.25358411513153,72.97926807746158,-27.020731922538417,-70.17976286600607,35.51954732510288,100.0,60.90466064193506,309 days 12:00:00,66,0.0,33,36.36363636363637,32.62655205348613,-25.858585858585858,12.128912564734868,-7.344286903244194,7 days 08:50:00,4 days 00:14:17.142857142,0.8205332854351445,-0.8188100582587392,-0.007483375476910946,-0.3459004521446957,0.9995678989919806,-0.011324483885567546,long
927,"{'window_k': 57, 'window_d': 147, 'window_ma': 237}","open_time
2022-01-01 00:00:00    100.000000
2022-01-01 01:00:00    100.000000
2022-01-01 02:00:00    100.000000
2022-01-01 03:00:00    100.000000
2022-01-01 04:00:00    100.000000
                          ...    
2023-05-01 19:00:00     70.014162
2023-05-01 20:00:00     69.853372
2023-05-01 21:00:00     70.205101
2023-05-01 22:00:00     70.516632
2023-05-01 23:00:00     70.516632
Freq: H, Length: 11664, dtype: float64",2022-01-01,2023-05-01 23:00:00,486 days,100.0,46.64273424453932,139.79728262731658,70.51663191018363,-29.483368089816363,-70.17976286600607,39.651920438957475,100.0,66.63545001165475,391 days 18:00:00,71,0.0,36,34.285714285714285,35.377176015473886,-22.13933203259497,13.06170258250138,-7.2427264631574975,8 days 01:15:00,4 days 00:13:02.608695652,0.7998319840730591,-0.8495600874773341,-0.13700893000431383,-0.34630020797859856,0.9934485015723952,-0.19127048257198825,long
3483,"{'window_k': 207, 'window_d': 147, 'window_ma': 177}","open_time
2022-01-01 00:00:00    100.000000
2022-01-01 01:00:00    100.000000
2022-01-01 02:00:00    100.000000
2022-01-01 03:00:00    100.000000
2022-01-01 04:00:00    100.000000
                          ...    
2023-05-01 19:00:00     73.679475
2023-05-01 20:00:00     73.510267
2023-05-01 21:00:00     73.880410
2023-05-01 22:00:00     74.208250
2023-05-01 23:00:00     74.208250
Freq: H, Length: 11664, dtype: float64",2022-01-01,2023-05-01 23:00:00,486 days,100.0,57.77384184312116,137.3692411431225,74.20825016406684,-25.79174983593316,-70.17976286600607,37.757201646090536,100.0,57.94266506653578,349 days 17:00:00,47,0.0,24,34.78260869565217,34.7142647274864,-23.14540059347182,15.719120487189327,-8.764223731774175,10 days 01:15:00,6 days 18:24:00,0.7935991485796735,-1.1126441489650958,-0.07001973575183368,-0.3463894322757303,0.9963590225350908,-0.10296364224482814,long
1094,"{'window_k': 72, 'window_d': 72, 'window_ma': 102}","open_time
2022-01-01 00:00:00    100.000000
2022-01-01 01:00:00    100.000000
2022-01-01 02:00:00    100.000000
2022-01-01 03:00:00    100.000000
2022-01-01 04:00:00    100.000000
                          ...    
2023-05-01 19:00:00     78.530842
2023-05-01 20:00:00     78.530842
2023-05-01 21:00:00     78.530842
2023-05-01 22:00:00     78.530842
2023-05-01 23:00:00     78.530842
Freq: H, Length: 11664, dtype: float64",2022-01-01,2023-05-01 23:00:00,486 days,100.0,67.15263655998449,129.3308319996487,78.53084186550336,-21.469158134496638,-70.17976286600607,40.886488340192045,100.0,47.888980495998034,197 days 01:00:00,110,0.0,55,30.909090909090907,21.203383314109942,-17.725160433724273,10.048027541500712,-4.656465716287597,5 days 04:14:07.058823529,2 days 21:55:15.789473684,0.8765344327549378,-0.3903483297181194,0.0930988320820695,-0.34661038201745226,1.0050429681200257,0.14125998403570258,long
1661,"{'window_k': 102, 'window_d': 117, 'window_ma': 207}","open_time
2022-01-01 00:00:00    100.000000
2022-01-01 01:00:00    100.000000
2022-01-01 02:00:00    100.000000
2022-01-01 03:00:00    100.000000
2022-01-01 04:00:00    100.000000
                          ...    
2023-05-01 19:00:00     73.012697
2023-05-01 20:00:00     72.845020
2023-05-01 21:00:00     73.211813
2023-05-01 22:00:00     73.536686
2023-05-01 23:00:00     73.536686
Freq: H, Length: 11664, dtype: float64",2022-01-01,2023-05-01 23:00:00,486 days,100.0,48.92162518300088,120.68329623136732,73.53668636100655,-26.46331363899346,-70.17976286600607,41.32373113854595,100.0,59.46280329532014,451 days 16:00:00,71,0.0,36,28.57142857142857,36.69689369091261,-17.041348855881164,15.562438167101261,-6.488492783577204,7 days 10:36:00,4 days 21:21:36,0.8006058740774733,-0.7474114208365314,-0.09470870099460245,-0.34668040012339874,0.9954874712104078,-0.1320271566009536,long
2722,"{'window_k': 162, 'window_d': 162, 'window_ma': 42}","open_time
2022-01-01 00:00:00    100.000000
2022-01-01 01:00:00    100.000000
2022-01-01 02:00:00    100.000000
2022-01-01 03:00:00    100.000000
2022-01-01 04:00:00    100.000000
                          ...    
2023-05-01 19:00:00     75.475038
2023-05-01 20:00:00     75.475038
2023-05-01 21:00:00     75.475038
2023-05-01 22:00:00     75.475038
2023-05-01 23:00:00     75.475038
Freq: H, Length: 11664, dtype: float64",2022-01-01,2023-05-01 23:00:00,486 days,100.0,58.7737798570269,130.39426714231385,75.47503839466967,-24.524961605330333,-70.17976286600607,25.900205761316876,100.0,54.92610131940808,351 days 13:00:00,52,0.0,26,38.46153846153847,32.575326890278546,-21.593830334190226,9.722735157857173,-6.831807976206009,5 days 17:54:00,4 days 06:37:30,0.7603571678786394,-0.9432677540511669,-0.21134872100684335,-0.346795918388152,0.9874943205519424,-0.29856923185603823,long
857,"{'window_k': 57, 'window_d': 87, 'window_ma': 147}","open_time
2022-01-01 00:00:00    100.000000
2022-01-01 01:00:00    100.000000
2022-01-01 02:00:00    100.000000
2022-01-01 03:00:00    100.000000
2022-01-01 04:00:00    100.000000
                          ...    
2023-05-01 19:00:00     74.140414
2023-05-01 20:00:00     74.140414
2023-05-01 21:00:00     74.140414
2023-05-01 22:00:00     74.140414
2023-05-01 23:00:00     74.140414
Freq: H, Length: 11664, dtype: float64",2022-01-01,2023-05-01 23:00:00,486 days,100.0,64.39784286618378,153.2669726203606,74.14041368983527,-25.85958631016473,-70.17976286600607,44.675925925925924,100.0,57.9832225004561,194 days 16:00:00,108,0.0,54,37.03703703703704,23.214884344619524,-23.319863887707356,9.31288883512111,-5.691682461201036,5 days 13:06:00,3 days 02:58:14.117647058,0.8747595336959157,-0.4788812279660135,0.04650700812599157,-0.34709364381503116,1.0023824518903643,0.07011842995487302,long
990,"{'window_k': 57, 'window_d': 207, 'window_ma': 222}","open_time
2022-01-01 00:00:00    100.000000
2022-01-01 01:00:00    100.000000
2022-01-01 02:00:00    100.000000
2022-01-01 03:00:00    100.000000
2022-01-01 04:00:00    100.000000
                          ...    
2023-05-01 19:00:00     69.875640
2023-05-01 20:00:00     69.715167
2023-05-01 21:00:00     70.066200
2023-05-01 22:00:00     70.377115
2023-05-01 23:00:00     70.377115
Freq: H, Length: 11664, dtype: float64",2022-01-01,2023-05-01 23:00:00,486 days,100.0,42.308666985541066,127.44337858154165,70.37711537789073,-29.622884622109268,-70.17976286600607,37.74862825788752,100.0,66.80198888601274,355 days 14:00:00,55,0.0,28,37.03703703703704,43.62209570703187,-19.541431030243412,13.474699611571722,-8.582875848265132,9 days 22:18:00,4 days 20:07:03.529411764,0.7275186877487236,-1.1001155834051897,-0.10248029937242908,-0.34714835022225005,0.9944145626334826,-0.15199697897437034,long
1526,"{'window_k': 87, 'window_d': 237, 'window_ma': 102}","open_time
2022-01-01 00:00:00    100.000000
2022-01-01 01:00:00    100.000000
2022-01-01 02:00:00    100.000000
2022-01-01 03:00:00    100.000000
2022-01-01 04:00:00    100.000000
                          ...    
2023-05-01 19:00:00     72.855319
2023-05-01 20:00:00     72.855319
2023-05-01 21:00:00     72.855319
2023-05-01 22:00:00     72.855319
2023-05-01 23:00:00     72.855319
Freq: H, Length: 11664, dtype: float64",2022-01-01,2023-05-01 23:00:00,486 days,100.0,41.2826911461463,105.71495218101236,72.85531876879719,-27.14468123120281,-70.17976286600607,31.661522633744855,100.0,60.94905186594678,469 days 22:00:00,50,0.0,25,36.0,41.10275689223059,-18.628411476557034,11.240138261964578,-7.17620916340249,8 days 07:13:20,4 days 22:45:00,0.6672856792232277,-1.0857872492481135,-0.23234036926638846,-0.3473008065181709,0.987573116398703,-0.3247052076387445,long
2531,"{'window_k': 147, 'window_d': 222, 'window_ma': 57}","open_time
2022-01-01 00:00:00    100.000000
2022-01-01 01:00:00    100.000000
2022-01-01 02:00:00    100.000000
2022-01-01 03:00:00    100.000000
2022-01-01 04:00:00    100.000000
                          ...    
2023-05-01 19:00:00     76.612673
2023-05-01 20:00:00     76.612673
2023-05-01 21:00:00     76.612673
2023-05-01 22:00:00     76.612673
2023-05-01 23:00:00     76.612673
Freq: H, Length: 11664, dtype: float64",2022-01-01,2023-05-01 23:00:00,486 days,100.0,57.59776650199641,120.508974857747,76.61267342329897,-23.387326576701028,-70.17976286600607,21.253429355281206,100.0,52.20458345945866,424 days 03:00:00,40,0.0,20,40.0,26.40604831274202,-14.76673427991887,6.896718995417003,-6.104814857379762,4 days 11:45:00,5 days 14:45:00,0.6399492322217437,-1.1693663288350518,-0.33087636012743954,-0.3473538095746569,0.9783839762444024,-0.4569704301444589,long
2452,"{'window_k': 147, 'window_d': 147, 'window_ma': 72}","open_time
2022-01-01 00:00:00    100.000000
2022-01-01 01:00:00    100.000000
2022-01-01 02:00:00    100.000000
2022-01-01 03:00:00    100.000000
2022-01-01 04:00:00    100.000000
                          ...    
2023-05-01 19:00:00     73.340664
2023-05-01 20:00:00     73.172234
2023-05-01 21:00:00     73.540674
2023-05-01 22:00:00     73.867007
2023-05-01 23:00:00     73.867007
Freq: H, Length: 11664, dtype: float64",2022-01-01,2023-05-01 23:00:00,486 days,100.0,56.12768491581934,135.41011188066932,73.86700706947889,-26.132992930521116,-70.17976286600607,32.07304526748971,100.0,58.549857070288745,309 days 12:00:00,55,0.0,28,33.33333333333333,32.42418462712189,-13.651907847372211,11.532277124536522,-6.535603850789803,6 days 19:00:00,5 days 03:13:20,0.7741634613903102,-0.9370878017670203,-0.14400231237000705,-0.3475145379298758,0.9922746953190041,-0.20330588493925403,long
2832,"{'window_k': 177, 'window_d': 27, 'window_ma': 12}","open_time
2022-01-01 00:00:00    100.000000
2022-01-01 01:00:00    100.000000
2022-01-01 02:00:00    100.000000
2022-01-01 03:00:00    100.000000
2022-01-01 04:00:00    100.000000
                          ...    
2023-05-01 19:00:00     75.799715
2023-05-01 20:00:00     75.799715
2023-05-01 21:00:00     75.799715
2023-05-01 22:00:00     75.799715
2023-05-01 23:00:00     75.799715
Freq: H, Length: 11664, dtype: float64",2022-01-01,2023-05-01 23:00:00,486 days,100.0,57.60703267747813,125.30345455188545,75.79971526384855,-24.200284736151445,-70.17976286600607,20.301783264746227,100.0,54.02598205812092,355 days 14:00:00,188,0.0,94,32.97872340425532,24.87975513773503,-13.878066757923566,6.062082230713653,-3.1600596166741117,1 days 10:38:42.580645161,0 days 20:32:22.857142857,0.8561508297309611,-0.2574498376186338,-0.1030075512704922,-0.3477354948631659,0.9916752498212701,-0.16153306474344192,long
1679,"{'window_k': 102, 'window_d': 132, 'window_ma': 237}","open_time
2022-01-01 00:00:00    100.000000
2022-01-01 01:00:00    100.000000
2022-01-01 02:00:00    100.000000
2022-01-01 03:00:00    100.000000
2022-01-01 04:00:00    100.000000
                          ...    
2023-05-01 19:00:00     71.021744
2023-05-01 20:00:00     70.858640
2023-05-01 21:00:00     71.215431
2023-05-01 22:00:00     71.531445
2023-05-01 23:00:00     71.531445
Freq: H, Length: 11664, dtype: float64",2022-01-01,2023-05-01 23:00:00,486 days,100.0,49.23793551947401,136.26767500707496,71.53144531250265,-28.468554687497345,-70.17976286600607,43.85288065843621,100.0,63.866753052829594,391 days 18:00:00,69,0.0,35,29.411764705882355,30.586011342155,-25.548726953467966,13.929082419049314,-6.243027260992901,7 days 23:00:00,5 days 09:52:30,0.7791324542157956,-0.8475044529788751,-0.10692637085145712,-0.34831806006104066,0.9950654427572578,-0.14907932569778495,long
851,"{'window_k': 57, 'window_d': 87, 'window_ma': 57}","open_time
2022-01-01 00:00:00    100.000000
2022-01-01 01:00:00    100.000000
2022-01-01 02:00:00    100.000000
2022-01-01 03:00:00    100.000000
2022-01-01 04:00:00    100.000000
                          ...    
2023-05-01 19:00:00     76.408037
2023-05-01 20:00:00     76.408037
2023-05-01 21:00:00     76.408037
2023-05-01 22:00:00     76.408037
2023-05-01 23:00:00     76.408037
Freq: H, Length: 11664, dtype: float64",2022-01-01,2023-05-01 23:00:00,486 days,100.0,66.36748458845807,139.79821531407208,76.40803703885986,-23.59196296114014,-70.17976286600607,36.97702331961592,100.0,52.52622900846323,430 days 01:00:00,106,0.0,53,39.62264150943396,23.214884344619524,-23.319863887707356,7.727782464894201,-5.294540832496833,4 days 10:05:42.857142857,2 days 17:09:22.500000,0.8667231815498138,-0.44513137662528557,0.03610757644049284,-0.34835439780750926,1.0020886455952251,0.055010744628927036,long
2584,"{'window_k': 162, 'window_d': 27, 'window_ma': 132}","open_time
2022-01-01 00:00:00    100.000000
2022-01-01 01:00:00    100.000000
2022-01-01 02:00:00    100.000000
2022-01-01 03:00:00    100.000000
2022-01-01 04:00:00    100.000000
                          ...    
2023-05-01 19:00:00     72.050569
2023-05-01 20:00:00     72.050569
2023-05-01 21:00:00     72.050569
2023-05-01 22:00:00     72.050569
2023-05-01 23:00:00     72.050569
Freq: H, Length: 11664, dtype: float64",2022-01-01,2023-05-01 23:00:00,486 days,100.0,39.48760558005196,105.49295897451046,72.05056858763331,-27.949431412366692,-70.17976286600607,37.86008230452675,100.0,62.568491808450375,469 days 22:00:00,198,0.0,99,35.35353535353536,24.304620906235982,-14.461569764484475,6.55609593464063,-3.754364064404653,3 days 00:30:51.428571428,1 days 05:20:37.500000,0.8343135634841125,-0.28231748901380493,-0.02202173992059323,-0.34877831029654416,0.9987450566420304,-0.034053208598609004,long
387,"{'window_k': 27, 'window_d': 132, 'window_ma': 57}","open_time
2022-01-01 00:00:00    100.000000
2022-01-01 01:00:00    100.000000
2022-01-01 02:00:00    100.000000
2022-01-01 03:00:00    100.000000
2022-01-01 04:00:00    100.000000
                          ...    
2023-05-01 19:00:00     78.877503
2023-05-01 20:00:00     78.696357
2023-05-01 21:00:00     79.092613
2023-05-01 22:00:00     79.443582
2023-05-01 23:00:00     79.443582
Freq: H, Length: 11664, dtype: float64",2022-01-01,2023-05-01 23:00:00,486 days,100.0,63.28749834013889,116.07894710943917,79.44358219674322,-20.556417803256778,-70.17976286600607,33.85631001371742,100.0,45.47891765380033,430 days 01:00:00,95,0.0,48,38.297872340425535,21.595140113658633,-18.30626450116008,6.2423639275657745,-4.260751392011925,4 days 18:50:00,2 days 12:49:39.310344827,0.8071864623481243,-0.4443562521692259,-0.06787641398358683,-0.34899376479922056,0.9963927510657237,-0.09462834046461593,long
3282,"{'window_k': 192, 'window_d': 207, 'window_ma': 42}","open_time
2022-01-01 00:00:00    100.000000
2022-01-01 01:00:00    100.000000
2022-01-01 02:00:00    100.000000
2022-01-01 03:00:00    100.000000
2022-01-01 04:00:00    100.000000
                          ...    
2023-05-01 19:00:00     78.606684
2023-05-01 20:00:00     78.606684
2023-05-01 21:00:00     78.606684
2023-05-01 22:00:00     78.606684
2023-05-01 23:00:00     78.606684
Freq: H, Length: 11664, dtype: float64",2022-01-01,2023-05-01 23:00:00,486 days,100.0,66.55084965490126,126.48586540186558,78.60668379806525,-21.393316201934752,-70.17976286600607,20.833333333333336,100.0,47.384753669148175,424 days 03:00:00,40,0.0,20,40.0,30.839723209276215,-23.65591397849462,10.435817344270253,-7.669481587519152,5 days 08:30:00,4 days 20:50:00,0.7591239739370992,-1.0696658100967378,-0.2001608486189716,-0.3490222447875812,0.9867314737137733,-0.2812789691348994,long
3623,"{'window_k': 222, 'window_d': 42, 'window_ma': 117}","open_time
2022-01-01 00:00:00    100.000000
2022-01-01 01:00:00    100.000000
2022-01-01 02:00:00    100.000000
2022-01-01 03:00:00    100.000000
2022-01-01 04:00:00    100.000000
                          ...    
2023-05-01 19:00:00     75.939715
2023-05-01 20:00:00     75.765316
2023-05-01 21:00:00     76.146813
2023-05-01 22:00:00     76.484711
2023-05-01 23:00:00     76.484711
Freq: H, Length: 11664, dtype: float64",2022-01-01,2023-05-01 23:00:00,486 days,100.0,64.77920829049772,135.6545301327914,76.48471057087659,-23.515289429123413,-70.17976286600607,41.74382716049383,100.0,52.2469259028167,430 days 01:00:00,127,0.0,64,38.095238095238095,23.943661971830995,-19.895566922421143,8.219906771468253,-5.180773310224109,4 days 02:45:00,2 days 12:46:09.230769230,0.8880893016223277,-0.3485174831927993,0.0706747052947383,-0.3490382695227405,1.0036829640767069,0.10646359698488461,long
1051,"{'window_k': 72, 'window_d': 27, 'window_ma': 177}","open_time
2022-01-01 00:00:00    100.000000
2022-01-01 01:00:00    100.000000
2022-01-01 02:00:00    100.000000
2022-01-01 03:00:00    100.000000
2022-01-01 04:00:00    100.000000
                          ...    
2023-05-01 19:00:00     67.240881
2023-05-01 20:00:00     67.240881
2023-05-01 21:00:00     67.240881
2023-05-01 22:00:00     67.240881
2023-05-01 23:00:00     67.240881
Freq: H, Length: 11664, dtype: float64",2022-01-01,2023-05-01 23:00:00,486 days,100.0,26.748010626715367,101.97265717394389,67.24088067962532,-32.75911932037468,-70.17976286600607,37.50857338820302,100.0,73.769428621352,477 days 04:00:00,210,0.0,105,38.095238095238095,27.93205317577549,-14.512437051732046,6.016586659907889,-3.953111269591819,2 days 08:19:30,1 days 08:38:46.153846153,0.775185126185686,-0.3119916125749971,-0.08699669658081927,-0.34940525687298185,0.9949594187014302,-0.13554553889707585,long
1933,"{'window_k': 117, 'window_d': 132, 'window_ma': 207}","open_time
2022-01-01 00:00:00    100.000000
2022-01-01 01:00:00    100.000000
2022-01-01 02:00:00    100.000000
2022-01-01 03:00:00    100.000000
2022-01-01 04:00:00    100.000000
                          ...    
2023-05-01 19:00:00     73.357728
2023-05-01 20:00:00     73.189259
2023-05-01 21:00:00     73.557785
2023-05-01 22:00:00     73.884193
2023-05-01 23:00:00     73.884193
Freq: H, Length: 11664, dtype: float64",2022-01-01,2023-05-01 23:00:00,486 days,100.0,54.66032391602755,130.53435114503816,73.88419339769224,-26.115806602307757,-70.17976286600607,38.78600823045267,100.0,58.12571676608415,451 days 16:00:00,63,0.0,32,32.25806451612903,37.15755805868446,-17.388089797015734,11.725364316280046,-6.142281011615952,7 days 06:54:00,5 days 08:22:51.428571428,0.7682659771682664,-0.8556919300634109,-0.0995757219556395,-0.34981088548207023,0.9951418364749894,-0.13946434018653112,long
2544,"{'window_k': 147, 'window_d': 237, 'window_ma': 12}","open_time
2022-01-01 00:00:00    100.000000
2022-01-01 01:00:00    100.000000
2022-01-01 02:00:00    100.000000
2022-01-01 03:00:00    100.000000
2022-01-01 04:00:00    100.000000
                          ...    
2023-05-01 19:00:00     83.416596
2023-05-01 20:00:00     83.416596
2023-05-01 21:00:00     83.416596
2023-05-01 22:00:00     83.416596
2023-05-01 23:00:00     83.416596
Freq: H, Length: 11664, dtype: float64",2022-01-01,2023-05-01 23:00:00,486 days,100.0,71.41203034903333,112.25855215215503,83.41659560688024,-16.583404393119764,-70.17976286600607,9.670781893004115,100.0,36.38611136526899,314 days 15:00:00,36,0.0,18,55.55555555555556,16.580597565473997,-22.360524561013552,4.257578445503276,-6.752165294816817,2 days 14:36:00,2 days 14:45:00,0.6941200780796006,-0.9213002440622087,-0.2865225812332627,-0.34989546761026025,0.9726636952216653,-0.393621118360881,long
2938,"{'window_k': 177, 'window_d': 117, 'window_ma': 162}","open_time
2022-01-01 00:00:00    100.000000
2022-01-01 01:00:00    100.000000
2022-01-01 02:00:00    100.000000
2022-01-01 03:00:00    100.000000
2022-01-01 04:00:00    100.000000
                          ...    
2023-05-01 19:00:00     72.337106
2023-05-01 20:00:00     72.170981
2023-05-01 21:00:00     72.534380
2023-05-01 22:00:00     72.856247
2023-05-01 23:00:00     72.856247
Freq: H, Length: 11664, dtype: float64",2022-01-01,2023-05-01 23:00:00,486 days,100.0,56.20097270766286,142.18617592575833,72.856247033795,-27.143752966205,-70.17976286600607,38.07441700960219,100.0,60.47367309673771,391 days 18:00:00,63,0.0,32,38.70967741935484,34.40078310725772,-23.720982645931937,11.779508207133366,-7.914912046188643,7 days 18:00:00,4 days 16:18:56.842105263,0.8084894994417371,-0.892351418056379,-0.005530528126991807,-0.35001843676470135,0.9996960218156915,-0.008299697311667,long
2929,"{'window_k': 177, 'window_d': 117, 'window_ma': 27}","open_time
2022-01-01 00:00:00    100.000000
2022-01-01 01:00:00    100.000000
2022-01-01 02:00:00    100.000000
2022-01-01 03:00:00    100.000000
2022-01-01 04:00:00    100.000000
                          ...    
2023-05-01 19:00:00     77.034057
2023-05-01 20:00:00     76.857145
2023-05-01 21:00:00     77.244140
2023-05-01 22:00:00     77.586906
2023-05-01 23:00:00     77.586906
Freq: H, Length: 11664, dtype: float64",2022-01-01,2023-05-01 23:00:00,486 days,100.0,66.01518327351101,130.84280409587038,77.58690632298237,-22.413093677017628,-70.17976286600607,27.26337448559671,100.0,49.54618732785583,451 days 16:00:00,63,0.0,32,45.16129032258064,25.109710813547863,-12.885619364024675,7.414601626155139,-6.8580523951829395,3 days 11:21:25.714285714,4 days 18:00:00,0.8010181165122452,-0.7408368784002985,-0.01879781131042799,-0.35023560598139825,0.9987092142152888,-0.029031134981846084,long
1812,"{'window_k': 117, 'window_d': 27, 'window_ma': 72}","open_time
2022-01-01 00:00:00    100.000000
2022-01-01 01:00:00    100.000000
2022-01-01 02:00:00    100.000000
2022-01-01 03:00:00    100.000000
2022-01-01 04:00:00    100.000000
                          ...    
2023-05-01 19:00:00     71.229493
2023-05-01 20:00:00     71.229493
2023-05-01 21:00:00     71.229493
2023-05-01 22:00:00     71.229493
2023-05-01 23:00:00     71.229493
Freq: H, Length: 11664, dtype: float64",2022-01-01,2023-05-01 23:00:00,486 days,100.0,36.18113429222161,101.03585657370517,71.22949260770737,-28.770507392292625,-70.17976286600607,36.22256515775034,100.0,64.18980793632639,477 days 04:00:00,186,0.0,93,38.70967741935484,26.63832282656501,-14.46156976448446,6.339927823242733,-4.17292753917047,2 days 17:41:40,1 days 08:37:53.684210526,0.8179831256817347,-0.3093602945407812,-0.03908120631430647,-0.35040727883083966,0.9977352721430783,-0.06064262224125966,long
401,"{'window_k': 27, 'window_d': 147, 'window_ma': 27}","open_time
2022-01-01 00:00:00    100.000000
2022-01-01 01:00:00    100.000000
2022-01-01 02:00:00    100.000000
2022-01-01 03:00:00    100.000000
2022-01-01 04:00:00    100.000000
                          ...    
2023-05-01 19:00:00     75.842011
2023-05-01 20:00:00     75.667837
2023-05-01 21:00:00     76.048843
2023-05-01 22:00:00     76.386306
2023-05-01 23:00:00     76.386306
Freq: H, Length: 11664, dtype: float64",2022-01-01,2023-05-01 23:00:00,486 days,100.0,59.01802801977167,123.62751371598833,76.38630604390744,-23.61369395609256,-70.17976286600607,25.814471879286693,100.0,52.26141313870081,451 days 16:00:00,83,0.0,42,36.58536585365854,28.95505617977528,-13.750174849629312,7.314220840925932,-4.743514783925857,4 days 06:32:00,2 days 04:41:32.307692307,0.7822207862765695,-0.576740283729178,-0.18981219473793903,-0.3504534958258396,0.988814188548857,-0.2662187365679455,long
408,"{'window_k': 27, 'window_d': 147, 'window_ma': 132}","open_time
2022-01-01 00:00:00    100.000000
2022-01-01 01:00:00    100.000000
2022-01-01 02:00:00    100.000000
2022-01-01 03:00:00    100.000000
2022-01-01 04:00:00    100.000000
                          ...    
2023-05-01 19:00:00     74.620600
2023-05-01 20:00:00     74.449231
2023-05-01 21:00:00     74.824101
2023-05-01 22:00:00     75.156129
2023-05-01 23:00:00     75.156129
Freq: H, Length: 11664, dtype: float64",2022-01-01,2023-05-01 23:00:00,486 days,100.0,55.53026781278182,123.62751371598833,75.15612912649111,-24.84387087350889,-70.17976286600607,33.281893004115226,100.0,55.082597600116344,451 days 16:00:00,83,0.0,42,31.70731707317073,32.663971834659016,-13.750174849629312,9.646256849197155,-4.857723771271973,6 days 08:36:55.384615384,2 days 16:06:25.714285714,0.7862390929134531,-0.6067317709492683,-0.13427140781273408,-0.35047681017781157,0.9930479525857397,-0.18763546856705393,long
2615,"{'window_k': 162, 'window_d': 57, 'window_ma': 117}","open_time
2022-01-01 00:00:00    100.000000
2022-01-01 01:00:00    100.000000
2022-01-01 02:00:00    100.000000
2022-01-01 03:00:00    100.000000
2022-01-01 04:00:00    100.000000
                          ...    
2023-05-01 19:00:00     79.068674
2023-05-01 20:00:00     78.887090
2023-05-01 21:00:00     79.284306
2023-05-01 22:00:00     79.636126
2023-05-01 23:00:00     79.636126
Freq: H, Length: 11664, dtype: float64",2022-01-01,2023-05-01 23:00:00,486 days,100.0,63.06819924826559,123.69094096429012,79.63612558077497,-20.363874419225027,-70.17976286600607,36.942729766803836,100.0,44.8260305644843,194 days 16:00:00,101,0.0,51,38.0,21.473927265730193,-20.09324539458721,8.075407511601126,-5.082703104221227,4 days 07:09:28.421052631,2 days 23:34:50.322580645,0.8750634937150394,-0.3682368339740876,0.08134601908570405,-0.3506617035447497,1.0047297429986206,0.1246889604022683,long
3229,"{'window_k': 192, 'window_d': 147, 'window_ma': 207}","open_time
2022-01-01 00:00:00    100.000000
2022-01-01 01:00:00    100.000000
2022-01-01 02:00:00    100.000000
2022-01-01 03:00:00    100.000000
2022-01-01 04:00:00    100.000000
                          ...    
2023-05-01 19:00:00     73.141481
2023-05-01 20:00:00     72.973509
2023-05-01 21:00:00     73.340949
2023-05-01 22:00:00     73.666395
2023-05-01 23:00:00     73.666395
Freq: H, Length: 11664, dtype: float64",2022-01-01,2023-05-01 23:00:00,486 days,100.0,60.86941924490524,146.58376750124512,73.66639515833596,-26.333604841664044,-70.17976286600607,38.1258573388203,100.0,58.47465221932695,309 days 12:00:00,51,0.0,26,28.000000000000004,36.84834123222749,-22.659773402265973,17.646800184256666,-7.349039686835371,10 days 02:51:25.714285714,6 days 06:09:59.999999999,0.7966195090244688,-1.0567036416430007,-0.09001346494245793,-0.3507408390833979,0.9954304249642976,-0.1297268427141023,long
1678,"{'window_k': 102, 'window_d': 132, 'window_ma': 222}","open_time
2022-01-01 00:00:00    100.000000
2022-01-01 01:00:00    100.000000
2022-01-01 02:00:00    100.000000
2022-01-01 03:00:00    100.000000
2022-01-01 04:00:00    100.000000
                          ...    
2023-05-01 19:00:00     70.775193
2023-05-01 20:00:00     70.612655
2023-05-01 21:00:00     70.968207
2023-05-01 22:00:00     71.283125
2023-05-01 23:00:00     71.283125
Freq: H, Length: 11664, dtype: float64",2022-01-01,2023-05-01 23:00:00,486 days,100.0,49.067006639643964,136.26767500707496,71.28312479112226,-28.71687520887774,-70.17976286600607,42.66975308641975,100.0,63.9921891695177,391 days 18:00:00,69,0.0,35,29.411764705882355,30.586011342154997,-25.548726953467966,13.929082419049314,-6.254906199114875,7 days 23:00:00,5 days 04:07:30,0.7776789372516227,-0.8547726093084584,-0.11229675462095008,-0.350804542333048,0.9947792245156531,-0.15656295239527623,long
2089,"{'window_k': 132, 'window_d': 42, 'window_ma': 147}","open_time
2022-01-01 00:00:00    100.000000
2022-01-01 01:00:00    100.000000
2022-01-01 02:00:00    100.000000
2022-01-01 03:00:00    100.000000
2022-01-01 04:00:00    100.000000
                          ...    
2023-05-01 19:00:00     71.487185
2023-05-01 20:00:00     71.487185
2023-05-01 21:00:00     71.487185
2023-05-01 22:00:00     71.487185
2023-05-01 23:00:00     71.487185
Freq: H, Length: 11664, dtype: float64",2022-01-01,2023-05-01 23:00:00,486 days,100.0,53.1123705940912,145.53120310648774,71.48718489486784,-28.512815105132162,-70.17976286600607,39.463305898491086,100.0,63.504479135496496,355 days 14:00:00,120,0.0,60,28.333333333333332,22.75929549902152,-15.937687237866974,10.282806187462663,-4.421127200678463,4 days 10:35:17.647058823,2 days 16:54:25.116279069,0.8238842655930864,-0.47521358508553657,-0.006095396583271483,-0.3508741292767821,0.9996594016835436,-0.00945689515016444,long
3420,"{'window_k': 207, 'window_d': 87, 'window_ma': 192}","open_time
2022-01-01 00:00:00    100.000000
2022-01-01 01:00:00    100.000000
2022-01-01 02:00:00    100.000000
2022-01-01 03:00:00    100.000000
2022-01-01 04:00:00    100.000000
                          ...    
2023-05-01 19:00:00     70.157325
2023-05-01 20:00:00     69.996206
2023-05-01 21:00:00     70.348654
2023-05-01 22:00:00     70.660822
2023-05-01 23:00:00     70.660822
Freq: H, Length: 11664, dtype: float64",2022-01-01,2023-05-01 23:00:00,486 days,100.0,55.84764030427794,161.39468669537854,70.66082205006009,-29.33917794993991,-70.17976286600607,40.775034293552814,100.0,65.39685323737667,309 days 12:00:00,67,0.0,34,36.36363636363637,31.123318810380773,-19.642455588036864,12.450651680482489,-7.748147102863776,8 days 22:15:00,4 days 03:45:42.857142857,0.8214288763966167,-0.8927277975968693,-0.010115863859031227,-0.3510531209555036,0.9994551006087822,-0.015302780530662072,long
1971,"{'window_k': 117, 'window_d': 177, 'window_ma': 57}","open_time
2022-01-01 00:00:00    100.000000
2022-01-01 01:00:00    100.000000
2022-01-01 02:00:00    100.000000
2022-01-01 03:00:00    100.000000
2022-01-01 04:00:00    100.000000
                          ...    
2023-05-01 19:00:00     68.796247
2023-05-01 20:00:00     68.638254
2023-05-01 21:00:00     68.983864
2023-05-01 22:00:00     69.289976
2023-05-01 23:00:00     69.289976
Freq: H, Length: 11664, dtype: float64",2022-01-01,2023-05-01 23:00:00,486 days,100.0,41.11414016481368,130.9400937704454,69.28997632487972,-30.710023675120286,-70.17976286600607,22.976680384087793,100.0,68.6008013428706,391 days 18:00:00,53,0.0,27,34.61538461538461,30.770698206791288,-21.938408404086918,10.720404134045891,-6.879366544638859,5 days 07:26:40,3 days 15:52:56.470588235,0.6789577266337333,-1.172799337045042,-0.37095272026221626,-0.3510604147579701,0.9761100611179387,-0.5163234654270326,long
1429,"{'window_k': 87, 'window_d': 147, 'window_ma': 87}","open_time
2022-01-01 00:00:00    100.000000
2022-01-01 01:00:00    100.000000
2022-01-01 02:00:00    100.000000
2022-01-01 03:00:00    100.000000
2022-01-01 04:00:00    100.000000
                          ...    
2023-05-01 19:00:00     74.435382
2023-05-01 20:00:00     74.435382
2023-05-01 21:00:00     74.435382
2023-05-01 22:00:00     74.435382
2023-05-01 23:00:00     74.435382
Freq: H, Length: 11664, dtype: float64",2022-01-01,2023-05-01 23:00:00,486 days,100.0,53.58602460687368,123.60100609749563,74.43538217951638,-25.56461782048362,-70.17976286600607,39.531893004115226,100.0,56.64596405905839,451 days 16:00:00,68,0.0,34,35.294117647058826,34.10740203193034,-16.105828447553833,10.71304131753741,-6.318500960741161,6 days 04:54:59.999999999,5 days 08:21:49.090909090,0.7878037216775859,-0.7519005241318708,-0.08338748056696323,-0.3510764356820045,0.9959520170087642,-0.11699699324590453,long
1486,"{'window_k': 87, 'window_d': 192, 'window_ma': 222}","open_time
2022-01-01 00:00:00    100.000000
2022-01-01 01:00:00    100.000000
2022-01-01 02:00:00    100.000000
2022-01-01 03:00:00    100.000000
2022-01-01 04:00:00    100.000000
                          ...    
2023-05-01 19:00:00     69.911546
2023-05-01 20:00:00     69.750991
2023-05-01 21:00:00     70.102205
2023-05-01 22:00:00     70.413279
2023-05-01 23:00:00     70.413279
Freq: H, Length: 11664, dtype: float64",2022-01-01,2023-05-01 23:00:00,486 days,100.0,46.40184904526976,136.23842592604055,70.41327938546787,-29.586720614532126,-70.17976286600607,36.51406035665295,100.0,65.94070378465777,391 days 18:00:00,51,0.0,26,32.0,46.1317183951552,-24.51577801958651,16.33942842711283,-8.248268021256253,10 days 17:15:00,5 days 07:07:03.529411764,0.745085405909585,-1.166209192182396,-0.20587015780707887,-0.3512331240293245,0.9897287464423263,-0.2855905343568009,long
1555,"{'window_k': 102, 'window_d': 27, 'window_ma': 57}","open_time
2022-01-01 00:00:00    100.000000
2022-01-01 01:00:00    100.000000
2022-01-01 02:00:00    100.000000
2022-01-01 03:00:00    100.000000
2022-01-01 04:00:00    100.000000
                          ...    
2023-05-01 19:00:00     71.816401
2023-05-01 20:00:00     71.816401
2023-05-01 21:00:00     71.816401
2023-05-01 22:00:00     71.816401
2023-05-01 23:00:00     71.816401
Freq: H, Length: 11664, dtype: float64",2022-01-01,2023-05-01 23:00:00,486 days,100.0,37.87493078160455,101.30651377009117,71.81640057568036,-28.183599424319638,-70.17976286600607,34.996570644718794,100.0,62.61352861518921,477 days 04:00:00,200,0.0,100,37.0,29.31392931392931,-14.893299507536176,6.288932818279405,-3.840632571507118,2 days 06:38:55.135135135,1 days 08:41:54.285714285,0.8159355619669775,-0.2818359942431967,-0.03231564088493796,-0.35157629035956417,0.9980544358095633,-0.05034080982005755,long
858,"{'window_k': 57, 'window_d': 87, 'window_ma': 162}","open_time
2022-01-01 00:00:00    100.000000
2022-01-01 01:00:00    100.000000
2022-01-01 02:00:00    100.000000
2022-01-01 03:00:00    100.000000
2022-01-01 04:00:00    100.000000
                          ...    
2023-05-01 19:00:00     73.846319
2023-05-01 20:00:00     73.846319
2023-05-01 21:00:00     73.846319
2023-05-01 22:00:00     73.846319
2023-05-01 23:00:00     73.846319
Freq: H, Length: 11664, dtype: float64",2022-01-01,2023-05-01 23:00:00,486 days,100.0,64.14239410825941,152.13123842421786,73.8463187986691,-26.153681201330897,-70.17976286600607,44.21296296296296,100.0,57.837460095211746,194 days 16:00:00,108,0.0,54,38.88888888888889,23.214884344619524,-23.319863887707356,8.851132604428294,-5.864814091404267,5 days 07:22:51.428571428,3 days 03:12:43.636363636,0.872580032152434,-0.4843274296542779,0.04165751277547084,-0.3520846459797217,1.0021426092582932,0.06279779929954991,long
3779,"{'window_k': 222, 'window_d': 192, 'window_ma': 57}","open_time
2022-01-01 00:00:00    100.000000
2022-01-01 01:00:00    100.000000
2022-01-01 02:00:00    100.000000
2022-01-01 03:00:00    100.000000
2022-01-01 04:00:00    100.000000
                          ...    
2023-05-01 19:00:00     74.636565
2023-05-01 20:00:00     74.636565
2023-05-01 21:00:00     74.636565
2023-05-01 22:00:00     74.636565
2023-05-01 23:00:00     74.636565
Freq: H, Length: 11664, dtype: float64",2022-01-01,2023-05-01 23:00:00,486 days,100.0,56.006683632742536,127.30488242459742,74.63656473064718,-25.36343526935282,-70.17976286600607,24.442729766803843,100.0,56.005863588212925,424 days 03:00:00,36,0.0,18,38.88888888888889,28.20273050308584,-17.357695010541104,9.29381075855583,-7.633190755987268,6 days 16:08:34.285714285,6 days 13:16:21.818181818,0.6561480288750963,-1.4090797371862678,-0.32270040015115037,-0.3521863243802155,0.9799313820460174,-0.44820711161909993,long
2919,"{'window_k': 177, 'window_d': 102, 'window_ma': 117}","open_time
2022-01-01 00:00:00    100.000000
2022-01-01 01:00:00    100.000000
2022-01-01 02:00:00    100.000000
2022-01-01 03:00:00    100.000000
2022-01-01 04:00:00    100.000000
                          ...    
2023-05-01 19:00:00     71.728356
2023-05-01 20:00:00     71.563629
2023-05-01 21:00:00     71.923970
2023-05-01 22:00:00     72.243128
2023-05-01 23:00:00     72.243128
Freq: H, Length: 11664, dtype: float64",2022-01-01,2023-05-01 23:00:00,486 days,100.0,56.86894417012471,147.72238810679062,72.24312831323576,-27.75687168676424,-70.17976286600607,38.117283950617285,100.0,61.50282641720269,309 days 12:00:00,67,0.0,34,36.36363636363637,30.29155622870125,-23.081164534627256,12.145734048782424,-7.39354345828732,6 days 22:25:00,4 days 16:22:51.428571428,0.818469422683019,-0.8361255935715115,-0.02077672504182312,-0.35227111692940655,0.9988308604715076,-0.03153781319218531,long
2120,"{'window_k': 132, 'window_d': 72, 'window_ma': 132}","open_time
2022-01-01 00:00:00    100.000000
2022-01-01 01:00:00    100.000000
2022-01-01 02:00:00    100.000000
2022-01-01 03:00:00    100.000000
2022-01-01 04:00:00    100.000000
                          ...    
2023-05-01 19:00:00     76.554345
2023-05-01 20:00:00     76.378535
2023-05-01 21:00:00     76.763120
2023-05-01 22:00:00     77.103752
2023-05-01 23:00:00     77.103752
Freq: H, Length: 11664, dtype: float64",2022-01-01,2023-05-01 23:00:00,486 days,100.0,51.27799029108764,123.96632673910229,77.10375176360087,-22.89624823639913,-70.17976286600607,38.56310013717421,100.0,50.353604597543175,194 days 16:00:00,91,0.0,46,40.0,24.89555173261244,-20.714684533780012,9.440026365325393,-6.434084416096694,5 days 17:36:40,2 days 22:06:40,0.8631829782125215,-0.4802363622265653,0.057194353835617086,-0.3523018578656505,1.003209196755199,0.08730218320705979,long
3469,"{'window_k': 207, 'window_d': 132, 'window_ma': 207}","open_time
2022-01-01 00:00:00    100.000000
2022-01-01 01:00:00    100.000000
2022-01-01 02:00:00    100.000000
2022-01-01 03:00:00    100.000000
2022-01-01 04:00:00    100.000000
                          ...    
2023-05-01 19:00:00     74.037266
2023-05-01 20:00:00     73.867236
2023-05-01 21:00:00     74.239176
2023-05-01 22:00:00     74.568609
2023-05-01 23:00:00     74.568609
Freq: H, Length: 11664, dtype: float64",2022-01-01,2023-05-01 23:00:00,486 days,100.0,56.30324647448483,128.31604502317367,74.56860851569391,-25.431391484306086,-70.17976286600607,38.79458161865569,100.0,56.121429347112,451 days 16:00:00,53,0.0,27,34.61538461538461,37.23372781065088,-15.168253506795546,13.69474851351889,-7.632915735842075,8 days 23:20:00,6 days 05:10:35.294117647,0.7889098778966054,-0.9401190156510908,-0.03440963002637993,-0.35243932165139175,0.9981997043038475,-0.04962824732948962,long
1528,"{'window_k': 87, 'window_d': 237, 'window_ma': 132}","open_time
2022-01-01 00:00:00    100.000000
2022-01-01 01:00:00    100.000000
2022-01-01 02:00:00    100.000000
2022-01-01 03:00:00    100.000000
2022-01-01 04:00:00    100.000000
                          ...    
2023-05-01 19:00:00     73.153773
2023-05-01 20:00:00     73.153773
2023-05-01 21:00:00     73.153773
2023-05-01 22:00:00     73.153773
2023-05-01 23:00:00     73.153773
Freq: H, Length: 11664, dtype: float64",2022-01-01,2023-05-01 23:00:00,486 days,100.0,43.0205707611575,105.71495218101236,73.1537731616104,-26.846226838389597,-70.17976286600607,33.25617283950617,100.0,59.30512205360058,469 days 22:00:00,50,0.0,25,40.0,41.10275689223059,-18.628411476557034,11.627639472740892,-8.511369027601608,8 days 09:54:00,5 days 04:00:00,0.7056723731875645,-1.0738490735355843,-0.19306112919174181,-0.35284037460099643,0.9898241440207399,-0.2706104890129914,long
614,"{'window_k': 42, 'window_d': 102, 'window_ma': 102}","open_time
2022-01-01 00:00:00    100.000000
2022-01-01 01:00:00    100.000000
2022-01-01 02:00:00    100.000000
2022-01-01 03:00:00    100.000000
2022-01-01 04:00:00    100.000000
                          ...    
2023-05-01 19:00:00     74.262386
2023-05-01 20:00:00     74.262386
2023-05-01 21:00:00     74.262386
2023-05-01 22:00:00     74.262386
2023-05-01 23:00:00     74.262386
Freq: H, Length: 11664, dtype: float64",2022-01-01,2023-05-01 23:00:00,486 days,100.0,67.05021211587577,155.06235598993337,74.26238645143219,-25.737613548567808,-70.17976286600607,41.96673525377229,100.0,56.75919426876974,275 days 07:00:00,96,0.0,48,39.58333333333333,28.20419103313841,-22.458836443468716,9.180552592734937,-6.524744729783988,5 days 16:53:41.052631578,3 days 07:25:42.857142857,0.8664835448735864,-0.5362002822618304,0.036658429537868804,-0.35284042861722537,1.0019495411817971,0.05518865164534958,long
2790,"{'window_k': 162, 'window_d': 222, 'window_ma': 102}","open_time
2022-01-01 00:00:00    100.000000
2022-01-01 01:00:00    100.000000
2022-01-01 02:00:00    100.000000
2022-01-01 03:00:00    100.000000
2022-01-01 04:00:00    100.000000
                          ...    
2023-05-01 19:00:00     75.778419
2023-05-01 20:00:00     75.778419
2023-05-01 21:00:00     75.778419
2023-05-01 22:00:00     75.778419
2023-05-01 23:00:00     75.778419
Freq: H, Length: 11664, dtype: float64",2022-01-01,2023-05-01 23:00:00,486 days,100.0,55.469216900359676,118.65306122448979,75.77841875397547,-24.221581246024527,-70.17976286600607,28.677983539094647,100.0,53.250917989032956,451 days 16:00:00,38,0.0,19,26.31578947368421,43.728913011588645,-16.805440793237146,15.151491544851176,-6.3215949549981625,11 days 02:36:00,5 days 23:42:51.428571428,0.6785996551255217,-1.2748200655802382,-0.20738330512584938,-0.3531185846803422,0.9881266247629669,-0.2882012021699387,long
3383,"{'window_k': 207, 'window_d': 57, 'window_ma': 117}","open_time
2022-01-01 00:00:00    100.000000
2022-01-01 01:00:00    100.000000
2022-01-01 02:00:00    100.000000
2022-01-01 03:00:00    100.000000
2022-01-01 04:00:00    100.000000
                          ...    
2023-05-01 19:00:00     75.041143
2023-05-01 20:00:00     74.868808
2023-05-01 21:00:00     75.245791
2023-05-01 22:00:00     75.579690
2023-05-01 23:00:00     75.579690
Freq: H, Length: 11664, dtype: float64",2022-01-01,2023-05-01 23:00:00,486 days,100.0,59.270025465215205,127.72214145248294,75.57969001699941,-24.420309983000593,-70.17976286600607,37.122770919067214,100.0,53.594557066469406,355 days 14:00:00,95,0.0,48,38.297872340425535,20.77538527627127,-16.957264957264947,7.733970578341041,-5.274240877112608,4 days 11:56:40,3 days 06:14:28.965517241,0.8204269273942036,-0.5262269629720171,0.026795351148149286,-0.3538393380795081,1.0015551861051755,0.04094395744906408,long
2421,"{'window_k': 147, 'window_d': 117, 'window_ma': 87}","open_time
2022-01-01 00:00:00    100.000000
2022-01-01 01:00:00    100.000000
2022-01-01 02:00:00    100.000000
2022-01-01 03:00:00    100.000000
2022-01-01 04:00:00    100.000000
                          ...    
2023-05-01 19:00:00     72.729648
2023-05-01 20:00:00     72.729648
2023-05-01 21:00:00     72.729648
2023-05-01 22:00:00     72.729648
2023-05-01 23:00:00     72.729648
Freq: H, Length: 11664, dtype: float64",2022-01-01,2023-05-01 23:00:00,486 days,100.0,55.757135476290294,139.7331309702105,72.72964785079166,-27.27035214920834,-70.17976286600607,39.68621399176955,100.0,60.0974120531393,391 days 18:00:00,68,0.0,34,38.23529411764706,34.10740203193033,-25.053824362606225,10.397235301885207,-6.89496592538769,6 days 20:32:18.461538461,4 days 22:34:17.142857142,0.8133702394776522,-0.802069180859069,-0.060247483470362885,-0.353922102054209,0.9969570633010651,-0.08605164525883065,long
3226,"{'window_k': 192, 'window_d': 147, 'window_ma': 162}","open_time
2022-01-01 00:00:00    100.000000
2022-01-01 01:00:00    100.000000
2022-01-01 02:00:00    100.000000
2022-01-01 03:00:00    100.000000
2022-01-01 04:00:00    100.000000
                          ...    
2023-05-01 19:00:00     73.006959
2023-05-01 20:00:00     72.839295
2023-05-01 21:00:00     73.206059
2023-05-01 22:00:00     73.530907
2023-05-01 23:00:00     73.530907
Freq: H, Length: 11664, dtype: float64",2022-01-01,2023-05-01 23:00:00,486 days,100.0,61.36538479199959,146.96810284274295,73.53090722018969,-26.46909277981031,-70.17976286600607,35.94821673525377,100.0,58.24578013525762,349 days 17:00:00,51,0.0,26,28.000000000000004,36.84834123222749,-22.659773402265984,17.00967578147992,-7.152883311270665,10 days 09:34:17.142857142,5 days 13:26:40,0.7869339619957947,-1.06211698044002,-0.09959572151320749,-0.3540045981534479,0.9948209717713742,-0.14362959080682197,long
3423,"{'window_k': 207, 'window_d': 87, 'window_ma': 237}","open_time
2022-01-01 00:00:00    100.000000
2022-01-01 01:00:00    100.000000
2022-01-01 02:00:00    100.000000
2022-01-01 03:00:00    100.000000
2022-01-01 04:00:00    100.000000
                          ...    
2023-05-01 19:00:00     69.913775
2023-05-01 20:00:00     69.753215
2023-05-01 21:00:00     70.104439
2023-05-01 22:00:00     70.415524
2023-05-01 23:00:00     70.415524
Freq: H, Length: 11664, dtype: float64",2022-01-01,2023-05-01 23:00:00,486 days,100.0,55.65376610130877,160.83440758464005,70.41552412016614,-29.58447587983386,-70.17976286600607,40.2863511659808,100.0,65.39685323737667,309 days 12:00:00,67,0.0,34,36.36363636363637,31.123318810380766,-19.642455588036864,12.41684925222642,-7.7481471028637765,8 days 17:30:00,4 days 03:45:42.857142857,0.8194415171321844,-0.9001483563218171,-0.015929456938571833,-0.35412590260726035,0.9991352801556228,-0.024113500967018663,long
211,"{'window_k': 12, 'window_d': 207, 'window_ma': 57}","open_time
2022-01-01 00:00:00    100.000000
2022-01-01 01:00:00    100.000000
2022-01-01 02:00:00    100.000000
2022-01-01 03:00:00    100.000000
2022-01-01 04:00:00    100.000000
                          ...    
2023-05-01 19:00:00     69.716309
2023-05-01 20:00:00     69.556202
2023-05-01 21:00:00     69.906435
2023-05-01 22:00:00     70.216641
2023-05-01 23:00:00     70.216641
Freq: H, Length: 11664, dtype: float64",2022-01-01,2023-05-01 23:00:00,486 days,100.0,41.239718252961545,120.51705839432196,70.2166409154493,-29.783359084550696,-70.17976286600607,25.960219478737994,100.0,65.78101158258562,451 days 16:00:00,99,0.0,50,32.6530612244898,33.9390386869871,-15.225643188528052,8.079925042428671,-4.470204460680553,3 days 22:26:15,1 days 19:03:38.181818181,0.7372599251873468,-0.6047603955483061,-0.33912023544463477,-0.35453657481362877,0.9799459657156122,-0.4696178831507935,long
1093,"{'window_k': 72, 'window_d': 72, 'window_ma': 87}","open_time
2022-01-01 00:00:00    100.000000
2022-01-01 01:00:00    100.000000
2022-01-01 02:00:00    100.000000
2022-01-01 03:00:00    100.000000
2022-01-01 04:00:00    100.000000
                          ...    
2023-05-01 19:00:00     78.207141
2023-05-01 20:00:00     78.207141
2023-05-01 21:00:00     78.207141
2023-05-01 22:00:00     78.207141
2023-05-01 23:00:00     78.207141
Freq: H, Length: 11664, dtype: float64",2022-01-01,2023-05-01 23:00:00,486 days,100.0,64.74536478923484,126.20050255856948,78.2071408435893,-21.7928591564107,-70.17976286600607,39.891975308641975,100.0,47.52741087190998,194 days 16:00:00,110,0.0,55,36.36363636363637,21.20338331410994,-17.725160433724263,8.62178815462513,-5.109353649697549,4 days 14:03:00,2 days 22:03:25.714285714,0.8724419400741245,-0.39623380284383014,0.08445786778390507,-0.35468240711382015,1.0046315458907922,0.1283352107953878,long
1747,"{'window_k': 102, 'window_d': 207, 'window_ma': 57}","open_time
2022-01-01 00:00:00    100.000000
2022-01-01 01:00:00    100.000000
2022-01-01 02:00:00    100.000000
2022-01-01 03:00:00    100.000000
2022-01-01 04:00:00    100.000000
                          ...    
2023-05-01 19:00:00     69.014674
2023-05-01 20:00:00     68.856179
2023-05-01 21:00:00     69.202887
2023-05-01 22:00:00     69.509971
2023-05-01 23:00:00     69.509971
Freq: H, Length: 11664, dtype: float64",2022-01-01,2023-05-01 23:00:00,486 days,100.0,44.59438687287491,136.72678672218896,69.50997085491372,-30.490029145086282,-70.17976286600607,22.247942386831276,100.0,67.38430856019099,391 days 18:00:00,47,0.0,24,39.130434782608695,29.510674475722666,-36.75500969618618,9.700703017350682,-7.564160885280516,5 days 22:33:19.999999999,3 days 20:30:00,0.6560700345991087,-1.375183133876026,-0.3956901541367805,-0.35471274253270335,0.9740886024195149,-0.5319228339384455,long
1510,"{'window_k': 87, 'window_d': 222, 'window_ma': 102}","open_time
2022-01-01 00:00:00    100.000000
2022-01-01 01:00:00    100.000000
2022-01-01 02:00:00    100.000000
2022-01-01 03:00:00    100.000000
2022-01-01 04:00:00    100.000000
                          ...    
2023-05-01 19:00:00     71.295883
2023-05-01 20:00:00     71.132149
2023-05-01 21:00:00     71.490317
2023-05-01 22:00:00     71.807551
2023-05-01 23:00:00     71.807551
Freq: H, Length: 11664, dtype: float64",2022-01-01,2023-05-01 23:00:00,486 days,100.0,44.293986850830976,116.77938683011806,71.80755148691199,-28.19244851308801,-70.17976286600607,32.12448559670782,100.0,62.070372132312556,391 days 18:00:00,49,0.0,25,33.33333333333333,41.321585903083694,-15.70645635610212,14.694287253458718,-8.169885856103146,8 days 18:37:30,5 days 08:30:00,0.7061689828221396,-1.192167360382535,-0.23312300742472905,-0.3547690851784649,0.9876268174213321,-0.3253821031643528,long
720,"{'window_k': 42, 'window_d': 207, 'window_ma': 12}","open_time
2022-01-01 00:00:00    100.000000
2022-01-01 01:00:00    100.000000
2022-01-01 02:00:00    100.000000
2022-01-01 03:00:00    100.000000
2022-01-01 04:00:00    100.000000
                          ...    
2023-05-01 19:00:00     80.766094
2023-05-01 20:00:00     80.766094
2023-05-01 21:00:00     80.766094
2023-05-01 22:00:00     80.766094
2023-05-01 23:00:00     80.766094
Freq: H, Length: 11664, dtype: float64",2022-01-01,2023-05-01 23:00:00,486 days,100.0,68.96617268898302,118.41596891701492,80.76609371046962,-19.23390628953038,-70.17976286600607,11.728395061728394,100.0,41.759398398949024,391 days 18:00:00,60,0.0,30,33.33333333333333,20.560747663551414,-15.04996708754712,6.188373252022558,-3.7940690979116747,2 days 19:42:00,1 days 10:32:59.999999999,0.7261294449843684,-0.6411302096510128,-0.310828769292361,-0.3549431027635218,0.971620461994671,-0.4101093745351771,long
1732,"{'window_k': 102, 'window_d': 192, 'window_ma': 72}","open_time
2022-01-01 00:00:00    100.000000
2022-01-01 01:00:00    100.000000
2022-01-01 02:00:00    100.000000
2022-01-01 03:00:00    100.000000
2022-01-01 04:00:00    100.000000
                          ...    
2023-05-01 19:00:00     68.228331
2023-05-01 20:00:00     68.071642
2023-05-01 21:00:00     68.414399
2023-05-01 22:00:00     68.717985
2023-05-01 23:00:00     68.717985
Freq: H, Length: 11664, dtype: float64",2022-01-01,2023-05-01 23:00:00,486 days,100.0,41.725517404176045,135.28457444669084,68.71798462840903,-31.282015371590973,-70.17976286600607,30.74417009602195,100.0,69.15722463197896,391 days 18:00:00,51,0.0,26,36.0,33.03314811266526,-23.765936580581894,10.843642999705377,-7.445184384202,6 days 18:20:00,5 days 10:41:15,0.6737977544030844,-1.2551978435726827,-0.2867201437571962,-0.3550486501214949,0.9844023089937517,-0.39700813066659735,long
2635,"{'window_k': 162, 'window_d': 72, 'window_ma': 177}","open_time
2022-01-01 00:00:00    100.000000
2022-01-01 01:00:00    100.000000
2022-01-01 02:00:00    100.000000
2022-01-01 03:00:00    100.000000
2022-01-01 04:00:00    100.000000
                          ...    
2023-05-01 19:00:00     75.995116
2023-05-01 20:00:00     75.820590
2023-05-01 21:00:00     76.202366
2023-05-01 22:00:00     76.540510
2023-05-01 23:00:00     76.540510
Freq: H, Length: 11664, dtype: float64",2022-01-01,2023-05-01 23:00:00,486 days,100.0,53.47099761347899,120.08551933785714,76.54050968068643,-23.459490319313574,-70.17976286600607,38.78600823045267,100.0,51.20358518759346,275 days 07:00:00,81,0.0,41,37.5,26.88621282870483,-23.549047055023145,9.757115464317392,-6.18299860171188,6 days 23:16:00,3 days 03:45:36,0.8207959020415554,-0.6211197388487619,0.05827639486581453,-0.3552755415086953,1.0032375000985403,0.08930789247728395,long
2975,"{'window_k': 177, 'window_d': 147, 'window_ma': 237}","open_time
2022-01-01 00:00:00    100.000000
2022-01-01 01:00:00    100.000000
2022-01-01 02:00:00    100.000000
2022-01-01 03:00:00    100.000000
2022-01-01 04:00:00    100.000000
                          ...    
2023-05-01 19:00:00     71.480932
2023-05-01 20:00:00     71.316773
2023-05-01 21:00:00     71.675870
2023-05-01 22:00:00     71.993928
2023-05-01 23:00:00     71.993928
Freq: H, Length: 11664, dtype: float64",2022-01-01,2023-05-01 23:00:00,486 days,100.0,58.442512721398344,151.9514953804886,71.99392806411187,-28.006071935888134,-70.17976286600607,38.871742112482856,100.0,61.53870511438042,349 days 17:00:00,53,0.0,27,30.76923076923077,36.686390532544394,-21.42536475869809,15.689203182447214,-7.561595653575074,10 days 04:07:30,5 days 20:39:59.999999999,0.7943313633090348,-1.0503229501198588,-0.11321868225201864,-0.3553648604551923,0.9943094579786386,-0.1622087065965334,long
2344,"{'window_k': 147, 'window_d': 42, 'window_ma': 132}","open_time
2022-01-01 00:00:00    100.000000
2022-01-01 01:00:00    100.000000
2022-01-01 02:00:00    100.000000
2022-01-01 03:00:00    100.000000
2022-01-01 04:00:00    100.000000
                          ...    
2023-05-01 19:00:00     72.920374
2023-05-01 20:00:00     72.920374
2023-05-01 21:00:00     72.920374
2023-05-01 22:00:00     72.920374
2023-05-01 23:00:00     72.920374
Freq: H, Length: 11664, dtype: float64",2022-01-01,2023-05-01 23:00:00,486 days,100.0,51.30329002500453,126.30856958710699,72.92037385337139,-27.07962614662861,-70.17976286600607,37.85150891632373,100.0,59.38257380895766,355 days 14:00:00,120,0.0,60,28.333333333333332,21.853146853146853,-15.937687237866992,10.117231210442956,-4.32435900101238,4 days 12:31:45.882352941,2 days 11:46:02.790697674,0.8206300241649789,-0.45132710244381036,0.016985347819575863,-0.3555722299132165,1.000964158069681,0.026315935800327758,long
1392,"{'window_k': 87, 'window_d': 117, 'window_ma': 12}","open_time
2022-01-01 00:00:00    100.00000
2022-01-01 01:00:00    100.00000
2022-01-01 02:00:00    100.00000
2022-01-01 03:00:00    100.00000
2022-01-01 04:00:00    100.00000
                         ...    
2023-05-01 19:00:00     80.47053
2023-05-01 20:00:00     80.47053
2023-05-01 21:00:00     80.47053
2023-05-01 22:00:00     80.47053
2023-05-01 23:00:00     80.47053
Freq: H, Length: 11664, dtype: float64",2022-01-01,2023-05-01 23:00:00,486 days,100.0,63.08321706686712,109.41212152108425,80.4705299025544,-19.529470097445596,-70.17976286600607,17.72119341563786,100.0,42.34348425945595,391 days 18:00:00,72,0.0,36,41.66666666666667,21.744992295839733,-17.202666354812305,6.717380779356826,-5.281063868578398,2 days 15:08:00,2 days 05:20:00,0.7947265279618609,-0.5424852804845997,-0.2356513421920756,-0.35557818436514443,0.9829483445549431,-0.3214965768648682,long
1047,"{'window_k': 72, 'window_d': 27, 'window_ma': 117}","open_time
2022-01-01 00:00:00    100.000000
2022-01-01 01:00:00    100.000000
2022-01-01 02:00:00    100.000000
2022-01-01 03:00:00    100.000000
2022-01-01 04:00:00    100.000000
                          ...    
2023-05-01 19:00:00     66.578386
2023-05-01 20:00:00     66.578386
2023-05-01 21:00:00     66.578386
2023-05-01 22:00:00     66.578386
2023-05-01 23:00:00     66.578386
Freq: H, Length: 11664, dtype: float64",2022-01-01,2023-05-01 23:00:00,486 days,100.0,26.484474321997705,101.97265717394389,66.57838605647117,-33.421613943528826,-70.17976286600607,37.49142661179698,100.0,74.02786682627995,477 days 04:00:00,210,0.0,105,38.095238095238095,27.932053175775494,-14.512437051732046,6.039940433763125,-3.981203581119255,2 days 08:22:30,1 days 08:35:04.615384615,0.7712646462657918,-0.31830108517646516,-0.0979502134680674,-0.35561380405330073,0.9943241929805949,-0.15257310039223873,long
454,"{'window_k': 27, 'window_d': 192, 'window_ma': 102}","open_time
2022-01-01 00:00:00    100.000000
2022-01-01 01:00:00    100.000000
2022-01-01 02:00:00    100.000000
2022-01-01 03:00:00    100.000000
2022-01-01 04:00:00    100.000000
                          ...    
2023-05-01 19:00:00     71.876004
2023-05-01 20:00:00     71.710938
2023-05-01 21:00:00     72.072020
2023-05-01 22:00:00     72.391836
2023-05-01 23:00:00     72.391836
Freq: H, Length: 11664, dtype: float64",2022-01-01,2023-05-01 23:00:00,486 days,100.0,52.62005409767183,133.04357663334122,72.3918361554151,-27.608163844584894,-70.17976286600607,33.753429355281206,100.0,60.44900819023452,391 days 18:00:00,75,0.0,38,24.324324324324326,35.2986512524085,-11.893289458220686,15.481483595461768,-5.412686167960469,7 days 15:33:20,3 days 07:15:00,0.7998203629049457,-0.7422629983217441,-0.1979518763912566,-0.3564094841540017,0.9897949733115191,-0.27735518879647547,long
1208,"{'window_k': 72, 'window_d': 177, 'window_ma': 132}","open_time
2022-01-01 00:00:00    100.000000
2022-01-01 01:00:00    100.000000
2022-01-01 02:00:00    100.000000
2022-01-01 03:00:00    100.000000
2022-01-01 04:00:00    100.000000
                          ...    
2023-05-01 19:00:00     67.557164
2023-05-01 20:00:00     67.402016
2023-05-01 21:00:00     67.741402
2023-05-01 22:00:00     68.042000
2023-05-01 23:00:00     68.042000
Freq: H, Length: 11664, dtype: float64",2022-01-01,2023-05-01 23:00:00,486 days,100.0,40.73470519411769,137.84309140206074,68.04200038527019,-31.957999614729815,-70.17976286600607,38.50308641975309,100.0,70.44849707026471,391 days 18:00:00,57,0.0,29,32.142857142857146,48.69070776597338,-29.68258311670542,18.667647780660136,-8.974461498993469,10 days 05:13:20,4 days 21:06:18.947368421,0.773647376158584,-1.1094964232838334,-0.19041505192139194,-0.3564625803303877,0.9905687750388793,-0.264532579751166,long
1494,"{'window_k': 87, 'window_d': 207, 'window_ma': 102}","open_time
2022-01-01 00:00:00    100.000000
2022-01-01 01:00:00    100.000000
2022-01-01 02:00:00    100.000000
2022-01-01 03:00:00    100.000000
2022-01-01 04:00:00    100.000000
                          ...    
2023-05-01 19:00:00     67.080508
2023-05-01 20:00:00     66.926455
2023-05-01 21:00:00     67.263446
2023-05-01 22:00:00     67.561924
2023-05-01 23:00:00     67.561924
Freq: H, Length: 11664, dtype: float64",2022-01-01,2023-05-01 23:00:00,486 days,100.0,37.05698017990466,129.75921088965853,67.56192392595891,-32.43807607404109,-70.17976286600607,30.59842249657064,100.0,71.44173432788808,391 days 18:00:00,49,0.0,25,33.33333333333333,42.96274393849795,-38.4896176171384,16.888148560519678,-9.032074701334375,9 days 19:00:00,4 days 07:52:30,0.7019908837939602,-1.3744537639264518,-0.2775998990961745,-0.3570662076268167,0.98442765147848,-0.37489422383910975,long
2787,"{'window_k': 162, 'window_d': 222, 'window_ma': 57}","open_time
2022-01-01 00:00:00    100.000000
2022-01-01 01:00:00    100.000000
2022-01-01 02:00:00    100.000000
2022-01-01 03:00:00    100.000000
2022-01-01 04:00:00    100.000000
                          ...    
2023-05-01 19:00:00     76.193966
2023-05-01 20:00:00     76.193966
2023-05-01 21:00:00     76.193966
2023-05-01 22:00:00     76.193966
2023-05-01 23:00:00     76.193966
Freq: H, Length: 11664, dtype: float64",2022-01-01,2023-05-01 23:00:00,486 days,100.0,59.03553738048607,122.27249508696262,76.19396569323925,-23.80603430676075,-70.17976286600607,21.587791495198903,100.0,51.7180561838549,424 days 03:00:00,38,0.0,19,36.84210526315789,25.802899614608176,-16.05125100887813,7.792995974149266,-6.112644342566757,6 days 07:08:34.285714285,5 days 01:40:00,0.63358980156752,-1.252949174040039,-0.3493161949421932,-0.3571231757600646,0.9771444747246572,-0.48149256948733254,long
1825,"{'window_k': 117, 'window_d': 42, 'window_ma': 27}","open_time
2022-01-01 00:00:00    100.000000
2022-01-01 01:00:00    100.000000
2022-01-01 02:00:00    100.000000
2022-01-01 03:00:00    100.000000
2022-01-01 04:00:00    100.000000
                          ...    
2023-05-01 19:00:00     79.144976
2023-05-01 20:00:00     79.144976
2023-05-01 21:00:00     79.144976
2023-05-01 22:00:00     79.144976
2023-05-01 23:00:00     79.144976
Freq: H, Length: 11664, dtype: float64",2022-01-01,2023-05-01 23:00:00,486 days,100.0,69.16824753808095,125.99829985727081,79.14497562520998,-20.85502437479002,-70.17976286600607,27.18621399176955,100.0,45.10382472110035,266 days 11:00:00,122,0.0,61,31.147540983606557,20.565302144249507,-16.33313361294188,7.034448336648325,-3.427824327744285,3 days 07:41:03.157894736,1 days 15:27:08.571428571,0.8523346025144205,-0.34188564548836164,-0.11747295972040957,-0.3571638617210087,0.993067006977617,-0.16513458418788943,long
1485,"{'window_k': 87, 'window_d': 192, 'window_ma': 207}","open_time
2022-01-01 00:00:00    100.000000
2022-01-01 01:00:00    100.000000
2022-01-01 02:00:00    100.000000
2022-01-01 03:00:00    100.000000
2022-01-01 04:00:00    100.000000
                          ...    
2023-05-01 19:00:00     70.784332
2023-05-01 20:00:00     70.621773
2023-05-01 21:00:00     70.977371
2023-05-01 22:00:00     71.292329
2023-05-01 23:00:00     71.292329
Freq: H, Length: 11664, dtype: float64",2022-01-01,2023-05-01 23:00:00,486 days,100.0,46.16850431548108,124.07131082979426,71.2923288878091,-28.707671112190898,-70.17976286600607,36.30829903978052,100.0,62.78873495677273,409 days 07:00:00,51,0.0,26,32.0,46.13171839515521,-24.515778019586502,16.578220442123882,-8.293453467757086,10 days 17:07:30,5 days 05:45:52.941176470,0.753577943503564,-1.1308317403566637,-0.20057482853874414,-0.35740854454133386,0.9898743735510203,-0.27892427806983344,long
1484,"{'window_k': 87, 'window_d': 192, 'window_ma': 192}","open_time
2022-01-01 00:00:00    100.000000
2022-01-01 01:00:00    100.000000
2022-01-01 02:00:00    100.000000
2022-01-01 03:00:00    100.000000
2022-01-01 04:00:00    100.000000
                          ...    
2023-05-01 19:00:00     69.304826
2023-05-01 20:00:00     69.145665
2023-05-01 21:00:00     69.493831
2023-05-01 22:00:00     69.802206
2023-05-01 23:00:00     69.802206
Freq: H, Length: 11664, dtype: float64",2022-01-01,2023-05-01 23:00:00,486 days,100.0,45.55949228782807,134.7220447322063,69.80220574209336,-30.197794257906637,-70.17976286600607,37.85150891632373,100.0,66.182600346967,391 days 18:00:00,51,0.0,26,32.0,46.131718395155204,-24.5157780195865,16.762874777023026,-8.471247670998588,10 days 14:15:00,5 days 17:42:21.176470588,0.7460874006673458,-1.1908019236757648,-0.21248667940910845,-0.3575247889729281,0.9895110084840998,-0.2956179639601616,long
863,"{'window_k': 57, 'window_d': 87, 'window_ma': 237}","open_time
2022-01-01 00:00:00    100.000000
2022-01-01 01:00:00    100.000000
2022-01-01 02:00:00    100.000000
2022-01-01 03:00:00    100.000000
2022-01-01 04:00:00    100.000000
                          ...    
2023-05-01 19:00:00     73.324116
2023-05-01 20:00:00     73.324116
2023-05-01 21:00:00     73.324116
2023-05-01 22:00:00     73.324116
2023-05-01 23:00:00     73.324116
Freq: H, Length: 11664, dtype: float64",2022-01-01,2023-05-01 23:00:00,486 days,100.0,63.68881222832396,152.13123842421786,73.32411577565006,-26.675884224349943,-70.17976286600607,44.82167352537723,100.0,58.135611799380904,194 days 16:00:00,108,0.0,54,37.03703703703704,23.214884344619524,-23.31986388770735,9.27517357348631,-5.702303494245192,5 days 13:36:00,3 days 03:10:35.294117647,0.8699940776336755,-0.4939978560064806,0.035182926950412655,-0.3575604346958327,1.0017995041999734,0.053040887291139455,long
862,"{'window_k': 57, 'window_d': 87, 'window_ma': 222}","open_time
2022-01-01 00:00:00    100.000000
2022-01-01 01:00:00    100.000000
2022-01-01 02:00:00    100.000000
2022-01-01 03:00:00    100.000000
2022-01-01 04:00:00    100.000000
                          ...    
2023-05-01 19:00:00     73.324116
2023-05-01 20:00:00     73.324116
2023-05-01 21:00:00     73.324116
2023-05-01 22:00:00     73.324116
2023-05-01 23:00:00     73.324116
Freq: H, Length: 11664, dtype: float64",2022-01-01,2023-05-01 23:00:00,486 days,100.0,63.68881222832396,152.13123842421786,73.32411577565006,-26.675884224349943,-70.17976286600607,44.82167352537723,100.0,58.135611799380904,194 days 16:00:00,108,0.0,54,37.03703703703704,23.214884344619524,-23.31986388770735,9.27517357348631,-5.702303494245192,5 days 13:36:00,3 days 03:10:35.294117647,0.8699940776336755,-0.4939978560064806,0.035182926950412655,-0.3575604346958327,1.0017995041999734,0.053040887291139455,long
861,"{'window_k': 57, 'window_d': 87, 'window_ma': 207}","open_time
2022-01-01 00:00:00    100.000000
2022-01-01 01:00:00    100.000000
2022-01-01 02:00:00    100.000000
2022-01-01 03:00:00    100.000000
2022-01-01 04:00:00    100.000000
                          ...    
2023-05-01 19:00:00     73.324116
2023-05-01 20:00:00     73.324116
2023-05-01 21:00:00     73.324116
2023-05-01 22:00:00     73.324116
2023-05-01 23:00:00     73.324116
Freq: H, Length: 11664, dtype: float64",2022-01-01,2023-05-01 23:00:00,486 days,100.0,63.68881222832396,152.13123842421786,73.32411577565006,-26.675884224349943,-70.17976286600607,44.82167352537723,100.0,58.135611799380904,194 days 16:00:00,108,0.0,54,37.03703703703704,23.214884344619524,-23.31986388770735,9.27517357348631,-5.702303494245192,5 days 13:36:00,3 days 03:10:35.294117647,0.8699940776336755,-0.4939978560064806,0.035182926950412655,-0.3575604346958327,1.0017995041999734,0.053040887291139455,long
860,"{'window_k': 57, 'window_d': 87, 'window_ma': 192}","open_time
2022-01-01 00:00:00    100.000000
2022-01-01 01:00:00    100.000000
2022-01-01 02:00:00    100.000000
2022-01-01 03:00:00    100.000000
2022-01-01 04:00:00    100.000000
                          ...    
2023-05-01 19:00:00     73.324116
2023-05-01 20:00:00     73.324116
2023-05-01 21:00:00     73.324116
2023-05-01 22:00:00     73.324116
2023-05-01 23:00:00     73.324116
Freq: H, Length: 11664, dtype: float64",2022-01-01,2023-05-01 23:00:00,486 days,100.0,63.68881222832396,152.13123842421786,73.32411577565006,-26.675884224349943,-70.17976286600607,44.82167352537723,100.0,58.135611799380904,194 days 16:00:00,108,0.0,54,37.03703703703704,23.214884344619524,-23.31986388770735,9.27517357348631,-5.702303494245192,5 days 13:36:00,3 days 03:10:35.294117647,0.8699940776336755,-0.4939978560064806,0.035182926950412655,-0.3575604346958327,1.0017995041999734,0.053040887291139455,long
2972,"{'window_k': 177, 'window_d': 147, 'window_ma': 192}","open_time
2022-01-01 00:00:00    100.000000
2022-01-01 01:00:00    100.000000
2022-01-01 02:00:00    100.000000
2022-01-01 03:00:00    100.000000
2022-01-01 04:00:00    100.000000
                          ...    
2023-05-01 19:00:00     71.216721
2023-05-01 20:00:00     71.053169
2023-05-01 21:00:00     71.410939
2023-05-01 22:00:00     71.727822
2023-05-01 23:00:00     71.727822
Freq: H, Length: 11664, dtype: float64",2022-01-01,2023-05-01 23:00:00,486 days,100.0,58.226495470195225,151.9514953804886,71.72782159949314,-28.27217840050686,-70.17976286600607,39.22325102880658,100.0,61.68086709222881,349 days 17:00:00,53,0.0,27,30.76923076923077,36.686390532544394,-21.42536475869809,16.367517266624176,-7.823426929295239,10 days 05:22:30,5 days 22:23:20,0.8032635891126377,-1.06065699766277,-0.11762835811650893,-0.35806377571791675,0.9941161749218272,-0.16867524771823572,long
2667,"{'window_k': 162, 'window_d': 102, 'window_ma': 177}","open_time
2022-01-01 00:00:00    100.000000
2022-01-01 01:00:00    100.000000
2022-01-01 02:00:00    100.000000
2022-01-01 03:00:00    100.000000
2022-01-01 04:00:00    100.000000
                          ...    
2023-05-01 19:00:00     72.502586
2023-05-01 20:00:00     72.336081
2023-05-01 21:00:00     72.700311
2023-05-01 22:00:00     73.022914
2023-05-01 23:00:00     73.022914
Freq: H, Length: 11664, dtype: float64",2022-01-01,2023-05-01 23:00:00,486 days,100.0,50.36084859360594,122.02109239729262,73.02291426225568,-26.977085737744318,-70.17976286600607,39.11179698216735,100.0,58.727751404130736,451 days 16:00:00,67,0.0,34,30.303030303030305,32.74034822104465,-22.1658579620644,15.696484722977594,-7.119002026426358,8 days 09:12:00,4 days 10:44:20.869565217,0.8053065916143086,-0.8196949012207924,0.0019416529240090224,-0.358118573122287,1.0001065337437802,0.0029363105975849096,long
1931,"{'window_k': 117, 'window_d': 132, 'window_ma': 177}","open_time
2022-01-01 00:00:00    100.000000
2022-01-01 01:00:00    100.000000
2022-01-01 02:00:00    100.000000
2022-01-01 03:00:00    100.000000
2022-01-01 04:00:00    100.000000
                          ...    
2023-05-01 19:00:00     71.930068
2023-05-01 20:00:00     71.764878
2023-05-01 21:00:00     72.126232
2023-05-01 22:00:00     72.446288
2023-05-01 23:00:00     72.446288
Freq: H, Length: 11664, dtype: float64",2022-01-01,2023-05-01 23:00:00,486 days,100.0,53.43495558289231,133.49138677088962,72.44628779336836,-27.55371220663164,-70.17976286600607,39.68621399176955,100.0,59.97123344399562,391 days 18:00:00,63,0.0,32,32.25806451612903,37.157558058684444,-17.38808979701573,11.755852121158087,-6.243918218531113,7 days 07:00:00,5 days 13:20:00,0.7568355006333082,-0.9018181824687312,-0.11670491534854066,-0.3585099494267086,0.9943823770374309,-0.16332325353149324,long
391,"{'window_k': 27, 'window_d': 132, 'window_ma': 117}","open_time
2022-01-01 00:00:00    100.000000
2022-01-01 01:00:00    100.000000
2022-01-01 02:00:00    100.000000
2022-01-01 03:00:00    100.000000
2022-01-01 04:00:00    100.000000
                          ...    
2023-05-01 19:00:00     73.669126
2023-05-01 20:00:00     73.499942
2023-05-01 21:00:00     73.870033
2023-05-01 22:00:00     74.197827
2023-05-01 23:00:00     74.197827
Freq: H, Length: 11664, dtype: float64",2022-01-01,2023-05-01 23:00:00,486 days,100.0,52.02137543456024,118.19186609341007,74.19782694159471,-25.802173058405288,-70.17976286600607,37.39711934156379,100.0,55.98565522821477,451 days 16:00:00,95,0.0,48,34.04255319148936,38.86752420103435,-18.306264501160086,8.460871128194453,-4.7658436319256445,5 days 15:22:30,2 days 19:01:56.129032258,0.7898224526906376,-0.5555067945389047,-0.12080435726659906,-0.3586482745766469,0.9939406309082168,-0.16807425096604509,long
98,"{'window_k': 12, 'window_d': 102, 'window_ma': 42}","open_time
2022-01-01 00:00:00    100.000000
2022-01-01 01:00:00    100.000000
2022-01-01 02:00:00    100.000000
2022-01-01 03:00:00    100.000000
2022-01-01 04:00:00    100.000000
                          ...    
2023-05-01 19:00:00     74.043225
2023-05-01 20:00:00     74.043225
2023-05-01 21:00:00     74.043225
2023-05-01 22:00:00     74.043225
2023-05-01 23:00:00     74.043225
Freq: H, Length: 11664, dtype: float64",2022-01-01,2023-05-01 23:00:00,486 days,100.0,61.17449908885262,140.06521143605676,74.04322477021086,-25.95677522978914,-70.17976286600607,30.37551440329218,100.0,56.32427319985855,194 days 16:00:00,146,0.0,73,32.87671232876712,34.76680262457886,-11.413642682517615,8.004828649553824,-4.118914171820187,3 days 09:40:00,1 days 08:18:22.040816326,0.8735678984030479,-0.35557226342176973,-0.07270445122187653,-0.3587131530237619,0.9952957522763761,-0.11231532373098672,long
1611,"{'window_k': 102, 'window_d': 72, 'window_ma': 177}","open_time
2022-01-01 00:00:00    100.000000
2022-01-01 01:00:00    100.000000
2022-01-01 02:00:00    100.000000
2022-01-01 03:00:00    100.000000
2022-01-01 04:00:00    100.000000
                          ...    
2023-05-01 19:00:00     75.762043
2023-05-01 20:00:00     75.588052
2023-05-01 21:00:00     75.968657
2023-05-01 22:00:00     76.305764
2023-05-01 23:00:00     76.305764
Freq: H, Length: 11664, dtype: float64",2022-01-01,2023-05-01 23:00:00,486 days,100.0,56.01805977979436,138.93287038059165,76.30576367787413,-23.694236322125874,-70.17976286600607,41.70096021947874,100.0,51.21965989839667,194 days 16:00:00,103,0.0,52,41.17647058823529,28.92247204816316,-17.674642298905862,8.437725269586819,-6.105392421660941,5 days 04:22:51.428571428,2 days 22:34:00,0.8670642334990962,-0.4633135262270356,0.06446131653093644,-0.3588444150803602,1.0034877911296616,0.09796195023752093,long
71,"{'window_k': 12, 'window_d': 72, 'window_ma': 117}","open_time
2022-01-01 00:00:00    100.000000
2022-01-01 01:00:00    100.000000
2022-01-01 02:00:00    100.000000
2022-01-01 03:00:00    100.000000
2022-01-01 04:00:00    100.000000
                          ...    
2023-05-01 19:00:00     77.917688
2023-05-01 20:00:00     77.917688
2023-05-01 21:00:00     77.917688
2023-05-01 22:00:00     77.917688
2023-05-01 23:00:00     77.917688
Freq: H, Length: 11664, dtype: float64",2022-01-01,2023-05-01 23:00:00,486 days,100.0,65.15440322242603,124.1996488731279,77.91768765442069,-22.08231234557931,-70.17976286600607,34.867969821673526,100.0,47.54058983775197,355 days 14:00:00,178,0.0,89,38.20224719101123,20.199390750484618,-13.441909755145295,5.774339704216507,-3.7738509526209807,2 days 18:00:00,1 days 09:30:00,0.8855190438941895,-0.24811586905145333,0.0594565670143325,-0.3594475880150303,1.003697941272531,0.09479598668820736,long
1262,"{'window_k': 72, 'window_d': 222, 'window_ma': 222}","open_time
2022-01-01 00:00:00    100.000000
2022-01-01 01:00:00    100.000000
2022-01-01 02:00:00    100.000000
2022-01-01 03:00:00    100.000000
2022-01-01 04:00:00    100.000000
                          ...    
2023-05-01 19:00:00     67.501452
2023-05-01 20:00:00     67.346432
2023-05-01 21:00:00     67.685538
2023-05-01 22:00:00     67.985889
2023-05-01 23:00:00     67.985889
Freq: H, Length: 11664, dtype: float64",2022-01-01,2023-05-01 23:00:00,486 days,100.0,46.13412700585783,153.6753289810085,67.98588893808474,-32.01411106191526,-70.17976286600607,36.702674897119344,100.0,69.97948381710692,391 days 18:00:00,49,0.0,25,41.66666666666667,40.370207139709095,-27.289740202553936,12.775069200022587,-10.136634547685235,10 days 01:12:00,5 days 12:42:51.428571428,0.7287472092933015,-1.3403804542804898,-0.24062609880807442,-0.3595144978624564,0.9880506269025795,-0.3344935064546735,long
2914,"{'window_k': 177, 'window_d': 102, 'window_ma': 42}","open_time
2022-01-01 00:00:00    100.000000
2022-01-01 01:00:00    100.000000
2022-01-01 02:00:00    100.000000
2022-01-01 03:00:00    100.000000
2022-01-01 04:00:00    100.000000
                          ...    
2023-05-01 19:00:00     75.541135
2023-05-01 20:00:00     75.541135
2023-05-01 21:00:00     75.541135
2023-05-01 22:00:00     75.541135
2023-05-01 23:00:00     75.541135
Freq: H, Length: 11664, dtype: float64",2022-01-01,2023-05-01 23:00:00,486 days,100.0,66.12661611206325,140.114029585353,75.54113489823783,-24.45886510176217,-70.17976286600607,28.420781893004115,100.0,52.805142848467554,355 days 14:00:00,66,0.0,33,30.303030303030305,32.44982960999622,-23.081164534627256,13.182422448335524,-6.100305605149496,5 days 19:11:59.999999999,3 days 11:36:31.304347826,0.8317032476507251,-0.7411777303564286,-0.039144057707310415,-0.3597170657465672,0.997405522529008,-0.06030635106219844,long
254,"{'window_k': 12, 'window_d': 237, 'window_ma': 222}","open_time
2022-01-01 00:00:00    100.000000
2022-01-01 01:00:00    100.000000
2022-01-01 02:00:00    100.000000
2022-01-01 03:00:00    100.000000
2022-01-01 04:00:00    100.000000
                          ...    
2023-05-01 19:00:00     72.331475
2023-05-01 20:00:00     72.165363
2023-05-01 21:00:00     72.528733
2023-05-01 22:00:00     72.850575
2023-05-01 23:00:00     72.850575
Freq: H, Length: 11664, dtype: float64",2022-01-01,2023-05-01 23:00:00,486 days,100.0,50.276961199102125,122.14188029908242,72.85057530683649,-27.14942469316351,-70.17976286600607,31.592935528120712,100.0,58.837246425229765,409 days 07:00:00,85,0.0,43,21.428571428571427,32.45920745920745,-17.621558289396596,13.577261135815577,-4.245003792903783,6 days 17:40:00,2 days 16:52:30,0.7579132528581625,-0.6427070123656349,-0.21679419928864496,-0.3598317550208666,0.9884890185789915,-0.2999141458460622,long
1188,"{'window_k': 72, 'window_d': 162, 'window_ma': 72}","open_time
2022-01-01 00:00:00    100.000000
2022-01-01 01:00:00    100.000000
2022-01-01 02:00:00    100.000000
2022-01-01 03:00:00    100.000000
2022-01-01 04:00:00    100.000000
                          ...    
2023-05-01 19:00:00     69.636263
2023-05-01 20:00:00     69.476341
2023-05-01 21:00:00     69.826171
2023-05-01 22:00:00     70.136021
2023-05-01 23:00:00     70.136021
Freq: H, Length: 11664, dtype: float64",2022-01-01,2023-05-01 23:00:00,486 days,100.0,45.252036008799,129.27050854791358,70.13602123435835,-29.863978765641647,-70.17976286600607,34.73079561042524,100.0,64.99430804665975,391 days 18:00:00,67,0.0,34,39.39393939393939,34.65427712489751,-20.20006820506991,11.375129373869845,-8.040144298081774,6 days 11:04:36.923076923,4 days 02:09:00,0.7797982825483785,-0.9222334167189894,-0.17567679645298315,-0.3598454112291441,0.9909314969701646,-0.24420146615601296,long
2340,"{'window_k': 147, 'window_d': 42, 'window_ma': 72}","open_time
2022-01-01 00:00:00    100.000000
2022-01-01 01:00:00    100.000000
2022-01-01 02:00:00    100.000000
2022-01-01 03:00:00    100.000000
2022-01-01 04:00:00    100.000000
                          ...    
2023-05-01 19:00:00     70.870819
2023-05-01 20:00:00     70.870819
2023-05-01 21:00:00     70.870819
2023-05-01 22:00:00     70.870819
2023-05-01 23:00:00     70.870819
Freq: H, Length: 11664, dtype: float64",2022-01-01,2023-05-01 23:00:00,486 days,100.0,50.55001527509999,137.75202492608875,70.87081852879051,-29.129181471209492,-70.17976286600607,37.885802469135804,100.0,63.30361364762316,355 days 14:00:00,120,0.0,60,33.33333333333333,21.853146853146864,-15.937687237866987,8.24112216614222,-4.558442471437361,4 days 08:12:00,2 days 10:22:30,0.8011725374964249,-0.4854863578534925,-0.010551886354411953,-0.35994590334089205,0.9994023373500905,-0.016338006585572953,long
1021,"{'window_k': 57, 'window_d': 237, 'window_ma': 207}","open_time
2022-01-01 00:00:00    100.000000
2022-01-01 01:00:00    100.000000
2022-01-01 02:00:00    100.000000
2022-01-01 03:00:00    100.000000
2022-01-01 04:00:00    100.000000
                          ...    
2023-05-01 19:00:00     70.628800
2023-05-01 20:00:00     70.628800
2023-05-01 21:00:00     70.984434
2023-05-01 22:00:00     71.299423
2023-05-01 23:00:00     71.299423
Freq: H, Length: 11664, dtype: float64",2022-01-01,2023-05-01 23:00:00,486 days,100.0,47.693869283357465,126.55976741141153,71.29942346147898,-28.700576538521023,-70.17976286600607,34.20781893004115,100.0,62.31514148701173,430 days 01:00:00,51,0.0,26,32.0,40.41986989946776,-22.721238938053094,14.979616701328858,-7.848143688802835,10 days 02:00:00,5 days 00:35:17.647058823,0.718093850528948,-1.1748479835785073,-0.21094945243815807,-0.3600318211908808,0.9891860755973803,-0.29603119059270283,long
2169,"{'window_k': 132, 'window_d': 117, 'window_ma': 147}","open_time
2022-01-01 00:00:00    100.000000
2022-01-01 01:00:00    100.000000
2022-01-01 02:00:00    100.000000
2022-01-01 03:00:00    100.000000
2022-01-01 04:00:00    100.000000
                          ...    
2023-05-01 19:00:00     72.475959
2023-05-01 20:00:00     72.309515
2023-05-01 21:00:00     72.673612
2023-05-01 22:00:00     72.996097
2023-05-01 23:00:00     72.996097
Freq: H, Length: 11664, dtype: float64",2022-01-01,2023-05-01 23:00:00,486 days,100.0,53.99078967404455,129.96601835134666,72.99609675078784,-27.003903249212158,-70.17976286600607,43.81858710562414,100.0,58.45776429952074,451 days 16:00:00,71,0.0,36,34.285714285714285,35.87288924345167,-25.053824362606225,12.430555597975989,-6.805433245886252,7 days 21:25:00,4 days 23:31:18.260869565,0.8161103628060091,-0.7667845499774386,-0.0622967537442125,-0.3601451472190149,0.9970828531556134,-0.08810632499787018,long
2808,"{'window_k': 162, 'window_d': 237, 'window_ma': 132}","open_time
2022-01-01 00:00:00    100.000000
2022-01-01 01:00:00    100.000000
2022-01-01 02:00:00    100.000000
2022-01-01 03:00:00    100.000000
2022-01-01 04:00:00    100.000000
                          ...    
2023-05-01 19:00:00     78.975129
2023-05-01 20:00:00     78.975129
2023-05-01 21:00:00     78.975129
2023-05-01 22:00:00     78.975129
2023-05-01 23:00:00     78.975129
Freq: H, Length: 11664, dtype: float64",2022-01-01,2023-05-01 23:00:00,486 days,100.0,69.56212674475368,126.65665800049719,78.97512853138197,-21.02487146861803,-70.17976286600607,30.161179698216735,100.0,45.078191827483224,349 days 17:00:00,36,0.0,18,33.33333333333333,41.81765049678551,-22.04117582296598,17.935918161010797,-9.248478646965673,10 days 00:30:00,7 days 04:55:00,0.8054513077953294,-1.1680484149232235,-0.09496461381940598,-0.36036718264137646,0.9946030713921573,-0.13384952020582194,long
2737,"{'window_k': 162, 'window_d': 177, 'window_ma': 27}","open_time
2022-01-01 00:00:00    100.000000
2022-01-01 01:00:00    100.000000
2022-01-01 02:00:00    100.000000
2022-01-01 03:00:00    100.000000
2022-01-01 04:00:00    100.000000
                          ...    
2023-05-01 19:00:00     73.978602
2023-05-01 20:00:00     73.808708
2023-05-01 21:00:00     74.180353
2023-05-01 22:00:00     74.509524
2023-05-01 23:00:00     74.509524
Freq: H, Length: 11664, dtype: float64",2022-01-01,2023-05-01 23:00:00,486 days,100.0,63.5990535777361,141.34612099757538,74.50952392042387,-25.490476079576123,-70.17976286600607,23.473936899862828,100.0,55.004740753496115,351 days 13:00:00,47,0.0,24,39.130434782608695,19.70195471259917,-12.23625501020947,8.191365185055405,-6.82129191474379,3 days 17:06:40,5 days 16:30:00,0.7248960389808646,-1.1489086055318016,-0.32157738270277,-0.3604623991451039,0.980124404673133,-0.45374152790186334,long
2459,"{'window_k': 147, 'window_d': 147, 'window_ma': 177}","open_time
2022-01-01 00:00:00    100.000000
2022-01-01 01:00:00    100.000000
2022-01-01 02:00:00    100.000000
2022-01-01 03:00:00    100.000000
2022-01-01 04:00:00    100.000000
                          ...    
2023-05-01 19:00:00     72.504467
2023-05-01 20:00:00     72.337958
2023-05-01 21:00:00     72.702197
2023-05-01 22:00:00     73.024809
2023-05-01 23:00:00     73.024809
Freq: H, Length: 11664, dtype: float64",2022-01-01,2023-05-01 23:00:00,486 days,100.0,55.695310063944795,133.56265051576028,73.02480925522927,-26.975190744770728,-70.17976286600607,39.343278463648836,100.0,58.30023599496269,309 days 12:00:00,55,0.0,28,25.925925925925924,40.51486362243334,-13.651907847372216,18.083319268224766,-6.73503570215918,10 days 16:51:25.714285714,5 days 16:45:00,0.7895100810159755,-0.9686314903218793,-0.10749898719860211,-0.3607182562747321,0.994733496977955,-0.15260687549207466,long
511,"{'window_k': 27, 'window_d': 237, 'window_ma': 237}","open_time
2022-01-01 00:00:00    100.000000
2022-01-01 01:00:00    100.000000
2022-01-01 02:00:00    100.000000
2022-01-01 03:00:00    100.000000
2022-01-01 04:00:00    100.000000
                          ...    
2023-05-01 19:00:00     71.611314
2023-05-01 20:00:00     71.446856
2023-05-01 21:00:00     71.806608
2023-05-01 22:00:00     72.125246
2023-05-01 23:00:00     72.125246
Freq: H, Length: 11664, dtype: float64",2022-01-01,2023-05-01 23:00:00,486 days,100.0,48.384755045963146,121.95332487473823,72.12524620272383,-27.87475379727617,-70.17976286600607,29.38100137174211,100.0,60.32518580722541,424 days 03:00:00,57,0.0,29,35.714285714285715,33.91540551028328,-22.08173402573944,12.354140117633998,-7.481596345848302,7 days 07:12:00,3 days 18:10:00,0.7610716717609485,-0.9646909887948558,-0.273327535240527,-0.3607396498702741,0.9851188601181785,-0.38072015285148897,long
2214,"{'window_k': 132, 'window_d': 162, 'window_ma': 102}","open_time
2022-01-01 00:00:00    100.000000
2022-01-01 01:00:00    100.000000
2022-01-01 02:00:00    100.000000
2022-01-01 03:00:00    100.000000
2022-01-01 04:00:00    100.000000
                          ...    
2023-05-01 19:00:00     71.926403
2023-05-01 20:00:00     71.761221
2023-05-01 21:00:00     72.122556
2023-05-01 22:00:00     72.442596
2023-05-01 23:00:00     72.442596
Freq: H, Length: 11664, dtype: float64",2022-01-01,2023-05-01 23:00:00,486 days,100.0,57.65665716429782,142.73530393369197,72.44259638303217,-27.557403616967836,-70.17976286600607,32.63888888888889,100.0,59.60588895997141,391 days 18:00:00,53,0.0,27,30.76923076923077,36.66220835190966,-26.321913380736916,15.97048085965605,-7.620842082568899,10 days 00:15:00,4 days 06:03:20,0.7771235755038749,-1.0583118514088374,-0.16932103569353313,-0.3607577752772607,0.9908260158778257,-0.2346526549006474,long
58,"{'window_k': 12, 'window_d': 57, 'window_ma': 162}","open_time
2022-01-01 00:00:00    100.000000
2022-01-01 01:00:00    100.000000
2022-01-01 02:00:00    100.000000
2022-01-01 03:00:00    100.000000
2022-01-01 04:00:00    100.000000
                          ...    
2023-05-01 19:00:00     71.998363
2023-05-01 20:00:00     71.998363
2023-05-01 21:00:00     71.998363
2023-05-01 22:00:00     71.998363
2023-05-01 23:00:00     71.998363
Freq: H, Length: 11664, dtype: float64",2022-01-01,2023-05-01 23:00:00,486 days,100.0,39.61882660120884,100.54757622080692,71.99836262388136,-28.001637376118637,-70.17976286600607,36.40260631001372,100.0,60.59693521184026,481 days 09:00:00,252,0.0,126,34.12698412698413,21.481973749792317,-11.256530687635244,5.473748407143097,-2.9918655390218722,2 days 03:50:13.953488372,1 days 00:18:04.337349397,0.8448567608632702,-0.22223521727078377,0.0009516554407497838,-0.3608281327415281,1.0000571923393204,0.0015146536320457655,long
50,"{'window_k': 12, 'window_d': 57, 'window_ma': 42}","open_time
2022-01-01 00:00:00    100.000000
2022-01-01 01:00:00    100.000000
2022-01-01 02:00:00    100.000000
2022-01-01 03:00:00    100.000000
2022-01-01 04:00:00    100.000000
                          ...    
2023-05-01 19:00:00     71.164376
2023-05-01 20:00:00     71.164376
2023-05-01 21:00:00     71.164376
2023-05-01 22:00:00     71.164376
2023-05-01 23:00:00     71.164376
Freq: H, Length: 11664, dtype: float64",2022-01-01,2023-05-01 23:00:00,486 days,100.0,37.77099231121274,101.98498085302757,71.164375535728,-28.835624464272,-70.17976286600607,34.37071330589849,100.0,62.43470630434097,309 days 05:00:00,252,0.0,126,34.12698412698413,23.788845162165842,-11.256530687635244,5.431507451150689,-2.9808954317663727,2 days 00:16:44.651162790,0 days 23:17:20.963855421,0.8370178441645456,-0.22885416241485768,-0.02744741774310413,-0.3611100047416194,0.9982909335502522,-0.04395993639459444,long
209,"{'window_k': 12, 'window_d': 207, 'window_ma': 27}","open_time
2022-01-01 00:00:00    100.000000
2022-01-01 01:00:00    100.000000
2022-01-01 02:00:00    100.000000
2022-01-01 03:00:00    100.000000
2022-01-01 04:00:00    100.000000
                          ...    
2023-05-01 19:00:00     71.786868
2023-05-01 20:00:00     71.622007
2023-05-01 21:00:00     71.982641
2023-05-01 22:00:00     72.302060
2023-05-01 23:00:00     72.302060
Freq: H, Length: 11664, dtype: float64",2022-01-01,2023-05-01 23:00:00,486 days,100.0,48.751778836683464,120.51705839432196,72.30206011386264,-27.697939886137362,-70.17976286600607,22.410836762688614,100.0,59.54781880157445,451 days 16:00:00,101,0.0,51,36.0,27.513227513227523,-15.225643188528046,6.324951964481603,-4.167134660117642,2 days 22:36:40,1 days 14:58:07.500000,0.75037837881252,-0.5508676450885497,-0.3348714692873211,-0.3630306437939449,0.9787509502842395,-0.4631704165168332,long
1192,"{'window_k': 72, 'window_d': 162, 'window_ma': 132}","open_time
2022-01-01 00:00:00    100.000000
2022-01-01 01:00:00    100.000000
2022-01-01 02:00:00    100.000000
2022-01-01 03:00:00    100.000000
2022-01-01 04:00:00    100.000000
                          ...    
2023-05-01 19:00:00     69.736991
2023-05-01 20:00:00     69.576837
2023-05-01 21:00:00     69.927174
2023-05-01 22:00:00     70.237472
2023-05-01 23:00:00     70.237472
Freq: H, Length: 11664, dtype: float64",2022-01-01,2023-05-01 23:00:00,486 days,100.0,45.89696036585939,128.16628930201892,70.23747202868937,-29.762527971310632,-70.17976286600607,39.180384087791495,100.0,64.18952236519466,391 days 18:00:00,67,0.0,34,36.36363636363637,36.89532659196503,-20.200068205069908,12.767420402128437,-7.837477072719433,7 days 20:35:00,4 days 10:25:42.857142857,0.7895242765627302,-0.9191841228890967,-0.14788604829876656,-0.3630606655634,0.9927942792634816,-0.20573267494559522,long
1583,"{'window_k': 102, 'window_d': 42, 'window_ma': 237}","open_time
2022-01-01 00:00:00    100.000000
2022-01-01 01:00:00    100.000000
2022-01-01 02:00:00    100.000000
2022-01-01 03:00:00    100.000000
2022-01-01 04:00:00    100.000000
                          ...    
2023-05-01 19:00:00     73.178131
2023-05-01 20:00:00     73.178131
2023-05-01 21:00:00     73.178131
2023-05-01 22:00:00     73.178131
2023-05-01 23:00:00     73.178131
Freq: H, Length: 11664, dtype: float64",2022-01-01,2023-05-01 23:00:00,486 days,100.0,57.774492270213855,136.1172342385491,73.17813120107337,-26.82186879892663,-70.17976286600607,43.081275720164605,100.0,57.55534367605316,355 days 14:00:00,132,0.0,66,37.878787878787875,19.560140132347204,-14.864040970613344,7.293222747498442,-4.764231353208571,4 days 02:21:36,2 days 14:35:07.317073170,0.8470615449963169,-0.40639195149888874,0.03410365531687055,-0.3632237549684875,1.0018113268814115,0.05257424046949895,long
3625,"{'window_k': 222, 'window_d': 42, 'window_ma': 147}","open_time
2022-01-01 00:00:00    100.000000
2022-01-01 01:00:00    100.000000
2022-01-01 02:00:00    100.000000
2022-01-01 03:00:00    100.000000
2022-01-01 04:00:00    100.000000
                          ...    
2023-05-01 19:00:00     74.559836
2023-05-01 20:00:00     74.388607
2023-05-01 21:00:00     74.763172
2023-05-01 22:00:00     75.094929
2023-05-01 23:00:00     75.094929
Freq: H, Length: 11664, dtype: float64",2022-01-01,2023-05-01 23:00:00,486 days,100.0,62.666932454289594,134.0304486374409,75.0949293192651,-24.905070680734894,-70.17976286600607,42.1639231824417,100.0,53.24425674064048,430 days 01:00:00,127,0.0,64,38.095238095238095,23.943661971831006,-19.89556692242114,8.100588433484743,-5.160864332082886,4 days 03:55:00,2 days 13:18:27.692307692,0.8778013959421526,-0.3710270659556092,0.05357967652394775,-0.36350452389034377,1.0027728236928126,0.08062887494713994,long
3573,"{'window_k': 207, 'window_d': 237, 'window_ma': 87}","open_time
2022-01-01 00:00:00    100.000000
2022-01-01 01:00:00    100.000000
2022-01-01 02:00:00    100.000000
2022-01-01 03:00:00    100.000000
2022-01-01 04:00:00    100.000000
                          ...    
2023-05-01 19:00:00     77.625251
2023-05-01 20:00:00     77.625251
2023-05-01 21:00:00     77.625251
2023-05-01 22:00:00     77.625251
2023-05-01 23:00:00     77.625251
Freq: H, Length: 11664, dtype: float64",2022-01-01,2023-05-01 23:00:00,486 days,100.0,63.37831943011961,121.01230997416667,77.62525140972068,-22.374748590279324,-70.17976286600607,32.27023319615912,100.0,47.62655184117268,349 days 17:00:00,34,0.0,17,41.17647058823529,26.74033149171271,-23.423197492163,10.37079759834009,-8.563849122385772,9 days 10:00:00,9 days 02:12:00,0.7037492884307195,-1.3161616817811375,-0.13867367494094354,-0.3637081346212142,0.9924914295661929,-0.19386367099095958,long
2153,"{'window_k': 132, 'window_d': 102, 'window_ma': 147}","open_time
2022-01-01 00:00:00    100.000000
2022-01-01 01:00:00    100.000000
2022-01-01 02:00:00    100.000000
2022-01-01 03:00:00    100.000000
2022-01-01 04:00:00    100.000000
                          ...    
2023-05-01 19:00:00     71.615152
2023-05-01 20:00:00     71.450685
2023-05-01 21:00:00     71.810457
2023-05-01 22:00:00     72.129112
2023-05-01 23:00:00     72.129112
Freq: H, Length: 11664, dtype: float64",2022-01-01,2023-05-01 23:00:00,486 days,100.0,55.789068394809796,138.82939207421933,72.12911207528771,-27.87088792471229,-70.17976286600607,42.24108367626886,100.0,59.81465627611154,391 days 18:00:00,75,0.0,38,35.13513513513514,31.84872336340947,-23.500220555800606,12.72396670289593,-7.14466168476515,7 days 05:13:50.769230769,4 days 11:12:30,0.8262023926214856,-0.7465996551922149,-0.044944120903206985,-0.3637659784510325,0.9977879130701739,-0.06365398736243806,long
3361,"{'window_k': 207, 'window_d': 42, 'window_ma': 27}","open_time
2022-01-01 00:00:00    100.000000
2022-01-01 01:00:00    100.000000
2022-01-01 02:00:00    100.000000
2022-01-01 03:00:00    100.000000
2022-01-01 04:00:00    100.000000
                          ...    
2023-05-01 19:00:00     78.025702
2023-05-01 20:00:00     78.025702
2023-05-01 21:00:00     78.025702
2023-05-01 22:00:00     78.025702
2023-05-01 23:00:00     78.025702
Freq: H, Length: 11664, dtype: float64",2022-01-01,2023-05-01 23:00:00,486 days,100.0,72.72654509884796,136.52887200759469,78.02570204997748,-21.974297950022518,-70.17976286600607,28.540809327846368,100.0,46.731746897606826,430 days 01:00:00,136,0.0,68,38.23529411764706,19.010967866076566,-16.189095774333815,5.6681484642151085,-3.7856280495195223,2 days 20:41:32.307692307,1 days 12:44:17.142857142,0.8569106188793302,-0.32315144044150834,-0.10567588739826665,-0.3638221362054035,0.9939340168452776,-0.1514913262394136,long
1655,"{'window_k': 102, 'window_d': 117, 'window_ma': 117}","open_time
2022-01-01 00:00:00    100.000000
2022-01-01 01:00:00    100.000000
2022-01-01 02:00:00    100.000000
2022-01-01 03:00:00    100.000000
2022-01-01 04:00:00    100.000000
                          ...    
2023-05-01 19:00:00     72.505561
2023-05-01 20:00:00     72.339049
2023-05-01 21:00:00     72.703294
2023-05-01 22:00:00     73.025911
2023-05-01 23:00:00     73.025911
Freq: H, Length: 11664, dtype: float64",2022-01-01,2023-05-01 23:00:00,486 days,100.0,53.789997570584,127.42508480438562,73.02591070030354,-26.97408929969646,-70.17976286600607,39.31755829903978,100.0,57.78696349061978,451 days 16:00:00,71,0.0,36,31.428571428571427,36.69689369091262,-17.041348855881154,12.48365832602906,-6.149935302238315,6 days 17:00:00,4 days 17:07:30,0.7911289288466589,-0.7620653238285033,-0.12328273585986077,-0.36390672975398736,0.9939589245016286,-0.1715808601000393,long
63,"{'window_k': 12, 'window_d': 57, 'window_ma': 237}","open_time
2022-01-01 00:00:00    100.000000
2022-01-01 01:00:00    100.000000
2022-01-01 02:00:00    100.000000
2022-01-01 03:00:00    100.000000
2022-01-01 04:00:00    100.000000
                          ...    
2023-05-01 19:00:00     71.765769
2023-05-01 20:00:00     71.765769
2023-05-01 21:00:00     71.765769
2023-05-01 22:00:00     71.765769
2023-05-01 23:00:00     71.765769
Freq: H, Length: 11664, dtype: float64",2022-01-01,2023-05-01 23:00:00,486 days,100.0,39.61882660120884,100.76703804135609,71.76576873356215,-28.23423126643785,-70.17976286600607,36.65980795610425,100.0,60.59693521184026,309 days 05:00:00,252,0.0,126,34.12698412698413,21.481973749792317,-11.256530687635244,5.512610859502725,-3.014319820435257,2 days 05:11:09.767441860,0 days 23:57:49.879518072,0.8458036871744717,-0.22408120052728364,-0.003179115709191788,-0.3639578251053634,0.9998097442529764,-0.005069633226560867,long
3778,"{'window_k': 222, 'window_d': 192, 'window_ma': 42}","open_time
2022-01-01 00:00:00    100.000000
2022-01-01 01:00:00    100.000000
2022-01-01 02:00:00    100.000000
2022-01-01 03:00:00    100.000000
2022-01-01 04:00:00    100.000000
                          ...    
2023-05-01 19:00:00     76.182346
2023-05-01 20:00:00     76.182346
2023-05-01 21:00:00     76.182346
2023-05-01 22:00:00     76.182346
2023-05-01 23:00:00     76.182346
Freq: H, Length: 11664, dtype: float64",2022-01-01,2023-05-01 23:00:00,486 days,100.0,62.48583930970179,126.92265300015056,76.1823457899816,-23.817654210018404,-70.17976286600607,20.97050754458162,100.0,50.76856823215974,424 days 03:00:00,40,0.0,20,45.0,30.839723209276226,-23.19213144070639,8.689212345835614,-8.228663804728575,4 days 12:46:40,5 days 13:21:49.090909090,0.715937849601283,-1.1908827105009205,-0.24698087289553186,-0.36398613092609444,0.9837138176311312,-0.3464887805171611,long
3178,"{'window_k': 192, 'window_d': 102, 'window_ma': 162}","open_time
2022-01-01 00:00:00    100.000000
2022-01-01 01:00:00    100.000000
2022-01-01 02:00:00    100.000000
2022-01-01 03:00:00    100.000000
2022-01-01 04:00:00    100.000000
                          ...    
2023-05-01 19:00:00     70.677596
2023-05-01 20:00:00     70.515282
2023-05-01 21:00:00     70.870344
2023-05-01 22:00:00     71.184827
2023-05-01 23:00:00     71.184827
Freq: H, Length: 11664, dtype: float64",2022-01-01,2023-05-01 23:00:00,486 days,100.0,50.768467081076096,133.11261669563112,71.18482746643119,-28.815172533568813,-70.17976286600607,38.348765432098766,100.0,61.86051454674592,391 days 18:00:00,65,0.0,33,37.5,33.42126088103402,-24.81203007518798,12.410361491111892,-8.003485511440388,8 days 02:50:00,4 days 06:39:00,0.8035295828461616,-0.9213974289263431,-0.019044460979711034,-0.3641916055613741,0.998951737377593,-0.028706567816773266,long
661,"{'window_k': 42, 'window_d': 147, 'window_ma': 87}","open_time
2022-01-01 00:00:00    100.000000
2022-01-01 01:00:00    100.000000
2022-01-01 02:00:00    100.000000
2022-01-01 03:00:00    100.000000
2022-01-01 04:00:00    100.000000
                          ...    
2023-05-01 19:00:00     73.078283
2023-05-01 20:00:00     73.078283
2023-05-01 21:00:00     73.078283
2023-05-01 22:00:00     73.078283
2023-05-01 23:00:00     73.078283
Freq: H, Length: 11664, dtype: float64",2022-01-01,2023-05-01 23:00:00,486 days,100.0,52.571105649625814,123.93307041384409,73.07828282993034,-26.921717170069652,-70.17976286600607,36.45404663923183,100.0,57.58105122863695,451 days 16:00:00,78,0.0,39,33.33333333333333,35.681024447031426,-25.922934933087205,11.094061264160729,-5.799408155860789,7 days 06:00:00,3 days 04:32:18.461538461,0.8036531343505365,-0.6903004402581967,-0.135982111570982,-0.3644694424138419,0.9931419346908765,-0.18903680795520106,long
2474,"{'window_k': 147, 'window_d': 162, 'window_ma': 162}","open_time
2022-01-01 00:00:00    100.000000
2022-01-01 01:00:00    100.000000
2022-01-01 02:00:00    100.000000
2022-01-01 03:00:00    100.000000
2022-01-01 04:00:00    100.000000
                          ...    
2023-05-01 19:00:00     71.532141
2023-05-01 20:00:00     71.367864
2023-05-01 21:00:00     71.727219
2023-05-01 22:00:00     72.045505
2023-05-01 23:00:00     72.045505
Freq: H, Length: 11664, dtype: float64",2022-01-01,2023-05-01 23:00:00,486 days,100.0,53.57304388325642,133.41199971901275,72.04550456415065,-27.954495435849353,-70.17976286600607,36.51406035665295,100.0,59.843909096565596,391 days 18:00:00,51,0.0,26,28.000000000000004,39.165924606708245,-20.965207631874296,16.137423418270565,-7.350985811668178,10 days 17:25:42.857142857,5 days 21:28:14.117647058,0.7456165301177717,-1.1095553021377103,-0.14527005003003368,-0.3647265002482751,0.9926851860359267,-0.2052506942123386,long
1563,"{'window_k': 102, 'window_d': 27, 'window_ma': 177}","open_time
2022-01-01 00:00:00    100.000000
2022-01-01 01:00:00    100.000000
2022-01-01 02:00:00    100.000000
2022-01-01 03:00:00    100.000000
2022-01-01 04:00:00    100.000000
                          ...    
2023-05-01 19:00:00     70.366195
2023-05-01 20:00:00     70.366195
2023-05-01 21:00:00     70.366195
2023-05-01 22:00:00     70.366195
2023-05-01 23:00:00     70.366195
Freq: H, Length: 11664, dtype: float64",2022-01-01,2023-05-01 23:00:00,486 days,100.0,36.881976997213535,101.30651377009117,70.36619468992288,-29.633805310077122,-70.17976286600607,36.43689986282579,100.0,63.59367663078913,477 days 04:00:00,200,0.0,100,36.0,29.313929313929314,-14.893299507536176,6.6381805225856185,-3.9023349616589966,2 days 09:45:00,1 days 09:55:18.750000,0.8101503328034796,-0.2963380531007709,-0.04528778241826034,-0.36480280826429373,0.9973498378050406,-0.07035875782051758,long
2460,"{'window_k': 147, 'window_d': 147, 'window_ma': 192}","open_time
2022-01-01 00:00:00    100.000000
2022-01-01 01:00:00    100.000000
2022-01-01 02:00:00    100.000000
2022-01-01 03:00:00    100.000000
2022-01-01 04:00:00    100.000000
                          ...    
2023-05-01 19:00:00     72.387102
2023-05-01 20:00:00     72.220862
2023-05-01 21:00:00     72.584512
2023-05-01 22:00:00     72.906602
2023-05-01 23:00:00     72.906602
Freq: H, Length: 11664, dtype: float64",2022-01-01,2023-05-01 23:00:00,486 days,100.0,55.60515425818886,132.01048367018655,72.9066016267769,-27.093398373223092,-70.17976286600607,39.78909465020576,100.0,57.87822852228,391 days 18:00:00,55,0.0,28,25.925925925925924,40.51486362243335,-13.651907847372216,18.864963046878582,-6.9487222951561165,10 days 14:25:42.857142857,5 days 20:11:59.999999999,0.7958884155699599,-0.9730588404688674,-0.10379715257969768,-0.3650074372694291,0.9949421669402858,-0.14737013097613821,long
495,"{'window_k': 27, 'window_d': 222, 'window_ma': 237}","open_time
2022-01-01 00:00:00    100.000000
2022-01-01 01:00:00    100.000000
2022-01-01 02:00:00    100.000000
2022-01-01 03:00:00    100.000000
2022-01-01 04:00:00    100.000000
                          ...    
2023-05-01 19:00:00     71.786362
2023-05-01 20:00:00     71.621502
2023-05-01 21:00:00     71.982134
2023-05-01 22:00:00     72.301551
2023-05-01 23:00:00     72.301551
Freq: H, Length: 11664, dtype: float64",2022-01-01,2023-05-01 23:00:00,486 days,100.0,50.08923721154378,122.84612540277851,72.30155066964656,-27.69844933035344,-70.17976286600607,33.410493827160494,100.0,59.226034156702134,451 days 16:00:00,63,0.0,32,32.25806451612903,35.277941465330976,-16.789623988576874,13.420600436856894,-6.929269995119762,7 days 18:12:00,3 days 22:08:34.285714285,0.7747319726497655,-0.8659108535745417,-0.1944042361193607,-0.3650100515247737,0.9900364913067584,-0.2695276749301915,long
1705,"{'window_k': 102, 'window_d': 162, 'window_ma': 147}","open_time
2022-01-01 00:00:00    100.000000
2022-01-01 01:00:00    100.000000
2022-01-01 02:00:00    100.000000
2022-01-01 03:00:00    100.000000
2022-01-01 04:00:00    100.000000
                          ...    
2023-05-01 19:00:00     66.137147
2023-05-01 20:00:00     65.985260
2023-05-01 21:00:00     66.317512
2023-05-01 22:00:00     66.611793
2023-05-01 23:00:00     66.611793
Freq: H, Length: 11664, dtype: float64",2022-01-01,2023-05-01 23:00:00,486 days,100.0,47.89224773643832,171.22658708242724,66.6117925471541,-33.388207452845904,-70.17976286600607,39.13751714677641,100.0,72.02989993990633,355 days 14:00:00,63,0.0,32,29.03225806451613,31.803527403754988,-20.916676191564758,14.218752503521499,-6.67145940162565,9 days 04:06:40,4 days 18:46:21.818181818,0.7605043120625746,-1.048866424776151,-0.14751199267801005,-0.3650924088621072,0.9920894544328509,-0.22001428846278234,long
545,"{'window_k': 42, 'window_d': 42, 'window_ma': 27}","open_time
2022-01-01 00:00:00    100.000000
2022-01-01 01:00:00    100.000000
2022-01-01 02:00:00    100.000000
2022-01-01 03:00:00    100.000000
2022-01-01 04:00:00    100.000000
                          ...    
2023-05-01 19:00:00     80.112412
2023-05-01 20:00:00     80.112412
2023-05-01 21:00:00     80.112412
2023-05-01 22:00:00     80.112412
2023-05-01 23:00:00     80.112412
Freq: H, Length: 11664, dtype: float64",2022-01-01,2023-05-01 23:00:00,486 days,100.0,59.15801833012811,102.04155221504357,80.11241217120583,-19.887587828794167,-70.17976286600607,30.04115226337449,100.0,41.986391284070415,268 days 21:00:00,172,0.0,86,38.372093023255815,26.36842671254972,-9.821157926644435,5.453118767932438,-3.5204594922201493,2 days 09:43:38.181818181,1 days 06:10:11.320754716,0.8737809836532754,-0.23125102126504826,-0.06174874049901561,-0.3653680007788163,0.9964782031872605,-0.08784740766814439,long
2226,"{'window_k': 132, 'window_d': 177, 'window_ma': 42}","open_time
2022-01-01 00:00:00    100.000000
2022-01-01 01:00:00    100.000000
2022-01-01 02:00:00    100.000000
2022-01-01 03:00:00    100.000000
2022-01-01 04:00:00    100.000000
                          ...    
2023-05-01 19:00:00     72.822804
2023-05-01 20:00:00     72.655564
2023-05-01 21:00:00     73.021403
2023-05-01 22:00:00     73.345431
2023-05-01 23:00:00     73.345431
Freq: H, Length: 11664, dtype: float64",2022-01-01,2023-05-01 23:00:00,486 days,100.0,59.31444323542787,137.39839277820616,73.34543119163251,-26.654568808367486,-70.17976286600607,26.42318244170096,100.0,56.83032236688855,314 days 09:00:00,53,0.0,27,38.46153846153847,33.63896848137536,-21.50219298245615,10.116134202858392,-7.230940962947903,5 days 15:41:59.999999999,4 days 09:41:15,0.7613140632131266,-1.0291959287895942,-0.26656989153079064,-0.3654686477831034,0.9843269670799545,-0.37413402861843265,long
2550,"{'window_k': 147, 'window_d': 237, 'window_ma': 102}","open_time
2022-01-01 00:00:00    100.000000
2022-01-01 01:00:00    100.000000
2022-01-01 02:00:00    100.000000
2022-01-01 03:00:00    100.000000
2022-01-01 04:00:00    100.000000
                          ...    
2023-05-01 19:00:00     74.945204
2023-05-01 20:00:00     74.945204
2023-05-01 21:00:00     74.945204
2023-05-01 22:00:00     74.945204
2023-05-01 23:00:00     74.945204
Freq: H, Length: 11664, dtype: float64",2022-01-01,2023-05-01 23:00:00,486 days,100.0,55.52281428196138,118.78639288997854,74.94520400539243,-25.054795994607577,-70.17976286600607,28.59224965706447,100.0,53.25827063930857,451 days 16:00:00,36,0.0,18,22.22222222222222,43.350402340892444,-16.50583412172816,18.918268409611187,-6.398917296899078,12 days 13:45:00,6 days 08:00:00,0.6716801261482489,-1.3919331108115323,-0.2259859692294647,-0.3656768691710806,0.9870392009792495,-0.31370955421941976,long
2022,"{'window_k': 117, 'window_d': 222, 'window_ma': 102}","open_time
2022-01-01 00:00:00    100.000000
2022-01-01 01:00:00    100.000000
2022-01-01 02:00:00    100.000000
2022-01-01 03:00:00    100.000000
2022-01-01 04:00:00    100.000000
                          ...    
2023-05-01 19:00:00     69.172807
2023-05-01 20:00:00     69.172807
2023-05-01 21:00:00     69.172807
2023-05-01 22:00:00     69.172807
2023-05-01 23:00:00     69.172807
Freq: H, Length: 11664, dtype: float64",2022-01-01,2023-05-01 23:00:00,486 days,100.0,40.727217462601814,119.97523730912091,69.17280712860668,-30.827192871393322,-70.17976286600607,30.41838134430727,100.0,66.05364708913513,451 days 16:00:00,46,0.0,23,30.434782608695656,43.371378402107105,-15.613465229588074,12.780266180321224,-6.857031782228678,7 days 12:51:25.714285714,5 days 22:37:30,0.6185221808344857,-1.3403127335388403,-0.30840176862045154,-0.36605790591905746,0.9832196528436665,-0.4287335076636697,long
405,"{'window_k': 27, 'window_d': 147, 'window_ma': 87}","open_time
2022-01-01 00:00:00    100.000000
2022-01-01 01:00:00    100.000000
2022-01-01 02:00:00    100.000000
2022-01-01 03:00:00    100.000000
2022-01-01 04:00:00    100.000000
                          ...    
2023-05-01 19:00:00     71.987042
2023-05-01 20:00:00     71.987042
2023-05-01 21:00:00     71.987042
2023-05-01 22:00:00     71.987042
2023-05-01 23:00:00     71.987042
Freq: H, Length: 11664, dtype: float64",2022-01-01,2023-05-01 23:00:00,486 days,100.0,49.758563294088674,123.62751371598833,71.98704170772412,-28.01295829227588,-70.17976286600607,32.107338820301784,100.0,59.75122220090917,451 days 16:00:00,84,0.0,42,30.952380952380953,32.533576737514686,-13.750174849629312,9.51765802446584,-4.7765007282623815,5 days 21:36:55.384615384,2 days 17:39:18.620689655,0.755244409482219,-0.6669751974351401,-0.20355768062911736,-0.36608968589459817,0.9892728660444289,-0.28476421584323364,long
3197,"{'window_k': 192, 'window_d': 117, 'window_ma': 207}","open_time
2022-01-01 00:00:00    100.000000
2022-01-01 01:00:00    100.000000
2022-01-01 02:00:00    100.000000
2022-01-01 03:00:00    100.000000
2022-01-01 04:00:00    100.000000
                          ...    
2023-05-01 19:00:00     69.940235
2023-05-01 20:00:00     69.779614
2023-05-01 21:00:00     70.130972
2023-05-01 22:00:00     70.442174
2023-05-01 23:00:00     70.442174
Freq: H, Length: 11664, dtype: float64",2022-01-01,2023-05-01 23:00:00,486 days,100.0,52.847364421649765,143.39850296348848,70.44217436711975,-29.557825632880252,-70.17976286600607,37.165637860082306,100.0,63.14650200002051,309 days 12:00:00,57,0.0,29,35.714285714285715,30.66946404730117,-26.48412074963528,12.534947594530433,-7.770954754464015,8 days 13:30:00,5 days 02:50:00,0.7799967393989592,-1.0577877985714457,-0.05524871132613639,-0.36640001264639444,0.9968807520376257,-0.08286248446272261,long
3624,"{'window_k': 222, 'window_d': 42, 'window_ma': 132}","open_time
2022-01-01 00:00:00    100.000000
2022-01-01 01:00:00    100.000000
2022-01-01 02:00:00    100.000000
2022-01-01 03:00:00    100.000000
2022-01-01 04:00:00    100.000000
                          ...    
2023-05-01 19:00:00     74.881088
2023-05-01 20:00:00     74.709120
2023-05-01 21:00:00     75.085299
2023-05-01 22:00:00     75.418486
2023-05-01 23:00:00     75.418486
Freq: H, Length: 11664, dtype: float64",2022-01-01,2023-05-01 23:00:00,486 days,100.0,62.21782016005506,129.832822618689,75.41848601923122,-24.581513980768776,-70.17976286600607,42.09533607681756,100.0,52.0785122705181,430 days 01:00:00,127,0.0,64,38.095238095238095,23.94366197183099,-19.89556692242114,8.053582080585448,-5.119497858702974,4 days 04:30:00,2 days 12:44:36.923076923,0.8766412373250522,-0.3657865820248434,0.057360187543644574,-0.36663310120940534,1.00297502324841,0.08633848050152032,long
2728,"{'window_k': 162, 'window_d': 162, 'window_ma': 132}","open_time
2022-01-01 00:00:00    100.000000
2022-01-01 01:00:00    100.000000
2022-01-01 02:00:00    100.000000
2022-01-01 03:00:00    100.000000
2022-01-01 04:00:00    100.000000
                          ...    
2023-05-01 19:00:00     72.135492
2023-05-01 20:00:00     71.969829
2023-05-01 21:00:00     72.332215
2023-05-01 22:00:00     72.653186
2023-05-01 23:00:00     72.653186
Freq: H, Length: 11664, dtype: float64",2022-01-01,2023-05-01 23:00:00,486 days,100.0,55.71731432630321,133.1291367557085,72.6531856410789,-27.346814358921094,-70.17976286600607,35.86248285322359,100.0,58.14791886726923,391 days 18:00:00,51,0.0,26,36.0,38.16119051127154,-21.59383033419024,13.203007184529145,-8.0530708657462,8 days 12:20:00,6 days 00:00:00,0.7627098267863808,-1.0760638983838282,-0.15238388301931835,-0.3668570457391741,0.9922186749113068,-0.21515586281030222,long
472,"{'window_k': 27, 'window_d': 207, 'window_ma': 132}","open_time
2022-01-01 00:00:00    100.000000
2022-01-01 01:00:00    100.000000
2022-01-01 02:00:00    100.000000
2022-01-01 03:00:00    100.000000
2022-01-01 04:00:00    100.000000
                          ...    
2023-05-01 19:00:00     74.571824
2023-05-01 20:00:00     74.400567
2023-05-01 21:00:00     74.775192
2023-05-01 22:00:00     75.107003
2023-05-01 23:00:00     75.107003
Freq: H, Length: 11664, dtype: float64",2022-01-01,2023-05-01 23:00:00,486 days,100.0,60.50467549475024,127.8172647962664,75.10700329106824,-24.89299670893176,-70.17976286600607,35.78532235939643,100.0,52.66314328413198,391 days 18:00:00,71,0.0,36,31.428571428571427,34.36707626292177,-14.320871909058955,12.313671836226629,-5.990703906750645,8 days 00:16:21.818181818,3 days 11:12:30,0.8139759384385269,-0.7081703123991274,-0.12920583056392582,-0.36733071826721947,0.9935109775802444,-0.1801662618311201,long
3963,"{'window_k': 237, 'window_d': 117, 'window_ma': 177}","open_time
2022-01-01 00:00:00    100.000000
2022-01-01 01:00:00    100.000000
2022-01-01 02:00:00    100.000000
2022-01-01 03:00:00    100.000000
2022-01-01 04:00:00    100.000000
                          ...    
2023-05-01 19:00:00     71.193177
2023-05-01 20:00:00     71.029679
2023-05-01 21:00:00     71.387331
2023-05-01 22:00:00     71.704108
2023-05-01 23:00:00     71.704108
Freq: H, Length: 11664, dtype: float64",2022-01-01,2023-05-01 23:00:00,486 days,100.0,51.282257258935324,128.75866766085352,71.7041079967238,-28.295892003276197,-70.17976286600607,38.768861454046636,100.0,60.17180187510852,309 days 12:00:00,59,0.0,30,34.48275862068966,41.555624418965,-25.376746232537684,15.462673300393032,-8.346017491203646,9 days 10:54:00,4 days 19:53:41.052631578,0.8061019127337943,-0.9429503331480387,-0.02698407608813012,-0.3673652763783556,0.998492314594624,-0.041374002535810764,long
993,"{'window_k': 57, 'window_d': 222, 'window_ma': 27}","open_time
2022-01-01 00:00:00    100.000000
2022-01-01 01:00:00    100.000000
2022-01-01 02:00:00    100.000000
2022-01-01 03:00:00    100.000000
2022-01-01 04:00:00    100.000000
                          ...    
2023-05-01 19:00:00     69.404111
2023-05-01 20:00:00     69.244722
2023-05-01 21:00:00     69.593386
2023-05-01 22:00:00     69.902203
2023-05-01 23:00:00     69.902203
Freq: H, Length: 11664, dtype: float64",2022-01-01,2023-05-01 23:00:00,486 days,100.0,49.50126061822338,138.0231557420953,69.90220315470911,-30.097796845290887,-70.17976286600607,18.595679012345677,100.0,64.1355391766875,355 days 14:00:00,55,0.0,28,33.33333333333333,22.47245105381404,-20.128649898814693,7.942670942121406,-5.332383545854206,3 days 22:26:40,2 days 23:36:40,0.6302734103183525,-1.0970232858401037,-0.2724347369054012,-0.36765578351603,0.9780315088717857,-0.41444401578784335,long
2941,"{'window_k': 177, 'window_d': 117, 'window_ma': 207}","open_time
2022-01-01 00:00:00    100.000000
2022-01-01 01:00:00    100.000000
2022-01-01 02:00:00    100.000000
2022-01-01 03:00:00    100.000000
2022-01-01 04:00:00    100.000000
                          ...    
2023-05-01 19:00:00     71.496995
2023-05-01 20:00:00     71.332799
2023-05-01 21:00:00     71.691977
2023-05-01 22:00:00     72.010106
2023-05-01 23:00:00     72.010106
Freq: H, Length: 11664, dtype: float64",2022-01-01,2023-05-01 23:00:00,486 days,100.0,55.739151292289165,137.308991391946,72.0101064776623,-27.989893522337695,-70.17976286600607,38.80315500685871,100.0,59.40604418746127,309 days 12:00:00,63,0.0,32,38.70967741935484,34.40078310725773,-23.72098264593193,12.021866174885448,-8.112458072018107,7 days 19:45:00,4 days 19:41:03.157894736,0.8096296900660511,-0.9194517837791469,-0.024466760498963732,-0.3679004007080245,0.9986547096601974,-0.03678242193225934,long
2870,"{'window_k': 177, 'window_d': 57, 'window_ma': 102}","open_time
2022-01-01 00:00:00    100.000000
2022-01-01 01:00:00    100.000000
2022-01-01 02:00:00    100.000000
2022-01-01 03:00:00    100.000000
2022-01-01 04:00:00    100.000000
                          ...    
2023-05-01 19:00:00     77.455198
2023-05-01 20:00:00     77.277319
2023-05-01 21:00:00     77.666429
2023-05-01 22:00:00     78.011070
2023-05-01 23:00:00     78.011070
Freq: H, Length: 11664, dtype: float64",2022-01-01,2023-05-01 23:00:00,486 days,100.0,60.60843354555889,112.59627329192546,78.0110696281356,-21.9889303718644,-70.17976286600607,36.8741426611797,100.0,46.17190092213713,469 days 22:00:00,99,0.0,50,38.775510204081634,21.847109041521147,-17.404292985173704,7.609112780111432,-5.2818225382902115,4 days 22:06:18.947368421,2 days 16:24:00,0.8191716200892979,-0.5134163366035005,0.05566021633423956,-0.36848675482854515,1.0032419710136282,0.08530610955426705,long
2672,"{'window_k': 162, 'window_d': 117, 'window_ma': 12}","open_time
2022-01-01 00:00:00    100.000000
2022-01-01 01:00:00    100.000000
2022-01-01 02:00:00    100.000000
2022-01-01 03:00:00    100.000000
2022-01-01 04:00:00    100.000000
                          ...    
2023-05-01 19:00:00     76.708575
2023-05-01 20:00:00     76.708575
2023-05-01 21:00:00     76.708575
2023-05-01 22:00:00     76.708575
2023-05-01 23:00:00     76.708575
Freq: H, Length: 11664, dtype: float64",2022-01-01,2023-05-01 23:00:00,486 days,100.0,64.0636520307639,125.4616138931054,76.70857548169461,-23.29142451830539,-70.17976286600607,17.48113854595336,100.0,48.937647107467626,391 days 18:00:00,66,0.0,33,45.45454545454545,26.989232275206266,-15.04996708754712,6.474305830293134,-6.156986156857339,2 days 10:12:00,2 days 16:46:39.999999999,0.7651095430542206,-0.7058007429789512,-0.26944400657238915,-0.36896968931981466,0.9799111877621843,-0.3680846105298684,long
3205,"{'window_k': 192, 'window_d': 132, 'window_ma': 87}","open_time
2022-01-01 00:00:00    100.000000
2022-01-01 01:00:00    100.000000
2022-01-01 02:00:00    100.000000
2022-01-01 03:00:00    100.000000
2022-01-01 04:00:00    100.000000
                          ...    
2023-05-01 19:00:00     73.384065
2023-05-01 20:00:00     73.384065
2023-05-01 21:00:00     73.384065
2023-05-01 22:00:00     73.384065
2023-05-01 23:00:00     73.384065
Freq: H, Length: 11664, dtype: float64",2022-01-01,2023-05-01 23:00:00,486 days,100.0,60.11218257839729,137.1126009139151,73.38406512217924,-26.615934877820763,-70.17976286600607,37.94581618655693,100.0,56.15852797064349,309 days 12:00:00,58,0.0,29,31.03448275862069,29.360902255639115,-15.955723542116631,13.773472456414948,-6.752795125593638,8 days 11:20:00,5 days 09:48:00,0.8032442639260459,-0.9177908578558878,-0.06922523035992072,-0.3692824695542934,0.9963867078330048,-0.09970857398161077,long
3542,"{'window_k': 207, 'window_d': 207, 'window_ma': 102}","open_time
2022-01-01 00:00:00    100.000000
2022-01-01 01:00:00    100.000000
2022-01-01 02:00:00    100.000000
2022-01-01 03:00:00    100.000000
2022-01-01 04:00:00    100.000000
                          ...    
2023-05-01 19:00:00     74.361407
2023-05-01 20:00:00     74.361407
2023-05-01 21:00:00     74.361407
2023-05-01 22:00:00     74.361407
2023-05-01 23:00:00     74.361407
Freq: H, Length: 11664, dtype: float64",2022-01-01,2023-05-01 23:00:00,486 days,100.0,54.65712898345961,118.80459770114943,74.36140684493233,-25.638593155067667,-70.17976286600607,27.940672153635116,100.0,53.99409615362825,451 days 16:00:00,38,0.0,19,21.052631578947366,39.92373129950133,-16.748443102472162,18.785797015814858,-6.054946508040088,12 days 19:15:00,5 days 15:20:00,0.6692859092338251,-1.3493996397404038,-0.21447994401350517,-0.36942679366738806,0.9874205227599234,-0.29901003878144566,long
509,"{'window_k': 27, 'window_d': 237, 'window_ma': 207}","open_time
2022-01-01 00:00:00    100.000000
2022-01-01 01:00:00    100.000000
2022-01-01 02:00:00    100.000000
2022-01-01 03:00:00    100.000000
2022-01-01 04:00:00    100.000000
                          ...    
2023-05-01 19:00:00     70.623303
2023-05-01 20:00:00     70.461114
2023-05-01 21:00:00     70.815903
2023-05-01 22:00:00     71.130145
2023-05-01 23:00:00     71.130145
Freq: H, Length: 11664, dtype: float64",2022-01-01,2023-05-01 23:00:00,486 days,100.0,47.46419742170184,121.95332487473823,71.1301449018032,-28.869855098196794,-70.17976286600607,30.178326474622768,100.0,61.08003002750956,424 days 03:00:00,57,0.0,29,32.142857142857146,33.9154055102833,-22.081734025739436,13.502078868619872,-7.068246770715096,7 days 22:40:00,3 days 20:12:37.894736842,0.74891657938519,-1.0006557597482422,-0.2835078914826965,-0.3695770803143851,0.9847317529666201,-0.3930344684510411,long
1041,"{'window_k': 72, 'window_d': 27, 'window_ma': 27}","open_time
2022-01-01 00:00:00    100.000000
2022-01-01 01:00:00    100.000000
2022-01-01 02:00:00    100.000000
2022-01-01 03:00:00    100.000000
2022-01-01 04:00:00    100.000000
                          ...    
2023-05-01 19:00:00     71.293275
2023-05-01 20:00:00     71.293275
2023-05-01 21:00:00     71.293275
2023-05-01 22:00:00     71.293275
2023-05-01 23:00:00     71.293275
Freq: H, Length: 11664, dtype: float64",2022-01-01,2023-05-01 23:00:00,486 days,100.0,40.120844101062744,101.97265717394389,71.29327472905366,-28.706725270946336,-70.17976286600607,29.869684499314133,100.0,60.65529210185724,477 days 04:00:00,208,0.0,104,42.30769230769231,25.69261213720316,-13.878066757923557,4.456283112636062,-3.5662893777024336,1 days 18:20:27.272727272,1 days 03:01:00,0.8049897191695444,-0.2760262045283295,-0.21106503128360762,-0.3699670186319209,0.98792009406217,-0.3028655924209698,long
3832,"{'window_k': 222, 'window_d': 237, 'window_ma': 132}","open_time
2022-01-01 00:00:00    100.000000
2022-01-01 01:00:00    100.000000
2022-01-01 02:00:00    100.000000
2022-01-01 03:00:00    100.000000
2022-01-01 04:00:00    100.000000
                          ...    
2023-05-01 19:00:00     78.021559
2023-05-01 20:00:00     78.021559
2023-05-01 21:00:00     78.021559
2023-05-01 22:00:00     78.021559
2023-05-01 23:00:00     78.021559
Freq: H, Length: 11664, dtype: float64",2022-01-01,2023-05-01 23:00:00,486 days,100.0,59.89555854939435,110.79680541286545,78.02155901455255,-21.97844098544745,-70.17976286600607,29.886831275720166,100.0,45.941078060686195,451 days 16:00:00,38,0.0,19,42.10526315789473,38.59496964440589,-22.803691063076727,12.323886226586133,-9.604822425427605,8 days 17:22:30,6 days 20:38:10.909090909,0.7599847399668612,-1.1567600518656564,-0.12750395527332933,-0.37015574185523664,0.9927237285294894,-0.1795470813329093,long
1691,"{'window_k': 102, 'window_d': 147, 'window_ma': 177}","open_time
2022-01-01 00:00:00    100.000000
2022-01-01 01:00:00    100.000000
2022-01-01 02:00:00    100.000000
2022-01-01 03:00:00    100.000000
2022-01-01 04:00:00    100.000000
                          ...    
2023-05-01 19:00:00     70.914715
2023-05-01 20:00:00     70.751856
2023-05-01 21:00:00     71.108109
2023-05-01 22:00:00     71.423648
2023-05-01 23:00:00     71.423648
Freq: H, Length: 11664, dtype: float64",2022-01-01,2023-05-01 23:00:00,486 days,100.0,50.99035872030777,128.54094919230357,71.42364758576244,-28.57635241423756,-70.17976286600607,39.38614540466393,100.0,60.33142820190033,451 days 16:00:00,65,0.0,33,31.25,39.80155917788803,-18.83506805444355,12.262441463840076,-6.196933043517941,7 days 20:30:00,4 days 23:49:05.454545454,0.7532754351869572,-0.9035077546540329,-0.13063699388088398,-0.3701878548590778,0.9936566081399943,-0.18282850833061115,long
870,"{'window_k': 57, 'window_d': 102, 'window_ma': 102}","open_time
2022-01-01 00:00:00    100.000000
2022-01-01 01:00:00    100.000000
2022-01-01 02:00:00    100.000000
2022-01-01 03:00:00    100.000000
2022-01-01 04:00:00    100.000000
                          ...    
2023-05-01 19:00:00     72.640400
2023-05-01 20:00:00     72.473578
2023-05-01 21:00:00     72.838501
2023-05-01 22:00:00     73.161718
2023-05-01 23:00:00     73.161718
Freq: H, Length: 11664, dtype: float64",2022-01-01,2023-05-01 23:00:00,486 days,100.0,67.45556624405158,154.85701346235857,73.16171759486244,-26.838282405137566,-70.17976286600607,41.58093278463649,100.0,56.44009610165435,397 days 07:00:00,93,0.0,47,41.30434782608695,34.78205778003039,-20.879243183082927,9.097021035070757,-6.629032463352551,5 days 23:37:53.684210526,3 days 01:40:00,0.8709439990567261,-0.5487619657999385,0.013579511980978898,-0.37063707529268886,1.0007284105263656,0.020298779123538543,long
3630,"{'window_k': 222, 'window_d': 42, 'window_ma': 222}","open_time
2022-01-01 00:00:00    100.000000
2022-01-01 01:00:00    100.000000
2022-01-01 02:00:00    100.000000
2022-01-01 03:00:00    100.000000
2022-01-01 04:00:00    100.000000
                          ...    
2023-05-01 19:00:00     74.829380
2023-05-01 20:00:00     74.657532
2023-05-01 21:00:00     75.033451
2023-05-01 22:00:00     75.366408
2023-05-01 23:00:00     75.366408
Freq: H, Length: 11664, dtype: float64",2022-01-01,2023-05-01 23:00:00,486 days,100.0,62.89348187722163,129.832822618689,75.36640762905489,-24.63359237094511,-70.17976286600607,42.17249657064472,100.0,51.55810325256817,430 days 01:00:00,127,0.0,64,39.682539682539684,23.94366197183099,-19.89556692242114,7.751171107245926,-5.272977321077637,4 days 05:21:36,2 days 11:22:06.315789473,0.8760027044531218,-0.36663006932362974,0.05676090681572409,-0.37114764186402327,1.0029371333827297,0.08547430022785457,long
1046,"{'window_k': 72, 'window_d': 27, 'window_ma': 102}","open_time
2022-01-01 00:00:00    100.000000
2022-01-01 01:00:00    100.000000
2022-01-01 02:00:00    100.000000
2022-01-01 03:00:00    100.000000
2022-01-01 04:00:00    100.000000
                          ...    
2023-05-01 19:00:00     65.419559
2023-05-01 20:00:00     65.419559
2023-05-01 21:00:00     65.419559
2023-05-01 22:00:00     65.419559
2023-05-01 23:00:00     65.419559
Freq: H, Length: 11664, dtype: float64",2022-01-01,2023-05-01 23:00:00,486 days,100.0,26.99355724375492,101.97265717394389,65.4195593407132,-34.58044065928679,-70.17976286600607,37.019890260631,100.0,73.52863209427838,477 days 04:00:00,210,0.0,105,38.095238095238095,27.93205317577549,-14.512437051732046,5.946516864541409,-3.9531112695918185,2 days 06:54:00,1 days 08:38:46.153846153,0.7638602293885846,-0.32933753008844535,-0.11785472143873213,-0.3711548460725026,0.9931372616947747,-0.18358531887788865,long
2124,"{'window_k': 132, 'window_d': 72, 'window_ma': 192}","open_time
2022-01-01 00:00:00    100.000000
2022-01-01 01:00:00    100.000000
2022-01-01 02:00:00    100.000000
2022-01-01 03:00:00    100.000000
2022-01-01 04:00:00    100.000000
                          ...    
2023-05-01 19:00:00     75.378815
2023-05-01 20:00:00     75.205704
2023-05-01 21:00:00     75.584384
2023-05-01 22:00:00     75.919785
2023-05-01 23:00:00     75.919785
Freq: H, Length: 11664, dtype: float64",2022-01-01,2023-05-01 23:00:00,486 days,100.0,51.27799029108764,123.96632673910229,75.91978534947592,-24.080214650524084,-70.17976286600607,39.351851851851855,100.0,50.353604597543175,194 days 16:00:00,91,0.0,46,40.0,24.89555173261244,-20.71468453378,9.455020367724433,-6.499707804808132,5 days 17:39:59.999999999,3 days 01:28:53.333333333,0.8563425715052733,-0.5069854205400817,0.040943328107413204,-0.3711780799731865,1.0022812763896827,0.06249196728503586,long
2127,"{'window_k': 132, 'window_d': 72, 'window_ma': 237}","open_time
2022-01-01 00:00:00    100.000000
2022-01-01 01:00:00    100.000000
2022-01-01 02:00:00    100.000000
2022-01-01 03:00:00    100.000000
2022-01-01 04:00:00    100.000000
                          ...    
2023-05-01 19:00:00     75.378815
2023-05-01 20:00:00     75.205704
2023-05-01 21:00:00     75.584384
2023-05-01 22:00:00     75.919785
2023-05-01 23:00:00     75.919785
Freq: H, Length: 11664, dtype: float64",2022-01-01,2023-05-01 23:00:00,486 days,100.0,51.27799029108764,123.96632673910229,75.91978534947592,-24.080214650524084,-70.17976286600607,39.351851851851855,100.0,50.353604597543175,194 days 16:00:00,91,0.0,46,40.0,24.89555173261244,-20.71468453378,9.455020367724433,-6.499707804808132,5 days 17:39:59.999999999,3 days 01:28:53.333333333,0.8563425715052733,-0.5069854205400817,0.040943328107413204,-0.3711780799731865,1.0022812763896827,0.06249196728503586,long
2486,"{'window_k': 147, 'window_d': 177, 'window_ma': 102}","open_time
2022-01-01 00:00:00    100.000000
2022-01-01 01:00:00    100.000000
2022-01-01 02:00:00    100.000000
2022-01-01 03:00:00    100.000000
2022-01-01 04:00:00    100.000000
                          ...    
2023-05-01 19:00:00     71.562292
2023-05-01 20:00:00     71.397947
2023-05-01 21:00:00     71.757453
2023-05-01 22:00:00     72.075873
2023-05-01 23:00:00     72.075873
Freq: H, Length: 11664, dtype: float64",2022-01-01,2023-05-01 23:00:00,486 days,100.0,54.00252671202842,130.42499031087962,72.07587278411238,-27.924127215887623,-70.17976286600607,31.412894375857338,100.0,58.59495439998994,391 days 18:00:00,51,0.0,26,28.000000000000004,42.02835013882802,-17.406788284032277,14.189833631863364,-6.3335477069365975,8 days 23:08:34.285714285,4 days 22:16:40,0.6982152103935086,-1.1317562040422486,-0.22410298447050606,-0.3720783428148591,0.9879660008441465,-0.3121618795202552,long
1889,"{'window_k': 117, 'window_d': 102, 'window_ma': 27}","open_time
2022-01-01 00:00:00    100.000000
2022-01-01 01:00:00    100.000000
2022-01-01 02:00:00    100.000000
2022-01-01 03:00:00    100.000000
2022-01-01 04:00:00    100.000000
                          ...    
2023-05-01 19:00:00     71.691348
2023-05-01 20:00:00     71.526706
2023-05-01 21:00:00     71.886861
2023-05-01 22:00:00     72.205855
2023-05-01 23:00:00     72.205855
Freq: H, Length: 11664, dtype: float64",2022-01-01,2023-05-01 23:00:00,486 days,100.0,50.77186709850971,121.75916230366492,72.20585482461127,-27.794145175388735,-70.17976286600607,29.35528120713306,100.0,58.30139914080086,451 days 16:00:00,75,0.0,38,32.432432432432435,19.670070699135913,-22.86787450287229,9.701311563145833,-5.3955851114665165,4 days 00:05:00,3 days 14:33:36,0.7570800769039098,-0.7776137215181693,-0.1486422149987649,-0.37213558109208045,0.9911071412688006,-0.21264847721213842,long
2126,"{'window_k': 132, 'window_d': 72, 'window_ma': 222}","open_time
2022-01-01 00:00:00    100.000000
2022-01-01 01:00:00    100.000000
2022-01-01 02:00:00    100.000000
2022-01-01 03:00:00    100.000000
2022-01-01 04:00:00    100.000000
                          ...    
2023-05-01 19:00:00     75.286467
2023-05-01 20:00:00     75.113569
2023-05-01 21:00:00     75.491784
2023-05-01 22:00:00     75.826775
2023-05-01 23:00:00     75.826775
Freq: H, Length: 11664, dtype: float64",2022-01-01,2023-05-01 23:00:00,486 days,100.0,51.27799029108764,123.96632673910229,75.82677489269246,-24.173225107307545,-70.17976286600607,39.28326474622771,100.0,50.353604597543175,194 days 16:00:00,91,0.0,46,40.0,24.89555173261244,-20.71468453378,9.455020367724432,-6.504195102949831,5 days 17:39:59.999999999,3 days 01:11:06.666666666,0.8557874087249103,-0.5090867826248369,0.0395676082316923,-0.37266405747914444,1.0022058748314915,0.06039237738794842,long
1393,"{'window_k': 87, 'window_d': 117, 'window_ma': 27}","open_time
2022-01-01 00:00:00    100.000000
2022-01-01 01:00:00    100.000000
2022-01-01 02:00:00    100.000000
2022-01-01 03:00:00    100.000000
2022-01-01 04:00:00    100.000000
                          ...    
2023-05-01 19:00:00     73.011811
2023-05-01 20:00:00     72.844137
2023-05-01 21:00:00     73.210925
2023-05-01 22:00:00     73.535794
2023-05-01 23:00:00     73.535794
Freq: H, Length: 11664, dtype: float64",2022-01-01,2023-05-01 23:00:00,486 days,100.0,55.545796726240184,124.11504103899331,73.53579426014217,-26.46420573985783,-70.17976286600607,28.29218106995885,100.0,55.24652269277394,439 days 04:00:00,71,0.0,36,37.142857142857146,20.29503105590063,-17.2026663548123,8.654523118590332,-5.959152023480174,4 days 06:41:32.307692307,3 days 12:24:32.727272727,0.745383457060415,-0.799535910113411,-0.20447701355327538,-0.3731512992383819,0.9882567237922474,-0.2840875311862137,long
3283,"{'window_k': 192, 'window_d': 207, 'window_ma': 57}","open_time
2022-01-01 00:00:00    100.000000
2022-01-01 01:00:00    100.000000
2022-01-01 02:00:00    100.000000
2022-01-01 03:00:00    100.000000
2022-01-01 04:00:00    100.000000
                          ...    
2023-05-01 19:00:00     73.945994
2023-05-01 20:00:00     73.945994
2023-05-01 21:00:00     73.945994
2023-05-01 22:00:00     73.945994
2023-05-01 23:00:00     73.945994
Freq: H, Length: 11664, dtype: float64",2022-01-01,2023-05-01 23:00:00,486 days,100.0,57.91078304318804,126.8667794340767,73.94599434992702,-26.05400565007298,-70.17976286600607,24.356995884773664,100.0,54.35307548476076,424 days 03:00:00,40,0.0,20,35.0,28.20273050308582,-16.391880301153154,9.30059189490031,-6.547239532483498,6 days 09:51:25.714285714,5 days 15:41:32.307692307,0.655753598209772,-1.30270028250365,-0.3462062345792802,-0.3731705411583326,0.9784497193306907,-0.48150197254903176,long
1023,"{'window_k': 57, 'window_d': 237, 'window_ma': 237}","open_time
2022-01-01 00:00:00    100.000000
2022-01-01 01:00:00    100.000000
2022-01-01 02:00:00    100.000000
2022-01-01 03:00:00    100.000000
2022-01-01 04:00:00    100.000000
                          ...    
2023-05-01 19:00:00     68.950679
2023-05-01 20:00:00     68.950679
2023-05-01 21:00:00     69.297863
2023-05-01 22:00:00     69.605368
2023-05-01 23:00:00     69.605368
Freq: H, Length: 11664, dtype: float64",2022-01-01,2023-05-01 23:00:00,486 days,100.0,46.914151856279645,129.6243620483915,69.60536809903756,-30.394631900962437,-70.17976286600607,34.77366255144033,100.0,63.807612153365426,391 days 18:00:00,51,0.0,26,32.0,40.41986989946776,-22.721238938053087,14.682830739523833,-7.8597885130256575,10 days 06:07:30,5 days 02:31:45.882352941,0.6981518353147416,-1.241972845053954,-0.23512687577978184,-0.3733668913980587,0.9880964159648243,-0.3309028779719453,long
3906,"{'window_k': 237, 'window_d': 72, 'window_ma': 42}","open_time
2022-01-01 00:00:00    100.000000
2022-01-01 01:00:00    100.000000
2022-01-01 02:00:00    100.000000
2022-01-01 03:00:00    100.000000
2022-01-01 04:00:00    100.000000
                          ...    
2023-05-01 19:00:00     77.439666
2023-05-01 20:00:00     77.439666
2023-05-01 21:00:00     77.439666
2023-05-01 22:00:00     77.439666
2023-05-01 23:00:00     77.439666
Freq: H, Length: 11664, dtype: float64",2022-01-01,2023-05-01 23:00:00,486 days,100.0,66.63314468945143,127.26225921797166,77.43966572859051,-22.560334271409488,-70.17976286600607,23.593964334705074,100.0,46.745638764949284,286 days 02:00:00,72,0.0,36,33.33333333333333,26.690005834792036,-18.87440758293839,11.046744906965344,-5.848971158395311,4 days 08:15:00,2 days 14:32:30,0.8342715500911512,-0.6266759519835978,-0.028307174766767224,-0.3737388425522702,0.9978867840075423,-0.04424178101040178,long
2008,"{'window_k': 117, 'window_d': 207, 'window_ma': 132}","open_time
2022-01-01 00:00:00    100.000000
2022-01-01 01:00:00    100.000000
2022-01-01 02:00:00    100.000000
2022-01-01 03:00:00    100.000000
2022-01-01 04:00:00    100.000000
                          ...    
2023-05-01 19:00:00     69.863815
2023-05-01 20:00:00     69.703370
2023-05-01 21:00:00     70.054343
2023-05-01 22:00:00     70.365206
2023-05-01 23:00:00     70.365206
Freq: H, Length: 11664, dtype: float64",2022-01-01,2023-05-01 23:00:00,486 days,100.0,46.53511141944031,122.58749238341706,70.36520567976939,-29.63479432023061,-70.17976286600607,35.288065843621396,100.0,62.039266392779794,391 days 18:00:00,47,0.0,24,34.78260869565217,40.76349275998243,-26.480990274093713,15.235333983660428,-8.8977098713104,9 days 18:07:30,6 days 05:00:00,0.7155750377099178,-1.2788774914344905,-0.20139990205858524,-0.37395610669640933,0.989676783202137,-0.28202971498153745,long
1744,"{'window_k': 102, 'window_d': 207, 'window_ma': 12}","open_time
2022-01-01 00:00:00    100.000000
2022-01-01 01:00:00    100.000000
2022-01-01 02:00:00    100.000000
2022-01-01 03:00:00    100.000000
2022-01-01 04:00:00    100.000000
                          ...    
2023-05-01 19:00:00     74.827875
2023-05-01 20:00:00     74.656030
2023-05-01 21:00:00     75.031941
2023-05-01 22:00:00     75.031941
2023-05-01 23:00:00     75.031941
Freq: H, Length: 11664, dtype: float64",2022-01-01,2023-05-01 23:00:00,486 days,100.0,60.34671367146764,125.43516068994616,75.03194124717714,-24.968058752822856,-70.17976286600607,13.923182441700959,100.0,51.89011331469157,391 days 18:00:00,50,0.0,25,48.0,19.4218779520121,-25.612988734261087,4.3098019990423095,-5.548730457641682,2 days 01:45:00,3 days 07:00:00,0.6202614739200504,-0.9987223501129143,-0.39015719858506565,-0.3739698117760895,0.9676966108193352,-0.5277136040750663,long
3621,"{'window_k': 222, 'window_d': 42, 'window_ma': 87}","open_time
2022-01-01 00:00:00    100.00000
2022-01-01 01:00:00    100.00000
2022-01-01 02:00:00    100.00000
2022-01-01 03:00:00    100.00000
2022-01-01 04:00:00    100.00000
                         ...    
2023-05-01 19:00:00     74.81314
2023-05-01 20:00:00     74.81314
2023-05-01 21:00:00     74.81314
2023-05-01 22:00:00     74.81314
2023-05-01 23:00:00     74.81314
Freq: H, Length: 11664, dtype: float64",2022-01-01,2023-05-01 23:00:00,486 days,100.0,61.86759878400987,129.832822618689,74.81313956381301,-25.186860436186993,-70.17976286600607,41.28086419753087,100.0,52.34826021944296,430 days 01:00:00,128,0.0,64,37.5,23.943661971830995,-19.89556692242114,7.962301243981108,-5.011580473026968,4 days 04:50:00,2 days 11:52:30,0.8652260821121417,-0.39354469431542105,0.044035414686973536,-0.3740699153386984,1.0023046113519125,0.06644517764731994,long
2117,"{'window_k': 132, 'window_d': 72, 'window_ma': 87}","open_time
2022-01-01 00:00:00    100.000000
2022-01-01 01:00:00    100.000000
2022-01-01 02:00:00    100.000000
2022-01-01 03:00:00    100.000000
2022-01-01 04:00:00    100.000000
                          ...    
2023-05-01 19:00:00     74.959959
2023-05-01 20:00:00     74.959959
2023-05-01 21:00:00     74.959959
2023-05-01 22:00:00     74.959959
2023-05-01 23:00:00     74.959959
Freq: H, Length: 11664, dtype: float64",2022-01-01,2023-05-01 23:00:00,486 days,100.0,49.56434246212505,125.81752165873854,74.95995858216642,-25.04004141783358,-70.17976286600607,37.525720164609055,100.0,52.01272651738225,194 days 16:00:00,92,0.0,46,36.95652173913043,24.895551732612432,-20.714684533780012,9.59560005076894,-5.936531714313977,5 days 15:49:24.705882352,2 days 23:18:37.241379310,0.8393173031480544,-0.5443487264746429,0.015878016178980794,-0.37420479923361943,1.0009097244991125,0.02433360054607639,long
2871,"{'window_k': 177, 'window_d': 57, 'window_ma': 117}","open_time
2022-01-01 00:00:00    100.000000
2022-01-01 01:00:00    100.000000
2022-01-01 02:00:00    100.000000
2022-01-01 03:00:00    100.000000
2022-01-01 04:00:00    100.000000
                          ...    
2023-05-01 19:00:00     76.833625
2023-05-01 20:00:00     76.657173
2023-05-01 21:00:00     77.043161
2023-05-01 22:00:00     77.385036
2023-05-01 23:00:00     77.385036
Freq: H, Length: 11664, dtype: float64",2022-01-01,2023-05-01 23:00:00,486 days,100.0,61.37233157937192,115.30934499157252,77.38503612923655,-22.614963870763447,-70.17976286600607,36.71124828532236,100.0,46.7759255905431,453 days 11:00:00,99,0.0,50,36.734693877551024,21.847109041521147,-17.40429298517372,8.062767956250397,-5.153526814199662,5 days 00:23:20,2 days 16:11:36.774193548,0.8169945923356269,-0.5256736170698555,0.04661839945475722,-0.3744317085128011,1.0027183945763727,0.07147477203397735,long
2800,"{'window_k': 162, 'window_d': 237, 'window_ma': 12}","open_time
2022-01-01 00:00:00    100.000000
2022-01-01 01:00:00    100.000000
2022-01-01 02:00:00    100.000000
2022-01-01 03:00:00    100.000000
2022-01-01 04:00:00    100.000000
                          ...    
2023-05-01 19:00:00     77.867894
2023-05-01 20:00:00     77.867894
2023-05-01 21:00:00     77.867894
2023-05-01 22:00:00     77.867894
2023-05-01 23:00:00     77.867894
Freq: H, Length: 11664, dtype: float64",2022-01-01,2023-05-01 23:00:00,486 days,100.0,70.61785449996559,130.03579137104774,77.86789380310687,-22.132106196893133,-70.17976286600607,13.3659122085048,100.0,45.69352502461215,352 days 05:00:00,36,0.0,18,44.44444444444444,16.580597565473994,-22.04117582296598,6.737016162041762,-7.069638786948714,3 days 02:00:00,4 days 00:42:00,0.6922888740682036,-1.2295614553829521,-0.3603439895677472,-0.3748484490427568,0.970307211542163,-0.5009155791146535,long
849,"{'window_k': 57, 'window_d': 87, 'window_ma': 27}","open_time
2022-01-01 00:00:00    100.000000
2022-01-01 01:00:00    100.000000
2022-01-01 02:00:00    100.000000
2022-01-01 03:00:00    100.000000
2022-01-01 04:00:00    100.000000
                          ...    
2023-05-01 19:00:00     72.763179
2023-05-01 20:00:00     72.763179
2023-05-01 21:00:00     72.763179
2023-05-01 22:00:00     72.763179
2023-05-01 23:00:00     72.763179
Freq: H, Length: 11664, dtype: float64",2022-01-01,2023-05-01 23:00:00,486 days,100.0,57.2780401124487,132.16807950694567,72.76317859707412,-27.23682140292588,-70.17976286600607,32.12448559670782,100.0,56.662728000493765,439 days 04:00:00,110,0.0,55,38.18181818181819,23.214884344619524,-23.319863887707353,6.297919732061776,-4.358070879181343,3 days 14:40:00,2 days 08:40:35.294117647,0.8016463300937926,-0.4952149345986525,-0.20780761919506804,-0.3748944760677648,0.9888548415823996,-0.28939744712423693,long
2277,"{'window_k': 132, 'window_d': 222, 'window_ma': 87}","open_time
2022-01-01 00:00:00    100.000000
2022-01-01 01:00:00    100.000000
2022-01-01 02:00:00    100.000000
2022-01-01 03:00:00    100.000000
2022-01-01 04:00:00    100.000000
                          ...    
2023-05-01 19:00:00     72.591579
2023-05-01 20:00:00     72.591579
2023-05-01 21:00:00     72.591579
2023-05-01 22:00:00     72.591579
2023-05-01 23:00:00     72.591579
Freq: H, Length: 11664, dtype: float64",2022-01-01,2023-05-01 23:00:00,486 days,100.0,51.618964213696,120.12396694214875,72.591579241855,-27.408420758144995,-70.17976286600607,31.69581618655693,100.0,57.02858844267481,451 days 16:00:00,42,0.0,21,42.857142857142854,26.298403376766398,-22.865444792132312,11.006058912041764,-9.486636867042463,8 days 00:20:00,6 days 19:50:00,0.704513559727301,-1.305162893245,-0.2284700168753565,-0.37493611983887437,0.9876959703544417,-0.31761009666851997,long
3230,"{'window_k': 192, 'window_d': 147, 'window_ma': 222}","open_time
2022-01-01 00:00:00    100.000000
2022-01-01 01:00:00    100.000000
2022-01-01 02:00:00    100.000000
2022-01-01 03:00:00    100.000000
2022-01-01 04:00:00    100.000000
                          ...    
2023-05-01 19:00:00     71.227374
2023-05-01 20:00:00     71.063797
2023-05-01 21:00:00     71.421621
2023-05-01 22:00:00     71.738550
2023-05-01 23:00:00     71.738550
Freq: H, Length: 11664, dtype: float64",2022-01-01,2023-05-01 23:00:00,486 days,100.0,60.44732966141887,146.85620988970757,71.73855031434354,-28.26144968565646,-70.17976286600607,36.702674897119344,100.0,58.839105471388486,349 days 17:00:00,51,0.0,26,28.000000000000004,36.848341232227476,-22.659773402265973,16.996416492177822,-7.2750022384347535,10 days 12:17:08.571428571,5 days 17:16:40,0.7752645265431224,-1.1337295188642789,-0.12699764903498678,-0.3752084877981008,0.9935020526946641,-0.18260354130633955,long
1593,"{'window_k': 102, 'window_d': 57, 'window_ma': 147}","open_time
2022-01-01 00:00:00    100.000000
2022-01-01 01:00:00    100.000000
2022-01-01 02:00:00    100.000000
2022-01-01 03:00:00    100.000000
2022-01-01 04:00:00    100.000000
                          ...    
2023-05-01 19:00:00     72.314348
2023-05-01 20:00:00     72.314348
2023-05-01 21:00:00     72.314348
2023-05-01 22:00:00     72.314348
2023-05-01 23:00:00     72.314348
Freq: H, Length: 11664, dtype: float64",2022-01-01,2023-05-01 23:00:00,486 days,100.0,63.667522350152765,150.0505341457775,72.31434849462266,-27.685651505377333,-70.17976286600607,43.33847736625515,100.0,57.56927976790918,266 days 11:00:00,114,0.0,57,33.33333333333333,34.98877294941223,-20.09324539458721,9.961992102689244,-5.207129083800332,4 days 23:12:37.894736842,3 days 01:25:15.789473684,0.8600872661689739,-0.4857131843048661,0.029168658782614505,-0.37533348095153113,1.0015173689118348,0.0440211325523944,long
1927,"{'window_k': 117, 'window_d': 132, 'window_ma': 117}","open_time
2022-01-01 00:00:00    100.000000
2022-01-01 01:00:00    100.000000
2022-01-01 02:00:00    100.000000
2022-01-01 03:00:00    100.000000
2022-01-01 04:00:00    100.000000
                          ...    
2023-05-01 19:00:00     72.455486
2023-05-01 20:00:00     72.289089
2023-05-01 21:00:00     72.653082
2023-05-01 22:00:00     72.975476
2023-05-01 23:00:00     72.975476
Freq: H, Length: 11664, dtype: float64",2022-01-01,2023-05-01 23:00:00,486 days,100.0,57.28466211333293,130.53435114503816,72.9754762899916,-27.024523710008395,-70.17976286600607,37.31138545953361,100.0,56.11525884885021,451 days 16:00:00,63,0.0,32,32.25806451612903,37.157558058684465,-17.388089797015734,11.14849782697687,-5.955238764078528,6 days 10:54:00,5 days 09:42:51.428571428,0.764047584966114,-0.884842462997415,-0.13748417715909175,-0.37547772515907385,0.9931302535346336,-0.19281969162070198,long
1438,"{'window_k': 87, 'window_d': 147, 'window_ma': 222}","open_time
2022-01-01 00:00:00    100.000000
2022-01-01 01:00:00    100.000000
2022-01-01 02:00:00    100.000000
2022-01-01 03:00:00    100.000000
2022-01-01 04:00:00    100.000000
                          ...    
2023-05-01 19:00:00     70.946223
2023-05-01 20:00:00     70.783292
2023-05-01 21:00:00     71.139704
2023-05-01 22:00:00     71.455382
2023-05-01 23:00:00     71.455382
Freq: H, Length: 11664, dtype: float64",2022-01-01,2023-05-01 23:00:00,486 days,100.0,50.17733304626967,123.60100609749563,71.45538217251801,-28.54461782748199,-70.17976286600607,40.14060356652949,100.0,59.40378267900981,451 days 16:00:00,67,0.0,34,30.303030303030305,31.494920174165465,-16.105828447553833,12.29937566236437,-6.036556954728383,7 days 14:42:00,5 days 00:39:07.826086956,0.7501348098678543,-0.8776402501479708,-0.11900455840206536,-0.37553242876886644,0.9943055198646487,-0.16666860249514281,long
2935,"{'window_k': 177, 'window_d': 117, 'window_ma': 117}","open_time
2022-01-01 00:00:00    100.000000
2022-01-01 01:00:00    100.000000
2022-01-01 02:00:00    100.000000
2022-01-01 03:00:00    100.000000
2022-01-01 04:00:00    100.000000
                          ...    
2023-05-01 19:00:00     70.069120
2023-05-01 20:00:00     69.908204
2023-05-01 21:00:00     70.260209
2023-05-01 22:00:00     70.571985
2023-05-01 23:00:00     70.571985
Freq: H, Length: 11664, dtype: float64",2022-01-01,2023-05-01 23:00:00,486 days,100.0,57.43289141782886,148.3795458675013,70.5719846940859,-29.4280153059141,-70.17976286600607,37.07990397805212,100.0,61.29325569636478,309 days 12:00:00,63,0.0,32,35.483870967741936,34.40078310725773,-23.720982645931944,12.551101943640028,-7.524455114063429,7 days 05:00:00,4 days 21:21:00,0.8027105534625089,-0.96551224738218,-0.0638376279056509,-0.37574322706128793,0.9963699951304072,-0.096399245140823,long
744,"{'window_k': 42, 'window_d': 222, 'window_ma': 132}","open_time
2022-01-01 00:00:00    100.000000
2022-01-01 01:00:00    100.000000
2022-01-01 02:00:00    100.000000
2022-01-01 03:00:00    100.000000
2022-01-01 04:00:00    100.000000
                          ...    
2023-05-01 19:00:00     65.127431
2023-05-01 20:00:00     64.977863
2023-05-01 21:00:00     65.305043
2023-05-01 22:00:00     65.594830
2023-05-01 23:00:00     65.594830
Freq: H, Length: 11664, dtype: float64",2022-01-01,2023-05-01 23:00:00,486 days,100.0,42.45523269837789,152.6093177479501,65.59483020529909,-34.40516979470091,-70.17976286600607,34.37928669410151,100.0,72.18044525400667,391 days 18:00:00,59,0.0,30,37.93103448275862,29.6742318974834,-42.60418428917837,12.049106888549538,-8.029189892115301,8 days 05:05:27.272727272,4 days 03:53:20,0.7161002914527349,-1.1889639205823235,-0.27877280989934045,-0.37606106364436714,0.9855473633350355,-0.3746359771473238,long
1703,"{'window_k': 102, 'window_d': 162, 'window_ma': 117}","open_time
2022-01-01 00:00:00    100.000000
2022-01-01 01:00:00    100.000000
2022-01-01 02:00:00    100.000000
2022-01-01 03:00:00    100.000000
2022-01-01 04:00:00    100.000000
                          ...    
2023-05-01 19:00:00     65.357631
2023-05-01 20:00:00     65.207534
2023-05-01 21:00:00     65.535870
2023-05-01 22:00:00     65.826682
2023-05-01 23:00:00     65.826682
Freq: H, Length: 11664, dtype: float64",2022-01-01,2023-05-01 23:00:00,486 days,100.0,48.65717207080415,171.4248802842445,65.82668223137455,-34.17331776862545,-70.17976286600607,34.876543209876544,100.0,71.61603847112256,355 days 14:00:00,63,0.0,32,32.25806451612903,31.803527403754995,-20.916676191564758,12.215164592088737,-6.842196476862658,7 days 06:24:00,4 days 11:51:25.714285714,0.7563196693988536,-1.0745246154139876,-0.2026843541794678,-0.37632544670739915,0.9882909385820917,-0.3038878482985678,long
3322,"{'window_k': 192, 'window_d': 237, 'window_ma': 162}","open_time
2022-01-01 00:00:00    100.000000
2022-01-01 01:00:00    100.000000
2022-01-01 02:00:00    100.000000
2022-01-01 03:00:00    100.000000
2022-01-01 04:00:00    100.000000
                          ...    
2023-05-01 19:00:00     73.177611
2023-05-01 20:00:00     73.177611
2023-05-01 21:00:00     73.177611
2023-05-01 22:00:00     73.177611
2023-05-01 23:00:00     73.177611
Freq: H, Length: 11664, dtype: float64",2022-01-01,2023-05-01 23:00:00,486 days,100.0,58.987926115670895,132.66712176811177,73.1776114129055,-26.822388587094494,-70.17976286600607,31.730109739369,100.0,55.53689163561142,349 days 17:00:00,36,0.0,18,33.33333333333333,41.086289969338594,-21.936441201929036,13.678633712769606,-8.057829074531554,10 days 01:00:00,7 days 19:55:00,0.6844952858203762,-1.490132699283027,-0.1692554382251013,-0.3764324824580453,0.9907662403633368,-0.23744918401457413,long
1105,"{'window_k': 72, 'window_d': 87, 'window_ma': 27}","open_time
2022-01-01 00:00:00    100.000000
2022-01-01 01:00:00    100.000000
2022-01-01 02:00:00    100.000000
2022-01-01 03:00:00    100.000000
2022-01-01 04:00:00    100.000000
                          ...    
2023-05-01 19:00:00     73.428156
2023-05-01 20:00:00     73.259525
2023-05-01 21:00:00     73.628405
2023-05-01 22:00:00     73.955127
2023-05-01 23:00:00     73.955127
Freq: H, Length: 11664, dtype: float64",2022-01-01,2023-05-01 23:00:00,486 days,100.0,52.97543809759234,114.80931549563758,73.95512730610534,-26.04487269389466,-70.17976286600607,28.28360768175583,100.0,53.857892219899824,462 days 03:00:00,99,0.0,50,36.734693877551024,20.21379980563653,-23.359010524031675,6.43964771618163,-4.279119378285006,3 days 14:16:40,2 days 03:56:07.741935483,0.7667186543097684,-0.5341090972092035,-0.2292377273178118,-0.37646427375130753,0.9868740680596163,-0.3195611781541189,long
2114,"{'window_k': 132, 'window_d': 72, 'window_ma': 42}","open_time
2022-01-01 00:00:00    100.000000
2022-01-01 01:00:00    100.000000
2022-01-01 02:00:00    100.000000
2022-01-01 03:00:00    100.000000
2022-01-01 04:00:00    100.000000
                          ...    
2023-05-01 19:00:00     77.052084
2023-05-01 20:00:00     77.052084
2023-05-01 21:00:00     77.052084
2023-05-01 22:00:00     77.052084
2023-05-01 23:00:00     77.052084
Freq: H, Length: 11664, dtype: float64",2022-01-01,2023-05-01 23:00:00,486 days,100.0,56.78155036750608,122.62533582986313,77.05208442721771,-22.947915572782293,-70.17976286600607,28.232167352537722,100.0,47.214285856511815,194 days 16:00:00,92,0.0,46,36.95652173913043,20.453671664744324,-17.608297742525927,8.217899710488782,-5.209075393403935,3 days 23:24:42.352941176,2 days 09:37:14.482758620,0.836669809146166,-0.49886772984309413,-0.032356295523412244,-0.3766036141058398,0.9977790788128444,-0.05049108530058112,long
4077,"{'window_k': 237, 'window_d': 222, 'window_ma': 207}","open_time
2022-01-01 00:00:00    100.000000
2022-01-01 01:00:00    100.000000
2022-01-01 02:00:00    100.000000
2022-01-01 03:00:00    100.000000
2022-01-01 04:00:00    100.000000
                          ...    
2023-05-01 19:00:00     73.053434
2023-05-01 20:00:00     73.053434
2023-05-01 21:00:00     73.053434
2023-05-01 22:00:00     73.053434
2023-05-01 23:00:00     73.053434
Freq: H, Length: 11664, dtype: float64",2022-01-01,2023-05-01 23:00:00,486 days,100.0,54.125787199765085,122.28289642795045,73.05343425608179,-26.946565743918217,-70.17976286600607,33.14471879286694,100.0,55.7372381740596,424 days 03:00:00,34,0.0,17,35.294117647058826,37.90310918293565,-18.479474141138542,12.870320121415773,-8.554131076844264,12 days 05:19:59.999999999,7 days 23:27:16.363636363,0.6515668238045146,-1.5850921025834253,-0.19060343917499098,-0.3768882858095998,0.9896786969830651,-0.2666940896750974,long
987,"{'window_k': 57, 'window_d': 207, 'window_ma': 177}","open_time
2022-01-01 00:00:00    100.000000
2022-01-01 01:00:00    100.000000
2022-01-01 02:00:00    100.000000
2022-01-01 03:00:00    100.000000
2022-01-01 04:00:00    100.000000
                          ...    
2023-05-01 19:00:00     69.115608
2023-05-01 20:00:00     68.956882
2023-05-01 21:00:00     69.304097
2023-05-01 22:00:00     69.611630
2023-05-01 23:00:00     69.611630
Freq: H, Length: 11664, dtype: float64",2022-01-01,2023-05-01 23:00:00,486 days,100.0,42.196543847426746,114.62092071277908,69.61162978977934,-30.388370210220657,-70.17976286600607,36.128257887517144,100.0,63.18600166093218,451 days 16:00:00,55,0.0,28,33.33333333333333,43.622095707031846,-14.715020355688887,13.619229958130418,-7.624020326674547,9 days 15:13:20,4 days 19:56:40,0.6920261089803699,-1.1284345784757472,-0.13132967530517176,-0.3769585440905288,0.9926165355568591,-0.19473386707725943,long
3175,"{'window_k': 192, 'window_d': 102, 'window_ma': 117}","open_time
2022-01-01 00:00:00    100.000000
2022-01-01 01:00:00    100.000000
2022-01-01 02:00:00    100.000000
2022-01-01 03:00:00    100.000000
2022-01-01 04:00:00    100.000000
                          ...    
2023-05-01 19:00:00     68.258549
2023-05-01 20:00:00     68.101790
2023-05-01 21:00:00     68.444699
2023-05-01 22:00:00     68.748419
2023-05-01 23:00:00     68.748419
Freq: H, Length: 11664, dtype: float64",2022-01-01,2023-05-01 23:00:00,486 days,100.0,51.16870409596885,146.40125537406422,68.74841913173853,-31.25158086826147,-70.17976286600607,37.234224965706446,100.0,65.04899909141513,309 days 12:00:00,65,0.0,33,37.5,33.42126088103402,-24.81203007518797,12.427325050657638,-8.135352560261886,7 days 09:25:00,4 days 10:36:00,0.7965370835894745,-0.9968190582482079,-0.07938031179855062,-0.37708628811021466,0.9954794713429937,-0.12034533689570487,long
1823,"{'window_k': 117, 'window_d': 27, 'window_ma': 237}","open_time
2022-01-01 00:00:00    100.000000
2022-01-01 01:00:00    100.000000
2022-01-01 02:00:00    100.000000
2022-01-01 03:00:00    100.000000
2022-01-01 04:00:00    100.000000
                          ...    
2023-05-01 19:00:00     69.224102
2023-05-01 20:00:00     69.224102
2023-05-01 21:00:00     69.224102
2023-05-01 22:00:00     69.224102
2023-05-01 23:00:00     69.224102
Freq: H, Length: 11664, dtype: float64",2022-01-01,2023-05-01 23:00:00,486 days,100.0,36.396066325887425,101.03585657370517,69.22410158445508,-30.775898415544916,-70.17976286600607,36.702674897119344,100.0,63.977079464519946,477 days 04:00:00,186,0.0,93,38.70967741935484,26.638322826565,-14.46156976448447,6.468682859473075,-4.2998381881322505,2 days 18:53:20,1 days 08:51:34.736842105,0.8107236574959633,-0.3309236388768273,-0.07102252079179923,-0.3772794565049098,0.9959123410100845,-0.11041811823637908,long
2925,"{'window_k': 177, 'window_d': 102, 'window_ma': 207}","open_time
2022-01-01 00:00:00    100.000000
2022-01-01 01:00:00    100.000000
2022-01-01 02:00:00    100.000000
2022-01-01 03:00:00    100.000000
2022-01-01 04:00:00    100.000000
                          ...    
2023-05-01 19:00:00     70.443790
2023-05-01 20:00:00     70.282013
2023-05-01 21:00:00     70.635900
2023-05-01 22:00:00     70.949343
2023-05-01 23:00:00     70.949343
Freq: H, Length: 11664, dtype: float64",2022-01-01,2023-05-01 23:00:00,486 days,100.0,54.63082927895995,137.03831195593722,70.94934307004098,-29.05065692995902,-70.17976286600607,39.57475994513032,100.0,60.13463060131261,309 days 12:00:00,67,0.0,34,30.303030303030305,30.291556228701243,-23.08116453462726,14.551452367382783,-6.840177789366781,9 days 00:00:00,4 days 06:54:46.956521739,0.8047185338479304,-0.8754206027284464,-0.025311582823123353,-0.37784604881106626,0.9986175041112083,-0.03822910838812066,long
1202,"{'window_k': 72, 'window_d': 177, 'window_ma': 42}","open_time
2022-01-01 00:00:00    100.000000
2022-01-01 01:00:00    100.000000
2022-01-01 02:00:00    100.000000
2022-01-01 03:00:00    100.000000
2022-01-01 04:00:00    100.000000
                          ...    
2023-05-01 19:00:00     68.667923
2023-05-01 20:00:00     68.667923
2023-05-01 21:00:00     68.667923
2023-05-01 22:00:00     68.667923
2023-05-01 23:00:00     68.667923
Freq: H, Length: 11664, dtype: float64",2022-01-01,2023-05-01 23:00:00,486 days,100.0,45.550221640064855,130.47576301615797,68.66792305299592,-31.332076947004083,-70.17976286600607,24.76851851851852,100.0,65.08913181490729,451 days 16:00:00,58,0.0,29,27.586206896551722,32.67589607434099,-29.68258311670542,16.409805287770947,-6.838354548301924,6 days 18:15:00,3 days 03:45:42.857142857,0.7536382644559576,-1.080416446448416,-0.35604637702211606,-0.3778735558178405,0.978333716292523,-0.49196789748943276,long
1439,"{'window_k': 87, 'window_d': 147, 'window_ma': 237}","open_time
2022-01-01 00:00:00    100.000000
2022-01-01 01:00:00    100.000000
2022-01-01 02:00:00    100.000000
2022-01-01 03:00:00    100.000000
2022-01-01 04:00:00    100.000000
                          ...    
2023-05-01 19:00:00     70.698993
2023-05-01 20:00:00     70.536630
2023-05-01 21:00:00     70.891799
2023-05-01 22:00:00     71.206378
2023-05-01 23:00:00     71.206378
Freq: H, Length: 11664, dtype: float64",2022-01-01,2023-05-01 23:00:00,486 days,100.0,50.002477282087014,123.60100609749563,71.20637759821713,-28.79362240178287,-70.17976286600607,41.22942386831276,100.0,59.545250592341134,451 days 16:00:00,67,0.0,34,30.303030303030305,31.494920174165465,-16.105828447553833,12.29937566236437,-6.053344201267787,7 days 14:42:00,5 days 06:10:26.086956521,0.749255457257098,-0.8851417547637004,-0.12226491862858571,-0.3780564622893798,0.9941931030702207,-0.17123154763724524,long
1929,"{'window_k': 117, 'window_d': 132, 'window_ma': 147}","open_time
2022-01-01 00:00:00    100.000000
2022-01-01 01:00:00    100.000000
2022-01-01 02:00:00    100.000000
2022-01-01 03:00:00    100.000000
2022-01-01 04:00:00    100.000000
                          ...    
2023-05-01 19:00:00     70.820327
2023-05-01 20:00:00     70.657686
2023-05-01 21:00:00     71.013464
2023-05-01 22:00:00     71.328583
2023-05-01 23:00:00     71.328583
Freq: H, Length: 11664, dtype: float64",2022-01-01,2023-05-01 23:00:00,486 days,100.0,54.430631610680784,133.49138677088962,71.32858284029784,-28.671417159702163,-70.17976286600607,41.34945130315501,100.0,59.225360581428575,391 days 18:00:00,63,0.0,32,32.25806451612903,39.340842720066746,-17.38808979701573,12.187338608421465,-6.482814461661585,7 days 15:06:00,5 days 18:42:51.428571428,0.7564423950253357,-0.9376727897704735,-0.12290576006917538,-0.37841240653298225,0.9942012090769542,-0.17241252511839347,long
2122,"{'window_k': 132, 'window_d': 72, 'window_ma': 162}","open_time
2022-01-01 00:00:00    100.000000
2022-01-01 01:00:00    100.000000
2022-01-01 02:00:00    100.000000
2022-01-01 03:00:00    100.000000
2022-01-01 04:00:00    100.000000
                          ...    
2023-05-01 19:00:00     74.927199
2023-05-01 20:00:00     74.755126
2023-05-01 21:00:00     75.131536
2023-05-01 22:00:00     75.464928
2023-05-01 23:00:00     75.464928
Freq: H, Length: 11664, dtype: float64",2022-01-01,2023-05-01 23:00:00,486 days,100.0,51.27799029108764,123.96632673910229,75.46492824770891,-24.53507175229109,-70.17976286600607,39.14609053497942,100.0,50.353604597543175,194 days 16:00:00,91,0.0,46,40.0,24.89555173261244,-20.714684533780012,9.421530239700807,-6.499707804808132,5 days 16:20:00,3 days 01:28:53.333333333,0.8532914023024152,-0.5172618937527735,0.03414967313173374,-0.3784494086155071,1.0019071690184047,0.05212802019169674,long
2747,"{'window_k': 162, 'window_d': 177, 'window_ma': 177}","open_time
2022-01-01 00:00:00    100.000000
2022-01-01 01:00:00    100.000000
2022-01-01 02:00:00    100.000000
2022-01-01 03:00:00    100.000000
2022-01-01 04:00:00    100.000000
                          ...    
2023-05-01 19:00:00     71.687000
2023-05-01 20:00:00     71.522368
2023-05-01 21:00:00     71.882500
2023-05-01 22:00:00     72.201475
2023-05-01 23:00:00     72.201475
Freq: H, Length: 11664, dtype: float64",2022-01-01,2023-05-01 23:00:00,486 days,100.0,55.65069710420067,130.41125802306973,72.20147522204601,-27.798524777953986,-70.17976286600607,37.39711934156379,100.0,57.32676921623126,391 days 18:00:00,47,0.0,24,30.434782608695656,48.18208690511379,-21.019941157240947,16.67128348615839,-7.9266320416680065,10 days 03:25:42.857142857,6 days 20:33:45,0.7320465466132461,-1.24800006311655,-0.15008820111163548,-0.3785245944943574,0.9924975615785964,-0.2127979896245265,long
2477,"{'window_k': 147, 'window_d': 162, 'window_ma': 207}","open_time
2022-01-01 00:00:00    100.000000
2022-01-01 01:00:00    100.000000
2022-01-01 02:00:00    100.000000
2022-01-01 03:00:00    100.000000
2022-01-01 04:00:00    100.000000
                          ...    
2023-05-01 19:00:00     70.552199
2023-05-01 20:00:00     70.390173
2023-05-01 21:00:00     70.744604
2023-05-01 22:00:00     71.058530
2023-05-01 23:00:00     71.058530
Freq: H, Length: 11664, dtype: float64",2022-01-01,2023-05-01 23:00:00,486 days,100.0,52.44101118668295,130.4172274562584,71.05852981108967,-28.94147018891033,-70.17976286600607,37.302812071330585,100.0,59.78981288781689,451 days 16:00:00,51,0.0,26,32.0,39.165924606708245,-20.96520763187428,14.800146167657324,-8.196189467438357,10 days 04:37:30,6 days 02:22:30,0.751749274003982,-1.149152442294719,-0.17149955884871232,-0.3785315788623618,0.9913970803723119,-0.24237248061153835,long
2003,"{'window_k': 117, 'window_d': 207, 'window_ma': 57}","open_time
2022-01-01 00:00:00    100.000000
2022-01-01 01:00:00    100.000000
2022-01-01 02:00:00    100.000000
2022-01-01 03:00:00    100.000000
2022-01-01 04:00:00    100.000000
                          ...    
2023-05-01 19:00:00     68.847605
2023-05-01 20:00:00     68.689493
2023-05-01 21:00:00     69.035362
2023-05-01 22:00:00     69.341703
2023-05-01 23:00:00     69.341703
Freq: H, Length: 11664, dtype: float64",2022-01-01,2023-05-01 23:00:00,486 days,100.0,46.14480882049145,126.07630505442177,69.34170250485246,-30.658297495147536,-70.17976286600607,26.35459533607682,100.0,63.39930108153733,391 days 18:00:00,47,0.0,24,34.78260869565217,28.20273050308583,-12.610619469026544,8.917585281938745,-6.487570448933662,6 days 03:07:30,5 days 05:56:00,0.6102474257572091,-1.3235171482198118,-0.4243685454773491,-0.3791913475058314,0.9753100234332084,-0.588854033841444,long
3471,"{'window_k': 207, 'window_d': 132, 'window_ma': 237}","open_time
2022-01-01 00:00:00    100.000000
2022-01-01 01:00:00    100.000000
2022-01-01 02:00:00    100.000000
2022-01-01 03:00:00    100.000000
2022-01-01 04:00:00    100.000000
                          ...    
2023-05-01 19:00:00     69.454577
2023-05-01 20:00:00     69.295072
2023-05-01 21:00:00     69.643989
2023-05-01 22:00:00     69.953031
2023-05-01 23:00:00     69.953031
Freq: H, Length: 11664, dtype: float64",2022-01-01,2023-05-01 23:00:00,486 days,100.0,52.76670387989177,138.96238475450738,69.95303088662082,-30.04696911337918,-70.17976286600607,40.012002743484224,100.0,62.028066823183806,391 days 18:00:00,53,0.0,27,30.76923076923077,37.233727810650905,-15.168253506795557,15.309796857793867,-7.502845091438762,10 days 03:45:00,6 days 04:06:40,0.7484210208134074,-1.1199940276697564,-0.09834171317789638,-0.3794745567298838,0.9949583116153562,-0.14157077072078608,long
3619,"{'window_k': 222, 'window_d': 42, 'window_ma': 57}","open_time
2022-01-01 00:00:00    100.000000
2022-01-01 01:00:00    100.000000
2022-01-01 02:00:00    100.000000
2022-01-01 03:00:00    100.000000
2022-01-01 04:00:00    100.000000
                          ...    
2023-05-01 19:00:00     72.826960
2023-05-01 20:00:00     72.659710
2023-05-01 21:00:00     73.025570
2023-05-01 22:00:00     73.349617
2023-05-01 23:00:00     73.349617
Freq: H, Length: 11664, dtype: float64",2022-01-01,2023-05-01 23:00:00,486 days,100.0,60.556074049912155,133.53703323551474,73.34961691457215,-26.650383085427848,-70.17976286600607,36.89986282578875,100.0,54.65222449332728,430 days 01:00:00,127,0.0,64,41.269841269841265,20.70510323334632,-19.89556692242114,6.846957847513023,-5.128327863862136,3 days 12:27:41.538461538,2 days 05:29:11.351351351,0.8493980133757482,-0.39929500666558804,-0.005756811943807904,-0.37997182109503663,0.9996767951040145,-0.008715570478836508,long
1574,"{'window_k': 102, 'window_d': 42, 'window_ma': 102}","open_time
2022-01-01 00:00:00    100.00000
2022-01-01 01:00:00    100.00000
2022-01-01 02:00:00    100.00000
2022-01-01 03:00:00    100.00000
2022-01-01 04:00:00    100.00000
                         ...    
2023-05-01 19:00:00     71.64601
2023-05-01 20:00:00     71.64601
2023-05-01 21:00:00     71.64601
2023-05-01 22:00:00     71.64601
2023-05-01 23:00:00     71.64601
Freq: H, Length: 11664, dtype: float64",2022-01-01,2023-05-01 23:00:00,486 days,100.0,56.5648747522267,135.4603382523891,71.6460095682189,-28.3539904317811,-70.17976286600607,43.364197530864196,100.0,58.24248227784927,355 days 14:00:00,132,0.0,66,37.878787878787875,19.56014013234722,-14.864040970613331,7.416729737805565,-4.885327245401553,4 days 04:40:48,2 days 13:58:32.195121951,0.8377048547489306,-0.42960591563304584,0.015411177233325114,-0.38034842295238536,1.0008157868352876,0.023676328128308687,long
249,"{'window_k': 12, 'window_d': 237, 'window_ma': 147}","open_time
2022-01-01 00:00:00    100.000000
2022-01-01 01:00:00    100.000000
2022-01-01 02:00:00    100.000000
2022-01-01 03:00:00    100.000000
2022-01-01 04:00:00    100.000000
                          ...    
2023-05-01 19:00:00     70.312686
2023-05-01 20:00:00     70.151210
2023-05-01 21:00:00     70.504438
2023-05-01 22:00:00     70.817298
2023-05-01 23:00:00     70.817298
Freq: H, Length: 11664, dtype: float64",2022-01-01,2023-05-01 23:00:00,486 days,100.0,48.873719060900605,122.14188029908242,70.81729814320792,-29.182701856792082,-70.17976286600607,29.78395061728395,100.0,59.98610882587849,409 days 07:00:00,85,0.0,43,23.809523809523807,32.45920745920747,-17.621558289396603,11.100479206915523,-4.215478273710346,6 days 09:54:00,2 days 09:27:05.806451612,0.7307083192606245,-0.6912218607088974,-0.2784230660274149,-0.3805826716807179,0.9847366100557073,-0.3857627127232015,long
2468,"{'window_k': 147, 'window_d': 162, 'window_ma': 72}","open_time
2022-01-01 00:00:00    100.000000
2022-01-01 01:00:00    100.000000
2022-01-01 02:00:00    100.000000
2022-01-01 03:00:00    100.000000
2022-01-01 04:00:00    100.000000
                          ...    
2023-05-01 19:00:00     69.572295
2023-05-01 20:00:00     69.412520
2023-05-01 21:00:00     69.762029
2023-05-01 22:00:00     70.071594
2023-05-01 23:00:00     70.071594
Freq: H, Length: 11664, dtype: float64",2022-01-01,2023-05-01 23:00:00,486 days,100.0,50.21137998388101,130.57728777785078,70.07159413759976,-29.928405862400243,-70.17976286600607,30.409807956104252,100.0,61.54662052002114,391 days 18:00:00,51,0.0,26,32.0,31.870845204178515,-20.965207631874286,10.411726418787659,-6.589199938503057,7 days 01:15:00,5 days 13:48:45,0.6788166505397151,-1.1887480145906966,-0.24688511519193568,-0.3808619187061639,0.9864892726445268,-0.3467551599683621,long
2341,"{'window_k': 147, 'window_d': 42, 'window_ma': 87}","open_time
2022-01-01 00:00:00    100.000000
2022-01-01 01:00:00    100.000000
2022-01-01 02:00:00    100.000000
2022-01-01 03:00:00    100.000000
2022-01-01 04:00:00    100.000000
                          ...    
2023-05-01 19:00:00     69.007698
2023-05-01 20:00:00     69.007698
2023-05-01 21:00:00     69.007698
2023-05-01 22:00:00     69.007698
2023-05-01 23:00:00     69.007698
Freq: H, Length: 11664, dtype: float64",2022-01-01,2023-05-01 23:00:00,486 days,100.0,46.27329080649004,127.91712742130058,69.00769778339014,-30.992302216609858,-70.17976286600607,37.48285322359396,100.0,63.825570711819566,355 days 14:00:00,120,0.0,60,33.33333333333333,21.853146853146843,-15.937687237866982,8.09043214443418,-4.550672371072278,4 days 03:15:00,2 days 11:40:30,0.7780691175052207,-0.51653837027683,-0.044974874662394373,-0.38096673085109606,0.9974303669593002,-0.06988256543175157,long
1980,"{'window_k': 117, 'window_d': 177, 'window_ma': 192}","open_time
2022-01-01 00:00:00    100.000000
2022-01-01 01:00:00    100.000000
2022-01-01 02:00:00    100.000000
2022-01-01 03:00:00    100.000000
2022-01-01 04:00:00    100.000000
                          ...    
2023-05-01 19:00:00     64.921032
2023-05-01 20:00:00     64.771938
2023-05-01 21:00:00     65.098081
2023-05-01 22:00:00     65.386950
2023-05-01 23:00:00     65.386950
Freq: H, Length: 11664, dtype: float64",2022-01-01,2023-05-01 23:00:00,486 days,100.0,42.16054180235864,148.94572717128477,65.38695027233024,-34.61304972766976,-70.17976286600607,38.52023319615912,100.0,71.6940239891039,391 days 18:00:00,53,0.0,27,30.76923076923077,47.47699614128824,-21.93840840408691,18.455462481034903,-8.940552963701895,10 days 11:52:30,5 days 15:30:00,0.7380550850192671,-1.323386375029147,-0.23714600462549779,-0.38103216547365926,0.9880958650086692,-0.33327786597373416,long
3987,"{'window_k': 237, 'window_d': 147, 'window_ma': 57}","open_time
2022-01-01 00:00:00    100.000000
2022-01-01 01:00:00    100.000000
2022-01-01 02:00:00    100.000000
2022-01-01 03:00:00    100.000000
2022-01-01 04:00:00    100.000000
                          ...    
2023-05-01 19:00:00     73.138336
2023-05-01 20:00:00     72.970371
2023-05-01 21:00:00     73.337795
2023-05-01 22:00:00     73.663227
2023-05-01 23:00:00     73.663227
Freq: H, Length: 11664, dtype: float64",2022-01-01,2023-05-01 23:00:00,486 days,100.0,59.23527888249878,128.24048943018948,73.66322727826335,-26.33677272173665,-70.17976286600607,25.222908093278463,100.0,53.80922269893175,353 days 18:00:00,49,0.0,25,33.33333333333333,30.94555873925502,-14.988614988614987,11.119884542035596,-6.6019888457720945,6 days 06:37:30,4 days 11:03:45,0.7313672709666008,-1.1166115397645582,-0.22984649729161855,-0.38119888819569325,0.9849976860382127,-0.3380739989983886,long
2193,"{'window_k': 132, 'window_d': 147, 'window_ma': 27}","open_time
2022-01-01 00:00:00    100.000000
2022-01-01 01:00:00    100.000000
2022-01-01 02:00:00    100.000000
2022-01-01 03:00:00    100.000000
2022-01-01 04:00:00    100.000000
                          ...    
2023-05-01 19:00:00     73.811781
2023-05-01 20:00:00     73.642269
2023-05-01 21:00:00     74.013076
2023-05-01 22:00:00     74.341505
2023-05-01 23:00:00     74.341505
Freq: H, Length: 11664, dtype: float64",2022-01-01,2023-05-01 23:00:00,486 days,100.0,65.23959215269483,136.72761479216882,74.34150524520882,-25.658494754791178,-70.17976286600607,24.21124828532236,100.0,52.284992134279904,451 days 16:00:00,55,0.0,28,33.33333333333333,31.05414780410368,-13.254342805502558,9.020479550534926,-5.520602194209913,3 days 16:33:20,4 days 13:16:40,0.7410293391453092,-0.9377581932055121,-0.2755637723886804,-0.3818104632818269,0.9829170313201903,-0.38730192549490783,long
917,"{'window_k': 57, 'window_d': 147, 'window_ma': 87}","open_time
2022-01-01 00:00:00    100.000000
2022-01-01 01:00:00    100.000000
2022-01-01 02:00:00    100.000000
2022-01-01 03:00:00    100.000000
2022-01-01 04:00:00    100.000000
                          ...    
2023-05-01 19:00:00     69.712305
2023-05-01 20:00:00     69.712305
2023-05-01 21:00:00     69.712305
2023-05-01 22:00:00     69.712305
2023-05-01 23:00:00     69.712305
Freq: H, Length: 11664, dtype: float64",2022-01-01,2023-05-01 23:00:00,486 days,100.0,46.44192187535143,122.73282559299626,69.7123045268174,-30.287695473182595,-70.17976286600607,36.58264746227709,100.0,62.160146113346194,399 days 10:00:00,72,0.0,36,36.11111111111111,35.377176015473886,-22.139332032594975,11.571887237414328,-7.018727182904273,6 days 19:32:18.461538461,3 days 21:05:13.043478260,0.7822222522312134,-0.8413248742550707,-0.19002085914164707,-0.38184872440620704,0.9905420263486954,-0.26548835149941236,long
3228,"{'window_k': 192, 'window_d': 147, 'window_ma': 192}","open_time
2022-01-01 00:00:00    100.000000
2022-01-01 01:00:00    100.000000
2022-01-01 02:00:00    100.000000
2022-01-01 03:00:00    100.000000
2022-01-01 04:00:00    100.000000
                          ...    
2023-05-01 19:00:00     70.720511
2023-05-01 20:00:00     70.558098
2023-05-01 21:00:00     70.913376
2023-05-01 22:00:00     71.228050
2023-05-01 23:00:00     71.228050
Freq: H, Length: 11664, dtype: float64",2022-01-01,2023-05-01 23:00:00,486 days,100.0,59.44353008143158,144.27086096412427,71.22804998410366,-28.771950015896337,-70.17976286600607,38.54595336076817,100.0,58.797272239046684,349 days 17:00:00,51,0.0,26,28.000000000000004,36.84834123222748,-22.659773402265973,17.774738284110025,-7.562537249062727,10 days 02:42:51.428571428,6 days 08:56:40,0.7832028348370315,-1.1541262514545672,-0.13266416741413298,-0.38256459896483763,0.9933065870861532,-0.19138817368840313,long
2125,"{'window_k': 132, 'window_d': 72, 'window_ma': 207}","open_time
2022-01-01 00:00:00    100.000000
2022-01-01 01:00:00    100.000000
2022-01-01 02:00:00    100.000000
2022-01-01 03:00:00    100.000000
2022-01-01 04:00:00    100.000000
                          ...    
2023-05-01 19:00:00     74.670599
2023-05-01 20:00:00     74.499115
2023-05-01 21:00:00     74.874236
2023-05-01 22:00:00     75.206487
2023-05-01 23:00:00     75.206487
Freq: H, Length: 11664, dtype: float64",2022-01-01,2023-05-01 23:00:00,486 days,100.0,51.27799029108764,123.96632673910229,75.20648671261402,-24.793513287385977,-70.17976286600607,39.26611796982167,100.0,50.353604597543175,194 days 16:00:00,91,0.0,46,37.77777777777778,24.89555173261244,-20.714684533780016,9.974931988687986,-6.279318674852489,5 days 20:14:07.058823529,3 days 01:51:25.714285714,0.8518197158330644,-0.523100798987258,0.03061775423523586,-0.38258570497789035,1.0017072207984397,0.04672969887383327,long
1729,"{'window_k': 102, 'window_d': 192, 'window_ma': 27}","open_time
2022-01-01 00:00:00    100.000000
2022-01-01 01:00:00    100.000000
2022-01-01 02:00:00    100.000000
2022-01-01 03:00:00    100.000000
2022-01-01 04:00:00    100.000000
                          ...    
2023-05-01 19:00:00     69.039678
2023-05-01 20:00:00     68.881125
2023-05-01 21:00:00     69.227959
2023-05-01 22:00:00     69.535154
2023-05-01 23:00:00     69.535154
Freq: H, Length: 11664, dtype: float64",2022-01-01,2023-05-01 23:00:00,486 days,100.0,47.612162535862474,126.4768100503809,69.53515410461027,-30.46484589538973,-70.17976286600607,20.087448559670783,100.0,62.355025781487846,424 days 03:00:00,49,0.0,25,29.166666666666668,23.533197468626,-11.557686422523705,10.357117180921032,-5.831120597913154,4 days 14:42:51.428571428,3 days 18:14:07.058823529,0.6262555832810329,-1.27349754874469,-0.5069335240019102,-0.3829902662801643,0.9668212185273246,-0.6962930784749268,long
1576,"{'window_k': 102, 'window_d': 42, 'window_ma': 132}","open_time
2022-01-01 00:00:00    100.000000
2022-01-01 01:00:00    100.000000
2022-01-01 02:00:00    100.000000
2022-01-01 03:00:00    100.000000
2022-01-01 04:00:00    100.000000
                          ...    
2023-05-01 19:00:00     70.509419
2023-05-01 20:00:00     70.509419
2023-05-01 21:00:00     70.509419
2023-05-01 22:00:00     70.509419
2023-05-01 23:00:00     70.509419
Freq: H, Length: 11664, dtype: float64",2022-01-01,2023-05-01 23:00:00,486 days,100.0,54.12019114635335,136.1172342385491,70.50941878511793,-29.490581214882074,-70.17976286600607,42.84122085048011,100.0,60.24001556518092,355 days 14:00:00,132,0.0,66,36.36363636363637,19.56014013234722,-14.864040970613338,7.551254590128159,-4.713019146734476,4 days 06:15:00,2 days 12:32:51.428571428,0.8277547253581082,-0.4468269881042741,-0.001127250576359762,-0.3831635759264684,0.9999401007973312,-0.001731005387381836,long
2175,"{'window_k': 132, 'window_d': 117, 'window_ma': 237}","open_time
2022-01-01 00:00:00    100.000000
2022-01-01 01:00:00    100.000000
2022-01-01 02:00:00    100.000000
2022-01-01 03:00:00    100.000000
2022-01-01 04:00:00    100.000000
                          ...    
2023-05-01 19:00:00     71.340798
2023-05-01 20:00:00     71.176960
2023-05-01 21:00:00     71.535354
2023-05-01 22:00:00     71.852788
2023-05-01 23:00:00     71.852788
Freq: H, Length: 11664, dtype: float64",2022-01-01,2023-05-01 23:00:00,486 days,100.0,53.14515372539301,124.6782179122953,71.85278834769942,-28.147211652300584,-70.17976286600607,43.98148148148148,100.0,57.37414713227784,451 days 16:00:00,71,0.0,36,31.428571428571427,35.87288924345165,-25.053824362606235,13.464436550437833,-6.536799141274809,8 days 01:16:21.818181818,5 days 01:27:30,0.8037930877944448,-0.7995249884998885,-0.0820307911558364,-0.38316487287177065,0.9961630155654284,-0.11601945870254955,long
485,"{'window_k': 27, 'window_d': 222, 'window_ma': 87}","open_time
2022-01-01 00:00:00    100.000000
2022-01-01 01:00:00    100.000000
2022-01-01 02:00:00    100.000000
2022-01-01 03:00:00    100.000000
2022-01-01 04:00:00    100.000000
                          ...    
2023-05-01 19:00:00     71.398205
2023-05-01 20:00:00     71.398205
2023-05-01 21:00:00     71.398205
2023-05-01 22:00:00     71.398205
2023-05-01 23:00:00     71.398205
Freq: H, Length: 11664, dtype: float64",2022-01-01,2023-05-01 23:00:00,486 days,100.0,51.194621641408,122.84612540277851,71.3982045051508,-28.601795494849195,-70.17976286600607,32.767489711934154,100.0,58.32622195160412,451 days 16:00:00,66,0.0,33,30.303030303030305,35.179728933411916,-18.157650695517784,13.969501646613919,-6.5869364020863745,7 days 01:12:00,3 days 20:36:31.304347826,0.7700688090698693,-0.8667210756014909,-0.22402626136877377,-0.3832708637500166,0.9884103841717045,-0.30945419304983895,long
3435,"{'window_k': 207, 'window_d': 102, 'window_ma': 177}","open_time
2022-01-01 00:00:00    100.000000
2022-01-01 01:00:00    100.000000
2022-01-01 02:00:00    100.000000
2022-01-01 03:00:00    100.000000
2022-01-01 04:00:00    100.000000
                          ...    
2023-05-01 19:00:00     70.027802
2023-05-01 20:00:00     69.866980
2023-05-01 21:00:00     70.218777
2023-05-01 22:00:00     70.530369
2023-05-01 23:00:00     70.530369
Freq: H, Length: 11664, dtype: float64",2022-01-01,2023-05-01 23:00:00,486 days,100.0,51.266600165909395,128.59986728599867,70.53036937470705,-29.469630625292954,-70.17976286600607,39.69478737997256,100.0,60.13479543342339,451 days 16:00:00,65,0.0,33,34.375,38.1624380723615,-25.858585858585855,15.540373385541578,-8.380059930856703,8 days 23:05:27.272727272,4 days 08:11:25.714285714,0.81464846693441,-0.9290926842909313,-0.02400742497131712,-0.383548586089361,0.9986839231417033,-0.03617737360017494,long
3270,"{'window_k': 192, 'window_d': 192, 'window_ma': 102}","open_time
2022-01-01 00:00:00    100.000000
2022-01-01 01:00:00    100.000000
2022-01-01 02:00:00    100.000000
2022-01-01 03:00:00    100.000000
2022-01-01 04:00:00    100.000000
                          ...    
2023-05-01 19:00:00     72.379898
2023-05-01 20:00:00     72.379898
2023-05-01 21:00:00     72.379898
2023-05-01 22:00:00     72.379898
2023-05-01 23:00:00     72.379898
Freq: H, Length: 11664, dtype: float64",2022-01-01,2023-05-01 23:00:00,486 days,100.0,52.618529442025405,120.12396694214875,72.37989809561094,-27.62010190438906,-70.17976286600607,27.066186556927295,100.0,56.19647703828639,451 days 16:00:00,40,0.0,20,30.0,37.96146492131196,-12.944716058668668,12.6560370532233,-6.783965973880797,9 days 11:30:00,5 days 08:00:00,0.6513305200201055,-1.3810050952194524,-0.259354367467954,-0.38355281273089153,0.984877461645236,-0.3611829560096378,long
2291,"{'window_k': 132, 'window_d': 237, 'window_ma': 57}","open_time
2022-01-01 00:00:00    100.000000
2022-01-01 01:00:00    100.000000
2022-01-01 02:00:00    100.000000
2022-01-01 03:00:00    100.000000
2022-01-01 04:00:00    100.000000
                          ...    
2023-05-01 19:00:00     70.266154
2023-05-01 20:00:00     70.266154
2023-05-01 21:00:00     70.266154
2023-05-01 22:00:00     70.266154
2023-05-01 23:00:00     70.266154
Freq: H, Length: 11664, dtype: float64",2022-01-01,2023-05-01 23:00:00,486 days,100.0,47.07988442211413,119.70315097462459,70.2661542826934,-29.733845717306593,-70.17976286600607,22.59087791495199,100.0,60.669469400939654,424 days 03:00:00,40,0.0,20,45.0,26.429361859092577,-21.736694677871153,7.8245281585488105,-8.434937607459347,4 days 13:06:40,6 days 06:16:21.818181818,0.6213585097239166,-1.4866922858653302,-0.4156131715971526,-0.38373782362188924,0.9732373032084707,-0.5795186549632725,long
1689,"{'window_k': 102, 'window_d': 147, 'window_ma': 147}","open_time
2022-01-01 00:00:00    100.000000
2022-01-01 01:00:00    100.000000
2022-01-01 02:00:00    100.000000
2022-01-01 03:00:00    100.000000
2022-01-01 04:00:00    100.000000
                          ...    
2023-05-01 19:00:00     69.403969
2023-05-01 20:00:00     69.244580
2023-05-01 21:00:00     69.593243
2023-05-01 22:00:00     69.902059
2023-05-01 23:00:00     69.902059
Freq: H, Length: 11664, dtype: float64",2022-01-01,2023-05-01 23:00:00,486 days,100.0,52.20789063451984,135.18788093418576,69.90205940792599,-30.097940592074014,-70.17976286600607,40.56927297668038,100.0,61.381234565000334,451 days 16:00:00,65,0.0,33,31.25,42.02693125442947,-18.835068054443546,13.003343407162488,-6.5912825696875394,8 days 05:36:00,5 days 01:57:16.363636363,0.7619573176370895,-0.9508337657432171,-0.1459737402644275,-0.3841551917100787,0.993016447350195,-0.20474799899306514,long
1316,"{'window_k': 87, 'window_d': 42, 'window_ma': 72}","open_time
2022-01-01 00:00:00    100.000000
2022-01-01 01:00:00    100.000000
2022-01-01 02:00:00    100.000000
2022-01-01 03:00:00    100.000000
2022-01-01 04:00:00    100.000000
                          ...    
2023-05-01 19:00:00     75.651515
2023-05-01 20:00:00     75.651515
2023-05-01 21:00:00     75.651515
2023-05-01 22:00:00     75.651515
2023-05-01 23:00:00     75.651515
Freq: H, Length: 11664, dtype: float64",2022-01-01,2023-05-01 23:00:00,486 days,100.0,59.09561897070876,116.35568462701178,75.65151544324759,-24.34848455675241,-70.17976286600607,42.24108367626886,100.0,49.21123178455365,391 days 18:00:00,136,0.0,68,41.17647058823529,22.196851339983166,-14.6003138763732,7.033625038448253,-5.111352698028426,3 days 19:57:51.428571428,2 days 10:48:00,0.859289388879067,-0.3580659493640064,0.06787080254540065,-0.3841812406398087,1.0036316257802425,0.10445464415301312,long
506,"{'window_k': 27, 'window_d': 237, 'window_ma': 162}","open_time
2022-01-01 00:00:00    100.000000
2022-01-01 01:00:00    100.000000
2022-01-01 02:00:00    100.000000
2022-01-01 03:00:00    100.000000
2022-01-01 04:00:00    100.000000
                          ...    
2023-05-01 19:00:00     69.301485
2023-05-01 20:00:00     69.142331
2023-05-01 21:00:00     69.490480
2023-05-01 22:00:00     69.798840
2023-05-01 23:00:00     69.798840
Freq: H, Length: 11664, dtype: float64",2022-01-01,2023-05-01 23:00:00,486 days,100.0,46.82410052314739,121.88236465526946,69.79884005292408,-30.201159947075922,-70.17976286600607,29.50102880658436,100.0,61.58254669936534,424 days 03:00:00,57,0.0,29,32.142857142857146,33.91540551028329,-22.08173402573944,13.387125358333252,-7.105486515585402,7 days 21:00:00,3 days 16:50:31.578947368,0.7354555761582138,-1.0487715384280332,-0.3194314861899483,-0.3842758365663813,0.9826070552824436,-0.4435323470832033,long
2358,"{'window_k': 147, 'window_d': 57, 'window_ma': 102}","open_time
2022-01-01 00:00:00    100.000000
2022-01-01 01:00:00    100.000000
2022-01-01 02:00:00    100.000000
2022-01-01 03:00:00    100.000000
2022-01-01 04:00:00    100.000000
                          ...    
2023-05-01 19:00:00     76.138204
2023-05-01 20:00:00     75.963349
2023-05-01 21:00:00     76.345844
2023-05-01 22:00:00     76.684624
2023-05-01 23:00:00     76.684624
Freq: H, Length: 11664, dtype: float64",2022-01-01,2023-05-01 23:00:00,486 days,100.0,67.91010783578143,128.20326190178116,76.68462418199748,-23.315375818002522,-70.17976286600607,36.89128943758573,100.0,47.029344785463735,355 days 14:00:00,95,0.0,48,40.42553191489361,24.051876596580865,-20.093245394587218,7.765033650571171,-5.5528580264759775,4 days 09:56:50.526315789,3 days 05:04:17.142857142,0.8554229358233676,-0.4604963769298216,0.041256117202124735,-0.38434991981105254,1.0024147866593702,0.06314452983487216,long
2961,"{'window_k': 177, 'window_d': 147, 'window_ma': 27}","open_time
2022-01-01 00:00:00    100.000000
2022-01-01 01:00:00    100.000000
2022-01-01 02:00:00    100.000000
2022-01-01 03:00:00    100.000000
2022-01-01 04:00:00    100.000000
                          ...    
2023-05-01 19:00:00     68.235021
2023-05-01 20:00:00     68.078316
2023-05-01 21:00:00     68.421107
2023-05-01 22:00:00     68.724722
2023-05-01 23:00:00     68.724722
Freq: H, Length: 11664, dtype: float64",2022-01-01,2023-05-01 23:00:00,486 days,100.0,59.27894153523137,163.83645837761205,68.72472209982705,-31.275277900172956,-70.17976286600607,25.685871056241428,100.0,63.81822329276392,353 days 18:00:00,53,0.0,27,42.30769230769231,26.18887393449975,-15.6552075005451,8.131600571245015,-7.5181193408937546,3 days 10:05:27.272727272,5 days 16:16:00,0.7425578814823045,-1.1772801434029736,-0.3661120324552602,-0.3846647965883972,0.9774382856637938,-0.5256708594118183,long
3468,"{'window_k': 207, 'window_d': 132, 'window_ma': 192}","open_time
2022-01-01 00:00:00    100.000000
2022-01-01 01:00:00    100.000000
2022-01-01 02:00:00    100.000000
2022-01-01 03:00:00    100.000000
2022-01-01 04:00:00    100.000000
                          ...    
2023-05-01 19:00:00     69.062803
2023-05-01 20:00:00     68.904197
2023-05-01 21:00:00     69.251147
2023-05-01 22:00:00     69.558445
2023-05-01 23:00:00     69.558445
Freq: H, Length: 11664, dtype: float64",2022-01-01,2023-05-01 23:00:00,486 days,100.0,52.469061342751004,138.03707370515815,69.55844498182047,-30.44155501817953,-70.17976286600607,40.40637860082305,100.0,61.98915267153309,391 days 18:00:00,53,0.0,27,30.76923076923077,37.23372781065089,-15.168253506795557,15.97927496796877,-7.746548574870295,9 days 20:30:00,6 days 09:53:20,0.7567976917923068,-1.1353715492006033,-0.10369109121426058,-0.3849418721186883,0.9947156340564705,-0.1493463263894704,long
3555,"{'window_k': 207, 'window_d': 222, 'window_ma': 57}","open_time
2022-01-01 00:00:00    100.000000
2022-01-01 01:00:00    100.000000
2022-01-01 02:00:00    100.000000
2022-01-01 03:00:00    100.000000
2022-01-01 04:00:00    100.000000
                          ...    
2023-05-01 19:00:00     70.813399
2023-05-01 20:00:00     70.813399
2023-05-01 21:00:00     70.813399
2023-05-01 22:00:00     70.813399
2023-05-01 23:00:00     70.813399
Freq: H, Length: 11664, dtype: float64",2022-01-01,2023-05-01 23:00:00,486 days,100.0,53.627386029259064,131.78267096619064,70.81339908424468,-29.186600915755324,-70.17976286600607,26.50034293552812,100.0,59.30619281269737,314 days 09:00:00,34,0.0,17,47.05882352941176,26.476014760147613,-20.62556663644606,9.106087306931158,-10.541970066943351,6 days 20:52:30,8 days 04:53:20,0.6642705662578412,-1.7168588773973723,-0.34587801469178964,-0.38499966873463987,0.9789768080889419,-0.48393665679379155,long
3064,"{'window_k': 177, 'window_d': 237, 'window_ma': 132}","open_time
2022-01-01 00:00:00    100.0000
2022-01-01 01:00:00    100.0000
2022-01-01 02:00:00    100.0000
2022-01-01 03:00:00    100.0000
2022-01-01 04:00:00    100.0000
                         ...   
2023-05-01 19:00:00     77.3435
2023-05-01 20:00:00     77.3435
2023-05-01 21:00:00     77.3435
2023-05-01 22:00:00     77.3435
2023-05-01 23:00:00     77.3435
Freq: H, Length: 11664, dtype: float64",2022-01-01,2023-05-01 23:00:00,486 days,100.0,64.4629185272473,118.38126749809112,77.34350013338454,-22.656499866615462,-70.17976286600607,30.032578875171467,100.0,45.54635214706858,451 days 16:00:00,36,0.0,18,33.33333333333333,42.996363636363654,-19.44696282864915,15.611488914964639,-8.417678197350762,10 days 00:30:00,7 days 03:40:00,0.748052883480578,-1.2586944370341921,-0.12289587448010068,-0.38526999322917743,0.9930246671348781,-0.17319105300801732,long
1269,"{'window_k': 72, 'window_d': 237, 'window_ma': 87}","open_time
2022-01-01 00:00:00    100.000000
2022-01-01 01:00:00    100.000000
2022-01-01 02:00:00    100.000000
2022-01-01 03:00:00    100.000000
2022-01-01 04:00:00    100.000000
                          ...    
2023-05-01 19:00:00     70.987826
2023-05-01 20:00:00     70.987826
2023-05-01 21:00:00     70.987826
2023-05-01 22:00:00     70.987826
2023-05-01 23:00:00     70.987826
Freq: H, Length: 11664, dtype: float64",2022-01-01,2023-05-01 23:00:00,486 days,100.0,50.63894145588945,123.08773550999659,70.98782595471285,-29.012174045287153,-70.17976286600607,33.25617283950617,100.0,58.85947430418297,430 days 01:00:00,48,0.0,24,41.66666666666667,27.420847991112744,-26.827921360724545,10.654833151578021,-8.775607724763498,8 days 04:24:00,5 days 16:47:08.571428571,0.7207642239386753,-1.2088405852202988,-0.2713038042651222,-0.3854970679152568,0.9859569117848569,-0.37561736227985426,long
957,"{'window_k': 57, 'window_d': 177, 'window_ma': 207}","open_time
2022-01-01 00:00:00    100.000000
2022-01-01 01:00:00    100.000000
2022-01-01 02:00:00    100.000000
2022-01-01 03:00:00    100.000000
2022-01-01 04:00:00    100.000000
                          ...    
2023-05-01 19:00:00     68.251451
2023-05-01 20:00:00     68.094708
2023-05-01 21:00:00     68.437582
2023-05-01 22:00:00     68.741270
2023-05-01 23:00:00     68.741270
Freq: H, Length: 11664, dtype: float64",2022-01-01,2023-05-01 23:00:00,486 days,100.0,45.304767937326524,124.57318404984301,68.74127021728114,-31.25872978271886,-70.17976286600607,37.54286694101509,100.0,63.63200613127171,409 days 07:00:00,63,0.0,32,29.03225806451613,39.55439416861506,-26.76644121456324,15.663176781621058,-6.971460497712817,7 days 21:53:20,4 days 22:24:32.727272727,0.7637265381194445,-1.004237958379942,-0.22673310890578824,-0.3855760839177045,0.9888262489859341,-0.314469247837141,long
3231,"{'window_k': 192, 'window_d': 147, 'window_ma': 237}","open_time
2022-01-01 00:00:00    100.000000
2022-01-01 01:00:00    100.000000
2022-01-01 02:00:00    100.000000
2022-01-01 03:00:00    100.000000
2022-01-01 04:00:00    100.000000
                          ...    
2023-05-01 19:00:00     69.924843
2023-05-01 20:00:00     69.764258
2023-05-01 21:00:00     70.115538
2023-05-01 22:00:00     70.426672
2023-05-01 23:00:00     70.426672
Freq: H, Length: 11664, dtype: float64",2022-01-01,2023-05-01 23:00:00,486 days,100.0,58.77473859126019,146.85620988970757,70.42667238042473,-29.573327619575267,-70.17976286600607,38.20301783264746,100.0,59.97803658735209,349 days 17:00:00,51,0.0,26,28.000000000000004,36.84834123222748,-22.65977340226597,17.00794838940556,-7.379832604464319,10 days 02:00:00,6 days 07:00:00,0.7663866147231151,-1.1861448099507088,-0.14697899521846308,-0.38596767195074433,0.9925501442241155,-0.21173882670227545,long
596,"{'window_k': 42, 'window_d': 87, 'window_ma': 72}","open_time
2022-01-01 00:00:00    100.000000
2022-01-01 01:00:00    100.000000
2022-01-01 02:00:00    100.000000
2022-01-01 03:00:00    100.000000
2022-01-01 04:00:00    100.000000
                          ...    
2023-05-01 19:00:00     70.379859
2023-05-01 20:00:00     70.379859
2023-05-01 21:00:00     70.379859
2023-05-01 22:00:00     70.379859
2023-05-01 23:00:00     70.379859
Freq: H, Length: 11664, dtype: float64",2022-01-01,2023-05-01 23:00:00,486 days,100.0,54.51726778468192,151.9477846562426,70.37985916654446,-29.620140833455537,-70.17976286600607,39.14609053497942,100.0,60.00507169134106,194 days 16:00:00,112,0.0,56,33.92857142857143,31.21311475409836,-16.69907354454993,9.101854490868554,-5.032450461597565,3 days 23:31:34.736842105,3 days 02:21:04.864864864,0.8360611608840898,-0.5289310863117054,-0.026027765212908914,-0.3864331893172858,0.9985524217302149,-0.03980466703661636,long
4095,"{'window_k': 237, 'window_d': 237, 'window_ma': 237}","open_time
2022-01-01 00:00:00    100.000000
2022-01-01 01:00:00    100.000000
2022-01-01 02:00:00    100.000000
2022-01-01 03:00:00    100.000000
2022-01-01 04:00:00    100.000000
                          ...    
2023-05-01 19:00:00     76.124515
2023-05-01 20:00:00     76.124515
2023-05-01 21:00:00     76.124515
2023-05-01 22:00:00     76.124515
2023-05-01 23:00:00     76.124515
Freq: H, Length: 11664, dtype: float64",2022-01-01,2023-05-01 23:00:00,486 days,100.0,61.1014492080088,117.35378715244485,76.12451500531802,-23.875484994681983,-70.17976286600607,34.13065843621399,100.0,47.933977513110136,451 days 16:00:00,34,0.0,17,35.294117647058826,36.755823986195004,-21.494147349093407,12.422388073637473,-7.793231392792256,11 days 13:49:59.999999999,8 days 18:21:49.090909091,0.66974095223827,-1.4044402938048228,-0.1357348374152436,-0.38648024367784706,0.9928188219692743,-0.1895770334749951,long
3750,"{'window_k': 222, 'window_d': 162, 'window_ma': 102}","open_time
2022-01-01 00:00:00    100.000000
2022-01-01 01:00:00    100.000000
2022-01-01 02:00:00    100.000000
2022-01-01 03:00:00    100.000000
2022-01-01 04:00:00    100.000000
                          ...    
2023-05-01 19:00:00     72.339039
2023-05-01 20:00:00     72.172909
2023-05-01 21:00:00     72.536318
2023-05-01 22:00:00     72.858194
2023-05-01 23:00:00     72.858194
Freq: H, Length: 11664, dtype: float64",2022-01-01,2023-05-01 23:00:00,486 days,100.0,54.63762140494363,120.59738643434972,72.85819384491333,-27.141806155086666,-70.17976286600607,30.589849108367627,100.0,54.69419112603487,451 days 16:00:00,47,0.0,24,30.434782608695656,37.795738427626745,-15.561264614900638,11.6436749259226,-6.290590930987862,8 days 15:25:42.857142857,5 days 11:18:45,0.6610156645443,-1.2198051616793721,-0.14482168630961548,-0.38697561907248645,0.9916104402384333,-0.20932737278545152,long
2420,"{'window_k': 147, 'window_d': 117, 'window_ma': 72}","open_time
2022-01-01 00:00:00    100.000000
2022-01-01 01:00:00    100.000000
2022-01-01 02:00:00    100.000000
2022-01-01 03:00:00    100.000000
2022-01-01 04:00:00    100.000000
                          ...    
2023-05-01 19:00:00     70.575754
2023-05-01 20:00:00     70.575754
2023-05-01 21:00:00     70.575754
2023-05-01 22:00:00     70.575754
2023-05-01 23:00:00     70.575754
Freq: H, Length: 11664, dtype: float64",2022-01-01,2023-05-01 23:00:00,486 days,100.0,55.62371583645819,137.30093109638727,70.57575374763414,-29.42424625236586,-70.17976286600607,36.21399176954733,100.0,59.48773588621222,391 days 18:00:00,68,0.0,34,38.23529411764706,33.7511545058715,-25.053824362606232,9.936404262361547,-6.810700485225279,5 days 18:09:13.846153846,4 days 19:37:08.571428571,0.7825390866244346,-0.8654190074225259,-0.10283018984947352,-0.3870955600598097,0.994601502982817,-0.14642875705163136,long
3011,"{'window_k': 177, 'window_d': 192, 'window_ma': 57}","open_time
2022-01-01 00:00:00    100.000000
2022-01-01 01:00:00    100.000000
2022-01-01 02:00:00    100.000000
2022-01-01 03:00:00    100.000000
2022-01-01 04:00:00    100.000000
                          ...    
2023-05-01 19:00:00     73.467505
2023-05-01 20:00:00     73.467505
2023-05-01 21:00:00     73.467505
2023-05-01 22:00:00     73.793513
2023-05-01 23:00:00     73.793513
Freq: H, Length: 11664, dtype: float64",2022-01-01,2023-05-01 23:00:00,486 days,100.0,57.07496873636802,120.60989523908307,73.79351295119345,-26.206487048806547,-70.17976286600607,23.14814814814815,100.0,52.67803804718575,451 days 16:00:00,43,0.0,22,38.095238095238095,29.878741947707464,-12.236720435631343,8.0611567079805,-6.583901631706144,5 days 15:15:00,5 days 04:13:50.769230769,0.647574733717339,-1.2634521503760436,-0.3446029369171988,-0.38738066987778275,0.978299400830655,-0.4819844998026976,long
4078,"{'window_k': 237, 'window_d': 222, 'window_ma': 222}","open_time
2022-01-01 00:00:00    100.00000
2022-01-01 01:00:00    100.00000
2022-01-01 02:00:00    100.00000
2022-01-01 03:00:00    100.00000
2022-01-01 04:00:00    100.00000
                         ...    
2023-05-01 19:00:00     70.30385
2023-05-01 20:00:00     70.30385
2023-05-01 21:00:00     70.30385
2023-05-01 22:00:00     70.30385
2023-05-01 23:00:00     70.30385
Freq: H, Length: 11664, dtype: float64",2022-01-01,2023-05-01 23:00:00,486 days,100.0,52.088601231529545,130.22414092540075,70.30384965145264,-29.696150348547363,-70.17976286600607,35.1423182441701,100.0,60.00081024810243,349 days 17:00:00,34,0.0,17,35.294117647058826,37.903109182935644,-18.47947414113854,13.19595263095179,-9.022822711079224,12 days 23:40:00,8 days 10:38:10.909090909,0.6313697337815256,-1.7468323734439637,-0.22697015476212817,-0.3874991357322993,0.9881307311664506,-0.3173467111206783,long
3925,"{'window_k': 237, 'window_d': 87, 'window_ma': 87}","open_time
2022-01-01 00:00:00    100.00000
2022-01-01 01:00:00    100.00000
2022-01-01 02:00:00    100.00000
2022-01-01 03:00:00    100.00000
2022-01-01 04:00:00    100.00000
                         ...    
2023-05-01 19:00:00     69.40751
2023-05-01 20:00:00     69.40751
2023-05-01 21:00:00     69.40751
2023-05-01 22:00:00     69.40751
2023-05-01 23:00:00     69.40751
Freq: H, Length: 11664, dtype: float64",2022-01-01,2023-05-01 23:00:00,486 days,100.0,51.82379653313186,136.02052724970838,69.40750999540471,-30.59249000459529,-70.17976286600607,39.81481481481482,100.0,61.900017900979755,355 days 14:00:00,70,0.0,35,34.285714285714285,30.24224072672221,-20.949099799955547,15.132014344324201,-8.210324494022274,8 days 05:00:00,4 days 03:07:49.565217391,0.8292292721243599,-0.874071142988436,-0.043103383192957034,-0.38750122266012654,0.9976451593470903,-0.06536931073553158,long
1106,"{'window_k': 72, 'window_d': 87, 'window_ma': 42}","open_time
2022-01-01 00:00:00    100.000000
2022-01-01 01:00:00    100.000000
2022-01-01 02:00:00    100.000000
2022-01-01 03:00:00    100.000000
2022-01-01 04:00:00    100.000000
                          ...    
2023-05-01 19:00:00     77.276938
2023-05-01 20:00:00     77.276938
2023-05-01 21:00:00     77.276938
2023-05-01 22:00:00     77.276938
2023-05-01 23:00:00     77.276938
Freq: H, Length: 11664, dtype: float64",2022-01-01,2023-05-01 23:00:00,486 days,100.0,65.10236819971328,127.15302849038007,77.27693767561617,-22.723062324383832,-70.17976286600607,30.26406035665295,100.0,45.373974809287446,265 days 19:00:00,98,0.0,49,32.6530612244898,21.0111464968153,-14.99305292408741,9.009761796320404,-4.826634247078834,3 days 22:15:00,2 days 11:33:45,0.8492326320832588,-0.46373596580375187,-0.01638862391269593,-0.3879082879320123,0.9989324125558338,-0.02540390105828818,long
2424,"{'window_k': 147, 'window_d': 117, 'window_ma': 132}","open_time
2022-01-01 00:00:00    100.000000
2022-01-01 01:00:00    100.000000
2022-01-01 02:00:00    100.000000
2022-01-01 03:00:00    100.000000
2022-01-01 04:00:00    100.000000
                          ...    
2023-05-01 19:00:00     69.026476
2023-05-01 20:00:00     68.867954
2023-05-01 21:00:00     69.214721
2023-05-01 22:00:00     69.521857
2023-05-01 23:00:00     69.521857
Freq: H, Length: 11664, dtype: float64",2022-01-01,2023-05-01 23:00:00,486 days,100.0,54.23286742428509,141.2006799336665,69.52185725792147,-30.478142742078536,-70.17976286600607,40.78360768175583,100.0,61.591638616922594,391 days 18:00:00,67,0.0,34,33.33333333333333,32.18102652064916,-25.053824362606242,12.297175860244591,-6.851684627650329,7 days 21:27:16.363636363,4 days 21:38:10.909090909,0.7837188083612712,-0.9451967358222468,-0.10129501949372888,-0.38791466712139405,0.9949658995651384,-0.14414749394668758,long
1436,"{'window_k': 87, 'window_d': 147, 'window_ma': 192}","open_time
2022-01-01 00:00:00    100.000000
2022-01-01 01:00:00    100.000000
2022-01-01 02:00:00    100.000000
2022-01-01 03:00:00    100.000000
2022-01-01 04:00:00    100.000000
                          ...    
2023-05-01 19:00:00     69.723904
2023-05-01 20:00:00     69.563780
2023-05-01 21:00:00     69.914051
2023-05-01 22:00:00     70.224290
2023-05-01 23:00:00     70.224290
Freq: H, Length: 11664, dtype: float64",2022-01-01,2023-05-01 23:00:00,486 days,100.0,49.31283697263693,123.60100609749563,70.22429049072007,-29.775709509279935,-70.17976286600607,41.58093278463649,100.0,60.10320746601423,451 days 16:00:00,67,0.0,34,30.303030303030305,31.494920174165465,-16.105828447553833,12.299375662364376,-6.110409234815556,7 days 14:42:00,5 days 07:57:23.478260869,0.7412868174453672,-0.9147280826077653,-0.13685142230841826,-0.38792440322124566,0.9935380540281624,-0.19160456294134978,long
2436,"{'window_k': 147, 'window_d': 132, 'window_ma': 72}","open_time
2022-01-01 00:00:00    100.000000
2022-01-01 01:00:00    100.000000
2022-01-01 02:00:00    100.000000
2022-01-01 03:00:00    100.000000
2022-01-01 04:00:00    100.000000
                          ...    
2023-05-01 19:00:00     72.432956
2023-05-01 20:00:00     72.266611
2023-05-01 21:00:00     72.630491
2023-05-01 22:00:00     72.952785
2023-05-01 23:00:00     72.952785
Freq: H, Length: 11664, dtype: float64",2022-01-01,2023-05-01 23:00:00,486 days,100.0,57.26024100172277,125.31299546224919,72.95278476385684,-27.047215236143156,-70.17976286600607,34.61934156378601,100.0,54.306222758059796,453 days 11:00:00,63,0.0,32,41.935483870967744,33.13161875945538,-13.416733616435211,9.039082568837694,-7.3221143591451945,5 days 23:36:55.384615384,4 days 20:43:20,0.7645328738076551,-0.8677955854920203,-0.1291867091389157,-0.3883249824200671,0.99331056378491,-0.1797199070799117,long
2174,"{'window_k': 132, 'window_d': 117, 'window_ma': 222}","open_time
2022-01-01 00:00:00    100.000000
2022-01-01 01:00:00    100.000000
2022-01-01 02:00:00    100.000000
2022-01-01 03:00:00    100.000000
2022-01-01 04:00:00    100.000000
                          ...    
2023-05-01 19:00:00     70.838885
2023-05-01 20:00:00     70.676201
2023-05-01 21:00:00     71.032073
2023-05-01 22:00:00     71.347274
2023-05-01 23:00:00     71.347274
Freq: H, Length: 11664, dtype: float64",2022-01-01,2023-05-01 23:00:00,486 days,100.0,52.771255419010124,124.6782179122953,71.34727403474984,-28.652725965250152,-70.17976286600607,42.68689986282579,100.0,57.67403777287545,451 days 16:00:00,71,0.0,36,31.428571428571427,35.87288924345166,-25.053824362606242,13.30593446917219,-6.501840016842926,8 days 04:16:21.818181818,4 days 17:47:30,0.7978138517656485,-0.8140011877831568,-0.09185644695357247,-0.38832623861545956,0.9956668158644542,-0.12990710086870352,long
501,"{'window_k': 27, 'window_d': 237, 'window_ma': 87}","open_time
2022-01-01 00:00:00    100.000000
2022-01-01 01:00:00    100.000000
2022-01-01 02:00:00    100.000000
2022-01-01 03:00:00    100.000000
2022-01-01 04:00:00    100.000000
                          ...    
2023-05-01 19:00:00     69.591155
2023-05-01 20:00:00     69.431336
2023-05-01 21:00:00     69.780940
2023-05-01 22:00:00     70.090589
2023-05-01 23:00:00     70.090589
Freq: H, Length: 11664, dtype: float64",2022-01-01,2023-05-01 23:00:00,486 days,100.0,48.487769113031234,121.95332487473823,70.0905894649889,-29.909410535011105,-70.17976286600607,28.626543209876544,100.0,60.24071573051869,424 days 03:00:00,59,0.0,30,27.586206896551722,33.52735739231665,-22.081734025739433,15.92265093459852,-6.734598822574281,7 days 17:00:00,3 days 16:02:51.428571428,0.7483775501136247,-1.0268812984285853,-0.3343631603380441,-0.3888595504039808,0.9815701130768205,-0.4629800664737461,long
3381,"{'window_k': 207, 'window_d': 57, 'window_ma': 87}","open_time
2022-01-01 00:00:00    100.000000
2022-01-01 01:00:00    100.000000
2022-01-01 02:00:00    100.000000
2022-01-01 03:00:00    100.000000
2022-01-01 04:00:00    100.000000
                          ...    
2023-05-01 19:00:00     73.189297
2023-05-01 20:00:00     73.189297
2023-05-01 21:00:00     73.189297
2023-05-01 22:00:00     73.189297
2023-05-01 23:00:00     73.189297
Freq: H, Length: 11664, dtype: float64",2022-01-01,2023-05-01 23:00:00,486 days,100.0,55.58952857930033,120.1247596639636,73.18929689534207,-26.810703104657936,-70.17976286600607,36.359739368998625,100.0,53.72350485045199,355 days 14:00:00,96,0.0,48,39.58333333333333,20.77538527627127,-16.95726495726496,7.3258384150889855,-5.560299692030935,4 days 07:56:50.526315789,3 days 07:06:25.714285714,0.7995864844814999,-0.558556314680374,-0.014854450963762242,-0.388962048141108,0.9991279377329466,-0.022769482847545642,long
2971,"{'window_k': 177, 'window_d': 147, 'window_ma': 177}","open_time
2022-01-01 00:00:00    100.000000
2022-01-01 01:00:00    100.000000
2022-01-01 02:00:00    100.000000
2022-01-01 03:00:00    100.000000
2022-01-01 04:00:00    100.000000
                          ...    
2023-05-01 19:00:00     68.701767
2023-05-01 20:00:00     68.543991
2023-05-01 21:00:00     68.889127
2023-05-01 22:00:00     69.194818
2023-05-01 23:00:00     69.194818
Freq: H, Length: 11664, dtype: float64",2022-01-01,2023-05-01 23:00:00,486 days,100.0,56.17027932741717,148.14966923618076,69.1948183083252,-30.805181691674804,-70.17976286600607,38.77743484224966,100.0,62.08545073572165,349 days 17:00:00,53,0.0,27,30.76923076923077,36.686390532544365,-21.425364758698095,15.840323586612595,-7.823426929295238,9 days 22:52:30,5 days 22:23:20,0.7788798129132515,-1.1590243051792681,-0.1675446112421857,-0.3891626854116701,0.9915841456965668,-0.24007157181371724,long
2707,"{'window_k': 162, 'window_d': 147, 'window_ma': 57}","open_time
2022-01-01 00:00:00    100.000000
2022-01-01 01:00:00    100.000000
2022-01-01 02:00:00    100.000000
2022-01-01 03:00:00    100.000000
2022-01-01 04:00:00    100.000000
                          ...    
2023-05-01 19:00:00     69.451379
2023-05-01 20:00:00     69.291881
2023-05-01 21:00:00     69.640782
2023-05-01 22:00:00     69.949810
2023-05-01 23:00:00     69.949810
Freq: H, Length: 11664, dtype: float64",2022-01-01,2023-05-01 23:00:00,486 days,100.0,53.191347305131686,134.561981948397,69.94980965543219,-30.050190344567813,-70.17976286600607,25.47153635116598,100.0,60.47074624277609,391 days 18:00:00,55,0.0,28,33.33333333333333,30.001896453631733,-14.22001803426512,10.05027755554125,-6.179201950809309,5 days 20:26:40,3 days 19:53:20,0.7082242173245256,-1.0771568207963487,-0.3476446984890166,-0.38929100399335226,0.979251358121088,-0.48358710797716464,long
508,"{'window_k': 27, 'window_d': 237, 'window_ma': 192}","open_time
2022-01-01 00:00:00    100.000000
2022-01-01 01:00:00    100.000000
2022-01-01 02:00:00    100.000000
2022-01-01 03:00:00    100.000000
2022-01-01 04:00:00    100.000000
                          ...    
2023-05-01 19:00:00     68.839865
2023-05-01 20:00:00     68.681772
2023-05-01 21:00:00     69.027601
2023-05-01 22:00:00     69.333908
2023-05-01 23:00:00     69.333908
Freq: H, Length: 11664, dtype: float64",2022-01-01,2023-05-01 23:00:00,486 days,100.0,46.51220356288625,121.44759517468275,69.3339075545091,-30.666092445490907,-70.17976286600607,29.921124828532236,100.0,61.701832386235424,451 days 16:00:00,57,0.0,29,32.142857142857146,33.915405510283286,-22.081734025739426,13.814640820447346,-7.312531184700212,7 days 17:13:20,3 days 21:12:37.894736842,0.7378072978307442,-1.0655750445623435,-0.32540671224818235,-0.3897271525994861,0.982406974694816,-0.451010801423225,long
1238,"{'window_k': 72, 'window_d': 207, 'window_ma': 102}","open_time
2022-01-01 00:00:00    100.000000
2022-01-01 01:00:00    100.000000
2022-01-01 02:00:00    100.000000
2022-01-01 03:00:00    100.000000
2022-01-01 04:00:00    100.000000
                          ...    
2023-05-01 19:00:00     64.154008
2023-05-01 20:00:00     64.006676
2023-05-01 21:00:00     64.328965
2023-05-01 22:00:00     64.614422
2023-05-01 23:00:00     64.614422
Freq: H, Length: 11664, dtype: float64",2022-01-01,2023-05-01 23:00:00,486 days,100.0,35.39209962708218,124.55012853470436,64.61442154607445,-35.38557845392555,-70.17976286600607,31.584362139917694,100.0,71.58405210539738,451 days 16:00:00,53,0.0,27,38.46153846153847,38.076923076923066,-38.4896176171384,13.17408307705638,-9.105889674694993,8 days 05:00:00,4 days 09:00:00,0.6736873818513216,-1.3645254285014214,-0.3329086938307094,-0.39064017423504055,0.981708893772825,-0.4492631741362395,long
3181,"{'window_k': 192, 'window_d': 102, 'window_ma': 207}","open_time
2022-01-01 00:00:00    100.000000
2022-01-01 01:00:00    100.000000
2022-01-01 02:00:00    100.000000
2022-01-01 03:00:00    100.000000
2022-01-01 04:00:00    100.000000
                          ...    
2023-05-01 19:00:00     67.468507
2023-05-01 20:00:00     67.313563
2023-05-01 21:00:00     67.652503
2023-05-01 22:00:00     67.952707
2023-05-01 23:00:00     67.952707
Freq: H, Length: 11664, dtype: float64",2022-01-01,2023-05-01 23:00:00,486 days,100.0,48.62988479715676,136.3109631760512,67.95270738421601,-32.04729261578399,-70.17976286600607,38.708847736625515,100.0,64.32430402949375,309 days 12:00:00,65,0.0,33,34.375,33.42126088103402,-24.812030075187963,13.860176081833112,-7.97435392668244,8 days 09:16:21.818181818,4 days 09:40:00,0.789285882413082,-1.0214511675765765,-0.07552379296330515,-0.39154833023003505,0.9958294662674058,-0.11394314049760314,long
1972,"{'window_k': 117, 'window_d': 177, 'window_ma': 72}","open_time
2022-01-01 00:00:00    100.000000
2022-01-01 01:00:00    100.000000
2022-01-01 02:00:00    100.000000
2022-01-01 03:00:00    100.000000
2022-01-01 04:00:00    100.000000
                          ...    
2023-05-01 19:00:00     63.178413
2023-05-01 20:00:00     63.033321
2023-05-01 21:00:00     63.350709
2023-05-01 22:00:00     63.631825
2023-05-01 23:00:00     63.631825
Freq: H, Length: 11664, dtype: float64",2022-01-01,2023-05-01 23:00:00,486 days,100.0,38.53609064803551,145.28917244706898,63.63182485387497,-36.36817514612503,-70.17976286600607,30.872770919067214,100.0,73.47628181854034,391 days 18:00:00,53,0.0,27,34.61538461538461,32.44944677603965,-21.93840840408691,12.21008671736376,-7.982612889458274,6 days 21:33:20,5 days 01:52:56.470588235,0.6721311487516668,-1.3911028428408718,-0.34397507866469446,-0.39179851945213734,0.9809414408523849,-0.47984999344951124,long
2227,"{'window_k': 132, 'window_d': 177, 'window_ma': 57}","open_time
2022-01-01 00:00:00    100.000000
2022-01-01 01:00:00    100.000000
2022-01-01 02:00:00    100.000000
2022-01-01 03:00:00    100.000000
2022-01-01 04:00:00    100.000000
                          ...    
2023-05-01 19:00:00     69.389243
2023-05-01 20:00:00     69.229888
2023-05-01 21:00:00     69.578477
2023-05-01 22:00:00     69.887228
2023-05-01 23:00:00     69.887228
Freq: H, Length: 11664, dtype: float64",2022-01-01,2023-05-01 23:00:00,486 days,100.0,55.231989142692235,138.81839533293126,69.8872281474552,-30.112771852544796,-70.17976286600607,23.69684499314129,100.0,60.21277366718717,391 days 18:00:00,53,0.0,27,34.61538461538461,30.945558739255002,-14.298787462823157,8.714580009243864,-6.022899235261689,5 days 16:13:20,3 days 16:28:14.117647058,0.6755283674977465,-1.162014187362458,-0.41439351584463224,-0.3918121712275004,0.9746655783409715,-0.5763958059575205,long
1265,"{'window_k': 72, 'window_d': 237, 'window_ma': 27}","open_time
2022-01-01 00:00:00    100.000000
2022-01-01 01:00:00    100.000000
2022-01-01 02:00:00    100.000000
2022-01-01 03:00:00    100.000000
2022-01-01 04:00:00    100.000000
                          ...    
2023-05-01 19:00:00     71.266786
2023-05-01 20:00:00     71.266786
2023-05-01 21:00:00     71.266786
2023-05-01 22:00:00     71.266786
2023-05-01 23:00:00     71.266786
Freq: H, Length: 11664, dtype: float64",2022-01-01,2023-05-01 23:00:00,486 days,100.0,52.617970623214156,123.08773550999659,71.26678598519742,-28.733214014802584,-70.17976286600607,19.89883401920439,100.0,57.251654354352155,430 days 01:00:00,48,0.0,24,41.66666666666667,15.088343714249387,-13.830334190231369,6.085432903194837,-6.2203146166083005,3 days 21:24:00,4 days 03:04:17.142857142,0.612054253286374,-1.1972172506167753,-0.47631880342408434,-0.3923397707624935,0.9688500053590033,-0.6633392816675361,long
2248,"{'window_k': 132, 'window_d': 192, 'window_ma': 132}","open_time
2022-01-01 00:00:00    100.000000
2022-01-01 01:00:00    100.000000
2022-01-01 02:00:00    100.000000
2022-01-01 03:00:00    100.000000
2022-01-01 04:00:00    100.000000
                          ...    
2023-05-01 19:00:00     68.127252
2023-05-01 20:00:00     67.970795
2023-05-01 21:00:00     68.313044
2023-05-01 22:00:00     68.616180
2023-05-01 23:00:00     68.616180
Freq: H, Length: 11664, dtype: float64",2022-01-01,2023-05-01 23:00:00,486 days,100.0,45.72170243046567,122.84612540277851,68.61617978965096,-31.383820210349043,-70.17976286600607,36.55692729766804,100.0,62.7813231548355,451 days 16:00:00,51,0.0,26,32.0,39.4713656387665,-24.359960443907273,15.574915891360314,-8.257032367939392,9 days 19:00:00,5 days 19:14:07.058823529,0.7052569171445505,-1.300334200323952,-0.23680533665551734,-0.39244376399622927,0.9880164295298832,-0.3318668126710619,long
3213,"{'window_k': 192, 'window_d': 132, 'window_ma': 207}","open_time
2022-01-01 00:00:00    100.000000
2022-01-01 01:00:00    100.000000
2022-01-01 02:00:00    100.000000
2022-01-01 03:00:00    100.000000
2022-01-01 04:00:00    100.000000
                          ...    
2023-05-01 19:00:00     71.576467
2023-05-01 20:00:00     71.412088
2023-05-01 21:00:00     71.771666
2023-05-01 22:00:00     72.090149
2023-05-01 23:00:00     72.090149
Freq: H, Length: 11664, dtype: float64",2022-01-01,2023-05-01 23:00:00,486 days,100.0,58.47957522664538,131.4492425955234,72.09014876146348,-27.909851238536522,-70.17976286600607,38.30589849108368,100.0,55.511668175532755,451 days 16:00:00,57,0.0,29,32.142857142857146,38.28917486752461,-14.87821691176471,13.994818955388673,-7.1986782671456915,9 days 00:26:40,5 days 09:41:03.157894736,0.785493161967502,-0.9677940531599543,-0.07717828842520995,-0.39253515794554783,0.9959629186487268,-0.1111650329025488,long
2359,"{'window_k': 147, 'window_d': 57, 'window_ma': 117}","open_time
2022-01-01 00:00:00    100.000000
2022-01-01 01:00:00    100.000000
2022-01-01 02:00:00    100.000000
2022-01-01 03:00:00    100.000000
2022-01-01 04:00:00    100.000000
                          ...    
2023-05-01 19:00:00     73.881227
2023-05-01 20:00:00     73.711555
2023-05-01 21:00:00     74.082711
2023-05-01 22:00:00     74.411449
2023-05-01 23:00:00     74.411449
Freq: H, Length: 11664, dtype: float64",2022-01-01,2023-05-01 23:00:00,486 days,100.0,62.65862868825408,126.63342604175936,74.411449183777,-25.588550816223005,-70.17976286600607,37.25137174211248,100.0,50.519676639253674,355 days 14:00:00,95,0.0,48,36.17021276595745,24.051876596580854,-20.093245394587203,8.561383202228006,-5.222435706455529,4 days 15:28:14.117647058,3 days 05:16:00,0.8369972337332634,-0.5099163713422992,0.00862333034155749,-0.3940327931516717,1.0005021840154147,0.013198717813906819,long
3626,"{'window_k': 222, 'window_d': 42, 'window_ma': 162}","open_time
2022-01-01 00:00:00    100.000000
2022-01-01 01:00:00    100.000000
2022-01-01 02:00:00    100.000000
2022-01-01 03:00:00    100.000000
2022-01-01 04:00:00    100.000000
                          ...    
2023-05-01 19:00:00     72.718279
2023-05-01 20:00:00     72.551278
2023-05-01 21:00:00     72.916592
2023-05-01 22:00:00     73.240155
2023-05-01 23:00:00     73.240155
Freq: H, Length: 11664, dtype: float64",2022-01-01,2023-05-01 23:00:00,486 days,100.0,61.1191180830774,129.832822618689,73.24015509858175,-26.75984490141825,-70.17976286600607,42.378257887517144,100.0,52.9247559666938,430 days 01:00:00,127,0.0,64,38.095238095238095,23.94366197183099,-19.89556692242114,7.963969745999995,-5.144229438063798,4 days 04:52:30,2 days 13:21:32.307692307,0.8635604791918544,-0.401067904237451,0.027804411810916214,-0.39405237007944033,1.0014347566712907,0.04182864058892511,long
3631,"{'window_k': 222, 'window_d': 42, 'window_ma': 237}","open_time
2022-01-01 00:00:00    100.000000
2022-01-01 01:00:00    100.000000
2022-01-01 02:00:00    100.000000
2022-01-01 03:00:00    100.000000
2022-01-01 04:00:00    100.000000
                          ...    
2023-05-01 19:00:00     72.718279
2023-05-01 20:00:00     72.551278
2023-05-01 21:00:00     72.916592
2023-05-01 22:00:00     73.240155
2023-05-01 23:00:00     73.240155
Freq: H, Length: 11664, dtype: float64",2022-01-01,2023-05-01 23:00:00,486 days,100.0,61.1191180830774,129.832822618689,73.24015509858175,-26.75984490141825,-70.17976286600607,42.378257887517144,100.0,52.9247559666938,430 days 01:00:00,127,0.0,64,38.095238095238095,23.94366197183099,-19.89556692242114,7.963969745999995,-5.144229438063798,4 days 04:52:30,2 days 13:21:32.307692307,0.8635604791918544,-0.401067904237451,0.027804411810916214,-0.39405237007944033,1.0014347566712907,0.04182864058892511,long
3629,"{'window_k': 222, 'window_d': 42, 'window_ma': 207}","open_time
2022-01-01 00:00:00    100.000000
2022-01-01 01:00:00    100.000000
2022-01-01 02:00:00    100.000000
2022-01-01 03:00:00    100.000000
2022-01-01 04:00:00    100.000000
                          ...    
2023-05-01 19:00:00     72.718279
2023-05-01 20:00:00     72.551278
2023-05-01 21:00:00     72.916592
2023-05-01 22:00:00     73.240155
2023-05-01 23:00:00     73.240155
Freq: H, Length: 11664, dtype: float64",2022-01-01,2023-05-01 23:00:00,486 days,100.0,61.1191180830774,129.832822618689,73.24015509858175,-26.75984490141825,-70.17976286600607,42.378257887517144,100.0,52.9247559666938,430 days 01:00:00,127,0.0,64,38.095238095238095,23.94366197183099,-19.89556692242114,7.963969745999995,-5.144229438063798,4 days 04:52:30,2 days 13:21:32.307692307,0.8635604791918544,-0.401067904237451,0.027804411810916214,-0.39405237007944033,1.0014347566712907,0.04182864058892511,long
3628,"{'window_k': 222, 'window_d': 42, 'window_ma': 192}","open_time
2022-01-01 00:00:00    100.000000
2022-01-01 01:00:00    100.000000
2022-01-01 02:00:00    100.000000
2022-01-01 03:00:00    100.000000
2022-01-01 04:00:00    100.000000
                          ...    
2023-05-01 19:00:00     72.718279
2023-05-01 20:00:00     72.551278
2023-05-01 21:00:00     72.916592
2023-05-01 22:00:00     73.240155
2023-05-01 23:00:00     73.240155
Freq: H, Length: 11664, dtype: float64",2022-01-01,2023-05-01 23:00:00,486 days,100.0,61.1191180830774,129.832822618689,73.24015509858175,-26.75984490141825,-70.17976286600607,42.378257887517144,100.0,52.9247559666938,430 days 01:00:00,127,0.0,64,38.095238095238095,23.94366197183099,-19.89556692242114,7.963969745999995,-5.144229438063798,4 days 04:52:30,2 days 13:21:32.307692307,0.8635604791918544,-0.401067904237451,0.027804411810916214,-0.39405237007944033,1.0014347566712907,0.04182864058892511,long
2172,"{'window_k': 132, 'window_d': 117, 'window_ma': 192}","open_time
2022-01-01 00:00:00    100.000000
2022-01-01 01:00:00    100.000000
2022-01-01 02:00:00    100.000000
2022-01-01 03:00:00    100.000000
2022-01-01 04:00:00    100.000000
                          ...    
2023-05-01 19:00:00     70.255419
2023-05-01 20:00:00     70.094075
2023-05-01 21:00:00     70.447016
2023-05-01 22:00:00     70.759621
2023-05-01 23:00:00     70.759621
Freq: H, Length: 11664, dtype: float64",2022-01-01,2023-05-01 23:00:00,486 days,100.0,52.33660382512045,124.6782179122953,70.75962065920183,-29.24037934079817,-70.17976286600607,44.26440329218107,100.0,58.02265648203557,451 days 16:00:00,71,0.0,36,31.428571428571427,35.87288924345166,-25.053824362606235,13.30593446917219,-6.536799141274809,8 days 04:16:21.818181818,5 days 01:27:30,0.7940930951456584,-0.8308295686143192,-0.09816293708116129,-0.39427498155022916,0.995430092530834,-0.1387847167077886,long
1690,"{'window_k': 102, 'window_d': 147, 'window_ma': 162}","open_time
2022-01-01 00:00:00    100.000000
2022-01-01 01:00:00    100.000000
2022-01-01 02:00:00    100.000000
2022-01-01 03:00:00    100.000000
2022-01-01 04:00:00    100.000000
                          ...    
2023-05-01 19:00:00     69.179920
2023-05-01 20:00:00     69.021045
2023-05-01 21:00:00     69.368583
2023-05-01 22:00:00     69.676403
2023-05-01 23:00:00     69.676403
Freq: H, Length: 11664, dtype: float64",2022-01-01,2023-05-01 23:00:00,486 days,100.0,51.191364521830025,128.54094919230357,69.67640274876031,-30.323597251239693,-70.17976286600607,39.61762688614541,100.0,60.17505328574691,451 days 16:00:00,65,0.0,33,28.125,39.80155917788801,-18.83506805444355,13.955493375576694,-6.1580548594042295,8 days 14:40:00,4 days 20:52:10.434782608,0.7446673658932911,-0.9578523728207302,-0.15174808182786062,-0.39493561722306114,0.9926793023660322,-0.2126314529234372,long
499,"{'window_k': 27, 'window_d': 237, 'window_ma': 57}","open_time
2022-01-01 00:00:00    100.000000
2022-01-01 01:00:00    100.000000
2022-01-01 02:00:00    100.000000
2022-01-01 03:00:00    100.000000
2022-01-01 04:00:00    100.000000
                          ...    
2023-05-01 19:00:00     66.690721
2023-05-01 20:00:00     66.537563
2023-05-01 21:00:00     66.872597
2023-05-01 22:00:00     67.169340
2023-05-01 23:00:00     67.169340
Freq: H, Length: 11664, dtype: float64",2022-01-01,2023-05-01 23:00:00,486 days,100.0,42.795927381124415,123.62361927146505,67.16934007311305,-32.83065992688695,-70.17976286600607,22.042181069958847,100.0,65.38207857581902,424 days 03:00:00,57,0.0,29,39.285714285714285,33.0034924330617,-22.081734025739433,8.7005901613723,-6.993902336775404,4 days 00:38:10.909090909,3 days 13:38:49.411764705,0.6579243844332304,-1.1438064503594556,-0.532880927093742,-0.3951349357290517,0.9663154619786103,-0.7345674944136946,long
1707,"{'window_k': 102, 'window_d': 162, 'window_ma': 177}","open_time
2022-01-01 00:00:00    100.000000
2022-01-01 01:00:00    100.000000
2022-01-01 02:00:00    100.000000
2022-01-01 03:00:00    100.000000
2022-01-01 04:00:00    100.000000
                          ...    
2023-05-01 19:00:00     66.352630
2023-05-01 20:00:00     66.200248
2023-05-01 21:00:00     66.533583
2023-05-01 22:00:00     66.828822
2023-05-01 23:00:00     66.828822
Freq: H, Length: 11664, dtype: float64",2022-01-01,2023-05-01 23:00:00,486 days,100.0,47.558420294172485,140.2369175727951,66.8288218797043,-33.17117812029571,-70.17976286600607,39.58333333333333,100.0,66.087089535831,355 days 14:00:00,63,0.0,32,32.25806451612903,42.352941176470594,-20.916676191564743,14.11041830295035,-7.401821306799045,8 days 18:24:00,4 days 20:51:25.714285714,0.7461834235891751,-1.0417736890463356,-0.13784283484552226,-0.3951951468960936,0.9925947957099827,-0.20564265897155717,long
3426,"{'window_k': 207, 'window_d': 102, 'window_ma': 42}","open_time
2022-01-01 00:00:00    100.000000
2022-01-01 01:00:00    100.000000
2022-01-01 02:00:00    100.000000
2022-01-01 03:00:00    100.000000
2022-01-01 04:00:00    100.000000
                          ...    
2023-05-01 19:00:00     70.172292
2023-05-01 20:00:00     70.172292
2023-05-01 21:00:00     70.172292
2023-05-01 22:00:00     70.172292
2023-05-01 23:00:00     70.172292
Freq: H, Length: 11664, dtype: float64",2022-01-01,2023-05-01 23:00:00,486 days,100.0,62.31337608015033,152.09939500455093,70.1722915729746,-29.8277084270254,-70.17976286600607,27.92352537722908,100.0,59.03114796854657,355 days 14:00:00,64,0.0,32,34.375,33.63896848137536,-25.858585858585858,12.442166460345948,-7.068014273540016,5 days 21:05:27.272727272,3 days 09:11:25.714285714,0.8048336223026902,-0.9321158883445446,-0.1317731113761868,-0.3956919510992735,0.9911823851097117,-0.2023859178054603,long
3382,"{'window_k': 207, 'window_d': 57, 'window_ma': 102}","open_time
2022-01-01 00:00:00    100.000000
2022-01-01 01:00:00    100.000000
2022-01-01 02:00:00    100.000000
2022-01-01 03:00:00    100.000000
2022-01-01 04:00:00    100.000000
                          ...    
2023-05-01 19:00:00     74.595542
2023-05-01 20:00:00     74.424231
2023-05-01 21:00:00     74.798975
2023-05-01 22:00:00     75.130892
2023-05-01 23:00:00     75.130892
Freq: H, Length: 11664, dtype: float64",2022-01-01,2023-05-01 23:00:00,486 days,100.0,62.320452629130024,121.79875950478042,75.13089151454514,-24.86910848545486,-70.17976286600607,36.771262002743484,100.0,48.833261617345094,355 days 14:00:00,95,0.0,48,40.42553191489361,20.77538527627127,-16.957264957264954,7.415856876282334,-5.545812586767494,4 days 06:37:53.684210526,3 days 07:19:17.142857142,0.8163899127413451,-0.535736403374051,0.018970816977427134,-0.3957451198679358,1.0011053673811636,0.02900909319859648,long
3153,"{'window_k': 192, 'window_d': 87, 'window_ma': 27}","open_time
2022-01-01 00:00:00    100.000000
2022-01-01 01:00:00    100.000000
2022-01-01 02:00:00    100.000000
2022-01-01 03:00:00    100.000000
2022-01-01 04:00:00    100.000000
                          ...    
2023-05-01 19:00:00     71.718563
2023-05-01 20:00:00     71.553859
2023-05-01 21:00:00     71.914150
2023-05-01 22:00:00     72.233265
2023-05-01 23:00:00     72.233265
Freq: H, Length: 11664, dtype: float64",2022-01-01,2023-05-01 23:00:00,486 days,100.0,57.98689149535481,127.80234748123112,72.2332652832892,-27.7667347167108,-70.17976286600607,26.003086419753085,100.0,54.627678882134234,430 days 01:00:00,67,0.0,34,45.45454545454545,19.719415798565677,-16.53543307086615,6.99235266138566,-6.9301865785975245,3 days 19:48:00,3 days 14:40:00,0.7613132400963721,-0.8367370953135902,-0.2538653698374533,-0.3967531096851465,0.9848342578539472,-0.35635784838497575,long
1821,"{'window_k': 117, 'window_d': 27, 'window_ma': 207}","open_time
2022-01-01 00:00:00    100.000000
2022-01-01 01:00:00    100.000000
2022-01-01 02:00:00    100.000000
2022-01-01 03:00:00    100.000000
2022-01-01 04:00:00    100.000000
                          ...    
2023-05-01 19:00:00     67.154583
2023-05-01 20:00:00     67.154583
2023-05-01 21:00:00     67.154583
2023-05-01 22:00:00     67.154583
2023-05-01 23:00:00     67.154583
Freq: H, Length: 11664, dtype: float64",2022-01-01,2023-05-01 23:00:00,486 days,100.0,35.307972431211326,101.03585657370517,67.1545833671825,-32.8454166328175,-70.17976286600607,36.65980795610425,100.0,65.05401782242096,477 days 04:00:00,184,0.0,92,38.04347826086957,26.638322826565002,-14.46156976448447,6.552263103545453,-4.2920990185060415,2 days 20:01:42.857142857,1 days 09:14:44.210526315,0.7951315608571558,-0.3570153981827986,-0.10255450928654321,-0.39731567133435786,0.9940997588750757,-0.15896253084049244,long
1022,"{'window_k': 57, 'window_d': 237, 'window_ma': 222}","open_time
2022-01-01 00:00:00    100.000000
2022-01-01 01:00:00    100.000000
2022-01-01 02:00:00    100.000000
2022-01-01 03:00:00    100.000000
2022-01-01 04:00:00    100.000000
                          ...    
2023-05-01 19:00:00     65.839272
2023-05-01 20:00:00     65.839272
2023-05-01 21:00:00     66.170789
2023-05-01 22:00:00     66.464418
2023-05-01 23:00:00     66.464418
Freq: H, Length: 11664, dtype: float64",2022-01-01,2023-05-01 23:00:00,486 days,100.0,43.450091666880354,129.6243620483915,66.46441792292998,-33.53558207707002,-70.17976286600607,35.639574759945134,100.0,66.47999575059855,391 days 18:00:00,51,0.0,26,32.0,40.419869899467784,-22.72123893805309,15.102154104550175,-8.270344035087604,10 days 03:37:30,5 days 09:38:49.411764705,0.6730359500939302,-1.3664291350589335,-0.2912563267585871,-0.397413802133813,0.9854515561547815,-0.40702094216987267,long
2518,"{'window_k': 147, 'window_d': 207, 'window_ma': 102}","open_time
2022-01-01 00:00:00    100.000000
2022-01-01 01:00:00    100.000000
2022-01-01 02:00:00    100.000000
2022-01-01 03:00:00    100.000000
2022-01-01 04:00:00    100.000000
                          ...    
2023-05-01 19:00:00     69.247122
2023-05-01 20:00:00     69.247122
2023-05-01 21:00:00     69.247122
2023-05-01 22:00:00     69.247122
2023-05-01 23:00:00     69.247122
Freq: H, Length: 11664, dtype: float64",2022-01-01,2023-05-01 23:00:00,486 days,100.0,47.34838096510846,120.44124501527784,69.24712203945757,-30.752877960542435,-70.17976286600607,27.12620027434842,100.0,60.68756931306848,451 days 16:00:00,42,0.0,21,28.57142857142857,41.55022797470216,-12.27261081219575,13.190575558392192,-6.768056140003122,8 days 07:30:00,5 days 11:08:00,0.6105296943699805,-1.464422760025831,-0.3470848740422827,-0.39741732560324383,0.9800162925591511,-0.47960567735856097,long
2994,"{'window_k': 177, 'window_d': 177, 'window_ma': 42}","open_time
2022-01-01 00:00:00    100.000000
2022-01-01 01:00:00    100.000000
2022-01-01 02:00:00    100.000000
2022-01-01 03:00:00    100.000000
2022-01-01 04:00:00    100.000000
                          ...    
2023-05-01 19:00:00     72.061467
2023-05-01 20:00:00     71.895974
2023-05-01 21:00:00     72.257988
2023-05-01 22:00:00     72.578629
2023-05-01 23:00:00     72.578629
Freq: H, Length: 11664, dtype: float64",2022-01-01,2023-05-01 23:00:00,486 days,100.0,56.05044123021247,121.39054181020984,72.57862931606141,-27.42137068393859,-70.17976286600607,24.434156378600825,100.0,53.826352206380705,451 days 16:00:00,47,0.0,24,39.130434782608695,34.048668327265766,-22.65272427077599,9.616978775898056,-7.513825728020686,5 days 17:13:20,4 days 18:00:00,0.6920477499345464,-1.262837474777521,-0.2960037282199037,-0.39743750412250134,0.9818861008292208,-0.4150941174518024,long
3210,"{'window_k': 192, 'window_d': 132, 'window_ma': 162}","open_time
2022-01-01 00:00:00    100.000000
2022-01-01 01:00:00    100.000000
2022-01-01 02:00:00    100.000000
2022-01-01 03:00:00    100.000000
2022-01-01 04:00:00    100.000000
                          ...    
2023-05-01 19:00:00     71.125767
2023-05-01 20:00:00     70.962424
2023-05-01 21:00:00     71.319738
2023-05-01 22:00:00     71.636215
2023-05-01 23:00:00     71.636215
Freq: H, Length: 11664, dtype: float64",2022-01-01,2023-05-01 23:00:00,486 days,100.0,60.35226947317,136.36922464758385,71.6362150269065,-28.3637849730935,-70.17976286600607,38.85459533607682,100.0,55.74348271823272,391 days 18:00:00,57,0.0,29,28.57142857142857,38.289174867524586,-14.878216911764708,15.565414081236362,-6.813865042358865,10 days 03:45:00,5 days 06:18:00,0.7792773970480297,-0.9841884920757327,-0.07118135031088535,-0.3975429600445386,0.9963351800474883,-0.10252174645044744,long
2760,"{'window_k': 162, 'window_d': 192, 'window_ma': 132}","open_time
2022-01-01 00:00:00    100.000000
2022-01-01 01:00:00    100.000000
2022-01-01 02:00:00    100.000000
2022-01-01 03:00:00    100.000000
2022-01-01 04:00:00    100.000000
                          ...    
2023-05-01 19:00:00     72.293663
2023-05-01 20:00:00     72.127637
2023-05-01 21:00:00     72.490818
2023-05-01 22:00:00     72.812492
2023-05-01 23:00:00     72.812492
Freq: H, Length: 11664, dtype: float64",2022-01-01,2023-05-01 23:00:00,486 days,100.0,56.32798054057944,120.59738643434972,72.81249178868815,-27.18750821131185,-70.17976286600607,32.878943758573385,100.0,53.29253625969497,451 days 16:00:00,43,0.0,22,38.095238095238095,39.28728552573691,-24.144024740446213,13.188736594218236,-8.996497339166057,9 days 08:07:30,6 days 12:27:41.538461538,0.7283052617801581,-1.2837725408322935,-0.18528167275627486,-0.3978504674209025,0.9900582997112859,-0.2597726066876905,long
3315,"{'window_k': 192, 'window_d': 237, 'window_ma': 57}","open_time
2022-01-01 00:00:00    100.00000
2022-01-01 01:00:00    100.00000
2022-01-01 02:00:00    100.00000
2022-01-01 03:00:00    100.00000
2022-01-01 04:00:00    100.00000
                         ...    
2023-05-01 19:00:00     71.52629
2023-05-01 20:00:00     71.52629
2023-05-01 21:00:00     71.52629
2023-05-01 22:00:00     71.52629
2023-05-01 23:00:00     71.52629
Freq: H, Length: 11664, dtype: float64",2022-01-01,2023-05-01 23:00:00,486 days,100.0,57.53373784863086,130.50100154641333,71.52629044491343,-28.473709555086575,-70.17976286600607,26.98045267489712,100.0,55.913182912876955,351 days 13:00:00,34,0.0,17,41.17647058823529,26.429361859092566,-21.936441201929032,8.79320626067451,-9.329456476679637,7 days 16:08:34.285714285,8 days 12:26:40,0.6321374970014498,-1.6749240914756807,-0.3293763465516796,-0.3979410693706153,0.9802604840026145,-0.46070702406461156,long
741,"{'window_k': 42, 'window_d': 222, 'window_ma': 87}","open_time
2022-01-01 00:00:00    100.000000
2022-01-01 01:00:00    100.000000
2022-01-01 02:00:00    100.000000
2022-01-01 03:00:00    100.000000
2022-01-01 04:00:00    100.000000
                          ...    
2023-05-01 19:00:00     63.715602
2023-05-01 20:00:00     63.715602
2023-05-01 21:00:00     63.715602
2023-05-01 22:00:00     63.715602
2023-05-01 23:00:00     63.715602
Freq: H, Length: 11664, dtype: float64",2022-01-01,2023-05-01 23:00:00,486 days,100.0,42.09211164215805,150.64373948464913,63.71560204039219,-36.28439795960781,-70.17976286600607,34.72222222222222,100.0,72.05850585881977,391 days 18:00:00,60,0.0,30,40.0,29.674231897483388,-42.60418428917837,11.647243049874657,-8.5293484739207,7 days 19:20:00,4 days 04:06:40,0.7279818532507544,-1.2094799319869254,-0.3304246278534055,-0.39853026611565323,0.9828677362653848,-0.44375233919419727,long
3195,"{'window_k': 192, 'window_d': 117, 'window_ma': 177}","open_time
2022-01-01 00:00:00    100.000000
2022-01-01 01:00:00    100.000000
2022-01-01 02:00:00    100.000000
2022-01-01 03:00:00    100.000000
2022-01-01 04:00:00    100.000000
                          ...    
2023-05-01 19:00:00     65.928760
2023-05-01 20:00:00     65.777352
2023-05-01 21:00:00     66.108557
2023-05-01 22:00:00     66.401910
2023-05-01 23:00:00     66.401910
Freq: H, Length: 11664, dtype: float64",2022-01-01,2023-05-01 23:00:00,486 days,100.0,49.66607116474881,147.86020334102,66.40191048471624,-33.59808951528376,-70.17976286600607,38.19444444444444,100.0,66.4101157427732,391 days 18:00:00,57,0.0,29,35.714285714285715,30.669464047301165,-26.484120749635277,12.500793416334636,-8.053642173994461,8 days 08:54:00,5 days 12:03:19.999999999,0.7526190330076513,-1.2019595553230658,-0.11422571027752906,-0.39861464411857467,0.9936678699307511,-0.17091808567520542,long
2897,"{'window_k': 177, 'window_d': 87, 'window_ma': 27}","open_time
2022-01-01 00:00:00    100.000000
2022-01-01 01:00:00    100.000000
2022-01-01 02:00:00    100.000000
2022-01-01 03:00:00    100.000000
2022-01-01 04:00:00    100.000000
                          ...    
2023-05-01 19:00:00     74.758720
2023-05-01 20:00:00     74.587034
2023-05-01 21:00:00     74.962598
2023-05-01 22:00:00     75.295240
2023-05-01 23:00:00     75.295240
Freq: H, Length: 11664, dtype: float64",2022-01-01,2023-05-01 23:00:00,486 days,100.0,64.42552222128586,124.23694490582007,75.29524021778278,-24.704759782217224,-70.17976286600607,25.745884773662553,100.0,48.14302438769344,286 days 02:00:00,71,0.0,36,48.57142857142857,19.540007730962497,-19.102132435465773,6.367286077484502,-6.851075958052571,3 days 17:56:28.235294117,3 days 04:16:39.999999999,0.7917530399546193,-0.6991054545370514,-0.2109963561021806,-0.3986667487961369,0.9872578142031613,-0.29704124994971726,long
765,"{'window_k': 42, 'window_d': 237, 'window_ma': 207}","open_time
2022-01-01 00:00:00    100.000000
2022-01-01 01:00:00    100.000000
2022-01-01 02:00:00    100.000000
2022-01-01 03:00:00    100.000000
2022-01-01 04:00:00    100.000000
                          ...    
2023-05-01 19:00:00     65.379719
2023-05-01 20:00:00     65.229571
2023-05-01 21:00:00     65.558018
2023-05-01 22:00:00     65.848929
2023-05-01 23:00:00     65.848929
Freq: H, Length: 11664, dtype: float64",2022-01-01,2023-05-01 23:00:00,486 days,100.0,41.5924415553809,128.07883590590538,65.84892854202626,-34.15107145797374,-70.17976286600607,33.69341563786008,100.0,67.525906008439,430 days 01:00:00,53,0.0,27,30.76923076923077,29.89202500473576,-22.284940167080595,14.593792635575884,-7.732858651042412,10 days 00:45:00,4 days 14:56:40,0.6896373295554333,-1.3189167096870906,-0.34679670955483116,-0.3988454104816643,0.9823603408934409,-0.4829473904981781,long
3320,"{'window_k': 192, 'window_d': 237, 'window_ma': 132}","open_time
2022-01-01 00:00:00    100.00000
2022-01-01 01:00:00    100.00000
2022-01-01 02:00:00    100.00000
2022-01-01 03:00:00    100.00000
2022-01-01 04:00:00    100.00000
                         ...    
2023-05-01 19:00:00     75.16513
2023-05-01 20:00:00     75.16513
2023-05-01 21:00:00     75.16513
2023-05-01 22:00:00     75.16513
2023-05-01 23:00:00     75.16513
Freq: H, Length: 11664, dtype: float64",2022-01-01,2023-05-01 23:00:00,486 days,100.0,61.69254908142354,119.52107132499364,75.16512987011816,-24.834870129881836,-70.17976286600607,32.578875171467764,100.0,48.38353739846146,424 days 03:00:00,36,0.0,18,33.33333333333333,41.08628996933859,-21.93644120192903,15.610720761629219,-8.637752259861253,10 days 00:40:00,8 days 04:20:00,0.731171385950656,-1.3797150072156579,-0.14685467512028869,-0.39885292106578485,0.9919838905257731,-0.20646639494383923,long
2953,"{'window_k': 177, 'window_d': 132, 'window_ma': 147}","open_time
2022-01-01 00:00:00    100.000000
2022-01-01 01:00:00    100.000000
2022-01-01 02:00:00    100.000000
2022-01-01 03:00:00    100.000000
2022-01-01 04:00:00    100.000000
                          ...    
2023-05-01 19:00:00     69.035882
2023-05-01 20:00:00     68.877339
2023-05-01 21:00:00     69.224153
2023-05-01 22:00:00     69.531332
2023-05-01 23:00:00     69.531332
Freq: H, Length: 11664, dtype: float64",2022-01-01,2023-05-01 23:00:00,486 days,100.0,56.898525343185696,141.81368808861257,69.53133156330105,-30.468668436698948,-70.17976286600607,40.183470507544584,100.0,59.87797362153607,391 days 18:00:00,57,0.0,29,32.142857142857146,32.82032711690505,-13.252279635258352,12.727692703470128,-6.933010124564025,8 days 14:33:20,6 days 01:37:53.684210526,0.7596601324388518,-1.0803811006225903,-0.11688459526991024,-0.39888642099864713,0.9940916034189405,-0.16786108231013888,long
3227,"{'window_k': 192, 'window_d': 147, 'window_ma': 177}","open_time
2022-01-01 00:00:00    100.000000
2022-01-01 01:00:00    100.000000
2022-01-01 02:00:00    100.000000
2022-01-01 03:00:00    100.000000
2022-01-01 04:00:00    100.000000
                          ...    
2023-05-01 19:00:00     68.861294
2023-05-01 20:00:00     68.703151
2023-05-01 21:00:00     69.049088
2023-05-01 22:00:00     69.355490
2023-05-01 23:00:00     69.355490
Freq: H, Length: 11664, dtype: float64",2022-01-01,2023-05-01 23:00:00,486 days,100.0,57.88078088649954,145.34601229018992,69.35548996593594,-30.644510034064055,-70.17976286600607,38.04869684499314,100.0,60.17724877725718,309 days 12:00:00,51,0.0,26,28.000000000000004,36.84834123222749,-22.65977340226598,17.336286864082943,-7.562537249062727,9 days 18:25:42.857142857,6 days 08:56:40,0.7648485303569736,-1.2289432568263088,-0.17163249466740016,-0.39930578677803624,0.9912873988386148,-0.24743108618766624,long
2232,"{'window_k': 132, 'window_d': 177, 'window_ma': 132}","open_time
2022-01-01 00:00:00    100.000000
2022-01-01 01:00:00    100.000000
2022-01-01 02:00:00    100.000000
2022-01-01 03:00:00    100.000000
2022-01-01 04:00:00    100.000000
                          ...    
2023-05-01 19:00:00     69.065659
2023-05-01 20:00:00     68.907047
2023-05-01 21:00:00     69.254011
2023-05-01 22:00:00     69.561322
2023-05-01 23:00:00     69.561322
Freq: H, Length: 11664, dtype: float64",2022-01-01,2023-05-01 23:00:00,486 days,100.0,55.67793179353899,138.25306933026738,69.5613217572425,-30.438678242757504,-70.17976286600607,36.0082304526749,100.0,59.727525715518006,391 days 18:00:00,53,0.0,27,34.61538461538461,43.68716735659374,-21.50219298245614,13.951748469592552,-8.149760197907623,8 days 09:20:00,5 days 18:28:14.117647058,0.7542850501272351,-1.1745311849629023,-0.21672289899527047,-0.3994783863242442,0.9889266884276593,-0.3039741797731328,long
2937,"{'window_k': 177, 'window_d': 117, 'window_ma': 147}","open_time
2022-01-01 00:00:00    100.000000
2022-01-01 01:00:00    100.000000
2022-01-01 02:00:00    100.000000
2022-01-01 03:00:00    100.000000
2022-01-01 04:00:00    100.000000
                          ...    
2023-05-01 19:00:00     67.897662
2023-05-01 20:00:00     67.741732
2023-05-01 21:00:00     68.082829
2023-05-01 22:00:00     68.384943
2023-05-01 23:00:00     68.384943
Freq: H, Length: 11664, dtype: float64",2022-01-01,2023-05-01 23:00:00,486 days,100.0,53.85097930103602,142.18617592575833,68.38494269292836,-31.615057307071638,-70.17976286600607,41.34945130315501,100.0,62.12643110315169,391 days 18:00:00,63,0.0,32,35.483870967741936,40.12026290029366,-23.720982645931933,13.100313822780269,-7.8858034649680135,8 days 09:21:49.090909091,5 days 06:39:00,0.7872336866539371,-1.0355592834837428,-0.0648592659887609,-0.39965208556208676,0.9965690616171248,-0.09729362317913456,long
1573,"{'window_k': 102, 'window_d': 42, 'window_ma': 87}","open_time
2022-01-01 00:00:00    100.000000
2022-01-01 01:00:00    100.000000
2022-01-01 02:00:00    100.000000
2022-01-01 03:00:00    100.000000
2022-01-01 04:00:00    100.000000
                          ...    
2023-05-01 19:00:00     69.103059
2023-05-01 20:00:00     69.103059
2023-05-01 21:00:00     69.103059
2023-05-01 22:00:00     69.103059
2023-05-01 23:00:00     69.103059
Freq: H, Length: 11664, dtype: float64",2022-01-01,2023-05-01 23:00:00,486 days,100.0,51.769749064807655,131.41058168220633,69.10305948512372,-30.896940514876274,-70.17976286600607,42.57544581618656,100.0,60.60458115161242,391 days 18:00:00,132,0.0,66,36.36363636363637,19.56014013234723,-14.864040970613335,7.465178510044917,-4.712956833727316,4 days 05:52:30,2 days 12:01:25.714285714,0.8136366114671367,-0.46813546234660874,-0.024979610048154896,-0.39991834114335495,0.9986661179118876,-0.038420729534730524,long
738,"{'window_k': 42, 'window_d': 222, 'window_ma': 42}","open_time
2022-01-01 00:00:00    100.000000
2022-01-01 01:00:00    100.000000
2022-01-01 02:00:00    100.000000
2022-01-01 03:00:00    100.000000
2022-01-01 04:00:00    100.000000
                          ...    
2023-05-01 19:00:00     66.257988
2023-05-01 20:00:00     66.257988
2023-05-01 21:00:00     66.257988
2023-05-01 22:00:00     66.257988
2023-05-01 23:00:00     66.257988
Freq: H, Length: 11664, dtype: float64",2022-01-01,2023-05-01 23:00:00,486 days,100.0,44.392255595641885,132.34754722429273,66.2579880748636,-33.742011925136396,-70.17976286600607,24.52846364883402,100.0,66.45781767273012,409 days 07:00:00,62,0.0,31,41.935483870967744,31.50375939849624,-42.60418428917838,10.680604429971224,-8.294689217331143,4 days 20:04:36.923076923,3 days 03:06:40,0.7442371435892338,-1.0884519975850449,-0.44724225778039445,-0.4001300020002064,0.9724254984473932,-0.5960571683560949,long
3121,"{'window_k': 192, 'window_d': 57, 'window_ma': 27}","open_time
2022-01-01 00:00:00    100.000000
2022-01-01 01:00:00    100.000000
2022-01-01 02:00:00    100.000000
2022-01-01 03:00:00    100.000000
2022-01-01 04:00:00    100.000000
                          ...    
2023-05-01 19:00:00     80.668097
2023-05-01 20:00:00     80.482840
2023-05-01 21:00:00     80.888090
2023-05-01 22:00:00     81.247027
2023-05-01 23:00:00     81.247027
Freq: H, Length: 11664, dtype: float64",2022-01-01,2023-05-01 23:00:00,486 days,100.0,72.29521925188337,113.1168198725942,81.24702705710429,-18.75297294289571,-70.17976286600607,23.82544581618656,100.0,36.08800235605018,453 days 11:00:00,93,0.0,47,45.65217391304348,19.910818146568452,-17.211933015415326,4.759248517088009,-4.401227808097192,2 days 22:45:42.857142857,1 days 22:55:12,0.8193255421380089,-0.40364598616832925,-0.1292342271392873,-0.4001764237489777,0.9919491377804873,-0.18113983751449605,long
3560,"{'window_k': 207, 'window_d': 222, 'window_ma': 132}","open_time
2022-01-01 00:00:00    100.000000
2022-01-01 01:00:00    100.000000
2022-01-01 02:00:00    100.000000
2022-01-01 03:00:00    100.000000
2022-01-01 04:00:00    100.000000
                          ...    
2023-05-01 19:00:00     75.680703
2023-05-01 20:00:00     75.680703
2023-05-01 21:00:00     75.680703
2023-05-01 22:00:00     75.680703
2023-05-01 23:00:00     75.680703
Freq: H, Length: 11664, dtype: float64",2022-01-01,2023-05-01 23:00:00,486 days,100.0,63.75141578999558,120.65702959700121,75.68070291930005,-24.319297080699954,-70.17976286600607,32.0216049382716,100.0,47.163115151328036,349 days 17:00:00,36,0.0,18,33.33333333333333,41.9751280175567,-20.625566636446063,17.409296414412836,-9.351853513936685,10 days 04:10:00,7 days 21:10:00,0.7624480894992961,-1.3510720600388861,-0.1362428855547065,-0.4003665898337186,0.9924698402157075,-0.19182653399476896,long
3193,"{'window_k': 192, 'window_d': 117, 'window_ma': 147}","open_time
2022-01-01 00:00:00    100.000000
2022-01-01 01:00:00    100.000000
2022-01-01 02:00:00    100.000000
2022-01-01 03:00:00    100.000000
2022-01-01 04:00:00    100.000000
                          ...    
2023-05-01 19:00:00     66.342774
2023-05-01 20:00:00     66.190416
2023-05-01 21:00:00     66.523701
2023-05-01 22:00:00     66.818896
2023-05-01 23:00:00     66.818896
Freq: H, Length: 11664, dtype: float64",2022-01-01,2023-05-01 23:00:00,486 days,100.0,51.714290394431636,148.83070652170764,66.81889596155386,-33.181104038446136,-70.17976286600607,39.73765432098765,100.0,65.25294302295819,391 days 18:00:00,57,0.0,29,35.714285714285715,33.297858188106936,-26.48412074963528,12.916190764284668,-8.172919985193227,8 days 23:36:00,5 days 13:53:20,0.7649639803306065,-1.1870799508008387,-0.09737991121315061,-0.4003733394844665,0.9947179528290523,-0.1458364814058193,long
2942,"{'window_k': 177, 'window_d': 117, 'window_ma': 222}","open_time
2022-01-01 00:00:00    100.000000
2022-01-01 01:00:00    100.000000
2022-01-01 02:00:00    100.000000
2022-01-01 03:00:00    100.000000
2022-01-01 04:00:00    100.000000
                          ...    
2023-05-01 19:00:00     67.821501
2023-05-01 20:00:00     67.665746
2023-05-01 21:00:00     68.006460
2023-05-01 22:00:00     68.308235
2023-05-01 23:00:00     68.308235
Freq: H, Length: 11664, dtype: float64",2022-01-01,2023-05-01 23:00:00,486 days,100.0,53.790574412052685,142.18617592575833,68.30823499094944,-31.691765009050556,-70.17976286600607,39.66906721536351,100.0,62.168914058045196,391 days 18:00:00,63,0.0,32,38.70967741935484,34.40078310725772,-23.72098264593194,11.632252866394378,-8.146685548925962,8 days 02:35:00,4 days 20:41:03.157894736,0.7793480655031141,-1.0380160937173577,-0.06772845533705434,-0.40039774712341564,0.996367842718486,-0.10155707358553186,long
2201,"{'window_k': 132, 'window_d': 147, 'window_ma': 147}","open_time
2022-01-01 00:00:00    100.000000
2022-01-01 01:00:00    100.000000
2022-01-01 02:00:00    100.000000
2022-01-01 03:00:00    100.000000
2022-01-01 04:00:00    100.000000
                          ...    
2023-05-01 19:00:00     68.364043
2023-05-01 20:00:00     68.207042
2023-05-01 21:00:00     68.550481
2023-05-01 22:00:00     68.854671
2023-05-01 23:00:00     68.854671
Freq: H, Length: 11664, dtype: float64",2022-01-01,2023-05-01 23:00:00,486 days,100.0,53.38059239065963,136.72761479216882,68.85467051161454,-31.14532948838546,-70.17976286600607,39.04320987654321,100.0,60.95844100564457,451 days 16:00:00,55,0.0,28,22.22222222222222,34.85747082456474,-13.254342805502557,18.58545307907142,-6.165048060960069,9 days 20:30:00,6 days 02:25:42.857142857,0.7368562955678744,-1.141901031693556,-0.18958802853762036,-0.4009535226450674,0.9907352541072388,-0.26592569471052313,long
2940,"{'window_k': 177, 'window_d': 117, 'window_ma': 192}","open_time
2022-01-01 00:00:00    100.000000
2022-01-01 01:00:00    100.000000
2022-01-01 02:00:00    100.000000
2022-01-01 03:00:00    100.000000
2022-01-01 04:00:00    100.000000
                          ...    
2023-05-01 19:00:00     67.575725
2023-05-01 20:00:00     67.420535
2023-05-01 21:00:00     67.760014
2023-05-01 22:00:00     68.060695
2023-05-01 23:00:00     68.060695
Freq: H, Length: 11664, dtype: float64",2022-01-01,2023-05-01 23:00:00,486 days,100.0,53.59564446757987,143.18900034034803,68.06069496001724,-31.939305039982756,-70.17976286600607,41.55521262002744,100.0,62.56999885452961,391 days 18:00:00,63,0.0,32,35.483870967741936,37.183610683820426,-23.72098264593194,13.01243791149054,-7.885803464968018,8 days 11:32:43.636363636,5 days 06:39:00,0.783736607986508,-1.0459443573145393,-0.06842729919822092,-0.4010995889476467,0.996391222708629,-0.102533858678795,long
3715,"{'window_k': 222, 'window_d': 132, 'window_ma': 57}","open_time
2022-01-01 00:00:00    100.000000
2022-01-01 01:00:00    100.000000
2022-01-01 02:00:00    100.000000
2022-01-01 03:00:00    100.000000
2022-01-01 04:00:00    100.000000
                          ...    
2023-05-01 19:00:00     69.847488
2023-05-01 20:00:00     69.687080
2023-05-01 21:00:00     70.037972
2023-05-01 22:00:00     70.348762
2023-05-01 23:00:00     70.348762
Freq: H, Length: 11664, dtype: float64",2022-01-01,2023-05-01 23:00:00,486 days,100.0,52.189584053316686,123.85318251968955,70.34876188107351,-29.651238118926486,-70.17976286600607,25.977366255144034,100.0,57.86173355293486,430 days 01:00:00,53,0.0,27,30.76923076923077,32.66886007354364,-15.24822695035462,11.039846673853255,-6.09052256730987,6 days 15:52:30,3 days 22:50:00,0.6931687442057017,-1.1435169970486818,-0.2361837014263417,-0.40118815373031474,0.984722048237507,-0.3380837845882058,long
210,"{'window_k': 12, 'window_d': 207, 'window_ma': 42}","open_time
2022-01-01 00:00:00    100.000000
2022-01-01 01:00:00    100.000000
2022-01-01 02:00:00    100.000000
2022-01-01 03:00:00    100.000000
2022-01-01 04:00:00    100.000000
                          ...    
2023-05-01 19:00:00     67.439958
2023-05-01 20:00:00     67.439958
2023-05-01 21:00:00     67.439958
2023-05-01 22:00:00     67.439958
2023-05-01 23:00:00     67.439958
Freq: H, Length: 11664, dtype: float64",2022-01-01,2023-05-01 23:00:00,486 days,100.0,50.436752794770406,139.34130253732147,67.43995825200786,-32.560041747992145,-70.17976286600607,23.1738683127572,100.0,63.80344386312786,371 days 04:00:00,102,0.0,51,35.294117647058826,27.513227513227516,-15.225643188528041,6.490406766064345,-4.330132202585719,3 days 10:36:40,1 days 12:50:54.545454545,0.7557831215248781,-0.6384321911371009,-0.450534542955706,-0.4013959721473082,0.9722158557827948,-0.6220088026372325,long
2582,"{'window_k': 162, 'window_d': 27, 'window_ma': 102}","open_time
2022-01-01 00:00:00    100.000000
2022-01-01 01:00:00    100.000000
2022-01-01 02:00:00    100.000000
2022-01-01 03:00:00    100.000000
2022-01-01 04:00:00    100.000000
                          ...    
2023-05-01 19:00:00     67.384428
2023-05-01 20:00:00     67.384428
2023-05-01 21:00:00     67.384428
2023-05-01 22:00:00     67.384428
2023-05-01 23:00:00     67.384428
Freq: H, Length: 11664, dtype: float64",2022-01-01,2023-05-01 23:00:00,486 days,100.0,38.06598980137047,105.49295897451046,67.38442772086941,-32.61557227913059,-70.17976286600607,38.57167352537723,100.0,63.916084853996644,469 days 22:00:00,198,0.0,99,35.35353535353536,24.304620906235982,-14.461569764484475,6.556095934640628,-3.8532722388947156,3 days 00:30:51.428571428,1 days 06:38:26.250000,0.8094391986190291,-0.32945022504172394,-0.09220676136653448,-0.40140839080858925,0.9947844397237275,-0.14202692193954916,long
2482,"{'window_k': 147, 'window_d': 177, 'window_ma': 42}","open_time
2022-01-01 00:00:00    100.000000
2022-01-01 01:00:00    100.000000
2022-01-01 02:00:00    100.000000
2022-01-01 03:00:00    100.000000
2022-01-01 04:00:00    100.000000
                          ...    
2023-05-01 19:00:00     70.129920
2023-05-01 20:00:00     69.968864
2023-05-01 21:00:00     70.321175
2023-05-01 22:00:00     70.633221
2023-05-01 23:00:00     70.633221
Freq: H, Length: 11664, dtype: float64",2022-01-01,2023-05-01 23:00:00,486 days,100.0,54.796501508403864,127.99575738538564,70.63322104860308,-29.36677895139692,-70.17976286600607,25.98593964334705,100.0,57.18881420153974,351 days 13:00:00,51,0.0,26,40.0,33.63896848137537,-21.69109604025378,9.124267502846303,-7.37811296596162,5 days 13:06:00,4 days 15:24:00,0.7042829988318748,-1.1891662183822258,-0.32928084126975754,-0.4018333314800961,0.9805260793426525,-0.46038960746067786,long
3617,"{'window_k': 222, 'window_d': 42, 'window_ma': 27}","open_time
2022-01-01 00:00:00    100.000000
2022-01-01 01:00:00    100.000000
2022-01-01 02:00:00    100.000000
2022-01-01 03:00:00    100.000000
2022-01-01 04:00:00    100.000000
                          ...    
2023-05-01 19:00:00     74.062039
2023-05-01 20:00:00     73.891952
2023-05-01 21:00:00     74.264016
2023-05-01 22:00:00     74.593559
2023-05-01 23:00:00     74.593559
Freq: H, Length: 11664, dtype: float64",2022-01-01,2023-05-01 23:00:00,486 days,100.0,71.56389311130489,140.79268623888066,74.59355881788865,-25.40644118211135,-70.17976286600607,27.72633744855967,100.0,49.170731077689936,430 days 01:00:00,127,0.0,64,44.44444444444444,20.471367354888983,-19.895566922421132,5.1133085611577656,-4.47625081307872,2 days 15:42:51.428571428,1 days 13:44:34.285714285,0.8490699988867016,-0.379147509933738,-0.18545804204803631,-0.401849641176315,0.9893372750665267,-0.2632880431547085,long
611,"{'window_k': 42, 'window_d': 102, 'window_ma': 57}","open_time
2022-01-01 00:00:00    100.000000
2022-01-01 01:00:00    100.000000
2022-01-01 02:00:00    100.000000
2022-01-01 03:00:00    100.000000
2022-01-01 04:00:00    100.000000
                          ...    
2023-05-01 19:00:00     72.267173
2023-05-01 20:00:00     72.267173
2023-05-01 21:00:00     72.267173
2023-05-01 22:00:00     72.267173
2023-05-01 23:00:00     72.267173
Freq: H, Length: 11664, dtype: float64",2022-01-01,2023-05-01 23:00:00,486 days,100.0,63.73132216391514,138.11436048336495,72.26717308478719,-27.73282691521281,-70.17976286600607,38.03155006858711,100.0,53.8561218827124,430 days 01:00:00,96,0.0,48,41.66666666666667,26.0736703006277,-22.458836443468716,8.226488923105476,-6.57050631072903,4 days 19:48:00,3 days 03:55:33.333333333,0.8384416948980256,-0.5777672274002676,-0.022942708137109295,-0.40192439600233265,0.9986930079192281,-0.03471532517273138,long
3099,"{'window_k': 192, 'window_d': 27, 'window_ma': 177}","open_time
2022-01-01 00:00:00    100.00000
2022-01-01 01:00:00    100.00000
2022-01-01 02:00:00    100.00000
2022-01-01 03:00:00    100.00000
2022-01-01 04:00:00    100.00000
                         ...    
2023-05-01 19:00:00     63.99106
2023-05-01 20:00:00     63.99106
2023-05-01 21:00:00     63.99106
2023-05-01 22:00:00     63.99106
2023-05-01 23:00:00     63.99106
Freq: H, Length: 11664, dtype: float64",2022-01-01,2023-05-01 23:00:00,486 days,100.0,32.01013504451273,109.69116080937167,63.99105963754158,-36.00894036245842,-70.17976286600607,36.78840877914952,100.0,70.81794484776945,469 days 22:00:00,190,0.0,95,36.84210526315789,25.370287253141825,-14.919252771730882,6.527411292045766,-4.152389281983941,2 days 21:48:00,1 days 06:48:00,0.7614616732116657,-0.3790414774995621,-0.15562180603707954,-0.40224514473810186,0.9909960704340741,-0.23909941177778143,long
1818,"{'window_k': 117, 'window_d': 27, 'window_ma': 162}","open_time
2022-01-01 00:00:00    100.000000
2022-01-01 01:00:00    100.000000
2022-01-01 02:00:00    100.000000
2022-01-01 03:00:00    100.000000
2022-01-01 04:00:00    100.000000
                          ...    
2023-05-01 19:00:00     66.484626
2023-05-01 20:00:00     66.484626
2023-05-01 21:00:00     66.484626
2023-05-01 22:00:00     66.484626
2023-05-01 23:00:00     66.484626
Freq: H, Length: 11664, dtype: float64",2022-01-01,2023-05-01 23:00:00,486 days,100.0,34.77839668379512,101.03585657370517,66.48462588396873,-33.51537411603127,-70.17976286600607,36.51406035665295,100.0,65.57816416548668,477 days 04:00:00,186,0.0,93,37.634408602150536,26.638322826565,-14.46156976448447,6.552263103545447,-4.235245472311822,2 days 20:01:42.857142857,1 days 08:22:45.517241379,0.7901693039129182,-0.3603803668390464,-0.11379569229689884,-0.402622844082776,0.993447190095764,-0.17628948477277823,long
490,"{'window_k': 27, 'window_d': 222, 'window_ma': 162}","open_time
2022-01-01 00:00:00    100.000000
2022-01-01 01:00:00    100.000000
2022-01-01 02:00:00    100.000000
2022-01-01 03:00:00    100.000000
2022-01-01 04:00:00    100.000000
                          ...    
2023-05-01 19:00:00     68.052667
2023-05-01 20:00:00     67.896381
2023-05-01 21:00:00     68.238256
2023-05-01 22:00:00     68.541060
2023-05-01 23:00:00     68.541060
Freq: H, Length: 11664, dtype: float64",2022-01-01,2023-05-01 23:00:00,486 days,100.0,47.484035599218004,122.84612540277851,68.5410598563665,-31.458940143633495,-70.17976286600607,34.302126200274344,100.0,61.34673727516356,451 days 16:00:00,63,0.0,32,29.03225806451613,35.27794146533099,-18.157650695517777,14.50725443330223,-6.6576148469749965,8 days 11:00:00,4 days 00:10:54.545454545,0.7382775509341256,-0.9886518685946939,-0.2594991013574683,-0.40263120657613305,0.9868744360053117,-0.3585029209427745,long
2151,"{'window_k': 132, 'window_d': 102, 'window_ma': 117}","open_time
2022-01-01 00:00:00    100.000000
2022-01-01 01:00:00    100.000000
2022-01-01 02:00:00    100.000000
2022-01-01 03:00:00    100.000000
2022-01-01 04:00:00    100.000000
                          ...    
2023-05-01 19:00:00     71.640338
2023-05-01 20:00:00     71.475813
2023-05-01 21:00:00     71.835712
2023-05-01 22:00:00     72.154479
2023-05-01 23:00:00     72.154479
Freq: H, Length: 11664, dtype: float64",2022-01-01,2023-05-01 23:00:00,486 days,100.0,59.39384895795842,129.04716876979037,72.15447877589843,-27.845521224101578,-70.17976286600607,38.93175582990398,100.0,53.975085603069516,451 days 16:00:00,75,0.0,38,35.13513513513514,31.848723363409476,-23.500220555800603,11.42144598663908,-6.544078859717509,6 days 17:27:41.538461538,4 days 01:30:00,0.8183619679287109,-0.7459117238016528,-0.07475715754762043,-0.4027390059382754,0.9961318225789288,-0.10587857156844203,long
3380,"{'window_k': 207, 'window_d': 57, 'window_ma': 72}","open_time
2022-01-01 00:00:00    100.000000
2022-01-01 01:00:00    100.000000
2022-01-01 02:00:00    100.000000
2022-01-01 03:00:00    100.000000
2022-01-01 04:00:00    100.000000
                          ...    
2023-05-01 19:00:00     74.197038
2023-05-01 20:00:00     74.197038
2023-05-01 21:00:00     74.197038
2023-05-01 22:00:00     74.197038
2023-05-01 23:00:00     74.197038
Freq: H, Length: 11664, dtype: float64",2022-01-01,2023-05-01 23:00:00,486 days,100.0,62.049868021990854,123.72247231070263,74.19703804500898,-25.802961954991023,-70.17976286600607,35.005144032921805,100.0,49.847536293838495,355 days 14:00:00,96,0.0,48,39.58333333333333,20.190439176059076,-16.957264957264957,7.257131750773017,-5.288942785290129,4 days 11:31:34.736842105,2 days 22:20:41.379310344,0.8106356749067742,-0.5375617073956462,-0.0008425813422390083,-0.40282425824548407,0.9999497776860371,-0.0012905511345488747,long
955,"{'window_k': 57, 'window_d': 177, 'window_ma': 177}","open_time
2022-01-01 00:00:00    100.000000
2022-01-01 01:00:00    100.000000
2022-01-01 02:00:00    100.000000
2022-01-01 03:00:00    100.000000
2022-01-01 04:00:00    100.000000
                          ...    
2023-05-01 19:00:00     66.642968
2023-05-01 20:00:00     66.489920
2023-05-01 21:00:00     66.824713
2023-05-01 22:00:00     67.121244
2023-05-01 23:00:00     67.121244
Freq: H, Length: 11664, dtype: float64",2022-01-01,2023-05-01 23:00:00,486 days,100.0,44.23706993531695,123.67468653269165,67.12124388874714,-32.878756111252855,-70.17976286600607,36.882716049382715,100.0,64.2311040557006,391 days 18:00:00,63,0.0,32,32.25806451612903,39.55439416861505,-26.76644121456325,13.55686926878397,-7.188290902927791,7 days 02:24:00,5 days 00:37:08.571428571,0.7411138240392676,-1.056593689344806,-0.2620308373660576,-0.40283646315420546,0.9869938473773047,-0.36197352854151005,long
2331,"{'window_k': 147, 'window_d': 27, 'window_ma': 177}","open_time
2022-01-01 00:00:00    100.000000
2022-01-01 01:00:00    100.000000
2022-01-01 02:00:00    100.000000
2022-01-01 03:00:00    100.000000
2022-01-01 04:00:00    100.000000
                          ...    
2023-05-01 19:00:00     67.285659
2023-05-01 20:00:00     67.285659
2023-05-01 21:00:00     67.285659
2023-05-01 22:00:00     67.285659
2023-05-01 23:00:00     67.285659
Freq: H, Length: 11664, dtype: float64",2022-01-01,2023-05-01 23:00:00,486 days,100.0,36.76829315847796,101.76343056957036,67.28565869407264,-32.71434130592736,-70.17976286600607,38.2716049382716,100.0,63.86885450629399,454 days 07:00:00,198,0.0,99,34.34343434343434,23.877814427075876,-14.848161147566003,6.6764945503289335,-3.7501750322268155,2 days 23:40:35.294117647,1 days 07:11:04.615384615,0.8015079392379759,-0.3304478919790652,-0.09791201674066963,-0.4029868244527201,0.9944480703362122,-0.15082124350879775,long
1813,"{'window_k': 117, 'window_d': 27, 'window_ma': 87}","open_time
2022-01-01 00:00:00    100.000000
2022-01-01 01:00:00    100.000000
2022-01-01 02:00:00    100.000000
2022-01-01 03:00:00    100.000000
2022-01-01 04:00:00    100.000000
                          ...    
2023-05-01 19:00:00     66.455064
2023-05-01 20:00:00     66.455064
2023-05-01 21:00:00     66.455064
2023-05-01 22:00:00     66.455064
2023-05-01 23:00:00     66.455064
Freq: H, Length: 11664, dtype: float64",2022-01-01,2023-05-01 23:00:00,486 days,100.0,34.77839668379512,101.03585657370517,66.45506369412168,-33.54493630587832,-70.17976286600607,36.882716049382715,100.0,65.57816416548668,477 days 04:00:00,186,0.0,93,37.634408602150536,26.63832282656501,-14.46156976448447,6.570445673073115,-4.2467938409754264,2 days 19:46:17.142857142,1 days 09:16:33.103448275,0.7903107181912978,-0.3606982398481535,-0.11352621829434176,-0.40299764038056407,0.9934876735746742,-0.17591600430017146,long
77,"{'window_k': 12, 'window_d': 72, 'window_ma': 207}","open_time
2022-01-01 00:00:00    100.00000
2022-01-01 01:00:00    100.00000
2022-01-01 02:00:00    100.00000
2022-01-01 03:00:00    100.00000
2022-01-01 04:00:00    100.00000
                         ...    
2023-05-01 19:00:00     75.79403
2023-05-01 20:00:00     75.79403
2023-05-01 21:00:00     75.79403
2023-05-01 22:00:00     75.79403
2023-05-01 23:00:00     75.79403
Freq: H, Length: 11664, dtype: float64",2022-01-01,2023-05-01 23:00:00,486 days,100.0,64.14576335223157,120.17476685536906,75.79402997048005,-24.205970029519946,-70.17976286600607,32.99897119341564,100.0,46.622935054718,439 days 04:00:00,178,0.0,89,35.95505617977528,20.199390750484618,-13.441909755145295,6.018087903561076,-3.623402964223727,2 days 14:18:45,1 days 08:52:30,0.8705438432310546,-0.2719771913429214,0.02095069778023867,-0.4030489799073106,1.0013436054389575,0.03346544186518941,long
4094,"{'window_k': 237, 'window_d': 237, 'window_ma': 222}","open_time
2022-01-01 00:00:00    100.000000
2022-01-01 01:00:00    100.000000
2022-01-01 02:00:00    100.000000
2022-01-01 03:00:00    100.000000
2022-01-01 04:00:00    100.000000
                          ...    
2023-05-01 19:00:00     73.379423
2023-05-01 20:00:00     73.379423
2023-05-01 21:00:00     73.379423
2023-05-01 22:00:00     73.379423
2023-05-01 23:00:00     73.379423
Freq: H, Length: 11664, dtype: float64",2022-01-01,2023-05-01 23:00:00,486 days,100.0,58.4543272168821,120.42721664835047,73.37942255774489,-26.62057744225511,-70.17976286600607,35.57098765432099,100.0,51.460866701279215,349 days 17:00:00,34,0.0,17,35.294117647058826,36.75582398619501,-21.4941473490934,14.16128292464172,-8.912143930156642,12 days 14:19:59.999999999,8 days 20:16:21.818181818,0.6810186090465749,-1.5659163201326516,-0.17579352715851232,-0.4030660036615166,0.9909187673776928,-0.24475481841862148,long
1601,"{'window_k': 102, 'window_d': 72, 'window_ma': 27}","open_time
2022-01-01 00:00:00    100.000000
2022-01-01 01:00:00    100.000000
2022-01-01 02:00:00    100.000000
2022-01-01 03:00:00    100.000000
2022-01-01 04:00:00    100.000000
                          ...    
2023-05-01 19:00:00     75.121801
2023-05-01 20:00:00     74.949281
2023-05-01 21:00:00     75.326669
2023-05-01 22:00:00     75.660927
2023-05-01 23:00:00     75.660927
Freq: H, Length: 11664, dtype: float64",2022-01-01,2023-05-01 23:00:00,486 days,100.0,59.90405809231328,112.78022152919733,75.66092710763778,-24.339072892362225,-70.17976286600607,30.81275720164609,100.0,46.88425214982851,453 days 11:00:00,103,0.0,52,43.13725490196079,20.56530214424951,-17.674642298905844,6.000359860482087,-5.042586509974862,3 days 13:21:49.090909090,2 days 06:31:02.068965517,0.8194859513606783,-0.47596819187871464,-0.14307377851102074,-0.4030874843782699,0.9919485635252335,-0.20192141622463722,long
3129,"{'window_k': 192, 'window_d': 57, 'window_ma': 147}","open_time
2022-01-01 00:00:00    100.000000
2022-01-01 01:00:00    100.000000
2022-01-01 02:00:00    100.000000
2022-01-01 03:00:00    100.000000
2022-01-01 04:00:00    100.000000
                          ...    
2023-05-01 19:00:00     75.632578
2023-05-01 20:00:00     75.458884
2023-05-01 21:00:00     75.838838
2023-05-01 22:00:00     76.175369
2023-05-01 23:00:00     76.175369
Freq: H, Length: 11664, dtype: float64",2022-01-01,2023-05-01 23:00:00,486 days,100.0,63.64079169256251,117.52034106455498,76.17536912124201,-23.824630878757986,-70.17976286600607,37.74862825788752,100.0,45.84699881222771,453 days 11:00:00,95,0.0,48,42.5531914893617,20.182241178751475,-17.211933015415333,6.986190911437385,-5.662200094251242,5 days 01:57:00,2 days 20:17:46.666666666,0.8279450669087945,-0.5032114377857577,0.036437195812890705,-0.4031814976851783,1.0020893021613853,0.05568530145167938,long
949,"{'window_k': 57, 'window_d': 177, 'window_ma': 87}","open_time
2022-01-01 00:00:00    100.00000
2022-01-01 01:00:00    100.00000
2022-01-01 02:00:00    100.00000
2022-01-01 03:00:00    100.00000
2022-01-01 04:00:00    100.00000
                         ...    
2023-05-01 19:00:00     67.42059
2023-05-01 20:00:00     67.42059
2023-05-01 21:00:00     67.42059
2023-05-01 22:00:00     67.42059
2023-05-01 23:00:00     67.42059
Freq: H, Length: 11664, dtype: float64",2022-01-01,2023-05-01 23:00:00,486 days,100.0,45.4124133801117,124.57318404984301,67.42058963721024,-32.57941036278976,-70.17976286600607,35.005144032921805,100.0,63.54559472290463,409 days 07:00:00,64,0.0,32,25.0,39.78819969742812,-26.76644121456325,17.111055381450036,-6.322196326745115,7 days 12:52:30,4 days 13:50:00,0.7469997302059805,-1.0181065738371795,-0.29017161726047713,-0.40327722849179515,0.9851929021432391,-0.40183900370496844,long
1578,"{'window_k': 102, 'window_d': 42, 'window_ma': 162}","open_time
2022-01-01 00:00:00    100.000000
2022-01-01 01:00:00    100.000000
2022-01-01 02:00:00    100.000000
2022-01-01 03:00:00    100.000000
2022-01-01 04:00:00    100.000000
                          ...    
2023-05-01 19:00:00     69.206081
2023-05-01 20:00:00     69.206081
2023-05-01 21:00:00     69.206081
2023-05-01 22:00:00     69.206081
2023-05-01 23:00:00     69.206081
Freq: H, Length: 11664, dtype: float64",2022-01-01,2023-05-01 23:00:00,486 days,100.0,54.63853943610963,136.1172342385491,69.20608127182167,-30.793918728178326,-70.17976286600607,42.90980795610425,100.0,59.859205381477175,355 days 14:00:00,132,0.0,66,36.36363636363637,19.560140132347215,-14.864040970613338,7.551254590128161,-4.754129981432444,4 days 06:15:00,2 days 12:44:17.142857142,0.8215746660564608,-0.4665745261845209,-0.020496412350826203,-0.40348129869531674,0.9989116656310887,-0.03145922232986819,long
1259,"{'window_k': 72, 'window_d': 222, 'window_ma': 177}","open_time
2022-01-01 00:00:00    100.000000
2022-01-01 01:00:00    100.000000
2022-01-01 02:00:00    100.000000
2022-01-01 03:00:00    100.000000
2022-01-01 04:00:00    100.000000
                          ...    
2023-05-01 19:00:00     65.324756
2023-05-01 20:00:00     65.174735
2023-05-01 21:00:00     65.502905
2023-05-01 22:00:00     65.793571
2023-05-01 23:00:00     65.793571
Freq: H, Length: 11664, dtype: float64",2022-01-01,2023-05-01 23:00:00,486 days,100.0,44.31140344755567,133.70616312252892,65.79357105482305,-34.20642894517695,-70.17976286600607,34.88511659807956,100.0,66.85911672826292,391 days 18:00:00,49,0.0,25,41.66666666666667,40.37020713970912,-27.28974020255393,11.34878659595282,-9.500426530036323,9 days 02:42:00,5 days 13:38:34.285714285,0.6628803305937585,-1.4315187464086265,-0.3076220942745301,-0.4035131867525727,0.9842267490447477,-0.42697304322943386,long
3666,"{'window_k': 222, 'window_d': 87, 'window_ma': 42}","open_time
2022-01-01 00:00:00    100.000000
2022-01-01 01:00:00    100.000000
2022-01-01 02:00:00    100.000000
2022-01-01 03:00:00    100.000000
2022-01-01 04:00:00    100.000000
                          ...    
2023-05-01 19:00:00     71.563686
2023-05-01 20:00:00     71.563686
2023-05-01 21:00:00     71.563686
2023-05-01 22:00:00     71.563686
2023-05-01 23:00:00     71.563686
Freq: H, Length: 11664, dtype: float64",2022-01-01,2023-05-01 23:00:00,486 days,100.0,52.421090970630885,116.65060594316427,71.56368596086718,-28.436314039132824,-70.17976286600607,26.611796982167352,100.0,55.06144991979549,355 days 14:00:00,66,0.0,33,33.33333333333333,32.52509945065355,-21.52395915161037,12.413975318859674,-6.7513146128315435,5 days 19:38:10.909090909,2 days 23:16:21.818181818,0.7801622441522699,-0.8617064860343282,-0.1124853667329154,-0.40354231503767685,0.9922084765144821,-0.17470113583357536,long
925,"{'window_k': 57, 'window_d': 147, 'window_ma': 207}","open_time
2022-01-01 00:00:00    100.000000
2022-01-01 01:00:00    100.000000
2022-01-01 02:00:00    100.000000
2022-01-01 03:00:00    100.000000
2022-01-01 04:00:00    100.000000
                          ...    
2023-05-01 19:00:00     66.118880
2023-05-01 20:00:00     65.967035
2023-05-01 21:00:00     66.299196
2023-05-01 22:00:00     66.593395
2023-05-01 23:00:00     66.593395
Freq: H, Length: 11664, dtype: float64",2022-01-01,2023-05-01 23:00:00,486 days,100.0,44.0477363820048,126.5810233331487,66.59339473200546,-33.406605267994536,-70.17976286600607,38.91460905349795,100.0,65.20194321223369,397 days 07:00:00,71,0.0,36,31.428571428571427,35.3771760154739,-22.139332032594965,13.480871969225404,-6.844617801407871,7 days 23:27:16.363636363,4 days 01:30:00,0.7575305066858548,-0.9612532178334967,-0.21997105856220614,-0.403559418772081,0.9894018943674185,-0.30689795437061423,long
2478,"{'window_k': 147, 'window_d': 162, 'window_ma': 222}","open_time
2022-01-01 00:00:00    100.000000
2022-01-01 01:00:00    100.000000
2022-01-01 02:00:00    100.000000
2022-01-01 03:00:00    100.000000
2022-01-01 04:00:00    100.000000
                          ...    
2023-05-01 19:00:00     67.459554
2023-05-01 20:00:00     67.304631
2023-05-01 21:00:00     67.643526
2023-05-01 22:00:00     67.943691
2023-05-01 23:00:00     67.943691
Freq: H, Length: 11664, dtype: float64",2022-01-01,2023-05-01 23:00:00,486 days,100.0,50.54014267122248,134.4635699617709,67.94369053083702,-32.05630946916298,-70.17976286600607,37.02846364883402,100.0,62.413505244884206,391 days 18:00:00,51,0.0,26,28.000000000000004,39.165924606708245,-20.9652076318743,16.278421944195063,-7.721244140054244,10 days 18:00:00,6 days 00:45:52.941176470,0.7155672557211713,-1.2741188886644954,-0.21668824488666738,-0.4036550990159126,0.9892152223651934,-0.305848725590127,long
1766,"{'window_k': 102, 'window_d': 222, 'window_ma': 102}","open_time
2022-01-01 00:00:00    100.000000
2022-01-01 01:00:00    100.000000
2022-01-01 02:00:00    100.000000
2022-01-01 03:00:00    100.000000
2022-01-01 04:00:00    100.000000
                          ...    
2023-05-01 19:00:00     66.842506
2023-05-01 20:00:00     66.842506
2023-05-01 21:00:00     66.842506
2023-05-01 22:00:00     66.842506
2023-05-01 23:00:00     66.842506
Freq: H, Length: 11664, dtype: float64",2022-01-01,2023-05-01 23:00:00,486 days,100.0,42.633761481623786,120.60989523908307,66.84250572806764,-33.157494271932364,-70.17976286600607,29.921124828532236,100.0,64.65152266560587,451 days 16:00:00,50,0.0,25,28.000000000000004,44.19873212442873,-17.00447486180574,14.512352052479315,-6.858669301071233,8 days 22:51:25.714285714,4 days 14:20:00,0.636028188842813,-1.3262997708772946,-0.3634463272247357,-0.403794598443664,0.9801274245750309,-0.5046342876966714,long
3030,"{'window_k': 177, 'window_d': 207, 'window_ma': 102}","open_time
2022-01-01 00:00:00    100.000000
2022-01-01 01:00:00    100.000000
2022-01-01 02:00:00    100.000000
2022-01-01 03:00:00    100.000000
2022-01-01 04:00:00    100.000000
                          ...    
2023-05-01 19:00:00     70.029491
2023-05-01 20:00:00     70.029491
2023-05-01 21:00:00     70.029491
2023-05-01 22:00:00     70.029491
2023-05-01 23:00:00     70.029491
Freq: H, Length: 11664, dtype: float64",2022-01-01,2023-05-01 23:00:00,486 days,100.0,50.185685383131506,119.8639315534481,70.02949122332853,-29.970508776671466,-70.17976286600607,26.277434842249658,100.0,58.131120235486854,451 days 16:00:00,42,0.0,21,14.285714285714285,41.08983799705449,-12.38101533580116,25.16330145218419,-5.7185848373988755,13 days 04:40:00,5 days 04:21:10.588235294,0.6202005196908026,-1.4271670846034037,-0.322985749167221,-0.4038338601592098,0.9810172880266258,-0.4477830383391075,long
1989,"{'window_k': 117, 'window_d': 192, 'window_ma': 87}","open_time
2022-01-01 00:00:00    100.000000
2022-01-01 01:00:00    100.000000
2022-01-01 02:00:00    100.000000
2022-01-01 03:00:00    100.000000
2022-01-01 04:00:00    100.000000
                          ...    
2023-05-01 19:00:00     65.547750
2023-05-01 20:00:00     65.397217
2023-05-01 21:00:00     65.726509
2023-05-01 22:00:00     66.018166
2023-05-01 23:00:00     66.018166
Freq: H, Length: 11664, dtype: float64",2022-01-01,2023-05-01 23:00:00,486 days,100.0,42.72302811156337,126.84389665797292,66.01816637151153,-33.981833628488474,-70.17976286600607,35.01371742112483,100.0,66.3184203282847,391 days 18:00:00,51,0.0,26,36.0,32.29527104959631,-24.919951418792095,13.445378032564692,-8.90216913837091,8 days 15:26:40,5 days 17:00:00,0.705691927754503,-1.3923906239805994,-0.3246507947761731,-0.4039813761581829,0.9834232412229711,-0.4510021692760892,long
1997,"{'window_k': 117, 'window_d': 192, 'window_ma': 207}","open_time
2022-01-01 00:00:00    100.000000
2022-01-01 01:00:00    100.000000
2022-01-01 02:00:00    100.000000
2022-01-01 03:00:00    100.000000
2022-01-01 04:00:00    100.000000
                          ...    
2023-05-01 19:00:00     65.323129
2023-05-01 20:00:00     65.173112
2023-05-01 21:00:00     65.501274
2023-05-01 22:00:00     65.791933
2023-05-01 23:00:00     65.791933
Freq: H, Length: 11664, dtype: float64",2022-01-01,2023-05-01 23:00:00,486 days,100.0,41.242068511810125,124.07170294494236,65.79193282920215,-34.20806717079785,-70.17976286600607,36.95130315500686,100.0,66.75948864012001,451 days 16:00:00,51,0.0,26,32.0,39.49764982373679,-24.919951418792095,15.797813278183618,-8.499670316265535,10 days 14:37:30,5 days 12:14:07.058823529,0.6810639363326212,-1.401326478132869,-0.2832298920459523,-0.404135821381644,0.9857531639237148,-0.39621840418794746,long
2591,"{'window_k': 162, 'window_d': 27, 'window_ma': 237}","open_time
2022-01-01 00:00:00    100.000000
2022-01-01 01:00:00    100.000000
2022-01-01 02:00:00    100.000000
2022-01-01 03:00:00    100.000000
2022-01-01 04:00:00    100.000000
                          ...    
2023-05-01 19:00:00     68.108856
2023-05-01 20:00:00     68.108856
2023-05-01 21:00:00     68.108856
2023-05-01 22:00:00     68.108856
2023-05-01 23:00:00     68.108856
Freq: H, Length: 11664, dtype: float64",2022-01-01,2023-05-01 23:00:00,486 days,100.0,40.19034113888384,105.49295897451046,68.10885600183279,-31.89114399816721,-70.17976286600607,38.37448559670782,100.0,61.90234729448175,469 days 22:00:00,198,0.0,99,36.36363636363637,24.304620906235982,-14.461569764484475,6.456777674982737,-3.9419414421652763,2 days 22:41:40,1 days 06:39:02.857142857,0.8161118611592724,-0.32213276765825505,-0.08254673588414181,-0.4047826729670941,0.995320765046711,-0.12748032533380058,long
2921,"{'window_k': 177, 'window_d': 102, 'window_ma': 147}","open_time
2022-01-01 00:00:00    100.000000
2022-01-01 01:00:00    100.000000
2022-01-01 02:00:00    100.000000
2022-01-01 03:00:00    100.000000
2022-01-01 04:00:00    100.000000
                          ...    
2023-05-01 19:00:00     68.860383
2023-05-01 20:00:00     68.702242
2023-05-01 21:00:00     69.048175
2023-05-01 22:00:00     69.354573
2023-05-01 23:00:00     69.354573
Freq: H, Length: 11664, dtype: float64",2022-01-01,2023-05-01 23:00:00,486 days,100.0,53.86935732383259,132.47850876238635,69.35457269512558,-30.645427304874417,-70.17976286600607,42.07818930041152,100.0,59.33728585332075,309 days 12:00:00,67,0.0,34,36.36363636363637,30.291556228701243,-23.081164534627263,11.828783635299827,-7.454547180698705,8 days 14:25:00,4 days 15:31:25.714285714,0.7910856583478297,-0.9238571704008076,-0.034418126414084656,-0.4049709711384968,0.9981886821394484,-0.051893100951769654,long
848,"{'window_k': 57, 'window_d': 87, 'window_ma': 12}","open_time
2022-01-01 00:00:00    100.000000
2022-01-01 01:00:00    100.000000
2022-01-01 02:00:00    100.000000
2022-01-01 03:00:00    100.000000
2022-01-01 04:00:00    100.000000
                          ...    
2023-05-01 19:00:00     69.224993
2023-05-01 20:00:00     69.224993
2023-05-01 21:00:00     69.224993
2023-05-01 22:00:00     69.224993
2023-05-01 23:00:00     69.224993
Freq: H, Length: 11664, dtype: float64",2022-01-01,2023-05-01 23:00:00,486 days,100.0,61.3360046464328,151.7059114629098,69.22499275019865,-30.77500724980135,-70.17976286600607,18.5099451303155,100.0,59.56914001902379,355 days 14:00:00,106,0.0,53,49.056603773584904,15.580990854513828,-23.31986388770735,4.436184076944957,-5.160452467634389,1 days 09:39:13.846153846,1 days 23:33:20,0.7893568533063287,-0.580660514147195,-0.32442061205296613,-0.40518470278029106,0.9727342354844419,-0.5124536763735361,long
1814,"{'window_k': 117, 'window_d': 27, 'window_ma': 102}","open_time
2022-01-01 00:00:00    100.000000
2022-01-01 01:00:00    100.000000
2022-01-01 02:00:00    100.000000
2022-01-01 03:00:00    100.000000
2022-01-01 04:00:00    100.000000
                          ...    
2023-05-01 19:00:00     66.278702
2023-05-01 20:00:00     66.278702
2023-05-01 21:00:00     66.278702
2023-05-01 22:00:00     66.278702
2023-05-01 23:00:00     66.278702
Freq: H, Length: 11664, dtype: float64",2022-01-01,2023-05-01 23:00:00,486 days,100.0,34.77839668379512,101.03585657370517,66.27870157568267,-33.721298424317325,-70.17976286600607,36.44547325102881,100.0,65.57816416548668,477 days 04:00:00,186,0.0,93,37.634408602150536,26.638322826565012,-14.46156976448447,6.4759142742275,-4.196603294128481,2 days 18:17:08.571428571,1 days 09:17:35.172413793,0.7893793817922621,-0.3625946067130892,-0.11789765270790933,-0.405234463562426,0.9931999069670284,-0.18269554645515024,long
2155,"{'window_k': 132, 'window_d': 102, 'window_ma': 177}","open_time
2022-01-01 00:00:00    100.000000
2022-01-01 01:00:00    100.000000
2022-01-01 02:00:00    100.000000
2022-01-01 03:00:00    100.000000
2022-01-01 04:00:00    100.000000
                          ...    
2023-05-01 19:00:00     69.080463
2023-05-01 20:00:00     68.921817
2023-05-01 21:00:00     69.268855
2023-05-01 22:00:00     69.576232
2023-05-01 23:00:00     69.576232
Freq: H, Length: 11664, dtype: float64",2022-01-01,2023-05-01 23:00:00,486 days,100.0,54.73465735385346,133.00628293189754,69.5762318673411,-30.423768132658907,-70.17976286600607,42.13820301783265,100.0,58.84806631136444,391 days 18:00:00,75,0.0,38,32.432432432432435,31.848723363409487,-23.500220555800606,13.456114738703686,-6.852335690213112,7 days 09:35:00,4 days 11:16:48,0.8040047042362181,-0.8158324047854872,-0.09229024207568072,-0.40524014531543767,0.9954507864404782,-0.1305298392502611,long
2927,"{'window_k': 177, 'window_d': 102, 'window_ma': 237}","open_time
2022-01-01 00:00:00    100.000000
2022-01-01 01:00:00    100.000000
2022-01-01 02:00:00    100.000000
2022-01-01 03:00:00    100.000000
2022-01-01 04:00:00    100.000000
                          ...    
2023-05-01 19:00:00     68.330200
2023-05-01 20:00:00     68.173277
2023-05-01 21:00:00     68.516546
2023-05-01 22:00:00     68.820585
2023-05-01 23:00:00     68.820585
Freq: H, Length: 11664, dtype: float64",2022-01-01,2023-05-01 23:00:00,486 days,100.0,53.454596200863875,134.88546538195632,68.82058487936007,-31.17941512063993,-70.17976286600607,41.786694101508914,100.0,60.37038086387141,309 days 12:00:00,67,0.0,34,33.33333333333333,30.291556228701253,-23.08116453462727,12.905151687707948,-7.148727041453008,8 days 18:21:49.090909091,4 days 16:19:05.454545454,0.7872988962545212,-0.9400755159265195,-0.043740257828259944,-0.40532451058375496,0.9976866547020039,-0.06592347933085943,long
1595,"{'window_k': 102, 'window_d': 57, 'window_ma': 177}","open_time
2022-01-01 00:00:00    100.000000
2022-01-01 01:00:00    100.000000
2022-01-01 02:00:00    100.000000
2022-01-01 03:00:00    100.000000
2022-01-01 04:00:00    100.000000
                          ...    
2023-05-01 19:00:00     71.798754
2023-05-01 20:00:00     71.798754
2023-05-01 21:00:00     71.798754
2023-05-01 22:00:00     71.798754
2023-05-01 23:00:00     71.798754
Freq: H, Length: 11664, dtype: float64",2022-01-01,2023-05-01 23:00:00,486 days,100.0,59.780316747079155,138.42420082515238,71.79875376607659,-28.201246233923417,-70.17976286600607,43.35562414266118,100.0,54.33343423414314,194 days 16:00:00,114,0.0,57,35.08771929824561,34.98877294941224,-20.093245394587207,9.134454680544648,-5.212095694552197,4 days 18:18:00,3 days 02:53:30.810810810,0.8445426331259317,-0.4947587058583065,0.020763173778625247,-0.405419329650616,1.0010785993763145,0.031276358939043375,long
1697,"{'window_k': 102, 'window_d': 162, 'window_ma': 27}","open_time
2022-01-01 00:00:00    100.000000
2022-01-01 01:00:00    100.000000
2022-01-01 02:00:00    100.000000
2022-01-01 03:00:00    100.000000
2022-01-01 04:00:00    100.000000
                          ...    
2023-05-01 19:00:00     66.986386
2023-05-01 20:00:00     66.832549
2023-05-01 21:00:00     67.169067
2023-05-01 22:00:00     67.467126
2023-05-01 23:00:00     67.467126
Freq: H, Length: 11664, dtype: float64",2022-01-01,2023-05-01 23:00:00,486 days,100.0,53.65798739102134,145.34849707422933,67.46712630849464,-32.53287369150536,-70.17976286600607,24.314128943758572,100.0,63.08321828493468,355 days 14:00:00,63,0.0,32,41.935483870967744,25.94958173185621,-13.487302539492102,7.085761509177272,-6.607270759778439,2 days 19:04:36.923076923,4 days 09:50:00,0.6969483428946412,-1.0209132616774554,-0.3036393695488189,-0.4056219800297277,0.9782157831906355,-0.46909579438983,long
762,"{'window_k': 42, 'window_d': 237, 'window_ma': 162}","open_time
2022-01-01 00:00:00    100.000000
2022-01-01 01:00:00    100.000000
2022-01-01 02:00:00    100.000000
2022-01-01 03:00:00    100.000000
2022-01-01 04:00:00    100.000000
                          ...    
2023-05-01 19:00:00     64.098474
2023-05-01 20:00:00     63.951270
2023-05-01 21:00:00     64.273280
2023-05-01 22:00:00     64.558489
2023-05-01 23:00:00     64.558489
Freq: H, Length: 11664, dtype: float64",2022-01-01,2023-05-01 23:00:00,486 days,100.0,40.74324681926026,131.56614499783427,64.55848927390737,-35.44151072609263,-70.17976286600607,34.224965706447186,100.0,69.03211930399652,391 days 18:00:00,53,0.0,27,30.76923076923077,29.89202500473577,-22.284940167080606,14.729917919416192,-7.870618739955885,10 days 00:22:30,4 days 18:33:20,0.682325951467068,-1.3684428920100666,-0.36030323443034223,-0.40575957675896457,0.9818278296126328,-0.5023098331127089,long
1437,"{'window_k': 87, 'window_d': 147, 'window_ma': 207}","open_time
2022-01-01 00:00:00    100.000000
2022-01-01 01:00:00    100.000000
2022-01-01 02:00:00    100.000000
2022-01-01 03:00:00    100.000000
2022-01-01 04:00:00    100.000000
                          ...    
2023-05-01 19:00:00     67.845443
2023-05-01 20:00:00     67.689634
2023-05-01 21:00:00     68.030468
2023-05-01 22:00:00     68.332349
2023-05-01 23:00:00     68.332349
Freq: H, Length: 11664, dtype: float64",2022-01-01,2023-05-01 23:00:00,486 days,100.0,47.98427967144232,123.60100609749563,68.33234917117224,-31.66765082882776,-70.17976286600607,40.38065843621399,100.0,61.17808326447387,451 days 16:00:00,67,0.0,34,27.27272727272727,31.49492017416547,-16.105828447553833,13.10305134850597,-5.77138454617512,7 days 14:00:00,5 days 04:40:00,0.7134381200207612,-0.9717246521733038,-0.18489479799547406,-0.40655704627436334,0.9911357825984609,-0.25884930561917935,long
2156,"{'window_k': 132, 'window_d': 102, 'window_ma': 192}","open_time
2022-01-01 00:00:00    100.000000
2022-01-01 01:00:00    100.000000
2022-01-01 02:00:00    100.000000
2022-01-01 03:00:00    100.000000
2022-01-01 04:00:00    100.000000
                          ...    
2023-05-01 19:00:00     68.511763
2023-05-01 20:00:00     68.354423
2023-05-01 21:00:00     68.698605
2023-05-01 22:00:00     69.003451
2023-05-01 23:00:00     69.003451
Freq: H, Length: 11664, dtype: float64",2022-01-01,2023-05-01 23:00:00,486 days,100.0,53.44903197055059,133.00628293189754,69.0034510781543,-30.9965489218457,-70.17976286600607,42.789780521262,100.0,59.814656276111556,391 days 18:00:00,75,0.0,38,32.432432432432435,31.848723363409476,-23.500220555800603,13.456114738703686,-6.881267215647294,7 days 09:35:00,4 days 14:19:12,0.7986771875066632,-0.831365914280437,-0.09440384535702316,-0.4065712076233869,0.995383936958385,-0.13367295675427535,long
985,"{'window_k': 57, 'window_d': 207, 'window_ma': 147}","open_time
2022-01-01 00:00:00    100.000000
2022-01-01 01:00:00    100.000000
2022-01-01 02:00:00    100.000000
2022-01-01 03:00:00    100.000000
2022-01-01 04:00:00    100.000000
                          ...    
2023-05-01 19:00:00     63.233879
2023-05-01 20:00:00     63.088660
2023-05-01 21:00:00     63.406327
2023-05-01 22:00:00     63.687689
2023-05-01 23:00:00     63.687689
Freq: H, Length: 11664, dtype: float64",2022-01-01,2023-05-01 23:00:00,486 days,100.0,41.16705180310866,140.36303121979975,63.68768907967961,-36.31231092032039,-70.17976286600607,35.75102880658436,100.0,70.67101540530025,355 days 14:00:00,55,0.0,28,37.03703703703704,31.119147316330427,-19.541431030243427,10.699664322602061,-7.9445540881309435,8 days 23:12:00,4 days 20:00:00,0.6588435443557799,-1.3475896486338783,-0.24878810062284734,-0.4066865276805608,0.9860899539843437,-0.36840870395253267,long
1822,"{'window_k': 117, 'window_d': 27, 'window_ma': 222}","open_time
2022-01-01 00:00:00    100.000000
2022-01-01 01:00:00    100.000000
2022-01-01 02:00:00    100.000000
2022-01-01 03:00:00    100.000000
2022-01-01 04:00:00    100.000000
                          ...    
2023-05-01 19:00:00     66.147348
2023-05-01 20:00:00     66.147348
2023-05-01 21:00:00     66.147348
2023-05-01 22:00:00     66.147348
2023-05-01 23:00:00     66.147348
Freq: H, Length: 11664, dtype: float64",2022-01-01,2023-05-01 23:00:00,486 days,100.0,34.77839668379512,101.03585657370517,66.14734799708624,-33.85265200291376,-70.17976286600607,37.01131687242798,100.0,65.57816416548668,477 days 04:00:00,186,0.0,93,37.634408602150536,26.63832282656502,-14.46156976448447,6.5522631035454495,-4.243957239533401,2 days 20:01:42.857142857,1 days 09:22:45.517241379,0.7882945896016986,-0.3640070107840192,-0.11834523738765226,-0.4069014006156804,0.9932237926137313,-0.18335001935772177,long
1817,"{'window_k': 117, 'window_d': 27, 'window_ma': 147}","open_time
2022-01-01 00:00:00    100.000000
2022-01-01 01:00:00    100.000000
2022-01-01 02:00:00    100.000000
2022-01-01 03:00:00    100.000000
2022-01-01 04:00:00    100.000000
                          ...    
2023-05-01 19:00:00     66.147348
2023-05-01 20:00:00     66.147348
2023-05-01 21:00:00     66.147348
2023-05-01 22:00:00     66.147348
2023-05-01 23:00:00     66.147348
Freq: H, Length: 11664, dtype: float64",2022-01-01,2023-05-01 23:00:00,486 days,100.0,34.77839668379512,101.03585657370517,66.14734799708624,-33.85265200291376,-70.17976286600607,37.01131687242798,100.0,65.57816416548668,477 days 04:00:00,186,0.0,93,37.634408602150536,26.63832282656502,-14.46156976448447,6.5522631035454495,-4.243957239533401,2 days 20:01:42.857142857,1 days 09:22:45.517241379,0.7882945896016986,-0.3640070107840192,-0.11834523738765226,-0.4069014006156804,0.9932237926137313,-0.18335001935772177,long
1820,"{'window_k': 117, 'window_d': 27, 'window_ma': 192}","open_time
2022-01-01 00:00:00    100.000000
2022-01-01 01:00:00    100.000000
2022-01-01 02:00:00    100.000000
2022-01-01 03:00:00    100.000000
2022-01-01 04:00:00    100.000000
                          ...    
2023-05-01 19:00:00     66.147348
2023-05-01 20:00:00     66.147348
2023-05-01 21:00:00     66.147348
2023-05-01 22:00:00     66.147348
2023-05-01 23:00:00     66.147348
Freq: H, Length: 11664, dtype: float64",2022-01-01,2023-05-01 23:00:00,486 days,100.0,34.77839668379512,101.03585657370517,66.14734799708624,-33.85265200291376,-70.17976286600607,37.01131687242798,100.0,65.57816416548668,477 days 04:00:00,186,0.0,93,37.634408602150536,26.63832282656502,-14.46156976448447,6.5522631035454495,-4.243957239533401,2 days 20:01:42.857142857,1 days 09:22:45.517241379,0.7882945896016986,-0.3640070107840192,-0.11834523738765226,-0.4069014006156804,0.9932237926137313,-0.18335001935772177,long
411,"{'window_k': 27, 'window_d': 147, 'window_ma': 177}","open_time
2022-01-01 00:00:00    100.000000
2022-01-01 01:00:00    100.000000
2022-01-01 02:00:00    100.000000
2022-01-01 03:00:00    100.000000
2022-01-01 04:00:00    100.000000
                          ...    
2023-05-01 19:00:00     69.809682
2023-05-01 20:00:00     69.649361
2023-05-01 21:00:00     70.000063
2023-05-01 22:00:00     70.310684
2023-05-01 23:00:00     70.310684
Freq: H, Length: 11664, dtype: float64",2022-01-01,2023-05-01 23:00:00,486 days,100.0,53.01788171755822,123.62751371598833,70.31068415157416,-29.689315848425835,-70.17976286600607,33.401920438957475,100.0,57.11482005586787,451 days 16:00:00,83,0.0,42,29.268292682926827,32.66397183465901,-13.750174849629312,10.419488404881665,-4.900274124555313,6 days 11:09:59.999999999,2 days 18:35:10.344827586,0.7475171679002484,-0.7248628291600503,-0.22670468606416247,-0.4069812114723556,0.9883158893045527,-0.3164183184716196,long
60,"{'window_k': 12, 'window_d': 57, 'window_ma': 192}","open_time
2022-01-01 00:00:00    100.000000
2022-01-01 01:00:00    100.000000
2022-01-01 02:00:00    100.000000
2022-01-01 03:00:00    100.000000
2022-01-01 04:00:00    100.000000
                          ...    
2023-05-01 19:00:00     69.125749
2023-05-01 20:00:00     69.125749
2023-05-01 21:00:00     69.125749
2023-05-01 22:00:00     69.125749
2023-05-01 23:00:00     69.125749
Freq: H, Length: 11664, dtype: float64",2022-01-01,2023-05-01 23:00:00,486 days,100.0,40.72361007391487,100.54757622080692,69.12574904965913,-30.874250950340866,-70.17976286600607,36.762688614540465,100.0,59.49816832532689,481 days 09:00:00,252,0.0,126,34.12698412698413,21.481973749792317,-11.256530687635244,5.4121930267919325,-3.0090562284061413,2 days 04:18:08.372093023,1 days 00:33:58.554216867,0.8283837602328802,-0.24503373770111803,-0.04096460152876822,-0.40704112659486547,0.9975531311590096,-0.06511672347220437,long
3815,"{'window_k': 222, 'window_d': 222, 'window_ma': 117}","open_time
2022-01-01 00:00:00    100.000000
2022-01-01 01:00:00    100.000000
2022-01-01 02:00:00    100.000000
2022-01-01 03:00:00    100.000000
2022-01-01 04:00:00    100.000000
                          ...    
2023-05-01 19:00:00     70.434881
2023-05-01 20:00:00     70.434881
2023-05-01 21:00:00     70.434881
2023-05-01 22:00:00     70.434881
2023-05-01 23:00:00     70.434881
Freq: H, Length: 11664, dtype: float64",2022-01-01,2023-05-01 23:00:00,486 days,100.0,58.223271886039456,134.88419322958697,70.43488077343468,-29.56511922656532,-70.17976286600607,28.189300411522634,100.0,56.834621987961654,309 days 12:00:00,36,0.0,18,44.44444444444444,26.207662409772347,-18.767692017361764,7.0554546097368815,-8.123517711406986,7 days 04:52:30,7 days 22:30:00,0.5945055453846092,-1.642506623698074,-0.30740416142012694,-0.40719644824267204,0.9820732298789114,-0.4308252051536107,long
1752,"{'window_k': 102, 'window_d': 207, 'window_ma': 132}","open_time
2022-01-01 00:00:00    100.000000
2022-01-01 01:00:00    100.000000
2022-01-01 02:00:00    100.000000
2022-01-01 03:00:00    100.000000
2022-01-01 04:00:00    100.000000
                          ...    
2023-05-01 19:00:00     64.407281
2023-05-01 20:00:00     64.259367
2023-05-01 21:00:00     64.582929
2023-05-01 22:00:00     64.869512
2023-05-01 23:00:00     64.869512
Freq: H, Length: 11664, dtype: float64",2022-01-01,2023-05-01 23:00:00,486 days,100.0,41.653970798664595,130.6323976137561,64.86951242250359,-35.13048757749641,-70.17976286600607,33.89060356652949,100.0,68.1135984950503,391 days 18:00:00,49,0.0,25,33.33333333333333,41.83044881196834,-36.75500969618617,16.929013063267934,-9.248511942985164,9 days 18:07:30,5 days 08:56:15,0.6799417773725629,-1.5080674627089001,-0.2853028102336319,-0.4074094657578681,0.9847765816869238,-0.3910262030298781,long
764,"{'window_k': 42, 'window_d': 237, 'window_ma': 192}","open_time
2022-01-01 00:00:00    100.000000
2022-01-01 01:00:00    100.000000
2022-01-01 02:00:00    100.000000
2022-01-01 03:00:00    100.000000
2022-01-01 04:00:00    100.000000
                          ...    
2023-05-01 19:00:00     64.155278
2023-05-01 20:00:00     64.007943
2023-05-01 21:00:00     64.330239
2023-05-01 22:00:00     64.615701
2023-05-01 23:00:00     64.615701
Freq: H, Length: 11664, dtype: float64",2022-01-01,2023-05-01 23:00:00,486 days,100.0,40.77935332756434,129.95908632170728,64.6157007582893,-35.38429924171071,-70.17976286600607,34.585048010973935,100.0,68.62139117643758,391 days 18:00:00,53,0.0,27,34.61538461538461,29.89202500473575,-22.284940167080595,13.39683263786088,-8.479831993037974,9 days 18:13:20,4 days 16:52:56.470588235,0.6885027852020057,-1.366247154111763,-0.3574374593620191,-0.4074900702345022,0.9820547363618304,-0.4978201663205427,long
1994,"{'window_k': 117, 'window_d': 192, 'window_ma': 162}","open_time
2022-01-01 00:00:00    100.000000
2022-01-01 01:00:00    100.000000
2022-01-01 02:00:00    100.000000
2022-01-01 03:00:00    100.000000
2022-01-01 04:00:00    100.000000
                          ...    
2023-05-01 19:00:00     64.441871
2023-05-01 20:00:00     64.293877
2023-05-01 21:00:00     64.617613
2023-05-01 22:00:00     64.904350
2023-05-01 23:00:00     64.904350
Freq: H, Length: 11664, dtype: float64",2022-01-01,2023-05-01 23:00:00,486 days,100.0,40.54425494837914,126.77009079204535,64.9043498995617,-35.095650100438306,-70.17976286600607,36.239711934156375,100.0,68.01749159043496,391 days 18:00:00,51,0.0,26,36.0,39.49764982373679,-24.9199514187921,14.118436463823183,-9.140965116539782,9 days 11:33:20,5 days 14:37:30,0.6724198653944128,-1.4363845492144054,-0.2934102187828449,-0.4075567238381347,0.985177309123765,-0.4104097907509377,long
2342,"{'window_k': 147, 'window_d': 42, 'window_ma': 102}","open_time
2022-01-01 00:00:00    100.000000
2022-01-01 01:00:00    100.000000
2022-01-01 02:00:00    100.000000
2022-01-01 03:00:00    100.000000
2022-01-01 04:00:00    100.000000
                          ...    
2023-05-01 19:00:00     67.818141
2023-05-01 20:00:00     67.818141
2023-05-01 21:00:00     67.818141
2023-05-01 22:00:00     67.818141
2023-05-01 23:00:00     67.818141
Freq: H, Length: 11664, dtype: float64",2022-01-01,2023-05-01 23:00:00,486 days,100.0,49.07777312575972,129.36827208025474,67.81814121521313,-32.18185878478687,-70.17976286600607,38.69170096021948,100.0,62.06351655117269,355 days 14:00:00,120,0.0,60,31.666666666666664,21.853146853146864,-15.937687237866985,8.68323459500008,-4.556267124167009,4 days 09:47:22.105263157,2 days 13:02:55.609756097,0.778826651703785,-0.5363643130797815,-0.05550555297991647,-0.40760450183330665,0.9968845502046353,-0.08586856012444007,long
2951,"{'window_k': 177, 'window_d': 132, 'window_ma': 117}","open_time
2022-01-01 00:00:00    100.000000
2022-01-01 01:00:00    100.000000
2022-01-01 02:00:00    100.000000
2022-01-01 03:00:00    100.000000
2022-01-01 04:00:00    100.000000
                          ...    
2023-05-01 19:00:00     68.667155
2023-05-01 20:00:00     68.509458
2023-05-01 21:00:00     68.854420
2023-05-01 22:00:00     69.159958
2023-05-01 23:00:00     69.159958
Freq: H, Length: 11664, dtype: float64",2022-01-01,2023-05-01 23:00:00,486 days,100.0,58.75904321021328,144.49987934361457,69.15995786388366,-30.840042136116335,-70.17976286600607,35.73388203017833,100.0,59.33626832276671,309 days 12:00:00,57,0.0,29,28.57142857142857,32.82032711690505,-13.252279635258349,13.629690012210634,-6.4127736649576415,8 days 03:22:30,5 days 07:12:00,0.7597904326367184,-1.0936860308440877,-0.16550041420698366,-0.4076770959957649,0.9910286825256657,-0.23799518859303653,long
1718,"{'window_k': 102, 'window_d': 177, 'window_ma': 102}","open_time
2022-01-01 00:00:00    100.000000
2022-01-01 01:00:00    100.000000
2022-01-01 02:00:00    100.000000
2022-01-01 03:00:00    100.000000
2022-01-01 04:00:00    100.000000
                          ...    
2023-05-01 19:00:00     62.313232
2023-05-01 20:00:00     62.170128
2023-05-01 21:00:00     62.483169
2023-05-01 22:00:00     62.760435
2023-05-01 23:00:00     62.760435
Freq: H, Length: 11664, dtype: float64",2022-01-01,2023-05-01 23:00:00,486 days,100.0,40.37677742364185,146.05242484961872,62.76043516470201,-37.23956483529799,-70.17976286600607,30.212620027434845,100.0,72.35459975059274,391 days 18:00:00,51,0.0,26,32.0,48.33638583638583,-44.82603056448429,17.492233499226494,-8.794547609753002,9 days 06:22:30,4 days 03:52:56.470588235,0.6898989519720112,-1.5035353194853043,-0.38201535858510083,-0.40801212950486176,0.9784993364663855,-0.5162412041873286,long
4093,"{'window_k': 237, 'window_d': 237, 'window_ma': 207}","open_time
2022-01-01 00:00:00    100.000000
2022-01-01 01:00:00    100.000000
2022-01-01 02:00:00    100.000000
2022-01-01 03:00:00    100.000000
2022-01-01 04:00:00    100.000000
                          ...    
2023-05-01 19:00:00     73.826303
2023-05-01 20:00:00     73.826303
2023-05-01 21:00:00     73.826303
2023-05-01 22:00:00     73.826303
2023-05-01 23:00:00     73.826303
Freq: H, Length: 11664, dtype: float64",2022-01-01,2023-05-01 23:00:00,486 days,100.0,58.81031385784781,117.35378715244485,73.82630297526153,-26.173697024738473,-70.17976286600607,33.48765432098765,100.0,49.886309351523465,451 days 16:00:00,34,0.0,17,29.411764705882355,36.755823986195,-21.49414734909341,14.715697252921721,-7.324527601376222,13 days 04:00:00,8 days 01:50:00,0.6359486751785967,-1.5396292367493225,-0.185048769062162,-0.4085267795916492,0.9901060642999102,-0.2575353851463403,long
2943,"{'window_k': 177, 'window_d': 117, 'window_ma': 237}","open_time
2022-01-01 00:00:00    100.000000
2022-01-01 01:00:00    100.000000
2022-01-01 02:00:00    100.000000
2022-01-01 03:00:00    100.000000
2022-01-01 04:00:00    100.000000
                          ...    
2023-05-01 19:00:00     66.929790
2023-05-01 20:00:00     66.776083
2023-05-01 21:00:00     67.112317
2023-05-01 22:00:00     67.410125
2023-05-01 23:00:00     67.410125
Freq: H, Length: 11664, dtype: float64",2022-01-01,2023-05-01 23:00:00,486 days,100.0,53.0833408222322,142.18617592575833,67.41012451759994,-32.58987548240006,-70.17976286600607,41.10939643347051,100.0,62.6663137420973,391 days 18:00:00,63,0.0,32,35.483870967741936,34.40078310725772,-23.720982645931933,12.700082727110285,-7.810871584859023,8 days 08:00:00,5 days 06:00:00,0.7743547695763838,-1.0667809627580995,-0.0808923054608213,-0.40907403208449716,0.9957053095525513,-0.12127043232902665,long
392,"{'window_k': 27, 'window_d': 132, 'window_ma': 132}","open_time
2022-01-01 00:00:00    100.000000
2022-01-01 01:00:00    100.000000
2022-01-01 02:00:00    100.000000
2022-01-01 03:00:00    100.000000
2022-01-01 04:00:00    100.000000
                          ...    
2023-05-01 19:00:00     70.291864
2023-05-01 20:00:00     70.130435
2023-05-01 21:00:00     70.483559
2023-05-01 22:00:00     70.796326
2023-05-01 23:00:00     70.796326
Freq: H, Length: 11664, dtype: float64",2022-01-01,2023-05-01 23:00:00,486 days,100.0,50.32403828271171,113.94682048154564,70.79632648700961,-29.20367351299039,-70.17976286600607,37.42283950617284,100.0,55.83550460641244,451 days 16:00:00,95,0.0,48,34.04255319148936,38.86752420103434,-18.306264501160083,7.934304582541378,-4.651970219348603,5 days 19:22:30,2 days 17:03:52.258064516,0.745124756353338,-0.6275800427192832,-0.17848080510076306,-0.40918117666107395,0.9911042704037818,-0.24787276736493494,long
1934,"{'window_k': 117, 'window_d': 132, 'window_ma': 222}","open_time
2022-01-01 00:00:00    100.000000
2022-01-01 01:00:00    100.000000
2022-01-01 02:00:00    100.000000
2022-01-01 03:00:00    100.000000
2022-01-01 04:00:00    100.000000
                          ...    
2023-05-01 19:00:00     67.721723
2023-05-01 20:00:00     67.566198
2023-05-01 21:00:00     67.906410
2023-05-01 22:00:00     68.207741
2023-05-01 23:00:00     68.207741
Freq: H, Length: 11664, dtype: float64",2022-01-01,2023-05-01 23:00:00,486 days,100.0,52.049126506481635,133.49138677088962,68.20774115460024,-31.792258845399758,-70.17976286600607,39.92626886145405,100.0,61.00937463792088,391 days 18:00:00,63,0.0,32,29.03225806451613,37.15755805868446,-17.38808979701573,12.937335074260414,-6.1721907684126895,7 days 23:33:20,5 days 09:43:38.181818181,0.7235118134348035,-1.0377855724723806,-0.18137053625357996,-0.40936815018830436,0.9913516217839512,-0.254050510469831,long
492,"{'window_k': 27, 'window_d': 222, 'window_ma': 192}","open_time
2022-01-01 00:00:00    100.000000
2022-01-01 01:00:00    100.000000
2022-01-01 02:00:00    100.000000
2022-01-01 03:00:00    100.000000
2022-01-01 04:00:00    100.000000
                          ...    
2023-05-01 19:00:00     67.350916
2023-05-01 20:00:00     67.196242
2023-05-01 21:00:00     67.534592
2023-05-01 22:00:00     67.834273
2023-05-01 23:00:00     67.834273
Freq: H, Length: 11664, dtype: float64",2022-01-01,2023-05-01 23:00:00,486 days,100.0,46.99438614139648,122.84612540277851,67.83427298845054,-32.165727011549464,-70.17976286600607,34.816529492455416,100.0,61.74532490356136,451 days 16:00:00,63,0.0,32,29.03225806451613,35.27794146533098,-18.157650695517784,14.983194929323707,-6.869516583920088,8 days 09:20:00,4 days 03:35:27.272727272,0.7403328821146359,-1.0117211278691896,-0.2688013572235546,-0.4094888782077132,0.9865084409122706,-0.37098760631169664,long
56,"{'window_k': 12, 'window_d': 57, 'window_ma': 132}","open_time
2022-01-01 00:00:00    100.000000
2022-01-01 01:00:00    100.000000
2022-01-01 02:00:00    100.000000
2022-01-01 03:00:00    100.000000
2022-01-01 04:00:00    100.000000
                          ...    
2023-05-01 19:00:00     68.348212
2023-05-01 20:00:00     68.348212
2023-05-01 21:00:00     68.348212
2023-05-01 22:00:00     68.348212
2023-05-01 23:00:00     68.348212
Freq: H, Length: 11664, dtype: float64",2022-01-01,2023-05-01 23:00:00,486 days,100.0,39.61882660120884,100.54757622080692,68.34821192021865,-31.651788079781358,-70.17976286600607,36.831275720164605,100.0,60.59693521184026,481 days 09:00:00,252,0.0,126,34.12698412698413,21.481973749792317,-11.256530687635244,5.419472695125054,-3.025784193491302,2 days 05:32:05.581395348,1 days 00:01:26.746987951,0.8221845350387617,-0.25120466729985225,-0.05253073674375779,-0.41023994067767366,0.9968676852115815,-0.08348469503539858,long
4062,"{'window_k': 237, 'window_d': 207, 'window_ma': 222}","open_time
2022-01-01 00:00:00    100.000000
2022-01-01 01:00:00    100.000000
2022-01-01 02:00:00    100.000000
2022-01-01 03:00:00    100.000000
2022-01-01 04:00:00    100.000000
                          ...    
2023-05-01 19:00:00     69.017958
2023-05-01 20:00:00     69.017958
2023-05-01 21:00:00     69.017958
2023-05-01 22:00:00     69.017958
2023-05-01 23:00:00     69.017958
Freq: H, Length: 11664, dtype: float64",2022-01-01,2023-05-01 23:00:00,486 days,100.0,49.895147403997186,122.24399070024619,69.01795818207725,-30.982041817922752,-70.17976286600607,33.041838134430726,100.0,59.18396714784549,424 days 03:00:00,36,0.0,18,33.33333333333333,41.2331969608416,-17.205840251932443,13.948992661566786,-8.64421601979407,12 days 15:00:00,7 days 01:40:00,0.6340838006235494,-1.721224545440152,-0.2323840770423988,-0.41070189963204046,0.9876492228212652,-0.32452424003896446,long
3250,"{'window_k': 192, 'window_d': 177, 'window_ma': 42}","open_time
2022-01-01 00:00:00    100.000000
2022-01-01 01:00:00    100.000000
2022-01-01 02:00:00    100.000000
2022-01-01 03:00:00    100.000000
2022-01-01 04:00:00    100.000000
                          ...    
2023-05-01 19:00:00     70.166360
2023-05-01 20:00:00     70.005220
2023-05-01 21:00:00     70.357714
2023-05-01 22:00:00     70.669922
2023-05-01 23:00:00     70.669922
Freq: H, Length: 11664, dtype: float64",2022-01-01,2023-05-01 23:00:00,486 days,100.0,54.317516233419326,122.89940899908922,70.66992234625452,-29.33007765374548,-70.17976286600607,23.84259259259259,100.0,55.80327303785337,424 days 03:00:00,47,0.0,24,43.47826086956522,34.87565066512433,-23.75165709235528,8.968803576707748,-8.27335922292979,5 days 18:36:00,4 days 10:23:04.615384615,0.6859095686272463,-1.2896708139472364,-0.3045808318385483,-0.411271892864596,0.9805847649393304,-0.42737370005176334,long
456,"{'window_k': 27, 'window_d': 192, 'window_ma': 132}","open_time
2022-01-01 00:00:00    100.000000
2022-01-01 01:00:00    100.000000
2022-01-01 02:00:00    100.000000
2022-01-01 03:00:00    100.000000
2022-01-01 04:00:00    100.000000
                          ...    
2023-05-01 19:00:00     67.680474
2023-05-01 20:00:00     67.525043
2023-05-01 21:00:00     67.865048
2023-05-01 22:00:00     68.166196
2023-05-01 23:00:00     68.166196
Freq: H, Length: 11664, dtype: float64",2022-01-01,2023-05-01 23:00:00,486 days,100.0,48.18354719223109,122.91025514755742,68.16619558086177,-31.833804419138232,-70.17976286600607,35.38237311385459,100.0,60.79778116611563,451 days 16:00:00,75,0.0,38,24.324324324324326,35.9478898086579,-12.953060011883535,15.738873331352227,-5.670994544102972,9 days 02:20:00,3 days 02:51:25.714285714,0.771368270413411,-0.8566973599673422,-0.26981337547083517,-0.4113574103355252,0.9864635040930309,-0.37818944822568284,long
1685,"{'window_k': 102, 'window_d': 147, 'window_ma': 87}","open_time
2022-01-01 00:00:00    100.000000
2022-01-01 01:00:00    100.000000
2022-01-01 02:00:00    100.000000
2022-01-01 03:00:00    100.000000
2022-01-01 04:00:00    100.000000
                          ...    
2023-05-01 19:00:00     69.367939
2023-05-01 20:00:00     69.367939
2023-05-01 21:00:00     69.367939
2023-05-01 22:00:00     69.367939
2023-05-01 23:00:00     69.367939
Freq: H, Length: 11664, dtype: float64",2022-01-01,2023-05-01 23:00:00,486 days,100.0,53.49383728860925,128.54094919230357,69.36793927253701,-30.632060727462985,-70.17976286600607,39.04320987654321,100.0,58.38381649992343,451 days 16:00:00,66,0.0,33,30.303030303030305,44.068036853295546,-18.83506805444356,12.680013788158174,-6.152333820482049,7 days 08:54:00,5 days 01:05:13.043478260,0.7510614416096363,-0.9282442644685749,-0.17427712109808363,-0.41139623498823064,0.9914969416853981,-0.244472562338119,long
1582,"{'window_k': 102, 'window_d': 42, 'window_ma': 222}","open_time
2022-01-01 00:00:00    100.000000
2022-01-01 01:00:00    100.000000
2022-01-01 02:00:00    100.000000
2022-01-01 03:00:00    100.000000
2022-01-01 04:00:00    100.000000
                          ...    
2023-05-01 19:00:00     68.386886
2023-05-01 20:00:00     68.386886
2023-05-01 21:00:00     68.386886
2023-05-01 22:00:00     68.386886
2023-05-01 23:00:00     68.386886
Freq: H, Length: 11664, dtype: float64",2022-01-01,2023-05-01 23:00:00,486 days,100.0,53.991780398971976,136.1172342385491,68.38688553655187,-31.613114463448127,-70.17976286600607,43.50137174211248,100.0,60.33435391116607,355 days 14:00:00,132,0.0,66,36.36363636363637,19.560140132347218,-14.864040970613338,7.551254590128162,-4.782201231368643,4 days 06:15:00,2 days 14:22:51.428571428,0.817242176788049,-0.4789865827795179,-0.03178021074698488,-0.4114961415580637,0.9983222429386808,-0.04877884993548251,long
1581,"{'window_k': 102, 'window_d': 42, 'window_ma': 207}","open_time
2022-01-01 00:00:00    100.000000
2022-01-01 01:00:00    100.000000
2022-01-01 02:00:00    100.000000
2022-01-01 03:00:00    100.000000
2022-01-01 04:00:00    100.000000
                          ...    
2023-05-01 19:00:00     68.386886
2023-05-01 20:00:00     68.386886
2023-05-01 21:00:00     68.386886
2023-05-01 22:00:00     68.386886
2023-05-01 23:00:00     68.386886
Freq: H, Length: 11664, dtype: float64",2022-01-01,2023-05-01 23:00:00,486 days,100.0,53.991780398971976,136.1172342385491,68.38688553655187,-31.613114463448127,-70.17976286600607,43.50137174211248,100.0,60.33435391116607,355 days 14:00:00,132,0.0,66,36.36363636363637,19.560140132347218,-14.864040970613338,7.551254590128162,-4.782201231368643,4 days 06:15:00,2 days 14:22:51.428571428,0.817242176788049,-0.4789865827795179,-0.03178021074698488,-0.4114961415580637,0.9983222429386808,-0.04877884993548251,long
1580,"{'window_k': 102, 'window_d': 42, 'window_ma': 192}","open_time
2022-01-01 00:00:00    100.000000
2022-01-01 01:00:00    100.000000
2022-01-01 02:00:00    100.000000
2022-01-01 03:00:00    100.000000
2022-01-01 04:00:00    100.000000
                          ...    
2023-05-01 19:00:00     68.386886
2023-05-01 20:00:00     68.386886
2023-05-01 21:00:00     68.386886
2023-05-01 22:00:00     68.386886
2023-05-01 23:00:00     68.386886
Freq: H, Length: 11664, dtype: float64",2022-01-01,2023-05-01 23:00:00,486 days,100.0,53.991780398971976,136.1172342385491,68.38688553655187,-31.613114463448127,-70.17976286600607,43.50137174211248,100.0,60.33435391116607,355 days 14:00:00,132,0.0,66,36.36363636363637,19.560140132347218,-14.864040970613338,7.551254590128162,-4.782201231368643,4 days 06:15:00,2 days 14:22:51.428571428,0.817242176788049,-0.4789865827795179,-0.03178021074698488,-0.4114961415580637,0.9983222429386808,-0.04877884993548251,long
404,"{'window_k': 27, 'window_d': 147, 'window_ma': 72}","open_time
2022-01-01 00:00:00    100.000000
2022-01-01 01:00:00    100.000000
2022-01-01 02:00:00    100.000000
2022-01-01 03:00:00    100.000000
2022-01-01 04:00:00    100.000000
                          ...    
2023-05-01 19:00:00     67.909944
2023-05-01 20:00:00     67.909944
2023-05-01 21:00:00     67.909944
2023-05-01 22:00:00     67.909944
2023-05-01 23:00:00     67.909944
Freq: H, Length: 11664, dtype: float64",2022-01-01,2023-05-01 23:00:00,486 days,100.0,47.48610520265336,122.63119478206531,67.90994415133426,-32.09005584866574,-70.17976286600607,30.529835390946502,100.0,61.27730363628638,453 days 11:00:00,84,0.0,42,28.57142857142857,32.66397183465901,-13.75017484962931,10.502734627477512,-4.926866109911402,5 days 12:45:00,2 days 17:35:59.999999999,0.7195997520756058,-0.764048948777756,-0.29335752322374153,-0.41159506604781704,0.9842503165458579,-0.40927951745522895,long
4060,"{'window_k': 237, 'window_d': 207, 'window_ma': 192}","open_time
2022-01-01 00:00:00    100.000000
2022-01-01 01:00:00    100.000000
2022-01-01 02:00:00    100.000000
2022-01-01 03:00:00    100.000000
2022-01-01 04:00:00    100.000000
                          ...    
2023-05-01 19:00:00     70.551055
2023-05-01 20:00:00     70.551055
2023-05-01 21:00:00     70.551055
2023-05-01 22:00:00     70.551055
2023-05-01 23:00:00     70.551055
Freq: H, Length: 11664, dtype: float64",2022-01-01,2023-05-01 23:00:00,486 days,100.0,54.19791646002588,123.13559541632571,70.55105483998695,-29.44894516001305,-70.17976286600607,33.51337448559671,100.0,55.9851753046868,424 days 03:00:00,38,0.0,19,31.57894736842105,41.23319696084162,-17.20584025193245,15.882047422461095,-8.633276883811021,12 days 02:49:59.999999999,6 days 22:27:41.538461538,0.6875878488555176,-1.5499444821059503,-0.21503830348483727,-0.4116745205276744,0.988471901007924,-0.30035364214630006,long
510,"{'window_k': 27, 'window_d': 237, 'window_ma': 222}","open_time
2022-01-01 00:00:00    100.000000
2022-01-01 01:00:00    100.000000
2022-01-01 02:00:00    100.000000
2022-01-01 03:00:00    100.000000
2022-01-01 04:00:00    100.000000
                          ...    
2023-05-01 19:00:00     66.483988
2023-05-01 20:00:00     66.331304
2023-05-01 21:00:00     66.665299
2023-05-01 22:00:00     66.961123
2023-05-01 23:00:00     66.961123
Freq: H, Length: 11664, dtype: float64",2022-01-01,2023-05-01 23:00:00,486 days,100.0,44.920436127280375,121.95332487473823,66.96112261260973,-33.03887738739027,-70.17976286600607,30.401234567901238,100.0,63.16587827890757,424 days 03:00:00,57,0.0,29,32.142857142857146,33.915405510283286,-22.08173402573944,13.394668543065846,-7.312531184700208,7 days 23:26:40,3 days 21:12:37.894736842,0.7126659772722121,-1.1513318080979777,-0.37305374329358965,-0.4117329701271477,0.9800471186633634,-0.5165769378015308,long
2343,"{'window_k': 147, 'window_d': 42, 'window_ma': 117}","open_time
2022-01-01 00:00:00    100.000000
2022-01-01 01:00:00    100.000000
2022-01-01 02:00:00    100.000000
2022-01-01 03:00:00    100.000000
2022-01-01 04:00:00    100.000000
                          ...    
2023-05-01 19:00:00     68.437848
2023-05-01 20:00:00     68.437848
2023-05-01 21:00:00     68.437848
2023-05-01 22:00:00     68.437848
2023-05-01 23:00:00     68.437848
Freq: H, Length: 11664, dtype: float64",2022-01-01,2023-05-01 23:00:00,486 days,100.0,50.2796761529903,126.30856958710699,68.43784768603139,-31.56215231396861,-70.17976286600607,38.32304526748971,100.0,60.19298111177199,355 days 14:00:00,120,0.0,60,28.333333333333332,21.85314685314685,-15.93768723786699,10.094678504335077,-4.459315255126761,4 days 11:31:45.882352941,2 days 13:26:30.697674418,0.7947554132566812,-0.5260358718994769,-0.0506750122355542,-0.4117637215723557,0.9971338464644491,-0.07852995867270707,long
3473,"{'window_k': 207, 'window_d': 147, 'window_ma': 27}","open_time
2022-01-01 00:00:00    100.000000
2022-01-01 01:00:00    100.000000
2022-01-01 02:00:00    100.000000
2022-01-01 03:00:00    100.000000
2022-01-01 04:00:00    100.000000
                          ...    
2023-05-01 19:00:00     67.821928
2023-05-01 20:00:00     67.666172
2023-05-01 21:00:00     68.006888
2023-05-01 22:00:00     68.308665
2023-05-01 23:00:00     68.308665
Freq: H, Length: 11664, dtype: float64",2022-01-01,2023-05-01 23:00:00,486 days,100.0,59.055835421556196,149.24202042743423,68.30866463714521,-31.69133536285479,-70.17976286600607,24.382716049382715,100.0,60.429485440884356,353 days 18:00:00,47,0.0,24,30.434782608695656,39.24360602212953,-15.313484401991667,11.939705183529416,-6.645990793831845,4 days 14:42:51.428571428,5 days 06:56:15,0.7042930250029787,-1.3698424051715783,-0.36393244716688633,-0.41191709895233836,0.9762938773577502,-0.5419744843272873,long
1095,"{'window_k': 72, 'window_d': 72, 'window_ma': 117}","open_time
2022-01-01 00:00:00    100.000000
2022-01-01 01:00:00    100.000000
2022-01-01 02:00:00    100.000000
2022-01-01 03:00:00    100.000000
2022-01-01 04:00:00    100.000000
                          ...    
2023-05-01 19:00:00     73.452961
2023-05-01 20:00:00     73.452961
2023-05-01 21:00:00     73.452961
2023-05-01 22:00:00     73.452961
2023-05-01 23:00:00     73.452961
Freq: H, Length: 11664, dtype: float64",2022-01-01,2023-05-01 23:00:00,486 days,100.0,64.20243582063723,128.80821867416967,73.45296092974633,-26.547039070253675,-70.17976286600607,41.04080932784637,100.0,50.15656882652632,197 days 01:00:00,110,0.0,55,30.909090909090907,21.203383314109956,-17.725160433724273,10.23385144230152,-4.904163285939293,5 days 03:56:28.235294117,2 days 22:31:34.736842105,0.8524656495582384,-0.48267343764097603,0.024076932688883085,-0.41235833956995366,1.0012974697017047,0.03647324878518216,long
388,"{'window_k': 27, 'window_d': 132, 'window_ma': 72}","open_time
2022-01-01 00:00:00    100.00000
2022-01-01 01:00:00    100.00000
2022-01-01 02:00:00    100.00000
2022-01-01 03:00:00    100.00000
2022-01-01 04:00:00    100.00000
                         ...    
2023-05-01 19:00:00     68.94211
2023-05-01 20:00:00     68.94211
2023-05-01 21:00:00     68.94211
2023-05-01 22:00:00     68.94211
2023-05-01 23:00:00     68.94211
Freq: H, Length: 11664, dtype: float64",2022-01-01,2023-05-01 23:00:00,486 days,100.0,46.003383483838704,112.35370538923961,68.94211035523566,-31.057889644764348,-70.17976286600607,35.66529492455419,100.0,59.05485864977573,453 days 11:00:00,96,0.0,48,35.41666666666667,38.86752420103436,-18.306264501160083,7.570690786529092,-4.782090951295735,5 days 06:35:17.647058823,2 days 16:46:27.096774193,0.7261627321623595,-0.647039367599257,-0.22973297108282986,-0.4126578237876471,0.9882848263503218,-0.3193869524322858,long
2926,"{'window_k': 177, 'window_d': 102, 'window_ma': 222}","open_time
2022-01-01 00:00:00    100.000000
2022-01-01 01:00:00    100.000000
2022-01-01 02:00:00    100.000000
2022-01-01 03:00:00    100.000000
2022-01-01 04:00:00    100.000000
                          ...    
2023-05-01 19:00:00     68.070043
2023-05-01 20:00:00     67.913717
2023-05-01 21:00:00     68.255679
2023-05-01 22:00:00     68.558560
2023-05-01 23:00:00     68.558560
Freq: H, Length: 11664, dtype: float64",2022-01-01,2023-05-01 23:00:00,486 days,100.0,53.25107531608632,132.47850876238635,68.55856014582878,-31.44143985417122,-70.17976286600607,40.51783264746228,100.0,59.80398948209968,309 days 12:00:00,67,0.0,34,33.33333333333333,30.29155622870124,-23.08116453462726,12.723101409918083,-7.0849799991063795,8 days 22:21:49.090909091,4 days 07:35:27.272727272,0.7820500743017964,-0.9480337642970369,-0.048644388878595235,-0.4127763423072948,0.99740631892172,-0.07331994670967334,long
2016,"{'window_k': 117, 'window_d': 222, 'window_ma': 12}","open_time
2022-01-01 00:00:00    100.000000
2022-01-01 01:00:00    100.000000
2022-01-01 02:00:00    100.000000
2022-01-01 03:00:00    100.000000
2022-01-01 04:00:00    100.000000
                          ...    
2023-05-01 19:00:00     75.655642
2023-05-01 20:00:00     75.655642
2023-05-01 21:00:00     75.655642
2023-05-01 22:00:00     75.655642
2023-05-01 23:00:00     75.655642
Freq: H, Length: 11664, dtype: float64",2022-01-01,2023-05-01 23:00:00,486 days,100.0,66.33966177073371,122.33618703736029,75.65564219055776,-24.344357809442243,-70.17976286600607,14.231824417009603,100.0,45.77265862432493,391 days 18:00:00,44,0.0,22,45.45454545454545,16.002936318590578,-24.299789660135062,5.386671733048128,-6.134609243205377,3 days 15:42:00,2 days 17:15:00,0.6517181747132879,-1.1065617186110108,-0.42645183571516193,-0.4129694537636207,0.9666747664981779,-0.5883151022559465,long
409,"{'window_k': 27, 'window_d': 147, 'window_ma': 147}","open_time
2022-01-01 00:00:00    100.000000
2022-01-01 01:00:00    100.000000
2022-01-01 02:00:00    100.000000
2022-01-01 03:00:00    100.000000
2022-01-01 04:00:00    100.000000
                          ...    
2023-05-01 19:00:00     68.271782
2023-05-01 20:00:00     68.114993
2023-05-01 21:00:00     68.457969
2023-05-01 22:00:00     68.761748
2023-05-01 23:00:00     68.761748
Freq: H, Length: 11664, dtype: float64",2022-01-01,2023-05-01 23:00:00,486 days,100.0,51.849903631012175,127.45894492619459,68.76174753474395,-31.238252465256057,-70.17976286600607,33.32475994513032,100.0,59.32031003313577,451 days 16:00:00,83,0.0,42,29.268292682926827,32.663971834659016,-13.750174849629316,10.677951570875125,-5.070210155293144,6 days 08:54:59.999999999,2 days 19:12:24.827586206,0.7434350584414599,-0.7626256192845453,-0.25290621015327897,-0.4133170752194277,0.9869527443672913,-0.3527901558080486,long
2199,"{'window_k': 132, 'window_d': 147, 'window_ma': 117}","open_time
2022-01-01 00:00:00    100.000000
2022-01-01 01:00:00    100.000000
2022-01-01 02:00:00    100.000000
2022-01-01 03:00:00    100.000000
2022-01-01 04:00:00    100.000000
                          ...    
2023-05-01 19:00:00     67.876568
2023-05-01 20:00:00     67.720686
2023-05-01 21:00:00     68.061677
2023-05-01 22:00:00     68.363697
2023-05-01 23:00:00     68.363697
Freq: H, Length: 11664, dtype: float64",2022-01-01,2023-05-01 23:00:00,486 days,100.0,54.550876543962424,136.72761479216882,68.36369687866252,-31.636303121337477,-70.17976286600607,34.825102880658434,100.0,60.10251723700304,451 days 16:00:00,55,0.0,28,25.925925925925924,34.85747082456474,-13.254342805502569,14.621371995651309,-6.140420828882029,8 days 00:42:51.428571428,5 days 12:39:00,0.7250907898538561,-1.1601681667395467,-0.24923432792331918,-0.4134019537737254,0.9870373871758015,-0.3488937174589231,long
1252,"{'window_k': 72, 'window_d': 222, 'window_ma': 72}","open_time
2022-01-01 00:00:00    100.000000
2022-01-01 01:00:00    100.000000
2022-01-01 02:00:00    100.000000
2022-01-01 03:00:00    100.000000
2022-01-01 04:00:00    100.000000
                          ...    
2023-05-01 19:00:00     61.477928
2023-05-01 20:00:00     61.336741
2023-05-01 21:00:00     61.645587
2023-05-01 22:00:00     61.919136
2023-05-01 23:00:00     61.919136
Freq: H, Length: 11664, dtype: float64",2022-01-01,2023-05-01 23:00:00,486 days,100.0,40.813639819885935,151.6520189185894,61.91913565885101,-38.08086434114899,-70.17976286600607,30.641289437585733,100.0,73.08730862211883,391 days 18:00:00,49,0.0,25,45.83333333333333,29.89710009354537,-27.289740202553936,8.614157153998619,-9.652645882192768,6 days 17:05:27.272727272,5 days 17:46:09.230769230,0.6338053182569419,-1.5925854546837668,-0.45123649019865264,-0.4136461822061684,0.975698675926888,-0.6192639951068081,long
3198,"{'window_k': 192, 'window_d': 117, 'window_ma': 222}","open_time
2022-01-01 00:00:00    100.000000
2022-01-01 01:00:00    100.000000
2022-01-01 02:00:00    100.000000
2022-01-01 03:00:00    100.000000
2022-01-01 04:00:00    100.000000
                          ...    
2023-05-01 19:00:00     64.899682
2023-05-01 20:00:00     64.750637
2023-05-01 21:00:00     65.076673
2023-05-01 22:00:00     65.365447
2023-05-01 23:00:00     65.365447
Freq: H, Length: 11664, dtype: float64",2022-01-01,2023-05-01 23:00:00,486 days,100.0,50.58939786938854,148.83070652170764,65.36544709808696,-34.63455290191304,-70.17976286600607,38.08299039780521,100.0,66.00876321042671,391 days 18:00:00,57,0.0,29,32.142857142857146,30.66946404730117,-26.484120749635277,13.39331838453236,-7.503072925203792,9 days 13:33:20,5 days 01:25:15.789473684,0.7363600879448948,-1.2389444532426963,-0.12191065721085795,-0.4141220035836533,0.9933053217751742,-0.18233106158933732,long
2590,"{'window_k': 162, 'window_d': 27, 'window_ma': 222}","open_time
2022-01-01 00:00:00    100.000000
2022-01-01 01:00:00    100.000000
2022-01-01 02:00:00    100.000000
2022-01-01 03:00:00    100.000000
2022-01-01 04:00:00    100.000000
                          ...    
2023-05-01 19:00:00     66.381579
2023-05-01 20:00:00     66.381579
2023-05-01 21:00:00     66.381579
2023-05-01 22:00:00     66.381579
2023-05-01 23:00:00     66.381579
Freq: H, Length: 11664, dtype: float64",2022-01-01,2023-05-01 23:00:00,486 days,100.0,38.06598980137047,105.49295897451046,66.38157915611959,-33.618420843880415,-70.17976286600607,38.41735253772291,100.0,63.916084853996644,469 days 22:00:00,196,0.0,98,35.714285714285715,24.304620906235982,-14.461569764484475,6.55609593464063,-3.9362496228803745,3 days 00:30:51.428571428,1 days 06:50:28.571428571,0.8016449203049049,-0.3430451106518415,-0.10928700825937462,-0.41443329072435836,0.9938130560977021,-0.16841447125450495,long
1998,"{'window_k': 117, 'window_d': 192, 'window_ma': 222}","open_time
2022-01-01 00:00:00    100.000000
2022-01-01 01:00:00    100.000000
2022-01-01 02:00:00    100.000000
2022-01-01 03:00:00    100.000000
2022-01-01 04:00:00    100.000000
                          ...    
2023-05-01 19:00:00     63.615247
2023-05-01 20:00:00     63.469152
2023-05-01 21:00:00     63.788735
2023-05-01 22:00:00     64.071794
2023-05-01 23:00:00     64.071794
Freq: H, Length: 11664, dtype: float64",2022-01-01,2023-05-01 23:00:00,486 days,100.0,39.94035300897421,126.84389665797292,64.07179402760491,-35.92820597239509,-70.17976286600607,37.05418381344307,100.0,68.51219959232961,391 days 18:00:00,51,0.0,26,32.0,39.497649823736786,-24.919951418792106,15.870031292505708,-8.669259413891035,10 days 15:52:30,5 days 12:21:10.588235294,0.6662198290077054,-1.4692691417000194,-0.3049517764286067,-0.41479361828860356,0.9848527062222343,-0.4254259596118939,long
1466,"{'window_k': 87, 'window_d': 177, 'window_ma': 162}","open_time
2022-01-01 00:00:00    100.000000
2022-01-01 01:00:00    100.000000
2022-01-01 02:00:00    100.000000
2022-01-01 03:00:00    100.000000
2022-01-01 04:00:00    100.000000
                          ...    
2023-05-01 19:00:00     61.715389
2023-05-01 20:00:00     61.573657
2023-05-01 21:00:00     61.883696
2023-05-01 22:00:00     62.158301
2023-05-01 23:00:00     62.158301
Freq: H, Length: 11664, dtype: float64",2022-01-01,2023-05-01 23:00:00,486 days,100.0,38.972298598631255,141.1335248465023,62.15830125301416,-37.84169874698584,-70.17976286600607,37.808641975308646,100.0,72.38622174212841,391 days 18:00:00,55,0.0,28,29.629629629629626,54.44513521914828,-34.2081447963801,20.11349530145584,-8.976816666335528,10 days 21:07:30,4 days 23:22:06.315789473,0.719454680793688,-1.3697203346690197,-0.2929763352060924,-0.4148578907245789,0.9853440549338178,-0.40360593294500596,long
999,"{'window_k': 57, 'window_d': 222, 'window_ma': 117}","open_time
2022-01-01 00:00:00    100.000000
2022-01-01 01:00:00    100.000000
2022-01-01 02:00:00    100.000000
2022-01-01 03:00:00    100.000000
2022-01-01 04:00:00    100.000000
                          ...    
2023-05-01 19:00:00     62.405899
2023-05-01 20:00:00     62.262581
2023-05-01 21:00:00     62.576088
2023-05-01 22:00:00     62.853766
2023-05-01 23:00:00     62.853766
Freq: H, Length: 11664, dtype: float64",2022-01-01,2023-05-01 23:00:00,486 days,100.0,40.43328018555019,138.9631327921615,62.85376641119605,-37.14623358880395,-70.17976286600607,31.84156378600823,100.0,70.90359192893001,355 days 14:00:00,55,0.0,28,33.33333333333333,29.196665403561965,-21.71103078102749,11.166787222453294,-7.198532181590771,7 days 18:53:20,4 days 15:13:20,0.6544853682184524,-1.3598622409328662,-0.29318282598871603,-0.4152519458314244,0.9823084235551118,-0.4339303215420957,long
3961,"{'window_k': 237, 'window_d': 117, 'window_ma': 147}","open_time
2022-01-01 00:00:00    100.000000
2022-01-01 01:00:00    100.000000
2022-01-01 02:00:00    100.000000
2022-01-01 03:00:00    100.000000
2022-01-01 04:00:00    100.000000
                          ...    
2023-05-01 19:00:00     65.799613
2023-05-01 20:00:00     65.648501
2023-05-01 21:00:00     65.979057
2023-05-01 22:00:00     66.271836
2023-05-01 23:00:00     66.271836
Freq: H, Length: 11664, dtype: float64",2022-01-01,2023-05-01 23:00:00,486 days,100.0,47.17022359567469,130.99219557285758,66.2718359566957,-33.728164043304304,-70.17976286600607,37.65432098765432,100.0,63.99005040766821,355 days 14:00:00,59,0.0,30,34.48275862068966,35.28195488721804,-25.376746232537677,14.319349423892097,-8.346017491203646,8 days 21:54:00,4 days 19:53:41.052631578,0.7706603696228274,-1.1327527057338251,-0.12463221508505512,-0.41538089679945805,0.9929863981038042,-0.1908865268056952,long
251,"{'window_k': 12, 'window_d': 237, 'window_ma': 177}","open_time
2022-01-01 00:00:00    100.000000
2022-01-01 01:00:00    100.000000
2022-01-01 02:00:00    100.000000
2022-01-01 03:00:00    100.000000
2022-01-01 04:00:00    100.000000
                          ...    
2023-05-01 19:00:00     67.164118
2023-05-01 20:00:00     67.009873
2023-05-01 21:00:00     67.347284
2023-05-01 22:00:00     67.646134
2023-05-01 23:00:00     67.646134
Freq: H, Length: 11664, dtype: float64",2022-01-01,2023-05-01 23:00:00,486 days,100.0,46.68517786604086,120.44124501527784,67.64613422785395,-32.35386577214605,-70.17976286600607,29.295267489711936,100.0,61.238213819427976,451 days 16:00:00,85,0.0,43,21.428571428571427,32.45920745920748,-17.621558289396607,12.14741520160688,-4.1193726789877205,5 days 19:06:40,2 days 14:50:37.500000,0.6762368837780321,-0.7668871655562035,-0.3564164687246978,-0.41542213819257084,0.9804134270123988,-0.4899258183209885,long
728,"{'window_k': 42, 'window_d': 207, 'window_ma': 132}","open_time
2022-01-01 00:00:00    100.000000
2022-01-01 01:00:00    100.000000
2022-01-01 02:00:00    100.000000
2022-01-01 03:00:00    100.000000
2022-01-01 04:00:00    100.000000
                          ...    
2023-05-01 19:00:00     66.936709
2023-05-01 20:00:00     66.782986
2023-05-01 21:00:00     67.119255
2023-05-01 22:00:00     67.417093
2023-05-01 23:00:00     67.417093
Freq: H, Length: 11664, dtype: float64",2022-01-01,2023-05-01 23:00:00,486 days,100.0,44.79556384327006,116.94095964897163,67.41709296450405,-32.58290703549595,-70.17976286600607,35.61385459533607,100.0,61.69386331552651,451 days 16:00:00,61,0.0,31,33.33333333333333,31.394239938966262,-31.7934294775896,13.87315602595768,-7.6324234111073155,9 days 01:24:00,4 days 00:18:00,0.7315474773577574,-1.0595156522351505,-0.25193350854247204,-0.4154284865527344,0.9871469178868503,-0.3403791082198366,long
1687,"{'window_k': 102, 'window_d': 147, 'window_ma': 117}","open_time
2022-01-01 00:00:00    100.000000
2022-01-01 01:00:00    100.000000
2022-01-01 02:00:00    100.000000
2022-01-01 03:00:00    100.000000
2022-01-01 04:00:00    100.000000
                          ...    
2023-05-01 19:00:00     66.884266
2023-05-01 20:00:00     66.730663
2023-05-01 21:00:00     67.066669
2023-05-01 22:00:00     67.364274
2023-05-01 23:00:00     67.364274
Freq: H, Length: 11664, dtype: float64",2022-01-01,2023-05-01 23:00:00,486 days,100.0,52.27309495335347,136.82598733502874,67.36427357999392,-32.63572642000608,-70.17976286600607,36.49691358024691,100.0,61.7959307500856,451 days 16:00:00,65,0.0,33,34.375,39.80155917788801,-18.83506805444355,10.525813869133977,-6.479649780363757,6 days 20:49:05.454545454,4 days 16:54:17.142857142,0.7280748840004281,-1.029766608403353,-0.23986945870030157,-0.41545054217227145,0.9878512656233603,-0.33583362468166983,long
2159,"{'window_k': 132, 'window_d': 102, 'window_ma': 237}","open_time
2022-01-01 00:00:00    100.000000
2022-01-01 01:00:00    100.000000
2022-01-01 02:00:00    100.000000
2022-01-01 03:00:00    100.000000
2022-01-01 04:00:00    100.000000
                          ...    
2023-05-01 19:00:00     67.579696
2023-05-01 20:00:00     67.424496
2023-05-01 21:00:00     67.763995
2023-05-01 22:00:00     68.064694
2023-05-01 23:00:00     68.064694
Freq: H, Length: 11664, dtype: float64",2022-01-01,2023-05-01 23:00:00,486 days,100.0,52.721885252297646,133.00628293189754,68.06469445058329,-31.93530554941671,-70.17976286600607,42.592592592592595,100.0,60.3613573057353,391 days 18:00:00,75,0.0,38,32.432432432432435,31.84872336340948,-23.500220555800613,13.456114738703684,-6.9314288187500726,7 days 09:35:00,4 days 13:24:00,0.7921871311764594,-0.856824493309464,-0.1113861488446599,-0.41572118738515085,0.9945377830521304,-0.15765502398273867,long
1109,"{'window_k': 72, 'window_d': 87, 'window_ma': 87}","open_time
2022-01-01 00:00:00    100.000000
2022-01-01 01:00:00    100.000000
2022-01-01 02:00:00    100.000000
2022-01-01 03:00:00    100.000000
2022-01-01 04:00:00    100.000000
                          ...    
2023-05-01 19:00:00     73.416977
2023-05-01 20:00:00     73.416977
2023-05-01 21:00:00     73.416977
2023-05-01 22:00:00     73.416977
2023-05-01 23:00:00     73.416977
Freq: H, Length: 11664, dtype: float64",2022-01-01,2023-05-01 23:00:00,486 days,100.0,57.65501608967963,129.6470052711831,73.41697687997454,-26.583023120025455,-70.17976286600607,40.50925925925926,100.0,49.78193551561559,194 days 16:00:00,98,0.0,49,34.69387755102041,27.67240296445171,-23.35901052403168,9.304920755371855,-5.282626072417875,5 days 20:17:38.823529411,3 days 01:07:30,0.8315780112752451,-0.5425106759188871,0.012258581338355085,-0.4160477846358369,1.0006662371625181,0.018628467964575374,long
3732,"{'window_k': 222, 'window_d': 147, 'window_ma': 72}","open_time
2022-01-01 00:00:00    100.000000
2022-01-01 01:00:00    100.000000
2022-01-01 02:00:00    100.000000
2022-01-01 03:00:00    100.000000
2022-01-01 04:00:00    100.000000
                          ...    
2023-05-01 19:00:00     70.741649
2023-05-01 20:00:00     70.579188
2023-05-01 21:00:00     70.934571
2023-05-01 22:00:00     71.249340
2023-05-01 23:00:00     71.249340
Freq: H, Length: 11664, dtype: float64",2022-01-01,2023-05-01 23:00:00,486 days,100.0,56.37515168910576,122.61153311222851,71.24933976946394,-28.750660230536056,-70.17976286600607,29.15809327846365,100.0,54.02133040983625,453 days 11:00:00,47,0.0,24,47.82608695652174,32.67724058857252,-23.78864284148213,6.475446220047408,-7.736235872458839,6 days 12:21:49.090909090,5 days 17:30:00,0.654564447723184,-1.2509116463570487,-0.17142447941828623,-0.4160644838341881,0.9898801481099527,-0.24797996308515743,long
3135,"{'window_k': 192, 'window_d': 57, 'window_ma': 237}","open_time
2022-01-01 00:00:00    100.000000
2022-01-01 01:00:00    100.000000
2022-01-01 02:00:00    100.000000
2022-01-01 03:00:00    100.000000
2022-01-01 04:00:00    100.000000
                          ...    
2023-05-01 19:00:00     74.897893
2023-05-01 20:00:00     74.725887
2023-05-01 21:00:00     75.102150
2023-05-01 22:00:00     75.435412
2023-05-01 23:00:00     75.435412
Freq: H, Length: 11664, dtype: float64",2022-01-01,2023-05-01 23:00:00,486 days,100.0,61.25615280917615,113.1168198725942,75.43541198879916,-24.56458801120084,-70.17976286600607,38.01440329218107,100.0,45.84699881222774,453 days 11:00:00,95,0.0,48,44.680851063829785,20.18224117875147,-17.21193301541532,6.5196426542946,-5.8138510716842156,4 days 23:00:00,2 days 21:48:27.692307692,0.8159930551954746,-0.518991105136084,0.02635216538374209,-0.4161683527179487,1.001505088076801,0.04026796488091663,long
3132,"{'window_k': 192, 'window_d': 57, 'window_ma': 192}","open_time
2022-01-01 00:00:00    100.000000
2022-01-01 01:00:00    100.000000
2022-01-01 02:00:00    100.000000
2022-01-01 03:00:00    100.000000
2022-01-01 04:00:00    100.000000
                          ...    
2023-05-01 19:00:00     74.897893
2023-05-01 20:00:00     74.725887
2023-05-01 21:00:00     75.102150
2023-05-01 22:00:00     75.435412
2023-05-01 23:00:00     75.435412
Freq: H, Length: 11664, dtype: float64",2022-01-01,2023-05-01 23:00:00,486 days,100.0,61.25615280917615,113.1168198725942,75.43541198879916,-24.56458801120084,-70.17976286600607,38.01440329218107,100.0,45.84699881222774,453 days 11:00:00,95,0.0,48,44.680851063829785,20.18224117875147,-17.21193301541532,6.5196426542946,-5.8138510716842156,4 days 23:00:00,2 days 21:48:27.692307692,0.8159930551954746,-0.518991105136084,0.02635216538374209,-0.4161683527179487,1.001505088076801,0.04026796488091663,long
3134,"{'window_k': 192, 'window_d': 57, 'window_ma': 222}","open_time
2022-01-01 00:00:00    100.000000
2022-01-01 01:00:00    100.000000
2022-01-01 02:00:00    100.000000
2022-01-01 03:00:00    100.000000
2022-01-01 04:00:00    100.000000
                          ...    
2023-05-01 19:00:00     74.897893
2023-05-01 20:00:00     74.725887
2023-05-01 21:00:00     75.102150
2023-05-01 22:00:00     75.435412
2023-05-01 23:00:00     75.435412
Freq: H, Length: 11664, dtype: float64",2022-01-01,2023-05-01 23:00:00,486 days,100.0,61.25615280917615,113.1168198725942,75.43541198879916,-24.56458801120084,-70.17976286600607,38.01440329218107,100.0,45.84699881222774,453 days 11:00:00,95,0.0,48,44.680851063829785,20.18224117875147,-17.21193301541532,6.5196426542946,-5.8138510716842156,4 days 23:00:00,2 days 21:48:27.692307692,0.8159930551954746,-0.518991105136084,0.02635216538374209,-0.4161683527179487,1.001505088076801,0.04026796488091663,long
2158,"{'window_k': 132, 'window_d': 102, 'window_ma': 222}","open_time
2022-01-01 00:00:00    100.000000
2022-01-01 01:00:00    100.000000
2022-01-01 02:00:00    100.000000
2022-01-01 03:00:00    100.000000
2022-01-01 04:00:00    100.000000
                          ...    
2023-05-01 19:00:00     67.530156
2023-05-01 20:00:00     67.375070
2023-05-01 21:00:00     67.714320
2023-05-01 22:00:00     68.014799
2023-05-01 23:00:00     68.014799
Freq: H, Length: 11664, dtype: float64",2022-01-01,2023-05-01 23:00:00,486 days,100.0,52.68323694710188,133.00628293189754,68.01479894567879,-31.98520105432121,-70.17976286600607,42.38683127572017,100.0,60.39041480914328,391 days 18:00:00,75,0.0,38,32.432432432432435,31.848723363409476,-23.500220555800603,13.50631554191654,-6.95680057924239,7 days 05:55:00,4 days 14:12:00,0.7930766548779596,-0.8581776327893857,-0.11265933851187312,-0.41620410606297525,0.9944704644947266,-0.15959618481668944,long
52,"{'window_k': 12, 'window_d': 57, 'window_ma': 72}","open_time
2022-01-01 00:00:00    100.000000
2022-01-01 01:00:00    100.000000
2022-01-01 02:00:00    100.000000
2022-01-01 03:00:00    100.000000
2022-01-01 04:00:00    100.000000
                          ...    
2023-05-01 19:00:00     67.910374
2023-05-01 20:00:00     67.910374
2023-05-01 21:00:00     67.910374
2023-05-01 22:00:00     67.910374
2023-05-01 23:00:00     67.910374
Freq: H, Length: 11664, dtype: float64",2022-01-01,2023-05-01 23:00:00,486 days,100.0,39.61882660120884,100.54757622080692,67.9103735130604,-32.08962648693959,-70.17976286600607,36.74554183813443,100.0,60.59693521184026,481 days 09:00:00,252,0.0,126,33.33333333333333,21.481973749792317,-11.256530687635244,5.538908904176326,-2.9927104265594116,2 days 05:27:08.571428571,1 days 00:17:51.428571428,0.8196815585640291,-0.254679575293171,-0.05930887196443082,-0.4162105009369787,0.9964628541218665,-0.09424774824360291,long
2580,"{'window_k': 162, 'window_d': 27, 'window_ma': 72}","open_time
2022-01-01 00:00:00    100.00000
2022-01-01 01:00:00    100.00000
2022-01-01 02:00:00    100.00000
2022-01-01 03:00:00    100.00000
2022-01-01 04:00:00    100.00000
                         ...    
2023-05-01 19:00:00     65.84461
2023-05-01 20:00:00     65.84461
2023-05-01 21:00:00     65.84461
2023-05-01 22:00:00     65.84461
2023-05-01 23:00:00     65.84461
Freq: H, Length: 11664, dtype: float64",2022-01-01,2023-05-01 23:00:00,486 days,100.0,37.159445513329246,105.29503712387651,65.84460957401042,-34.15539042598958,-70.17976286600607,37.285665294924556,100.0,64.70921467114138,477 days 04:00:00,198,0.0,99,36.36363636363637,24.304620906235968,-14.46156976448446,6.312120046082366,-3.9152950558397777,2 days 20:10:00,1 days 06:04:45.714285714,0.7924775671292714,-0.34500394369686394,-0.12025770590906434,-0.4162621524967161,0.9930999791271712,-0.1854155293039767,long
3840,"{'window_k': 237, 'window_d': 12, 'window_ma': 12}","open_time
2022-01-01 00:00:00    100.000000
2022-01-01 01:00:00    100.000000
2022-01-01 02:00:00    100.000000
2022-01-01 03:00:00    100.000000
2022-01-01 04:00:00    100.000000
                          ...    
2023-05-01 19:00:00     67.508771
2023-05-01 20:00:00     67.353734
2023-05-01 21:00:00     67.692877
2023-05-01 22:00:00     67.692877
2023-05-01 23:00:00     67.692877
Freq: H, Length: 11664, dtype: float64",2022-01-01,2023-05-01 23:00:00,486 days,100.0,43.25007471375716,110.89916531449784,67.69287691043206,-32.30712308956794,-70.17976286600607,29.835390946502056,100.0,61.000540814617764,464 days 22:00:00,430,0.0,215,35.81395348837209,30.429988974641663,-16.333207499685432,3.711748814335678,-2.212748816253468,0 days 23:00:46.753246753,0 days 12:24:05.255474452,0.8437726375153624,-0.15026568878868785,-0.13579114006190013,-0.41640646944156184,0.9910867522691058,-0.21293449292717026,long
484,"{'window_k': 27, 'window_d': 222, 'window_ma': 72}","open_time
2022-01-01 00:00:00    100.000000
2022-01-01 01:00:00    100.000000
2022-01-01 02:00:00    100.000000
2022-01-01 03:00:00    100.000000
2022-01-01 04:00:00    100.000000
                          ...    
2023-05-01 19:00:00     66.780089
2023-05-01 20:00:00     66.626726
2023-05-01 21:00:00     66.962208
2023-05-01 22:00:00     67.259349
2023-05-01 23:00:00     67.259349
Freq: H, Length: 11664, dtype: float64",2022-01-01,2023-05-01 23:00:00,486 days,100.0,46.22026002169475,121.12715209232354,67.25934914285018,-32.74065085714982,-70.17976286600607,30.74417009602195,100.0,61.84153658094306,391 days 18:00:00,65,0.0,33,34.375,36.37792182282457,-18.15765069551778,10.462497931928842,-6.475407107452264,5 days 11:38:10.909090909,4 days 03:02:51.428571428,0.7124522754720586,-0.9982837265113456,-0.3179333433772309,-0.41655038297613883,0.9829878695566114,-0.43798713123099164,long
1317,"{'window_k': 87, 'window_d': 42, 'window_ma': 87}","open_time
2022-01-01 00:00:00    100.000000
2022-01-01 01:00:00    100.000000
2022-01-01 02:00:00    100.000000
2022-01-01 03:00:00    100.000000
2022-01-01 04:00:00    100.000000
                          ...    
2023-05-01 19:00:00     71.076446
2023-05-01 20:00:00     71.076446
2023-05-01 21:00:00     71.076446
2023-05-01 22:00:00     71.076446
2023-05-01 23:00:00     71.076446
Freq: H, Length: 11664, dtype: float64",2022-01-01,2023-05-01 23:00:00,486 days,100.0,53.213832504528774,116.43437083143613,71.07644550660864,-28.92355449339136,-70.17976286600607,43.064128943758575,100.0,54.29714428433914,391 days 18:00:00,136,0.0,68,38.23529411764706,22.196851339983166,-14.600313876373198,7.516437468407573,-4.978999654346407,4 days 03:02:18.461538461,2 days 10:17:08.571428571,0.8302369795430631,-0.42534638960869575,0.0034141932960725717,-0.41655382004784003,1.0001811800116283,0.005251165094184748,long
1999,"{'window_k': 117, 'window_d': 192, 'window_ma': 237}","open_time
2022-01-01 00:00:00    100.000000
2022-01-01 01:00:00    100.000000
2022-01-01 02:00:00    100.000000
2022-01-01 03:00:00    100.000000
2022-01-01 04:00:00    100.000000
                          ...    
2023-05-01 19:00:00     63.695532
2023-05-01 20:00:00     63.549253
2023-05-01 21:00:00     63.869239
2023-05-01 22:00:00     64.152655
2023-05-01 23:00:00     64.152655
Freq: H, Length: 11664, dtype: float64",2022-01-01,2023-05-01 23:00:00,486 days,100.0,40.519775223538836,126.84389665797292,64.15265544094873,-35.847344559051265,-70.17976286600607,37.877229080932786,100.0,68.0554001484218,391 days 18:00:00,51,0.0,26,32.0,39.49764982373679,-24.9199514187921,15.693003536128183,-8.59950028643004,10 days 17:22:30,5 days 17:17:38.823529411,0.6671937720246298,-1.4660752483948478,-0.3030677725596277,-0.4165809987125176,0.9849914497400748,-0.42487548087375526,long
1935,"{'window_k': 117, 'window_d': 132, 'window_ma': 237}","open_time
2022-01-01 00:00:00    100.000000
2022-01-01 01:00:00    100.000000
2022-01-01 02:00:00    100.000000
2022-01-01 03:00:00    100.000000
2022-01-01 04:00:00    100.000000
                          ...    
2023-05-01 19:00:00     66.968186
2023-05-01 20:00:00     66.814391
2023-05-01 21:00:00     67.150818
2023-05-01 22:00:00     67.448796
2023-05-01 23:00:00     67.448796
Freq: H, Length: 11664, dtype: float64",2022-01-01,2023-05-01 23:00:00,486 days,100.0,51.469977759978285,133.49138677088962,67.44879608783545,-32.55120391216455,-70.17976286600607,41.17798353909465,100.0,61.443221914897116,391 days 18:00:00,63,0.0,32,29.03225806451613,37.15755805868445,-17.38808979701573,12.937335074260409,-6.222954774543924,7 days 23:33:20,5 days 16:21:49.090909090,0.7182939343237643,-1.0621316015900746,-0.1939539585485724,-0.41669566220279897,0.9908336152511399,-0.27166064073523327,long
3130,"{'window_k': 192, 'window_d': 57, 'window_ma': 162}","open_time
2022-01-01 00:00:00    100.000000
2022-01-01 01:00:00    100.000000
2022-01-01 02:00:00    100.000000
2022-01-01 03:00:00    100.000000
2022-01-01 04:00:00    100.000000
                          ...    
2023-05-01 19:00:00     74.867126
2023-05-01 20:00:00     74.695190
2023-05-01 21:00:00     75.071299
2023-05-01 22:00:00     75.404424
2023-05-01 23:00:00     75.404424
Freq: H, Length: 11664, dtype: float64",2022-01-01,2023-05-01 23:00:00,486 days,100.0,61.25615280917615,113.1168198725942,75.40442386940076,-24.59557613059924,-70.17976286600607,37.86865569272977,100.0,45.84699881222774,453 days 11:00:00,95,0.0,48,44.680851063829785,20.18224117875147,-17.211933015415333,6.5196426542946,-5.815398612126606,4 days 23:00:00,2 days 21:09:13.846153846,0.8157920654462196,-0.519651930195375,0.02567822054514916,-0.41671290972185643,1.0014693800116259,0.039243864185393086,long
3992,"{'window_k': 237, 'window_d': 147, 'window_ma': 132}","open_time
2022-01-01 00:00:00    100.000000
2022-01-01 01:00:00    100.000000
2022-01-01 02:00:00    100.000000
2022-01-01 03:00:00    100.000000
2022-01-01 04:00:00    100.000000
                          ...    
2023-05-01 19:00:00     71.031427
2023-05-01 20:00:00     70.868301
2023-05-01 21:00:00     71.225140
2023-05-01 22:00:00     71.541198
2023-05-01 23:00:00     71.541198
Freq: H, Length: 11664, dtype: float64",2022-01-01,2023-05-01 23:00:00,486 days,100.0,56.930921755580876,122.0274950152167,71.54119795697747,-28.45880204302253,-70.17976286600607,35.41666666666667,100.0,53.34582444023648,451 days 16:00:00,49,0.0,25,37.5,32.4288647697272,-22.868473231989423,13.845239425980417,-9.067968601456645,8 days 12:26:40,6 days 07:08:00,0.7611794091453808,-1.204475005023491,-0.12698644380382568,-0.41686452891611114,0.993128472727933,-0.18498874200348292,long
2504,"{'window_k': 147, 'window_d': 192, 'window_ma': 132}","open_time
2022-01-01 00:00:00    100.000000
2022-01-01 01:00:00    100.000000
2022-01-01 02:00:00    100.000000
2022-01-01 03:00:00    100.000000
2022-01-01 04:00:00    100.000000
                          ...    
2023-05-01 19:00:00     67.926998
2023-05-01 20:00:00     67.771001
2023-05-01 21:00:00     68.112245
2023-05-01 22:00:00     68.414489
2023-05-01 23:00:00     68.414489
Freq: H, Length: 11664, dtype: float64",2022-01-01,2023-05-01 23:00:00,486 days,100.0,52.88741773559724,130.56501025173262,68.41448901112476,-31.585510988875242,-70.17976286600607,34.465020576131685,100.0,59.49342198677198,391 days 18:00:00,47,0.0,24,34.78260869565217,38.90595290332017,-24.75781594011449,14.118118031356916,-8.635057118815217,9 days 08:45:00,6 days 03:20:00,0.7172539704394282,-1.387271959070238,-0.2651005612669119,-0.41692957127101593,0.9861744016390763,-0.3727073729910281,long
53,"{'window_k': 12, 'window_d': 57, 'window_ma': 87}","open_time
2022-01-01 00:00:00    100.000000
2022-01-01 01:00:00    100.000000
2022-01-01 02:00:00    100.000000
2022-01-01 03:00:00    100.000000
2022-01-01 04:00:00    100.000000
                          ...    
2023-05-01 19:00:00     67.121502
2023-05-01 20:00:00     67.121502
2023-05-01 21:00:00     67.121502
2023-05-01 22:00:00     67.121502
2023-05-01 23:00:00     67.121502
Freq: H, Length: 11664, dtype: float64",2022-01-01,2023-05-01 23:00:00,486 days,100.0,38.154807783955626,100.54757622080692,67.12150233483916,-32.878497665160836,-70.17976286600607,36.471193415637856,100.0,62.05298106821991,481 days 09:00:00,252,0.0,126,34.12698412698413,21.481973749792317,-11.256530687635244,5.340178111275891,-3.0077777609093737,2 days 03:40:27.906976744,1 days 00:28:54.939759036,0.8101402599177979,-0.26094045766000673,-0.0741654712673928,-0.4169729798965544,0.995552275765832,-0.1179996799654032,long
1932,"{'window_k': 117, 'window_d': 132, 'window_ma': 192}","open_time
2022-01-01 00:00:00    100.000000
2022-01-01 01:00:00    100.000000
2022-01-01 02:00:00    100.000000
2022-01-01 03:00:00    100.000000
2022-01-01 04:00:00    100.000000
                          ...    
2023-05-01 19:00:00     66.925337
2023-05-01 20:00:00     66.771640
2023-05-01 21:00:00     67.107852
2023-05-01 22:00:00     67.405640
2023-05-01 23:00:00     67.405640
Freq: H, Length: 11664, dtype: float64",2022-01-01,2023-05-01 23:00:00,486 days,100.0,51.437045170767455,133.49138677088962,67.40563959950967,-32.59436040049033,-70.17976286600607,41.50377229080932,100.0,61.46789211273346,391 days 18:00:00,63,0.0,32,29.03225806451613,37.15755805868446,-17.38808979701573,12.937335074260412,-6.225639274242664,7 days 23:33:20,5 days 18:05:27.272727272,0.7179438395792292,-1.0635160089304838,-0.19189549521486476,-0.4171100813598641,0.9909767753678301,-0.2687292220264251,long
977,"{'window_k': 57, 'window_d': 207, 'window_ma': 27}","open_time
2022-01-01 00:00:00    100.000000
2022-01-01 01:00:00    100.000000
2022-01-01 02:00:00    100.000000
2022-01-01 03:00:00    100.000000
2022-01-01 04:00:00    100.000000
                          ...    
2023-05-01 19:00:00     69.921050
2023-05-01 20:00:00     69.760473
2023-05-01 21:00:00     70.111735
2023-05-01 22:00:00     70.422852
2023-05-01 23:00:00     70.422852
Freq: H, Length: 11664, dtype: float64",2022-01-01,2023-05-01 23:00:00,486 days,100.0,51.000240622746,114.62092071277908,70.4228516871338,-29.577148312866196,-70.17976286600607,17.729766803840878,100.0,55.505294927316015,451 days 16:00:00,53,0.0,27,34.61538461538461,19.60412147505423,-14.715020355688882,7.32999740101305,-5.415999579922354,3 days 15:53:20,3 days 00:24:42.352941176,0.6042154468406328,-1.1406706379281044,-0.47755945156121443,-0.41712622876406447,0.9670237835524801,-0.6544872896870382,long
1816,"{'window_k': 117, 'window_d': 27, 'window_ma': 132}","open_time
2022-01-01 00:00:00    100.000000
2022-01-01 01:00:00    100.000000
2022-01-01 02:00:00    100.000000
2022-01-01 03:00:00    100.000000
2022-01-01 04:00:00    100.000000
                          ...    
2023-05-01 19:00:00     65.339833
2023-05-01 20:00:00     65.339833
2023-05-01 21:00:00     65.339833
2023-05-01 22:00:00     65.339833
2023-05-01 23:00:00     65.339833
Freq: H, Length: 11664, dtype: float64",2022-01-01,2023-05-01 23:00:00,486 days,100.0,34.77839668379512,101.03585657370517,65.33983340256563,-34.66016659743437,-70.17976286600607,36.48834019204389,100.0,65.57816416548668,477 days 04:00:00,186,0.0,93,36.55913978494624,26.63832282656501,-14.46156976448447,6.742841568905414,-4.1910776374475,2 days 18:58:14.117647058,1 days 09:32:32.542372881,0.783874271776619,-0.372689963413273,-0.13226493660065058,-0.4171673193287321,0.9923944547662625,-0.20492241583629497,long
598,"{'window_k': 42, 'window_d': 87, 'window_ma': 102}","open_time
2022-01-01 00:00:00    100.000000
2022-01-01 01:00:00    100.000000
2022-01-01 02:00:00    100.000000
2022-01-01 03:00:00    100.000000
2022-01-01 04:00:00    100.000000
                          ...    
2023-05-01 19:00:00     68.391328
2023-05-01 20:00:00     68.391328
2023-05-01 21:00:00     68.391328
2023-05-01 22:00:00     68.391328
2023-05-01 23:00:00     68.391328
Freq: H, Length: 11664, dtype: float64",2022-01-01,2023-05-01 23:00:00,486 days,100.0,56.16905174878116,148.7728584822636,68.39132797224383,-31.608672027756167,-70.17976286600607,40.2863511659808,100.0,59.502729264494235,194 days 16:00:00,112,0.0,56,30.357142857142854,31.21311475409835,-16.699073544549936,9.824302957938642,-4.7136375859054604,4 days 04:56:28.235294117,3 days 04:29:13.846153846,0.8236517256889374,-0.5644405719242158,-0.054105394420644166,-0.417185677357136,0.9970277701312305,-0.08262058702456433,long
3199,"{'window_k': 192, 'window_d': 117, 'window_ma': 237}","open_time
2022-01-01 00:00:00    100.000000
2022-01-01 01:00:00    100.000000
2022-01-01 02:00:00    100.000000
2022-01-01 03:00:00    100.000000
2022-01-01 04:00:00    100.000000
                          ...    
2023-05-01 19:00:00     64.566061
2023-05-01 20:00:00     64.417782
2023-05-01 21:00:00     64.742141
2023-05-01 22:00:00     65.029431
2023-05-01 23:00:00     65.029431
Freq: H, Length: 11664, dtype: float64",2022-01-01,2023-05-01 23:00:00,486 days,100.0,50.32933929044635,148.83070652170764,65.02943113426514,-34.97056886573486,-70.17976286600607,39.48045267489712,100.0,66.18349770240083,391 days 18:00:00,57,0.0,29,32.142857142857146,30.669464047301197,-26.48412074963528,13.468805840765699,-7.565302432948727,9 days 07:06:40,5 days 13:03:09.473684210,0.7361450674638875,-1.2509347620964744,-0.12651846369054393,-0.4172701459964103,0.9931184072043301,-0.18919899760801934,long
3191,"{'window_k': 192, 'window_d': 117, 'window_ma': 117}","open_time
2022-01-01 00:00:00    100.000000
2022-01-01 01:00:00    100.000000
2022-01-01 02:00:00    100.000000
2022-01-01 03:00:00    100.000000
2022-01-01 04:00:00    100.000000
                          ...    
2023-05-01 19:00:00     64.461559
2023-05-01 20:00:00     64.313520
2023-05-01 21:00:00     64.637354
2023-05-01 22:00:00     64.924179
2023-05-01 23:00:00     64.924179
Freq: H, Length: 11664, dtype: float64",2022-01-01,2023-05-01 23:00:00,486 days,100.0,51.67459060854002,153.65185561458438,64.92417916949586,-35.07582083050414,-70.17976286600607,35.37379972565158,100.0,66.3690422729687,309 days 12:00:00,57,0.0,29,28.57142857142857,30.669464047301197,-26.48412074963528,14.878511489466195,-7.107836774249638,8 days 09:00:00,5 days 02:27:00,0.7457122550859816,-1.2546905466452105,-0.16611848442537477,-0.41742959131062024,0.9902857913688607,-0.2500691036730809,long
1332,"{'window_k': 87, 'window_d': 57, 'window_ma': 72}","open_time
2022-01-01 00:00:00    100.00000
2022-01-01 01:00:00    100.00000
2022-01-01 02:00:00    100.00000
2022-01-01 03:00:00    100.00000
2022-01-01 04:00:00    100.00000
                         ...    
2023-05-01 19:00:00     66.45818
2023-05-01 20:00:00     66.45818
2023-05-01 21:00:00     66.45818
2023-05-01 22:00:00     66.45818
2023-05-01 23:00:00     66.45818
Freq: H, Length: 11664, dtype: float64",2022-01-01,2023-05-01 23:00:00,486 days,100.0,59.4628495890997,161.6185969861133,66.45817978341157,-33.541820216588434,-70.17976286600607,41.26371742112483,100.0,63.20791623119404,194 days 16:00:00,120,0.0,60,31.666666666666664,22.78546489072806,-17.655078391274717,8.828970432653678,-4.7553144979162285,4 days 07:12:37.894736842,2 days 22:42:00,0.8295578948391882,-0.5590303369431417,-0.06844397189443369,-0.41806874996934446,0.9963873389777136,-0.10324827706335646,long
1276,"{'window_k': 72, 'window_d': 237, 'window_ma': 192}","open_time
2022-01-01 00:00:00    100.000000
2022-01-01 01:00:00    100.000000
2022-01-01 02:00:00    100.000000
2022-01-01 03:00:00    100.000000
2022-01-01 04:00:00    100.000000
                          ...    
2023-05-01 19:00:00     66.877569
2023-05-01 20:00:00     66.877569
2023-05-01 21:00:00     66.877569
2023-05-01 22:00:00     66.877569
2023-05-01 23:00:00     66.877569
Freq: H, Length: 11664, dtype: float64",2022-01-01,2023-05-01 23:00:00,486 days,100.0,46.73142339116021,124.092305557233,66.87756944700783,-33.12243055299217,-70.17976286600607,36.24828532235939,100.0,62.341401280833594,430 days 01:00:00,48,0.0,24,41.66666666666667,39.27621861152143,-26.827921360724538,11.543359820227131,-9.542634593372412,8 days 21:48:00,6 days 05:17:08.571428571,0.680046528900253,-1.3801012730413422,-0.2947155363271071,-0.41829065502539936,0.9852018607774005,-0.41139026348359825,long
2476,"{'window_k': 147, 'window_d': 162, 'window_ma': 192}","open_time
2022-01-01 00:00:00    100.000000
2022-01-01 01:00:00    100.000000
2022-01-01 02:00:00    100.000000
2022-01-01 03:00:00    100.000000
2022-01-01 04:00:00    100.000000
                          ...    
2023-05-01 19:00:00     66.205127
2023-05-01 20:00:00     66.053085
2023-05-01 21:00:00     66.385678
2023-05-01 22:00:00     66.680261
2023-05-01 23:00:00     66.680261
Freq: H, Length: 11664, dtype: float64",2022-01-01,2023-05-01 23:00:00,486 days,100.0,49.58344824595482,132.9537895600633,66.68026096659277,-33.31973903340723,-70.17976286600607,38.81172839506173,100.0,62.70625424816871,391 days 18:00:00,51,0.0,26,28.000000000000004,39.16592460670823,-20.9652076318743,17.329713915826513,-8.174880769269793,10 days 11:00:00,6 days 15:52:56.470588235,0.7259875414544589,-1.324807315474534,-0.24001649211950535,-0.41846992479964157,0.9882328914335582,-0.339178221342225,long
2154,"{'window_k': 132, 'window_d': 102, 'window_ma': 162}","open_time
2022-01-01 00:00:00    100.000000
2022-01-01 01:00:00    100.000000
2022-01-01 02:00:00    100.000000
2022-01-01 03:00:00    100.000000
2022-01-01 04:00:00    100.000000
                          ...    
2023-05-01 19:00:00     67.716389
2023-05-01 20:00:00     67.560876
2023-05-01 21:00:00     67.901061
2023-05-01 22:00:00     68.202369
2023-05-01 23:00:00     68.202369
Freq: H, Length: 11664, dtype: float64",2022-01-01,2023-05-01 23:00:00,486 days,100.0,53.63180855649503,133.00628293189754,68.20236850520313,-31.797631494796875,-70.17976286600607,42.21536351165981,100.0,59.677236763352134,391 days 18:00:00,75,0.0,38,32.432432432432435,31.848723363409487,-23.500220555800606,13.458713761471127,-6.927830422453657,7 days 09:30:00,4 days 11:40:48,0.7943900910929482,-0.853090846380276,-0.11097535676968792,-0.4185805933468934,0.9945403865080351,-0.1569698735063676,long
3467,"{'window_k': 207, 'window_d': 132, 'window_ma': 177}","open_time
2022-01-01 00:00:00    100.000000
2022-01-01 01:00:00    100.000000
2022-01-01 02:00:00    100.000000
2022-01-01 03:00:00    100.000000
2022-01-01 04:00:00    100.000000
                          ...    
2023-05-01 19:00:00     66.104357
2023-05-01 20:00:00     65.952546
2023-05-01 21:00:00     66.284633
2023-05-01 22:00:00     66.578768
2023-05-01 23:00:00     66.578768
Freq: H, Length: 11664, dtype: float64",2022-01-01,2023-05-01 23:00:00,486 days,100.0,50.22144268447608,135.19715118089303,66.57876791535949,-33.42123208464051,-70.17976286600607,39.90912208504801,100.0,62.85317978536392,391 days 18:00:00,53,0.0,27,30.76923076923077,37.233727810650905,-15.168253506795565,14.888394297652619,-7.605415198442805,10 days 00:45:00,6 days 04:46:40,0.7168741703187899,-1.251493406791167,-0.16043308521140892,-0.4188334474697796,0.991777212991813,-0.23098296408800437,long
1210,"{'window_k': 72, 'window_d': 177, 'window_ma': 162}","open_time
2022-01-01 00:00:00    100.000000
2022-01-01 01:00:00    100.000000
2022-01-01 02:00:00    100.000000
2022-01-01 03:00:00    100.000000
2022-01-01 04:00:00    100.000000
                          ...    
2023-05-01 19:00:00     61.340573
2023-05-01 20:00:00     61.199702
2023-05-01 21:00:00     61.507857
2023-05-01 22:00:00     61.780795
2023-05-01 23:00:00     61.780795
Freq: H, Length: 11664, dtype: float64",2022-01-01,2023-05-01 23:00:00,486 days,100.0,37.74519433862963,137.02737068612035,61.780795210225456,-38.219204789774544,-70.17976286600607,38.708847736625515,100.0,72.45426650921436,391 days 18:00:00,57,0.0,29,32.142857142857146,48.69070776597339,-29.68258311670543,18.039952810507685,-9.212103812417997,10 days 16:06:39.999999999,4 days 17:12:37.894736842,0.7221459855166961,-1.336042706745391,-0.30378023594420045,-0.41887645092505166,0.9850861027333649,-0.4213792903258874,long
4038,"{'window_k': 237, 'window_d': 192, 'window_ma': 102}","open_time
2022-01-01 00:00:00    100.00000
2022-01-01 01:00:00    100.00000
2022-01-01 02:00:00    100.00000
2022-01-01 03:00:00    100.00000
2022-01-01 04:00:00    100.00000
                         ...    
2023-05-01 19:00:00     71.14801
2023-05-01 20:00:00     71.14801
2023-05-01 21:00:00     71.14801
2023-05-01 22:00:00     71.14801
2023-05-01 23:00:00     71.14801
Freq: H, Length: 11664, dtype: float64",2022-01-01,2023-05-01 23:00:00,486 days,100.0,55.184207751967136,119.56197624800781,71.1480101444731,-28.851989855526895,-70.17976286600607,27.88065843621399,100.0,53.8446841682356,451 days 16:00:00,38,0.0,19,21.052631578947366,37.606336168964525,-15.081206496519743,17.335228869724396,-6.019575523429169,10 days 14:00:00,6 days 05:04:00,0.6132915147361153,-1.5185257818698368,-0.28219317271362016,-0.41896753643523926,0.9834907472978713,-0.3926992645413251,long
244,"{'window_k': 12, 'window_d': 237, 'window_ma': 72}","open_time
2022-01-01 00:00:00    100.000000
2022-01-01 01:00:00    100.000000
2022-01-01 02:00:00    100.000000
2022-01-01 03:00:00    100.000000
2022-01-01 04:00:00    100.000000
                          ...    
2023-05-01 19:00:00     66.700127
2023-05-01 20:00:00     66.546948
2023-05-01 21:00:00     66.882028
2023-05-01 22:00:00     67.178813
2023-05-01 23:00:00     67.178813
Freq: H, Length: 11664, dtype: float64",2022-01-01,2023-05-01 23:00:00,486 days,100.0,45.534638021633995,118.7063027603708,67.1788134106567,-32.8211865893433,-70.17976286600607,27.580589849108367,100.0,61.640926418579866,453 days 11:00:00,85,0.0,43,23.809523809523807,34.867909867909866,-17.621558289396607,10.59049608431328,-4.20792086366648,4 days 09:30:00,2 days 16:46:27.096774193,0.6866795884528606,-0.7780376368148849,-0.37959131202553914,-0.418989286493686,0.9784174538891792,-0.5232603535563624,long
3177,"{'window_k': 192, 'window_d': 102, 'window_ma': 147}","open_time
2022-01-01 00:00:00    100.000000
2022-01-01 01:00:00    100.000000
2022-01-01 02:00:00    100.000000
2022-01-01 03:00:00    100.000000
2022-01-01 04:00:00    100.000000
                          ...    
2023-05-01 19:00:00     65.552270
2023-05-01 20:00:00     65.401727
2023-05-01 21:00:00     65.731041
2023-05-01 22:00:00     66.022719
2023-05-01 23:00:00     66.022719
Freq: H, Length: 11664, dtype: float64",2022-01-01,2023-05-01 23:00:00,486 days,100.0,48.09490756722399,133.11261669563112,66.02271853553621,-33.977281464463786,-70.17976286600607,41.28086419753087,100.0,63.86900899319296,391 days 18:00:00,65,0.0,33,37.5,33.42126088103402,-24.81203007518798,12.2983697557701,-8.29743932560191,8 days 16:30:00,4 days 15:33:00,0.7730698855466162,-1.0811960393485807,-0.08999134684465003,-0.41941492431217137,0.9952193634722689,-0.13551685800290442,long
1649,"{'window_k': 102, 'window_d': 117, 'window_ma': 27}","open_time
2022-01-01 00:00:00    100.000000
2022-01-01 01:00:00    100.000000
2022-01-01 02:00:00    100.000000
2022-01-01 03:00:00    100.000000
2022-01-01 04:00:00    100.000000
                          ...    
2023-05-01 19:00:00     70.741537
2023-05-01 20:00:00     70.579076
2023-05-01 21:00:00     70.934459
2023-05-01 22:00:00     71.249227
2023-05-01 23:00:00     71.249227
Freq: H, Length: 11664, dtype: float64",2022-01-01,2023-05-01 23:00:00,486 days,100.0,56.011379028026695,120.68329623136732,71.24922686540712,-28.750773134592876,-70.17976286600607,29.7582304526749,100.0,53.58812629657979,451 days 16:00:00,71,0.0,36,37.142857142857146,19.764940448082267,-17.041348855881168,8.92633487600228,-6.108724726788614,4 days 03:41:32.307692307,3 days 22:19:05.454545454,0.7555852488894641,-0.8130375109686332,-0.2347464602517196,-0.4194296529404172,0.9868621268826616,-0.3277246886678197,long
1234,"{'window_k': 72, 'window_d': 207, 'window_ma': 42}","open_time
2022-01-01 00:00:00    100.000000
2022-01-01 01:00:00    100.000000
2022-01-01 02:00:00    100.000000
2022-01-01 03:00:00    100.000000
2022-01-01 04:00:00    100.000000
                          ...    
2023-05-01 19:00:00     64.350788
2023-05-01 20:00:00     64.203003
2023-05-01 21:00:00     64.526281
2023-05-01 22:00:00     64.812613
2023-05-01 23:00:00     64.812613
Freq: H, Length: 11664, dtype: float64",2022-01-01,2023-05-01 23:00:00,486 days,100.0,42.10214475882651,124.55012853470436,64.81261330283314,-35.18738669716686,-70.17976286600607,24.065500685871054,100.0,66.19662680870275,451 days 16:00:00,53,0.0,27,42.30769230769231,34.87565066512436,-38.48961761713841,10.795055740654504,-9.036181045132908,4 days 22:16:21.818181818,4 days 02:08:00,0.6874052419540417,-1.356913531900814,-0.49767294996404043,-0.41992660373191626,0.9689435871107025,-0.6610265174764388,long
1012,"{'window_k': 57, 'window_d': 237, 'window_ma': 72}","open_time
2022-01-01 00:00:00    100.000000
2022-01-01 01:00:00    100.000000
2022-01-01 02:00:00    100.000000
2022-01-01 03:00:00    100.000000
2022-01-01 04:00:00    100.000000
                          ...    
2023-05-01 19:00:00     62.899023
2023-05-01 20:00:00     62.899023
2023-05-01 21:00:00     63.215735
2023-05-01 22:00:00     63.496252
2023-05-01 23:00:00     63.496252
Freq: H, Length: 11664, dtype: float64",2022-01-01,2023-05-01 23:00:00,486 days,100.0,41.081805134089386,131.7368392820976,63.49625186268541,-36.50374813731459,-70.17976286600607,28.489368998628255,100.0,68.81524913003419,391 days 18:00:00,51,0.0,26,32.0,28.78872194398069,-22.7212389380531,11.092428232624584,-7.111241195354443,6 days 15:15:00,5 days 00:17:38.823529411,0.6050355868370821,-1.4840390668517824,-0.4512870636039648,-0.41999233744496367,0.9750857508497606,-0.6235951950395202,long
923,"{'window_k': 57, 'window_d': 147, 'window_ma': 177}","open_time
2022-01-01 00:00:00    100.000000
2022-01-01 01:00:00    100.000000
2022-01-01 02:00:00    100.000000
2022-01-01 03:00:00    100.000000
2022-01-01 04:00:00    100.000000
                          ...    
2023-05-01 19:00:00     64.696587
2023-05-01 20:00:00     64.548009
2023-05-01 21:00:00     64.873024
2023-05-01 22:00:00     65.160895
2023-05-01 23:00:00     65.160895
Freq: H, Length: 11664, dtype: float64",2022-01-01,2023-05-01 23:00:00,486 days,100.0,43.100219252253815,124.42932228836698,65.16089473496537,-34.83910526503463,-70.17976286600607,38.365912208504795,100.0,65.36168608845402,391 days 18:00:00,71,0.0,36,34.285714285714285,35.37717601547387,-22.13933203259497,12.03107997929813,-7.083518648040164,7 days 14:10:00,3 days 23:28:41.739130434,0.73968902546457,-1.0020359698410894,-0.24966982170264543,-0.4208356359703317,0.9879105957638622,-0.34706065022857646,long
1318,"{'window_k': 87, 'window_d': 42, 'window_ma': 102}","open_time
2022-01-01 00:00:00    100.000000
2022-01-01 01:00:00    100.000000
2022-01-01 02:00:00    100.000000
2022-01-01 03:00:00    100.000000
2022-01-01 04:00:00    100.000000
                          ...    
2023-05-01 19:00:00     72.053799
2023-05-01 20:00:00     72.053799
2023-05-01 21:00:00     72.053799
2023-05-01 22:00:00     72.053799
2023-05-01 23:00:00     72.053799
Freq: H, Length: 11664, dtype: float64",2022-01-01,2023-05-01 23:00:00,486 days,100.0,57.45750687807433,119.32207131615644,72.05379860965435,-27.94620139034565,-70.17976286600607,43.775720164609055,100.0,51.846706779138465,391 days 18:00:00,136,0.0,68,39.705882352941174,22.196851339983166,-14.600313876373198,7.354885141369214,-5.1393770295870205,4 days 01:57:46.666666666,2 days 12:01:27.804878048,0.84184233035853,-0.41097354985802514,0.02044522600842665,-0.4208541312932232,1.0010761103863464,0.031409098794372536,long
3133,"{'window_k': 192, 'window_d': 57, 'window_ma': 207}","open_time
2022-01-01 00:00:00    100.000000
2022-01-01 01:00:00    100.000000
2022-01-01 02:00:00    100.000000
2022-01-01 03:00:00    100.000000
2022-01-01 04:00:00    100.000000
                          ...    
2023-05-01 19:00:00     74.610731
2023-05-01 20:00:00     74.439385
2023-05-01 21:00:00     74.814206
2023-05-01 22:00:00     75.146190
2023-05-01 23:00:00     75.146190
Freq: H, Length: 11664, dtype: float64",2022-01-01,2023-05-01 23:00:00,486 days,100.0,61.25615280917615,113.1168198725942,75.1461895410809,-24.8538104589191,-70.17976286600607,37.98868312757202,100.0,45.84699881222774,453 days 11:00:00,95,0.0,48,44.680851063829785,20.18224117875147,-17.211933015415326,6.5196426542946,-5.828294782479858,4 days 23:00:00,2 days 21:41:32.307692307,0.8141199724076739,-0.5251588056894594,0.022108608695056858,-0.421253054377122,1.0012630422308582,0.03378323870379764,long
768,"{'window_k': 57, 'window_d': 12, 'window_ma': 12}","open_time
2022-01-01 00:00:00    100.000000
2022-01-01 01:00:00    100.000000
2022-01-01 02:00:00    100.000000
2022-01-01 03:00:00    100.000000
2022-01-01 04:00:00    100.000000
                          ...    
2023-05-01 19:00:00     68.340303
2023-05-01 20:00:00     68.183357
2023-05-01 21:00:00     68.526677
2023-05-01 22:00:00     68.526677
2023-05-01 23:00:00     68.526677
Freq: H, Length: 11664, dtype: float64",2022-01-01,2023-05-01 23:00:00,486 days,100.0,41.40960840227599,100.0,68.52667675995387,-31.473323240046124,-70.17976286600607,33.110425240054866,100.0,58.590391597724015,482 days 08:00:00,482,0.0,241,34.85477178423236,30.792396009787314,-17.31470995344155,4.048125172814268,-2.271156695006141,0 days 22:58:34.285714285,0 days 12:20:30.967741935,0.8668136867206647,-0.1305947022408559,-0.10407140814017732,-0.421775274081571,0.993575118724051,-0.16265633165096427,long
1215,"{'window_k': 72, 'window_d': 177, 'window_ma': 237}","open_time
2022-01-01 00:00:00    100.000000
2022-01-01 01:00:00    100.000000
2022-01-01 02:00:00    100.000000
2022-01-01 03:00:00    100.000000
2022-01-01 04:00:00    100.000000
                          ...    
2023-05-01 19:00:00     61.010490
2023-05-01 20:00:00     60.870377
2023-05-01 21:00:00     61.176875
2023-05-01 22:00:00     61.448344
2023-05-01 23:00:00     61.448344
Freq: H, Length: 11664, dtype: float64",2022-01-01,2023-05-01 23:00:00,486 days,100.0,37.54208185591175,137.02737068612035,61.4483435983234,-38.5516564016766,-70.17976286600607,39.609053497942384,100.0,72.60249418205143,391 days 18:00:00,57,0.0,29,32.142857142857146,48.69070776597339,-29.68258311670543,18.039952810507685,-9.242088832091525,10 days 16:06:39.999999999,4 days 22:44:12.631578947,0.7235614795045691,-1.3480716492575118,-0.30893150525811747,-0.4219009434935611,0.9849911966036776,-0.4295179140724288,long
4067,"{'window_k': 237, 'window_d': 222, 'window_ma': 57}","open_time
2022-01-01 00:00:00    100.000000
2022-01-01 01:00:00    100.000000
2022-01-01 02:00:00    100.000000
2022-01-01 03:00:00    100.000000
2022-01-01 04:00:00    100.000000
                          ...    
2023-05-01 19:00:00     67.799881
2023-05-01 20:00:00     67.799881
2023-05-01 21:00:00     67.799881
2023-05-01 22:00:00     67.799881
2023-05-01 23:00:00     67.799881
Freq: H, Length: 11664, dtype: float64",2022-01-01,2023-05-01 23:00:00,486 days,100.0,52.690286152216935,131.37246991604866,67.79988091687194,-32.20011908312806,-70.17976286600607,25.50582990397805,100.0,59.892444599779715,424 days 03:00:00,34,0.0,17,35.294117647058826,26.47601476014761,-18.479474141138546,10.704986043002485,-8.363441415146246,8 days 15:50:00,6 days 13:05:27.272727272,0.6028192766162231,-1.8941246519487094,-0.45929535335838156,-0.4226321966875331,0.9717096912077244,-0.6393304576693747,long
2786,"{'window_k': 162, 'window_d': 222, 'window_ma': 42}","open_time
2022-01-01 00:00:00    100.000000
2022-01-01 01:00:00    100.000000
2022-01-01 02:00:00    100.000000
2022-01-01 03:00:00    100.000000
2022-01-01 04:00:00    100.000000
                          ...    
2023-05-01 19:00:00     73.389195
2023-05-01 20:00:00     73.389195
2023-05-01 21:00:00     73.389195
2023-05-01 22:00:00     73.389195
2023-05-01 23:00:00     73.389195
Freq: H, Length: 11664, dtype: float64",2022-01-01,2023-05-01 23:00:00,486 days,100.0,62.1028513625476,121.90537526773294,73.38919488631508,-26.610805113684922,-70.17976286600607,20.73045267489712,100.0,49.05651106347435,424 days 03:00:00,38,0.0,19,36.84210526315789,28.390530372545435,-22.326621923937363,10.412324286580862,-7.503870799096809,6 days 00:34:17.142857142,4 days 21:10:00,0.6753522935788342,-1.4005686901939431,-0.3517420744315875,-0.42265946586822467,0.9767378207039574,-0.4892792984722087,long
3056,"{'window_k': 177, 'window_d': 237, 'window_ma': 12}","open_time
2022-01-01 00:00:00    100.000000
2022-01-01 01:00:00    100.000000
2022-01-01 02:00:00    100.000000
2022-01-01 03:00:00    100.000000
2022-01-01 04:00:00    100.000000
                          ...    
2023-05-01 19:00:00     77.246833
2023-05-01 20:00:00     77.246833
2023-05-01 21:00:00     77.246833
2023-05-01 22:00:00     77.246833
2023-05-01 23:00:00     77.246833
Freq: H, Length: 11664, dtype: float64",2022-01-01,2023-05-01 23:00:00,486 days,100.0,66.85044391985397,114.60949923060937,77.24683255423875,-22.75316744576125,-70.17976286600607,13.751714677640603,100.0,41.671114202024306,426 days 23:00:00,36,0.0,18,50.0,17.12062256809338,-19.446962828649138,5.27123557199052,-7.384709265798028,3 days 00:13:20,4 days 10:00:00,0.6308841250151543,-1.2640648580978473,-0.3762375951105088,-0.4229560654640134,0.969748151178186,-0.5186560267831912,long
3182,"{'window_k': 192, 'window_d': 102, 'window_ma': 222}","open_time
2022-01-01 00:00:00    100.000000
2022-01-01 01:00:00    100.000000
2022-01-01 02:00:00    100.000000
2022-01-01 03:00:00    100.000000
2022-01-01 04:00:00    100.000000
                          ...    
2023-05-01 19:00:00     65.159271
2023-05-01 20:00:00     65.009631
2023-05-01 21:00:00     65.336970
2023-05-01 22:00:00     65.626899
2023-05-01 23:00:00     65.626899
Freq: H, Length: 11664, dtype: float64",2022-01-01,2023-05-01 23:00:00,486 days,100.0,47.806569156460554,133.11261669563112,65.62689937921057,-34.37310062078943,-70.17976286600607,39.720507544581615,100.0,64.08562137594159,391 days 18:00:00,65,0.0,33,34.375,33.42126088103402,-24.812030075187977,13.235377177703834,-7.843116180467027,9 days 00:38:10.909090909,4 days 07:14:17.142857142,0.7668297513139988,-1.0934490452432808,-0.09846357878987073,-0.4231449294262099,0.9947006097911777,-0.14824103948469308,long
3296,"{'window_k': 192, 'window_d': 222, 'window_ma': 12}","open_time
2022-01-01 00:00:00    100.000000
2022-01-01 01:00:00    100.000000
2022-01-01 02:00:00    100.000000
2022-01-01 03:00:00    100.000000
2022-01-01 04:00:00    100.000000
                          ...    
2023-05-01 19:00:00     75.446982
2023-05-01 20:00:00     75.446982
2023-05-01 21:00:00     75.446982
2023-05-01 22:00:00     75.446982
2023-05-01 23:00:00     75.446982
Freq: H, Length: 11664, dtype: float64",2022-01-01,2023-05-01 23:00:00,486 days,100.0,65.82204874358787,119.79408094714529,75.44698196577602,-24.55301803422398,-70.17976286600607,12.620027434842248,100.0,45.054005821348206,352 days 15:00:00,36,0.0,18,55.55555555555556,16.559100129079848,-22.84573583231673,4.819388643766514,-8.538386685381006,2 days 19:35:59.999999999,4 days 03:30:00,0.6264598783814337,-1.3640565574568875,-0.42612219170523474,-0.42328642385497733,0.9642055562666186,-0.588396797122399,long
2479,"{'window_k': 147, 'window_d': 162, 'window_ma': 237}","open_time
2022-01-01 00:00:00    100.000000
2022-01-01 01:00:00    100.000000
2022-01-01 02:00:00    100.000000
2022-01-01 03:00:00    100.000000
2022-01-01 04:00:00    100.000000
                          ...    
2023-05-01 19:00:00     65.385693
2023-05-01 20:00:00     65.235532
2023-05-01 21:00:00     65.564009
2023-05-01 22:00:00     65.854946
2023-05-01 23:00:00     65.854946
Freq: H, Length: 11664, dtype: float64",2022-01-01,2023-05-01 23:00:00,486 days,100.0,48.96974389297264,134.4635699617709,65.85494590963678,-34.14505409036322,-70.17976286600607,38.39163237311386,100.0,63.58140431129774,391 days 18:00:00,51,0.0,26,28.000000000000004,39.16592460670823,-20.965207631874293,16.278421944195067,-7.894057359065062,10 days 18:00:00,6 days 10:07:03.529411764,0.7000978977208289,-1.3579187156219263,-0.2561739776312464,-0.42351035517874347,0.9873793396543196,-0.36148206451996606,long
1815,"{'window_k': 117, 'window_d': 27, 'window_ma': 117}","open_time
2022-01-01 00:00:00    100.000000
2022-01-01 01:00:00    100.000000
2022-01-01 02:00:00    100.000000
2022-01-01 03:00:00    100.000000
2022-01-01 04:00:00    100.000000
                          ...    
2023-05-01 19:00:00     64.851483
2023-05-01 20:00:00     64.851483
2023-05-01 21:00:00     64.851483
2023-05-01 22:00:00     64.851483
2023-05-01 23:00:00     64.851483
Freq: H, Length: 11664, dtype: float64",2022-01-01,2023-05-01 23:00:00,486 days,100.0,34.80351238518179,101.03585657370517,64.85148318858236,-35.148516811417636,-70.17976286600607,36.89986282578875,100.0,65.55330595946124,477 days 04:00:00,186,0.0,93,37.634408602150536,26.638322826565002,-14.46156976448447,6.4939654093599515,-4.243957239533402,2 days 19:39:25.714285714,1 days 09:22:45.517241379,0.7798772258069424,-0.3779410409829853,-0.14137746767217313,-0.42355157983257335,0.9918907742392437,-0.2191405786215578,long
1096,"{'window_k': 72, 'window_d': 72, 'window_ma': 132}","open_time
2022-01-01 00:00:00    100.000000
2022-01-01 01:00:00    100.000000
2022-01-01 02:00:00    100.000000
2022-01-01 03:00:00    100.000000
2022-01-01 04:00:00    100.000000
                          ...    
2023-05-01 19:00:00     73.528148
2023-05-01 20:00:00     73.528148
2023-05-01 21:00:00     73.528148
2023-05-01 22:00:00     73.528148
2023-05-01 23:00:00     73.528148
Freq: H, Length: 11664, dtype: float64",2022-01-01,2023-05-01 23:00:00,486 days,100.0,64.26815427207575,125.19017689163779,73.52814833944784,-26.471851660552158,-70.17976286600607,40.74931412894376,100.0,48.663580587712545,197 days 01:00:00,110,0.0,55,30.909090909090907,21.203383314109942,-17.72516043372427,10.057940309145442,-4.8282653316811865,5 days 04:38:49.411764705,2 days 21:18:56.842105263,0.8474144827484391,-0.48130639382822293,0.025304457754204528,-0.4237565462919511,1.0013646624176797,0.038326032677980834,long
1203,"{'window_k': 72, 'window_d': 177, 'window_ma': 57}","open_time
2022-01-01 00:00:00    100.000000
2022-01-01 01:00:00    100.000000
2022-01-01 02:00:00    100.000000
2022-01-01 03:00:00    100.000000
2022-01-01 04:00:00    100.000000
                          ...    
2023-05-01 19:00:00     61.292938
2023-05-01 20:00:00     61.152176
2023-05-01 21:00:00     61.460092
2023-05-01 22:00:00     61.732818
2023-05-01 23:00:00     61.732818
Freq: H, Length: 11664, dtype: float64",2022-01-01,2023-05-01 23:00:00,486 days,100.0,36.993850169843405,130.47576301615797,61.732818230441644,-38.267181769558356,-70.17976286600607,24.708504801097394,100.0,71.64695625097657,451 days 16:00:00,57,0.0,29,35.714285714285715,30.00189645363171,-29.68258311670542,10.560126032955017,-7.378087771113487,6 days 03:11:59.999999999,3 days 03:03:20,0.6420484987550515,-1.337778635557473,-0.5724129257277407,-0.4241633349944654,0.9652002246905986,-0.7791220292002236,long
3183,"{'window_k': 192, 'window_d': 102, 'window_ma': 237}","open_time
2022-01-01 00:00:00    100.000000
2022-01-01 01:00:00    100.000000
2022-01-01 02:00:00    100.000000
2022-01-01 03:00:00    100.000000
2022-01-01 04:00:00    100.000000
                          ...    
2023-05-01 19:00:00     64.854355
2023-05-01 20:00:00     64.705414
2023-05-01 21:00:00     65.031222
2023-05-01 22:00:00     65.319794
2023-05-01 23:00:00     65.319794
Freq: H, Length: 11664, dtype: float64",2022-01-01,2023-05-01 23:00:00,486 days,100.0,47.58285549452001,134.16954311708287,65.31979443022588,-34.68020556977412,-70.17976286600607,40.92935528120713,100.0,64.53527798555825,309 days 12:00:00,65,0.0,33,34.375,33.42126088103402,-24.812030075187963,13.32925069549039,-7.9094921296904195,8 days 20:00:00,4 days 16:22:51.428571428,0.7670786489648661,-1.102955807839444,-0.10262347733347187,-0.4241679965869443,0.9945184121498108,-0.15449416433038035,long
726,"{'window_k': 42, 'window_d': 207, 'window_ma': 102}","open_time
2022-01-01 00:00:00    100.000000
2022-01-01 01:00:00    100.000000
2022-01-01 02:00:00    100.000000
2022-01-01 03:00:00    100.000000
2022-01-01 04:00:00    100.000000
                          ...    
2023-05-01 19:00:00     66.776634
2023-05-01 20:00:00     66.623279
2023-05-01 21:00:00     66.958743
2023-05-01 22:00:00     67.255869
2023-05-01 23:00:00     67.255869
Freq: H, Length: 11664, dtype: float64",2022-01-01,2023-05-01 23:00:00,486 days,100.0,45.98005319596387,116.94095964897163,67.25586905919276,-32.74413094080724,-70.17976286600607,33.7019890260631,100.0,60.680968127861426,451 days 16:00:00,61,0.0,31,33.33333333333333,31.39423993896625,-31.79342947758961,13.027848578115279,-7.293587538831084,8 days 11:00:00,3 days 20:21:00,0.7219553541899265,-1.0649533498633397,-0.2733185522432442,-0.42456475994020765,0.985609063764989,-0.3681912390556386,long
1693,"{'window_k': 102, 'window_d': 147, 'window_ma': 207}","open_time
2022-01-01 00:00:00    100.000000
2022-01-01 01:00:00    100.000000
2022-01-01 02:00:00    100.000000
2022-01-01 03:00:00    100.000000
2022-01-01 04:00:00    100.000000
                          ...    
2023-05-01 19:00:00     65.394947
2023-05-01 20:00:00     65.244765
2023-05-01 21:00:00     65.573288
2023-05-01 22:00:00     65.864266
2023-05-01 23:00:00     65.864266
Freq: H, Length: 11664, dtype: float64",2022-01-01,2023-05-01 23:00:00,486 days,100.0,47.16363250989044,128.54094919230357,65.86426604169834,-34.13573395830166,-70.17976286600607,38.6059670781893,100.0,63.3084765545559,451 days 16:00:00,65,0.0,33,25.0,39.801559177888,-18.835068054443564,14.77277135498715,-5.835343781729829,8 days 20:00:00,4 days 17:55:00,0.696819237451052,-1.0764213960951028,-0.2408809096065054,-0.42521346073064464,0.9882076506620151,-0.3367982718153502,long
493,"{'window_k': 27, 'window_d': 222, 'window_ma': 207}","open_time
2022-01-01 00:00:00    100.000000
2022-01-01 01:00:00    100.000000
2022-01-01 02:00:00    100.000000
2022-01-01 03:00:00    100.000000
2022-01-01 04:00:00    100.000000
                          ...    
2023-05-01 19:00:00     65.715423
2023-05-01 20:00:00     65.564505
2023-05-01 21:00:00     65.894638
2023-05-01 22:00:00     66.187042
2023-05-01 23:00:00     66.187042
Freq: H, Length: 11664, dtype: float64",2022-01-01,2023-05-01 23:00:00,486 days,100.0,45.85321366442754,122.84612540277851,66.187042080982,-33.812957919018004,-70.17976286600607,33.13614540466393,100.0,62.674269526948834,451 days 16:00:00,63,0.0,32,25.806451612903224,35.27794146533098,-16.789623988576867,15.71764966521981,-6.365638447841163,8 days 10:22:30,3 days 23:07:49.565217391,0.7079399127430913,-1.0654861291932867,-0.32582711309765106,-0.4252272466471639,0.9832451793892313,-0.44938921298953977,long
54,"{'window_k': 12, 'window_d': 57, 'window_ma': 102}","open_time
2022-01-01 00:00:00    100.000000
2022-01-01 01:00:00    100.000000
2022-01-01 02:00:00    100.000000
2022-01-01 03:00:00    100.000000
2022-01-01 04:00:00    100.000000
                          ...    
2023-05-01 19:00:00     67.250449
2023-05-01 20:00:00     67.250449
2023-05-01 21:00:00     67.250449
2023-05-01 22:00:00     67.250449
2023-05-01 23:00:00     67.250449
Freq: H, Length: 11664, dtype: float64",2022-01-01,2023-05-01 23:00:00,486 days,100.0,39.61882660120884,100.54757622080692,67.25044907134489,-32.74955092865511,-70.17976286600607,36.86556927297668,100.0,60.59693521184026,481 days 09:00:00,252,0.0,126,33.33333333333333,21.481973749792317,-11.256530687635244,5.538908904176329,-3.004161235770154,2 days 05:31:25.714285714,1 days 00:25:42.857142857,0.8163037053521165,-0.2599170708623417,-0.06946830480133989,-0.42522767382953996,0.9958624039952498,-0.11038665421388885,long
62,"{'window_k': 12, 'window_d': 57, 'window_ma': 222}","open_time
2022-01-01 00:00:00    100.000000
2022-01-01 01:00:00    100.000000
2022-01-01 02:00:00    100.000000
2022-01-01 03:00:00    100.000000
2022-01-01 04:00:00    100.000000
                          ...    
2023-05-01 19:00:00     67.250449
2023-05-01 20:00:00     67.250449
2023-05-01 21:00:00     67.250449
2023-05-01 22:00:00     67.250449
2023-05-01 23:00:00     67.250449
Freq: H, Length: 11664, dtype: float64",2022-01-01,2023-05-01 23:00:00,486 days,100.0,39.61882660120884,100.54757622080692,67.25044907134489,-32.74955092865511,-70.17976286600607,36.86556927297668,100.0,60.59693521184026,481 days 09:00:00,252,0.0,126,33.33333333333333,21.481973749792317,-11.256530687635244,5.538908904176329,-3.004161235770154,2 days 05:31:25.714285714,1 days 00:25:42.857142857,0.8163037053521165,-0.2599170708623417,-0.06946830480133989,-0.42522767382953996,0.9958624039952498,-0.11038665421388885,long
55,"{'window_k': 12, 'window_d': 57, 'window_ma': 117}","open_time
2022-01-01 00:00:00    100.000000
2022-01-01 01:00:00    100.000000
2022-01-01 02:00:00    100.000000
2022-01-01 03:00:00    100.000000
2022-01-01 04:00:00    100.000000
                          ...    
2023-05-01 19:00:00     67.250449
2023-05-01 20:00:00     67.250449
2023-05-01 21:00:00     67.250449
2023-05-01 22:00:00     67.250449
2023-05-01 23:00:00     67.250449
Freq: H, Length: 11664, dtype: float64",2022-01-01,2023-05-01 23:00:00,486 days,100.0,39.61882660120884,100.54757622080692,67.25044907134489,-32.74955092865511,-70.17976286600607,36.86556927297668,100.0,60.59693521184026,481 days 09:00:00,252,0.0,126,33.33333333333333,21.481973749792317,-11.256530687635244,5.538908904176329,-3.004161235770154,2 days 05:31:25.714285714,1 days 00:25:42.857142857,0.8163037053521165,-0.2599170708623417,-0.06946830480133989,-0.42522767382953996,0.9958624039952498,-0.11038665421388885,long
57,"{'window_k': 12, 'window_d': 57, 'window_ma': 147}","open_time
2022-01-01 00:00:00    100.000000
2022-01-01 01:00:00    100.000000
2022-01-01 02:00:00    100.000000
2022-01-01 03:00:00    100.000000
2022-01-01 04:00:00    100.000000
                          ...    
2023-05-01 19:00:00     67.250449
2023-05-01 20:00:00     67.250449
2023-05-01 21:00:00     67.250449
2023-05-01 22:00:00     67.250449
2023-05-01 23:00:00     67.250449
Freq: H, Length: 11664, dtype: float64",2022-01-01,2023-05-01 23:00:00,486 days,100.0,39.61882660120884,100.54757622080692,67.25044907134489,-32.74955092865511,-70.17976286600607,36.86556927297668,100.0,60.59693521184026,481 days 09:00:00,252,0.0,126,33.33333333333333,21.481973749792317,-11.256530687635244,5.538908904176329,-3.004161235770154,2 days 05:31:25.714285714,1 days 00:25:42.857142857,0.8163037053521165,-0.2599170708623417,-0.06946830480133989,-0.42522767382953996,0.9958624039952498,-0.11038665421388885,long
3196,"{'window_k': 192, 'window_d': 117, 'window_ma': 192}","open_time
2022-01-01 00:00:00    100.000000
2022-01-01 01:00:00    100.000000
2022-01-01 02:00:00    100.000000
2022-01-01 03:00:00    100.000000
2022-01-01 04:00:00    100.000000
                          ...    
2023-05-01 19:00:00     63.749149
2023-05-01 20:00:00     63.602746
2023-05-01 21:00:00     63.923002
2023-05-01 22:00:00     64.206656
2023-05-01 23:00:00     64.206656
Freq: H, Length: 11664, dtype: float64",2022-01-01,2023-05-01 23:00:00,486 days,100.0,49.692555190599165,148.61510681697067,64.20665641971075,-35.793343580289246,-70.17976286600607,39.96913580246913,100.0,66.56291795974764,391 days 18:00:00,57,0.0,29,32.142857142857146,30.669464047301176,-26.484120749635288,13.938422506153547,-7.771385669779017,9 days 11:20:00,5 days 14:03:09.473684210,0.7390657062715249,-1.280294447369693,-0.1383889583498259,-0.42524120864681747,0.9925305590475378,-0.20690210005396234,long
505,"{'window_k': 27, 'window_d': 237, 'window_ma': 147}","open_time
2022-01-01 00:00:00    100.000000
2022-01-01 01:00:00    100.000000
2022-01-01 02:00:00    100.000000
2022-01-01 03:00:00    100.000000
2022-01-01 04:00:00    100.000000
                          ...    
2023-05-01 19:00:00     65.065274
2023-05-01 20:00:00     64.915849
2023-05-01 21:00:00     65.242717
2023-05-01 22:00:00     65.532228
2023-05-01 23:00:00     65.532228
Freq: H, Length: 11664, dtype: float64",2022-01-01,2023-05-01 23:00:00,486 days,100.0,43.9618711211112,121.95332487473823,65.53222756073667,-34.46777243926333,-70.17976286600607,28.47222222222222,100.0,63.95188801431555,424 days 03:00:00,57,0.0,29,32.142857142857146,33.915405510283286,-22.081734025739433,12.363743837835326,-7.064283596358574,7 days 07:13:20,3 days 17:03:09.473684210,0.6948391731943749,-1.2029746742157261,-0.4305057694082976,-0.42526472417139044,0.9761377872005366,-0.5967721215636234,long
1471,"{'window_k': 87, 'window_d': 177, 'window_ma': 237}","open_time
2022-01-01 00:00:00    100.000000
2022-01-01 01:00:00    100.000000
2022-01-01 02:00:00    100.000000
2022-01-01 03:00:00    100.000000
2022-01-01 04:00:00    100.000000
                          ...    
2023-05-01 19:00:00     60.572950
2023-05-01 20:00:00     60.433841
2023-05-01 21:00:00     60.738141
2023-05-01 22:00:00     61.007663
2023-05-01 23:00:00     61.007663
Freq: H, Length: 11664, dtype: float64",2022-01-01,2023-05-01 23:00:00,486 days,100.0,38.250865988349716,141.1335248465023,61.00766279605634,-38.99233720394366,-70.17976286600607,38.91460905349795,100.0,72.89739200522938,391 days 18:00:00,55,0.0,28,29.629629629629626,54.44513521914829,-34.2081447963801,20.113495301455835,-9.090158990202402,10 days 21:07:30,5 days 06:09:28.421052631,0.7149734227538046,-1.4129256824371255,-0.3139820572625919,-0.42532413321776125,0.9844914518125322,-0.4334144918450138,long
1737,"{'window_k': 102, 'window_d': 192, 'window_ma': 147}","open_time
2022-01-01 00:00:00    100.000000
2022-01-01 01:00:00    100.000000
2022-01-01 02:00:00    100.000000
2022-01-01 03:00:00    100.000000
2022-01-01 04:00:00    100.000000
                          ...    
2023-05-01 19:00:00     60.025197
2023-05-01 20:00:00     59.887346
2023-05-01 21:00:00     60.188894
2023-05-01 22:00:00     60.455979
2023-05-01 23:00:00     60.455979
Freq: H, Length: 11664, dtype: float64",2022-01-01,2023-05-01 23:00:00,486 days,100.0,37.049605879652624,142.33168480725027,60.455978834441794,-39.544021165558206,-70.17976286600607,36.44547325102881,100.0,73.96953044585518,391 days 18:00:00,51,0.0,26,32.0,32.74573673117456,-23.765936580581883,14.294842372438518,-8.568998800662802,9 days 10:07:30,5 days 21:38:49.411764705,0.6616221485638464,-1.5852071045008764,-0.41309896679935054,-0.4255012215605099,0.9793603048866193,-0.5745484809017141,long
3066,"{'window_k': 177, 'window_d': 237, 'window_ma': 162}","open_time
2022-01-01 00:00:00    100.000000
2022-01-01 01:00:00    100.000000
2022-01-01 02:00:00    100.000000
2022-01-01 03:00:00    100.000000
2022-01-01 04:00:00    100.000000
                          ...    
2023-05-01 19:00:00     72.341017
2023-05-01 20:00:00     72.341017
2023-05-01 21:00:00     72.341017
2023-05-01 22:00:00     72.341017
2023-05-01 23:00:00     72.341017
Freq: H, Length: 11664, dtype: float64",2022-01-01,2023-05-01 23:00:00,486 days,100.0,60.08603933098376,121.68476965300047,72.34101665037264,-27.658983349627363,-70.17976286600607,29.175240054869683,100.0,50.6215613487812,424 days 03:00:00,36,0.0,18,33.33333333333333,42.99636363636363,-19.44696282864915,14.091747203826024,-8.345390797667738,10 days 00:40:00,6 days 19:15:00,0.6846690228463134,-1.5366101860904093,-0.20564956064730552,-0.4264184401415248,0.9883350771352497,-0.2888085705057977,long
934,"{'window_k': 57, 'window_d': 162, 'window_ma': 102}","open_time
2022-01-01 00:00:00    100.000000
2022-01-01 01:00:00    100.000000
2022-01-01 02:00:00    100.000000
2022-01-01 03:00:00    100.000000
2022-01-01 04:00:00    100.000000
                          ...    
2023-05-01 19:00:00     64.439907
2023-05-01 20:00:00     64.291918
2023-05-01 21:00:00     64.615644
2023-05-01 22:00:00     64.902372
2023-05-01 23:00:00     64.902372
Freq: H, Length: 11664, dtype: float64",2022-01-01,2023-05-01 23:00:00,486 days,100.0,48.819611638126275,139.19859219715124,64.90237220428101,-35.09762779571899,-70.17976286600607,36.11968449931413,100.0,64.92808521440966,391 days 18:00:00,73,0.0,37,36.11111111111111,40.06273167949814,-27.921728202980066,11.926576757674786,-7.433736864732196,7 days 03:00:00,3 days 11:05:13.043478260,0.7559866654083258,-0.984954185701894,-0.2770043525600803,-0.4269745522746683,0.9860530792282473,-0.3815261833182933,long
1194,"{'window_k': 72, 'window_d': 162, 'window_ma': 162}","open_time
2022-01-01 00:00:00    100.000000
2022-01-01 01:00:00    100.000000
2022-01-01 02:00:00    100.000000
2022-01-01 03:00:00    100.000000
2022-01-01 04:00:00    100.000000
                          ...    
2023-05-01 19:00:00     63.228112
2023-05-01 20:00:00     63.082907
2023-05-01 21:00:00     63.400545
2023-05-01 22:00:00     63.681881
2023-05-01 23:00:00     63.681881
Freq: H, Length: 11664, dtype: float64",2022-01-01,2023-05-01 23:00:00,486 days,100.0,41.35420798590164,126.20322713557495,63.68188106812426,-36.31811893187574,-70.17976286600607,39.09465020576132,100.0,67.23205188606111,391 days 18:00:00,67,0.0,34,33.33333333333333,34.654277124897526,-20.20006820506991,13.677212436330462,-7.819352355924369,8 days 09:43:38.181818181,4 days 07:08:10.909090909,0.7391548630138366,-1.116224700039536,-0.26469793337108266,-0.4275614035275117,0.9871790698529165,-0.36773844190112054,long
1073,"{'window_k': 72, 'window_d': 57, 'window_ma': 27}","open_time
2022-01-01 00:00:00    100.000000
2022-01-01 01:00:00    100.000000
2022-01-01 02:00:00    100.000000
2022-01-01 03:00:00    100.000000
2022-01-01 04:00:00    100.000000
                          ...    
2023-05-01 19:00:00     70.990201
2023-05-01 20:00:00     70.990201
2023-05-01 21:00:00     70.990201
2023-05-01 22:00:00     70.990201
2023-05-01 23:00:00     70.990201
Freq: H, Length: 11664, dtype: float64",2022-01-01,2023-05-01 23:00:00,486 days,100.0,64.08547847947102,136.49580480548906,70.99020064142842,-29.009799358571588,-70.17976286600607,29.398148148148145,100.0,53.04948853864418,391 days 18:00:00,130,0.0,65,33.84615384615385,21.992110453648912,-18.946522836814324,5.230970467528584,-3.224337933873494,2 days 17:16:21.818181818,1 days 22:20:55.813953488,0.7866120006552826,-0.44630460551648565,-0.2107468504643982,-0.4276801361784472,0.9875241974599729,-0.3092312575054878,long
1577,"{'window_k': 102, 'window_d': 42, 'window_ma': 147}","open_time
2022-01-01 00:00:00    100.000000
2022-01-01 01:00:00    100.000000
2022-01-01 02:00:00    100.000000
2022-01-01 03:00:00    100.000000
2022-01-01 04:00:00    100.000000
                          ...    
2023-05-01 19:00:00     66.717972
2023-05-01 20:00:00     66.717972
2023-05-01 21:00:00     66.717972
2023-05-01 22:00:00     66.717972
2023-05-01 23:00:00     66.717972
Freq: H, Length: 11664, dtype: float64",2022-01-01,2023-05-01 23:00:00,486 days,100.0,52.674164928597754,135.97148487227872,66.7179719039985,-33.2820280960015,-70.17976286600607,43.44993141289438,100.0,61.26087394127096,355 days 14:00:00,132,0.0,66,36.36363636363637,19.560140132347225,-14.864040970613344,7.546754316198445,-4.836490047872444,4 days 06:12:30,2 days 14:15:42.857142857,0.8078514054008236,-0.5042731529697195,-0.05730899366791869,-0.42783188086251944,0.996974691888569,-0.08794306570921347,long
1193,"{'window_k': 72, 'window_d': 162, 'window_ma': 147}","open_time
2022-01-01 00:00:00    100.000000
2022-01-01 01:00:00    100.000000
2022-01-01 02:00:00    100.000000
2022-01-01 03:00:00    100.000000
2022-01-01 04:00:00    100.000000
                          ...    
2023-05-01 19:00:00     62.205421
2023-05-01 20:00:00     62.062564
2023-05-01 21:00:00     62.375064
2023-05-01 22:00:00     62.651850
2023-05-01 23:00:00     62.651850
Freq: H, Length: 11664, dtype: float64",2022-01-01,2023-05-01 23:00:00,486 days,100.0,40.68531893165736,132.004613661306,62.651850140807895,-37.348149859192105,-70.17976286600607,39.92626886145405,100.0,69.17886594778672,391 days 18:00:00,67,0.0,34,33.33333333333333,34.65427712489751,-20.200068205069915,13.54191280016956,-7.82942759698593,8 days 09:43:38.181818181,4 days 11:32:43.636363636,0.7383632184306981,-1.1471842107262322,-0.28250771385036527,-0.42806647474643694,0.986436401242491,-0.3927085817868625,long
3562,"{'window_k': 207, 'window_d': 222, 'window_ma': 162}","open_time
2022-01-01 00:00:00    100.000000
2022-01-01 01:00:00    100.000000
2022-01-01 02:00:00    100.000000
2022-01-01 03:00:00    100.000000
2022-01-01 04:00:00    100.000000
                          ...    
2023-05-01 19:00:00     69.021957
2023-05-01 20:00:00     69.021957
2023-05-01 21:00:00     69.021957
2023-05-01 22:00:00     69.021957
2023-05-01 23:00:00     69.021957
Freq: H, Length: 11664, dtype: float64",2022-01-01,2023-05-01 23:00:00,486 days,100.0,57.88240857805898,133.86790016801672,69.02195676059617,-30.97804323940383,-70.17976286600607,30.967078189300413,100.0,56.76154738707999,349 days 17:00:00,36,0.0,18,27.77777777777778,41.97512801755668,-20.62556663644606,16.406442463684503,-7.861447817607731,11 days 14:12:00,7 days 02:50:46.153846153,0.641363208446105,-1.7210024021891024,-0.25216144801777396,-0.4281714539227046,0.9860613275539429,-0.35363321843250295,long
1327,"{'window_k': 87, 'window_d': 42, 'window_ma': 237}","open_time
2022-01-01 00:00:00    100.000000
2022-01-01 01:00:00    100.000000
2022-01-01 02:00:00    100.000000
2022-01-01 03:00:00    100.000000
2022-01-01 04:00:00    100.000000
                          ...    
2023-05-01 19:00:00     71.334408
2023-05-01 20:00:00     71.334408
2023-05-01 21:00:00     71.334408
2023-05-01 22:00:00     71.334408
2023-05-01 23:00:00     71.334408
Freq: H, Length: 11664, dtype: float64",2022-01-01,2023-05-01 23:00:00,486 days,100.0,56.883847040457304,119.32207131615644,71.33440835664844,-28.66559164335156,-70.17976286600607,43.45850480109739,100.0,52.32747268547029,391 days 18:00:00,136,0.0,68,39.705882352941174,22.196851339983176,-14.600313876373198,7.37525957603723,-5.176545442912666,3 days 23:55:33.333333333,2 days 12:27:48.292682926,0.840299290342109,-0.421552818284582,0.0073542322801802016,-0.42820436438489273,1.0003880987755764,0.011328632485893931,long
1988,"{'window_k': 117, 'window_d': 192, 'window_ma': 72}","open_time
2022-01-01 00:00:00    100.000000
2022-01-01 01:00:00    100.000000
2022-01-01 02:00:00    100.000000
2022-01-01 03:00:00    100.000000
2022-01-01 04:00:00    100.000000
                          ...    
2023-05-01 19:00:00     62.599984
2023-05-01 20:00:00     62.456220
2023-05-01 21:00:00     62.770703
2023-05-01 22:00:00     63.049244
2023-05-01 23:00:00     63.049244
Freq: H, Length: 11664, dtype: float64",2022-01-01,2023-05-01 23:00:00,486 days,100.0,39.456838903926325,124.64990548928897,63.04924422680947,-36.95075577319053,-70.17976286600607,30.29835390946502,100.0,68.34587338911636,391 days 18:00:00,51,0.0,26,36.0,33.46789696270663,-24.9199514187921,9.972797447642584,-7.596109106392709,6 days 15:53:20,5 days 09:22:30,0.5957120656681156,-1.509658182998074,-0.41571736103233903,-0.42838161684635534,0.9773084670445252,-0.5749639266801218,long
1448,"{'window_k': 87, 'window_d': 162, 'window_ma': 132}","open_time
2022-01-01 00:00:00    100.000000
2022-01-01 01:00:00    100.000000
2022-01-01 02:00:00    100.000000
2022-01-01 03:00:00    100.000000
2022-01-01 04:00:00    100.000000
                          ...    
2023-05-01 19:00:00     66.102180
2023-05-01 20:00:00     65.950373
2023-05-01 21:00:00     66.282450
2023-05-01 22:00:00     66.576574
2023-05-01 23:00:00     66.576574
Freq: H, Length: 11664, dtype: float64",2022-01-01,2023-05-01 23:00:00,486 days,100.0,49.1343523201408,127.46631585905423,66.57657447034013,-33.423425529659866,-70.17976286600607,40.35493827160494,100.0,61.453069394057756,451 days 16:00:00,65,0.0,33,28.125,39.21623123957752,-20.136518771331062,18.72586858060896,-7.7164535068800095,9 days 21:40:00,4 days 12:46:57.391304347,0.7790780530940257,-1.0403310927882234,-0.1999029762969502,-0.4284055647862939,0.9902571026746801,-0.2773486758537173,long
452,"{'window_k': 27, 'window_d': 192, 'window_ma': 72}","open_time
2022-01-01 00:00:00    100.000000
2022-01-01 01:00:00    100.000000
2022-01-01 02:00:00    100.000000
2022-01-01 03:00:00    100.000000
2022-01-01 04:00:00    100.000000
                          ...    
2023-05-01 19:00:00     65.343877
2023-05-01 20:00:00     65.193812
2023-05-01 21:00:00     65.522079
2023-05-01 22:00:00     65.812829
2023-05-01 23:00:00     65.812829
Freq: H, Length: 11664, dtype: float64",2022-01-01,2023-05-01 23:00:00,486 days,100.0,46.947480948369446,126.38436653112481,65.81282926172823,-34.187170738271774,-70.17976286600607,32.05589849108368,100.0,62.853411195594646,391 days 18:00:00,75,0.0,38,27.027027027027028,35.29865125240848,-12.953060011883535,13.582357369720043,-5.8352007721826755,7 days 10:30:00,2 days 21:55:33.333333333,0.7511466929118331,-0.9204287558816184,-0.3441116432368172,-0.428974067485278,0.9818476700804369,-0.4823751601409488,long
2426,"{'window_k': 147, 'window_d': 117, 'window_ma': 162}","open_time
2022-01-01 00:00:00    100.000000
2022-01-01 01:00:00    100.000000
2022-01-01 02:00:00    100.000000
2022-01-01 03:00:00    100.000000
2022-01-01 04:00:00    100.000000
                          ...    
2023-05-01 19:00:00     64.909190
2023-05-01 20:00:00     64.760123
2023-05-01 21:00:00     65.086206
2023-05-01 22:00:00     65.375023
2023-05-01 23:00:00     65.375023
Freq: H, Length: 11664, dtype: float64",2022-01-01,2023-05-01 23:00:00,486 days,100.0,50.77713733917457,139.7331309702105,65.37502267700268,-34.624977322997324,-70.17976286600607,39.0860768175583,100.0,63.66134717900247,391 days 18:00:00,67,0.0,34,33.33333333333333,33.7511545058715,-25.053824362606232,11.948418287781147,-6.954060747905523,7 days 12:38:10.909090909,4 days 17:02:43.636363636,0.7473445708866467,-1.0695690012921708,-0.17516085610453208,-0.42926654981099127,0.9911896551783133,-0.24883748030318267,long
2840,"{'window_k': 177, 'window_d': 27, 'window_ma': 132}","open_time
2022-01-01 00:00:00    100.000000
2022-01-01 01:00:00    100.000000
2022-01-01 02:00:00    100.000000
2022-01-01 03:00:00    100.000000
2022-01-01 04:00:00    100.000000
                          ...    
2023-05-01 19:00:00     64.323752
2023-05-01 20:00:00     64.323752
2023-05-01 21:00:00     64.323752
2023-05-01 22:00:00     64.323752
2023-05-01 23:00:00     64.323752
Freq: H, Length: 11664, dtype: float64",2022-01-01,2023-05-01 23:00:00,486 days,100.0,37.367215192973966,108.96326216580113,64.32375210172304,-35.676247898276955,-70.17976286600607,36.62551440329218,100.0,65.70659279995206,469 days 22:00:00,194,0.0,97,31.958762886597935,25.011215791834886,-14.512437051732041,7.6572650650676355,-3.8865261958707418,3 days 02:27:05.806451612,1 days 05:45:27.272727272,0.7908338932121216,-0.36779637008532884,-0.13675965262566553,-0.4292890308172289,0.9920367969925387,-0.21105198227975122,long
3254,"{'window_k': 192, 'window_d': 177, 'window_ma': 102}","open_time
2022-01-01 00:00:00    100.000000
2022-01-01 01:00:00    100.000000
2022-01-01 02:00:00    100.000000
2022-01-01 03:00:00    100.000000
2022-01-01 04:00:00    100.000000
                          ...    
2023-05-01 19:00:00     65.055920
2023-05-01 20:00:00     64.906517
2023-05-01 21:00:00     65.233337
2023-05-01 22:00:00     65.522806
2023-05-01 23:00:00     65.522806
Freq: H, Length: 11664, dtype: float64",2022-01-01,2023-05-01 23:00:00,486 days,100.0,44.7070368816931,121.93791946308724,65.52280637957816,-34.47719362042184,-70.17976286600607,29.94684499314129,100.0,63.336231191621486,451 days 16:00:00,47,0.0,24,30.434782608695656,43.688464364437905,-16.453070597822062,12.700955558363972,-7.129652818389657,8 days 03:42:51.428571428,5 days 11:56:15,0.6003482690508382,-1.5124060216804298,-0.34463800155680563,-0.4295226020282231,0.9805470357317072,-0.48082938851985685,long
48,"{'window_k': 12, 'window_d': 57, 'window_ma': 12}","open_time
2022-01-01 00:00:00    100.00000
2022-01-01 01:00:00    100.00000
2022-01-01 02:00:00    100.00000
2022-01-01 03:00:00    100.00000
2022-01-01 04:00:00    100.00000
                         ...    
2023-05-01 19:00:00     68.94929
2023-05-01 20:00:00     68.94929
2023-05-01 21:00:00     68.94929
2023-05-01 22:00:00     68.94929
2023-05-01 23:00:00     68.94929
Freq: H, Length: 11664, dtype: float64",2022-01-01,2023-05-01 23:00:00,486 days,100.0,43.30490659246312,100.96077343173648,68.9492900747553,-31.050709925244703,-70.17976286600607,24.579903978052126,100.0,56.69509340753688,310 days 04:00:00,256,0.0,128,33.59375,23.232460306690204,-11.256530687635234,4.695520298346385,-2.621253180785111,1 days 06:26:30.697674418,0 days 18:19:45.882352941,0.809708455721964,-0.2425836712909739,-0.21377361460005193,-0.42972914880360336,0.9845900226050852,-0.33614991164736263,long
2674,"{'window_k': 162, 'window_d': 117, 'window_ma': 42}","open_time
2022-01-01 00:00:00    100.000000
2022-01-01 01:00:00    100.000000
2022-01-01 02:00:00    100.000000
2022-01-01 03:00:00    100.000000
2022-01-01 04:00:00    100.000000
                          ...    
2023-05-01 19:00:00     70.417844
2023-05-01 20:00:00     70.417844
2023-05-01 21:00:00     70.417844
2023-05-01 22:00:00     70.417844
2023-05-01 23:00:00     70.417844
Freq: H, Length: 11664, dtype: float64",2022-01-01,2023-05-01 23:00:00,486 days,100.0,60.33177293999607,130.65168539325842,70.41784372243362,-29.582156277566384,-70.17976286600607,28.44650205761317,100.0,53.82243041228371,451 days 16:00:00,66,0.0,33,33.33333333333333,32.751423149905115,-25.816993464052285,11.329124730898634,-6.2886699520879965,5 days 12:00:00,3 days 12:49:05.454545454,0.7882923919857455,-0.8964289781080721,-0.1764473540325831,-0.4302447594563642,0.9892644561069222,-0.2506923795996065,long
1112,"{'window_k': 72, 'window_d': 87, 'window_ma': 132}","open_time
2022-01-01 00:00:00    100.000000
2022-01-01 01:00:00    100.000000
2022-01-01 02:00:00    100.000000
2022-01-01 03:00:00    100.000000
2022-01-01 04:00:00    100.000000
                          ...    
2023-05-01 19:00:00     70.566176
2023-05-01 20:00:00     70.404118
2023-05-01 21:00:00     70.758620
2023-05-01 22:00:00     71.072608
2023-05-01 23:00:00     71.072608
Freq: H, Length: 11664, dtype: float64",2022-01-01,2023-05-01 23:00:00,486 days,100.0,59.27180295674608,133.1974810987901,71.072607735348,-28.927392264651996,-70.17976286600607,41.22942386831276,100.0,52.57508381015054,194 days 16:00:00,97,0.0,49,35.41666666666667,26.46652430599171,-23.35901052403168,9.721413214066569,-5.75554226741538,6 days 01:03:31.764705882,2 days 23:11:36.774193548,0.8291655251449993,-0.6051861634063926,-0.01469730618899034,-0.43025743835672947,0.9992135719840377,-0.022232927408531417,long
1996,"{'window_k': 117, 'window_d': 192, 'window_ma': 192}","open_time
2022-01-01 00:00:00    100.000000
2022-01-01 01:00:00    100.000000
2022-01-01 02:00:00    100.000000
2022-01-01 03:00:00    100.000000
2022-01-01 04:00:00    100.000000
                          ...    
2023-05-01 19:00:00     62.201353
2023-05-01 20:00:00     62.058505
2023-05-01 21:00:00     62.370985
2023-05-01 22:00:00     62.647753
2023-05-01 23:00:00     62.647753
Freq: H, Length: 11664, dtype: float64",2022-01-01,2023-05-01 23:00:00,486 days,100.0,39.1346106200603,125.3958451588573,62.64775278523257,-37.35224721476743,-70.17976286600607,38.52023319615912,100.0,68.79114250517411,391 days 18:00:00,51,0.0,26,32.0,39.49764982373679,-24.919951418792095,16.534644262273048,-9.074535753547053,10 days 09:30:00,6 days 01:24:42.352941176,0.6705384240291055,-1.525516436945268,-0.3306026606592056,-0.43052941657774924,0.9837557582537636,-0.46260952018951434,long
3457,"{'window_k': 207, 'window_d': 132, 'window_ma': 27}","open_time
2022-01-01 00:00:00    100.000000
2022-01-01 01:00:00    100.000000
2022-01-01 02:00:00    100.000000
2022-01-01 03:00:00    100.000000
2022-01-01 04:00:00    100.000000
                          ...    
2023-05-01 19:00:00     66.211344
2023-05-01 20:00:00     66.059287
2023-05-01 21:00:00     66.391912
2023-05-01 22:00:00     66.686522
2023-05-01 23:00:00     66.686522
Freq: H, Length: 11664, dtype: float64",2022-01-01,2023-05-01 23:00:00,486 days,100.0,53.77292810645376,137.62882483781667,66.68652211312889,-33.31347788687111,-70.17976286600607,26.011659807956107,100.0,60.929021831131394,376 days 12:00:00,53,0.0,27,34.61538461538461,24.42065769145883,-15.655207500545107,9.00852179912063,-6.395194947580293,3 days 14:46:40,5 days 09:31:45.882352941,0.6861711541164821,-1.2472940867544406,-0.3260831090977778,-0.4305908621947495,0.9789339693372451,-0.472480539663127,long
3566,"{'window_k': 207, 'window_d': 222, 'window_ma': 222}","open_time
2022-01-01 00:00:00    100.000000
2022-01-01 01:00:00    100.000000
2022-01-01 02:00:00    100.000000
2022-01-01 03:00:00    100.000000
2022-01-01 04:00:00    100.000000
                          ...    
2023-05-01 19:00:00     66.716401
2023-05-01 20:00:00     66.716401
2023-05-01 21:00:00     66.716401
2023-05-01 22:00:00     66.716401
2023-05-01 23:00:00     66.716401
Freq: H, Length: 11664, dtype: float64",2022-01-01,2023-05-01 23:00:00,486 days,100.0,51.850107377974076,132.33911184149767,66.71640075151446,-33.283599248485544,-70.17976286600607,35.065157750342934,100.0,60.820269490643966,349 days 17:00:00,34,0.0,17,35.294117647058826,41.9751280175567,-20.625566636446056,14.516226085207723,-9.951034978058994,12 days 16:30:00,8 days 13:43:38.181818181,0.6192284366344202,-1.9578587793226787,-0.2685156854380136,-0.4309527105633638,0.9860979667950066,-0.37482181266637,long
3419,"{'window_k': 207, 'window_d': 87, 'window_ma': 177}","open_time
2022-01-01 00:00:00    100.000000
2022-01-01 01:00:00    100.000000
2022-01-01 02:00:00    100.000000
2022-01-01 03:00:00    100.000000
2022-01-01 04:00:00    100.000000
                          ...    
2023-05-01 19:00:00     63.890452
2023-05-01 20:00:00     63.743725
2023-05-01 21:00:00     64.064690
2023-05-01 22:00:00     64.348974
2023-05-01 23:00:00     64.348974
Freq: H, Length: 11664, dtype: float64",2022-01-01,2023-05-01 23:00:00,486 days,100.0,51.813863503071836,149.7374324321241,64.34897357647121,-35.65102642352879,-70.17976286600607,37.56001371742113,100.0,65.39685323737667,309 days 12:00:00,67,0.0,34,33.33333333333333,31.123318810380766,-19.64245558803687,13.340843117544344,-7.673979358882023,8 days 18:54:32.727272727,3 days 17:35:27.272727272,0.7753635746310664,-1.083668839298582,-0.1269306039595716,-0.430999010126291,0.9928601096684613,-0.19188002424234696,long
1575,"{'window_k': 102, 'window_d': 42, 'window_ma': 117}","open_time
2022-01-01 00:00:00    100.000000
2022-01-01 01:00:00    100.000000
2022-01-01 02:00:00    100.000000
2022-01-01 03:00:00    100.000000
2022-01-01 04:00:00    100.000000
                          ...    
2023-05-01 19:00:00     66.852929
2023-05-01 20:00:00     66.852929
2023-05-01 21:00:00     66.852929
2023-05-01 22:00:00     66.852929
2023-05-01 23:00:00     66.852929
Freq: H, Length: 11664, dtype: float64",2022-01-01,2023-05-01 23:00:00,486 days,100.0,54.40191297144299,137.61908640403027,66.85292942722025,-33.147070572779754,-70.17976286600607,43.20987654320987,100.0,60.46920932774788,355 days 14:00:00,132,0.0,66,36.36363636363637,19.560140132347207,-14.864040970613338,7.583119668560573,-4.85253171830774,4 days 05:27:30,2 days 14:01:25.714285714,0.8115773395741703,-0.5022283420118145,-0.05679278392208603,-0.4315796704619269,0.9969904532175915,-0.08722844375753838,long
767,"{'window_k': 42, 'window_d': 237, 'window_ma': 237}","open_time
2022-01-01 00:00:00    100.000000
2022-01-01 01:00:00    100.000000
2022-01-01 02:00:00    100.000000
2022-01-01 03:00:00    100.000000
2022-01-01 04:00:00    100.000000
                          ...    
2023-05-01 19:00:00     61.617617
2023-05-01 20:00:00     61.476110
2023-05-01 21:00:00     61.785657
2023-05-01 22:00:00     62.059828
2023-05-01 23:00:00     62.059828
Freq: H, Length: 11664, dtype: float64",2022-01-01,2023-05-01 23:00:00,486 days,100.0,39.49670462948878,130.54680050929352,62.05982750640304,-37.94017249359696,-70.17976286600607,34.73079561042524,100.0,69.74517607830836,391 days 18:00:00,53,0.0,27,30.76923076923077,29.89202500473576,-22.28494016708061,14.505980685673734,-8.000927421892237,10 days 02:45:00,4 days 20:46:40,0.6586625065122981,-1.4643398329341157,-0.41120310383887854,-0.43176122653575777,0.9794339363712674,-0.5720525747338769,long
415,"{'window_k': 27, 'window_d': 147, 'window_ma': 237}","open_time
2022-01-01 00:00:00    100.000000
2022-01-01 01:00:00    100.000000
2022-01-01 02:00:00    100.000000
2022-01-01 03:00:00    100.000000
2022-01-01 04:00:00    100.000000
                          ...    
2023-05-01 19:00:00     67.242552
2023-05-01 20:00:00     67.088126
2023-05-01 21:00:00     67.425932
2023-05-01 22:00:00     67.725131
2023-05-01 23:00:00     67.725131
Freq: H, Length: 11664, dtype: float64",2022-01-01,2023-05-01 23:00:00,486 days,100.0,51.06824106273875,123.62751371598833,67.72513067698715,-32.27486932301285,-70.17976286600607,33.54766803840878,100.0,58.69184817543227,451 days 16:00:00,83,0.0,42,29.268292682926827,32.66397183465902,-13.750174849629312,10.419488404881667,-5.021786306321244,6 days 11:09:59.999999999,2 days 19:10:20.689655172,0.7266603429970466,-0.7878981478138884,-0.273371605838031,-0.4323313609857147,0.9859448226896006,-0.3813593980577178,long
1103,"{'window_k': 72, 'window_d': 72, 'window_ma': 237}","open_time
2022-01-01 00:00:00    100.000000
2022-01-01 01:00:00    100.000000
2022-01-01 02:00:00    100.000000
2022-01-01 03:00:00    100.000000
2022-01-01 04:00:00    100.000000
                          ...    
2023-05-01 19:00:00     72.682689
2023-05-01 20:00:00     72.682689
2023-05-01 21:00:00     72.682689
2023-05-01 22:00:00     72.682689
2023-05-01 23:00:00     72.682689
Freq: H, Length: 11664, dtype: float64",2022-01-01,2023-05-01 23:00:00,486 days,100.0,63.529170202146815,125.19017689163779,72.6826887034951,-27.317311296504897,-70.17976286600607,41.34945130315501,100.0,49.25386976876273,197 days 01:00:00,110,0.0,55,30.909090909090907,21.203383314109953,-17.72516043372427,10.057940309145442,-4.858072860211247,5 days 04:38:49.411764705,2 days 23:09:28.421052631,0.8429486082492547,-0.4966783872091809,0.013496848918990492,-0.4326154066303742,1.0007243602224025,0.020440624994144917,long
1102,"{'window_k': 72, 'window_d': 72, 'window_ma': 222}","open_time
2022-01-01 00:00:00    100.000000
2022-01-01 01:00:00    100.000000
2022-01-01 02:00:00    100.000000
2022-01-01 03:00:00    100.000000
2022-01-01 04:00:00    100.000000
                          ...    
2023-05-01 19:00:00     72.682689
2023-05-01 20:00:00     72.682689
2023-05-01 21:00:00     72.682689
2023-05-01 22:00:00     72.682689
2023-05-01 23:00:00     72.682689
Freq: H, Length: 11664, dtype: float64",2022-01-01,2023-05-01 23:00:00,486 days,100.0,63.529170202146815,125.19017689163779,72.6826887034951,-27.317311296504897,-70.17976286600607,41.34945130315501,100.0,49.25386976876273,197 days 01:00:00,110,0.0,55,30.909090909090907,21.203383314109953,-17.72516043372427,10.057940309145442,-4.858072860211247,5 days 04:38:49.411764705,2 days 23:09:28.421052631,0.8429486082492547,-0.4966783872091809,0.013496848918990492,-0.4326154066303742,1.0007243602224025,0.020440624994144917,long
1101,"{'window_k': 72, 'window_d': 72, 'window_ma': 207}","open_time
2022-01-01 00:00:00    100.000000
2022-01-01 01:00:00    100.000000
2022-01-01 02:00:00    100.000000
2022-01-01 03:00:00    100.000000
2022-01-01 04:00:00    100.000000
                          ...    
2023-05-01 19:00:00     72.682689
2023-05-01 20:00:00     72.682689
2023-05-01 21:00:00     72.682689
2023-05-01 22:00:00     72.682689
2023-05-01 23:00:00     72.682689
Freq: H, Length: 11664, dtype: float64",2022-01-01,2023-05-01 23:00:00,486 days,100.0,63.529170202146815,125.19017689163779,72.6826887034951,-27.317311296504897,-70.17976286600607,41.34945130315501,100.0,49.25386976876273,197 days 01:00:00,110,0.0,55,30.909090909090907,21.203383314109953,-17.72516043372427,10.057940309145442,-4.858072860211247,5 days 04:38:49.411764705,2 days 23:09:28.421052631,0.8429486082492547,-0.4966783872091809,0.013496848918990492,-0.4326154066303742,1.0007243602224025,0.020440624994144917,long
1100,"{'window_k': 72, 'window_d': 72, 'window_ma': 192}","open_time
2022-01-01 00:00:00    100.000000
2022-01-01 01:00:00    100.000000
2022-01-01 02:00:00    100.000000
2022-01-01 03:00:00    100.000000
2022-01-01 04:00:00    100.000000
                          ...    
2023-05-01 19:00:00     72.682689
2023-05-01 20:00:00     72.682689
2023-05-01 21:00:00     72.682689
2023-05-01 22:00:00     72.682689
2023-05-01 23:00:00     72.682689
Freq: H, Length: 11664, dtype: float64",2022-01-01,2023-05-01 23:00:00,486 days,100.0,63.529170202146815,125.19017689163779,72.6826887034951,-27.317311296504897,-70.17976286600607,41.34945130315501,100.0,49.25386976876273,197 days 01:00:00,110,0.0,55,30.909090909090907,21.203383314109953,-17.72516043372427,10.057940309145442,-4.858072860211247,5 days 04:38:49.411764705,2 days 23:09:28.421052631,0.8429486082492547,-0.4966783872091809,0.013496848918990492,-0.4326154066303742,1.0007243602224025,0.020440624994144917,long
1098,"{'window_k': 72, 'window_d': 72, 'window_ma': 162}","open_time
2022-01-01 00:00:00    100.000000
2022-01-01 01:00:00    100.000000
2022-01-01 02:00:00    100.000000
2022-01-01 03:00:00    100.000000
2022-01-01 04:00:00    100.000000
                          ...    
2023-05-01 19:00:00     72.682689
2023-05-01 20:00:00     72.682689
2023-05-01 21:00:00     72.682689
2023-05-01 22:00:00     72.682689
2023-05-01 23:00:00     72.682689
Freq: H, Length: 11664, dtype: float64",2022-01-01,2023-05-01 23:00:00,486 days,100.0,63.529170202146815,125.19017689163779,72.6826887034951,-27.317311296504897,-70.17976286600607,41.34945130315501,100.0,49.25386976876273,197 days 01:00:00,110,0.0,55,30.909090909090907,21.203383314109953,-17.72516043372427,10.057940309145442,-4.858072860211247,5 days 04:38:49.411764705,2 days 23:09:28.421052631,0.8429486082492547,-0.4966783872091809,0.013496848918990492,-0.4326154066303742,1.0007243602224025,0.020440624994144917,long
2483,"{'window_k': 147, 'window_d': 177, 'window_ma': 57}","open_time
2022-01-01 00:00:00    100.000000
2022-01-01 01:00:00    100.000000
2022-01-01 02:00:00    100.000000
2022-01-01 03:00:00    100.000000
2022-01-01 04:00:00    100.000000
                          ...    
2023-05-01 19:00:00     66.752958
2023-05-01 20:00:00     66.599657
2023-05-01 21:00:00     66.935003
2023-05-01 22:00:00     67.232023
2023-05-01 23:00:00     67.232023
Freq: H, Length: 11664, dtype: float64",2022-01-01,2023-05-01 23:00:00,486 days,100.0,51.2614239824213,126.86334773682712,67.23202299765863,-32.76797700234137,-70.17976286600607,23.22530864197531,100.0,59.59319622499554,391 days 18:00:00,51,0.0,26,36.0,30.945558739255013,-16.37567730282962,7.69549055300874,-6.138376676587016,5 days 13:33:19.999999999,3 days 20:22:30,0.6080623028652365,-1.324516160486505,-0.48535152198040127,-0.4326461946307223,0.970109033597179,-0.672119650343604,long
67,"{'window_k': 12, 'window_d': 72, 'window_ma': 57}","open_time
2022-01-01 00:00:00    100.000000
2022-01-01 01:00:00    100.000000
2022-01-01 02:00:00    100.000000
2022-01-01 03:00:00    100.000000
2022-01-01 04:00:00    100.000000
                          ...    
2023-05-01 19:00:00     72.529007
2023-05-01 20:00:00     72.529007
2023-05-01 21:00:00     72.529007
2023-05-01 22:00:00     72.529007
2023-05-01 23:00:00     72.529007
Freq: H, Length: 11664, dtype: float64",2022-01-01,2023-05-01 23:00:00,486 days,100.0,60.64841357341662,120.17476685536906,72.5290066646342,-27.470993335365808,-70.17976286600607,33.170438957475994,100.0,49.53315478747108,439 days 04:00:00,178,0.0,89,37.07865168539326,20.199390750484618,-13.441909755145293,5.5228979712622825,-3.6004668504767405,2 days 15:09:05.454545454,1 days 08:12:00,0.8425820292675155,-0.30866284646478426,-0.028932167003876453,-0.4326996397437015,0.9981453431439803,-0.046165700871814784,long
1694,"{'window_k': 102, 'window_d': 147, 'window_ma': 222}","open_time
2022-01-01 00:00:00    100.000000
2022-01-01 01:00:00    100.000000
2022-01-01 02:00:00    100.000000
2022-01-01 03:00:00    100.000000
2022-01-01 04:00:00    100.000000
                          ...    
2023-05-01 19:00:00     65.166588
2023-05-01 20:00:00     65.016931
2023-05-01 21:00:00     65.344307
2023-05-01 22:00:00     65.634269
2023-05-01 23:00:00     65.634269
Freq: H, Length: 11664, dtype: float64",2022-01-01,2023-05-01 23:00:00,486 days,100.0,48.09590960865545,128.54094919230357,65.63426877052333,-34.365731229476665,-70.17976286600607,39.72908093278464,100.0,62.5832002090621,451 days 16:00:00,65,0.0,33,28.125,39.80155917788801,-18.83506805444355,13.608160018534601,-6.276296679720127,8 days 17:06:40,4 days 20:28:41.739130434,0.7103918602301805,-1.083575009381971,-0.22468278782070553,-0.43320506471535686,0.9892145648737013,-0.31463302086845213,long
2449,"{'window_k': 147, 'window_d': 147, 'window_ma': 27}","open_time
2022-01-01 00:00:00    100.000000
2022-01-01 01:00:00    100.000000
2022-01-01 02:00:00    100.000000
2022-01-01 03:00:00    100.000000
2022-01-01 04:00:00    100.000000
                          ...    
2023-05-01 19:00:00     69.985365
2023-05-01 20:00:00     69.824641
2023-05-01 21:00:00     70.176225
2023-05-01 22:00:00     70.487628
2023-05-01 23:00:00     70.487628
Freq: H, Length: 11664, dtype: float64",2022-01-01,2023-05-01 23:00:00,486 days,100.0,60.993841803757284,130.65168539325842,70.48762836547304,-29.512371634526957,-70.17976286600607,24.828532235939644,100.0,53.31568695790851,451 days 16:00:00,55,0.0,28,40.74074074074074,25.04494382022473,-13.651907847372208,7.03956912090718,-6.308953455660172,3 days 15:00:00,4 days 21:41:15,0.7096659807583273,-1.063659098372752,-0.36705262296105295,-0.43326147515167157,0.9777151231585636,-0.5201026155781838,long
494,"{'window_k': 27, 'window_d': 222, 'window_ma': 222}","open_time
2022-01-01 00:00:00    100.000000
2022-01-01 01:00:00    100.000000
2022-01-01 02:00:00    100.000000
2022-01-01 03:00:00    100.000000
2022-01-01 04:00:00    100.000000
                          ...    
2023-05-01 19:00:00     64.864224
2023-05-01 20:00:00     64.715261
2023-05-01 21:00:00     65.041118
2023-05-01 22:00:00     65.329735
2023-05-01 23:00:00     65.329735
Freq: H, Length: 11664, dtype: float64",2022-01-01,2023-05-01 23:00:00,486 days,100.0,45.25928634057104,122.84612540277851,65.32973482516294,-34.670265174837056,-70.17976286600607,34.945130315500684,100.0,63.157742100389136,451 days 16:00:00,63,0.0,32,29.03225806451613,35.27794146533096,-18.157650695517777,14.50725443330223,-6.869516583920088,8 days 11:00:00,4 days 03:35:27.272727272,0.7135455202387846,-1.0934683176862792,-0.3194514342171247,-0.4332881169206334,0.9840222916299752,-0.440430650810656,long
4059,"{'window_k': 237, 'window_d': 207, 'window_ma': 177}","open_time
2022-01-01 00:00:00    100.000000
2022-01-01 01:00:00    100.000000
2022-01-01 02:00:00    100.000000
2022-01-01 03:00:00    100.000000
2022-01-01 04:00:00    100.000000
                          ...    
2023-05-01 19:00:00     70.644533
2023-05-01 20:00:00     70.644533
2023-05-01 21:00:00     70.644533
2023-05-01 22:00:00     70.644533
2023-05-01 23:00:00     70.644533
Freq: H, Length: 11664, dtype: float64",2022-01-01,2023-05-01 23:00:00,486 days,100.0,57.10612381033797,121.49637183893726,70.64453268750032,-29.355467312499684,-70.17976286600607,34.08779149519891,100.0,52.99767149751501,424 days 03:00:00,38,0.0,19,26.31578947368421,41.23319696084161,-17.205840251932443,16.37118955075028,-7.204155745437848,13 days 15:24:00,6 days 23:04:17.142857142,0.6573394294335924,-1.54502459539472,-0.21051409563707982,-0.4334361827939997,0.9887952279657354,-0.29406885572691016,long
131,"{'window_k': 12, 'window_d': 132, 'window_ma': 57}","open_time
2022-01-01 00:00:00    100.000000
2022-01-01 01:00:00    100.000000
2022-01-01 02:00:00    100.000000
2022-01-01 03:00:00    100.000000
2022-01-01 04:00:00    100.000000
                          ...    
2023-05-01 19:00:00     66.042807
2023-05-01 20:00:00     65.891137
2023-05-01 21:00:00     66.222915
2023-05-01 22:00:00     66.516776
2023-05-01 23:00:00     66.516776
Freq: H, Length: 11664, dtype: float64",2022-01-01,2023-05-01 23:00:00,486 days,100.0,60.02490218572406,153.22491419493048,66.51677609310556,-33.48322390689444,-70.17976286600607,34.38786008230453,100.0,60.82562519215298,275 days 07:00:00,143,0.0,72,33.80281690140845,29.941860465116264,-16.102564102564095,6.995878523785961,-3.9965902750506683,3 days 17:02:30,1 days 13:08:56.170212765,0.8322722106737847,-0.455973760609115,-0.27811061702196194,-0.43364190338390457,0.9850073731759859,-0.39259030860440913,long
3930,"{'window_k': 237, 'window_d': 87, 'window_ma': 162}","open_time
2022-01-01 00:00:00    100.000000
2022-01-01 01:00:00    100.000000
2022-01-01 02:00:00    100.000000
2022-01-01 03:00:00    100.000000
2022-01-01 04:00:00    100.000000
                          ...    
2023-05-01 19:00:00     65.505645
2023-05-01 20:00:00     65.355209
2023-05-01 21:00:00     65.684288
2023-05-01 22:00:00     65.975759
2023-05-01 23:00:00     65.975759
Freq: H, Length: 11664, dtype: float64",2022-01-01,2023-05-01 23:00:00,486 days,100.0,51.91414113863254,136.02052724970838,65.97575887929223,-34.02424112070777,-70.17976286600607,39.21467764060357,100.0,61.833598069115084,355 days 14:00:00,69,0.0,35,35.294117647058826,30.37471612414839,-20.949099799955547,14.707227034760953,-8.629746713120246,9 days 02:05:00,3 days 13:19:05.454545454,0.803336064383915,-1.0120510108143153,-0.09013765218314337,-0.4338535765154345,0.9950901090862475,-0.13612057842769595,long
3377,"{'window_k': 207, 'window_d': 57, 'window_ma': 27}","open_time
2022-01-01 00:00:00    100.000000
2022-01-01 01:00:00    100.000000
2022-01-01 02:00:00    100.000000
2022-01-01 03:00:00    100.000000
2022-01-01 04:00:00    100.000000
                          ...    
2023-05-01 19:00:00     78.326238
2023-05-01 20:00:00     78.146359
2023-05-01 21:00:00     78.539845
2023-05-01 22:00:00     78.888362
2023-05-01 23:00:00     78.888362
Freq: H, Length: 11664, dtype: float64",2022-01-01,2023-05-01 23:00:00,486 days,100.0,68.22406662504258,109.29252909994618,78.88836161997688,-21.111638380023123,-70.17976286600607,24.039780521262003,100.0,37.576642075275956,430 days 01:00:00,91,0.0,46,35.55555555555556,20.77538527627127,-16.957264957264957,6.162349384586535,-3.865182187837881,3 days 00:45:00,2 days 04:28:57.931034482,0.7880886710070804,-0.47639266226339716,-0.17494961926502597,-0.43414787050073417,0.9891465814201346,-0.24500998682602815,long
1097,"{'window_k': 72, 'window_d': 72, 'window_ma': 147}","open_time
2022-01-01 00:00:00    100.000000
2022-01-01 01:00:00    100.000000
2022-01-01 02:00:00    100.000000
2022-01-01 03:00:00    100.000000
2022-01-01 04:00:00    100.000000
                          ...    
2023-05-01 19:00:00     72.026194
2023-05-01 20:00:00     72.026194
2023-05-01 21:00:00     72.026194
2023-05-01 22:00:00     72.026194
2023-05-01 23:00:00     72.026194
Freq: H, Length: 11664, dtype: float64",2022-01-01,2023-05-01 23:00:00,486 days,100.0,62.95535317399333,126.61183361234603,72.02619398937658,-27.97380601062342,-70.17976286600607,41.2037037037037,100.0,50.27688062180113,391 days 18:00:00,112,0.0,56,30.357142857142854,21.20338331410994,-17.72516043372426,10.373405788242955,-4.8793941915377195,5 days 03:03:31.764705882,2 days 21:35:23.076923076,0.8449324004162176,-0.49953225018970393,0.003641110359947005,-0.4344421554294341,1.0001956815714776,0.005513779228889206,long
393,"{'window_k': 27, 'window_d': 132, 'window_ma': 147}","open_time
2022-01-01 00:00:00    100.000000
2022-01-01 01:00:00    100.000000
2022-01-01 02:00:00    100.000000
2022-01-01 03:00:00    100.000000
2022-01-01 04:00:00    100.000000
                          ...    
2023-05-01 19:00:00     67.569978
2023-05-01 20:00:00     67.414801
2023-05-01 21:00:00     67.754251
2023-05-01 22:00:00     68.054907
2023-05-01 23:00:00     68.054907
Freq: H, Length: 11664, dtype: float64",2022-01-01,2023-05-01 23:00:00,486 days,100.0,49.41248984500367,116.77685088945526,68.05490721052126,-31.945092789478736,-70.17976286600607,38.03155006858711,100.0,57.68639977132186,451 days 16:00:00,95,0.0,48,34.04255319148936,38.86752420103434,-18.30626450116009,8.092117537771058,-4.843906217633508,5 days 18:11:15,2 days 19:58:03.870967741,0.7302771787478267,-0.6856670530016087,-0.22943339606739663,-0.4351386937190284,0.9886450803426655,-0.3185126330647583,long
2868,"{'window_k': 177, 'window_d': 57, 'window_ma': 72}","open_time
2022-01-01 00:00:00    100.00000
2022-01-01 01:00:00    100.00000
2022-01-01 02:00:00    100.00000
2022-01-01 03:00:00    100.00000
2022-01-01 04:00:00    100.00000
                         ...    
2023-05-01 19:00:00     74.90514
2023-05-01 20:00:00     74.90514
2023-05-01 21:00:00     74.90514
2023-05-01 22:00:00     74.90514
2023-05-01 23:00:00     74.90514
Freq: H, Length: 11664, dtype: float64",2022-01-01,2023-05-01 23:00:00,486 days,100.0,62.57524879948515,113.41444061337594,74.90513975128098,-25.094860248719016,-70.17976286600607,34.85939643347051,100.0,44.8260305644843,355 days 14:00:00,100,0.0,50,40.0,21.84710904152114,-17.404292985173704,7.396899682726133,-5.383390836947665,4 days 09:03:00,2 days 17:30:00,0.8213224925844238,-0.5018972049743802,0.006322241409435933,-0.43518574050481573,1.0003766903897224,0.009699236816271113,long
3431,"{'window_k': 207, 'window_d': 102, 'window_ma': 117}","open_time
2022-01-01 00:00:00    100.000000
2022-01-01 01:00:00    100.000000
2022-01-01 02:00:00    100.000000
2022-01-01 03:00:00    100.000000
2022-01-01 04:00:00    100.000000
                          ...    
2023-05-01 19:00:00     62.115165
2023-05-01 20:00:00     61.972515
2023-05-01 21:00:00     62.284562
2023-05-01 22:00:00     62.560946
2023-05-01 23:00:00     62.560946
Freq: H, Length: 11664, dtype: float64",2022-01-01,2023-05-01 23:00:00,486 days,100.0,48.03560961740204,150.9602212089308,62.56094596821054,-37.43905403178946,-70.17976286600607,37.09705075445816,100.0,68.17995546593684,309 days 12:00:00,65,0.0,33,34.375,32.28271251193888,-25.858585858585865,13.70372992206423,-8.202245087237925,7 days 16:43:38.181818181,4 days 09:40:00,0.7671805443496847,-1.1772143844246123,-0.18397765704603247,-0.43546328832254183,0.9895149209044487,-0.27834013160587623,long
3214,"{'window_k': 192, 'window_d': 132, 'window_ma': 222}","open_time
2022-01-01 00:00:00    100.000000
2022-01-01 01:00:00    100.000000
2022-01-01 02:00:00    100.000000
2022-01-01 03:00:00    100.000000
2022-01-01 04:00:00    100.000000
                          ...    
2023-05-01 19:00:00     66.787436
2023-05-01 20:00:00     66.634055
2023-05-01 21:00:00     66.969574
2023-05-01 22:00:00     67.266748
2023-05-01 23:00:00     67.266748
Freq: H, Length: 11664, dtype: float64",2022-01-01,2023-05-01 23:00:00,486 days,100.0,55.725264807403455,136.36922464758385,67.26674823793554,-32.733251762064455,-70.17976286600607,39.2746913580247,100.0,59.13648042554096,391 days 18:00:00,57,0.0,29,28.57142857142857,38.2891748675246,-14.87821691176471,15.565414081236362,-7.109671516520436,10 days 03:45:00,5 days 08:45:00,0.7461531963912513,-1.141997773283299,-0.14125617892091402,-0.4355007599953118,0.9927995118334735,-0.20326412276248854,long
864,"{'window_k': 57, 'window_d': 102, 'window_ma': 12}","open_time
2022-01-01 00:00:00    100.000000
2022-01-01 01:00:00    100.000000
2022-01-01 02:00:00    100.000000
2022-01-01 03:00:00    100.000000
2022-01-01 04:00:00    100.000000
                          ...    
2023-05-01 19:00:00     68.049589
2023-05-01 20:00:00     68.049589
2023-05-01 21:00:00     68.049589
2023-05-01 22:00:00     68.049589
2023-05-01 23:00:00     68.049589
Freq: H, Length: 11664, dtype: float64",2022-01-01,2023-05-01 23:00:00,486 days,100.0,60.87261323524491,143.68447444784772,68.0495885943509,-31.950411405649103,-70.17976286600607,17.112482853223593,100.0,57.63452281872007,355 days 14:00:00,92,0.0,46,39.130434782608695,18.377198023215723,-20.87924318308291,4.660554143383441,-4.178294717661782,1 days 21:10:00,1 days 17:33:20,0.7209508575188612,-0.6945741609923721,-0.389443869568126,-0.4356066393113027,0.9656869444602761,-0.6044924020368322,long
3924,"{'window_k': 237, 'window_d': 87, 'window_ma': 72}","open_time
2022-01-01 00:00:00    100.00000
2022-01-01 01:00:00    100.00000
2022-01-01 02:00:00    100.00000
2022-01-01 03:00:00    100.00000
2022-01-01 04:00:00    100.00000
                         ...    
2023-05-01 19:00:00     64.50495
2023-05-01 20:00:00     64.50495
2023-05-01 21:00:00     64.50495
2023-05-01 22:00:00     64.50495
2023-05-01 23:00:00     64.50495
Freq: H, Length: 11664, dtype: float64",2022-01-01,2023-05-01 23:00:00,486 days,100.0,51.519538763594895,144.60712670058058,64.5049502117426,-35.495049788257404,-70.17976286600607,35.79389574759945,100.0,64.37275261663294,355 days 14:00:00,70,0.0,35,37.142857142857146,31.396669190007565,-20.949099799955555,12.151908006170554,-8.054218997404389,6 days 23:41:32.307692307,3 days 18:40:54.545454545,0.7857697404501875,-1.0141442796644982,-0.13332885558804655,-0.435825480796021,0.9923291845117734,-0.20221477376201405,long
2616,"{'window_k': 162, 'window_d': 57, 'window_ma': 132}","open_time
2022-01-01 00:00:00    100.000000
2022-01-01 01:00:00    100.000000
2022-01-01 02:00:00    100.000000
2022-01-01 03:00:00    100.000000
2022-01-01 04:00:00    100.000000
                          ...    
2023-05-01 19:00:00     74.331025
2023-05-01 20:00:00     74.160321
2023-05-01 21:00:00     74.533737
2023-05-01 22:00:00     74.864476
2023-05-01 23:00:00     74.864476
Freq: H, Length: 11664, dtype: float64",2022-01-01,2023-05-01 23:00:00,486 days,100.0,62.561083427510916,122.69637264309706,74.86447602836462,-25.135523971635383,-70.17976286600607,36.41975308641975,100.0,44.82603056448429,194 days 16:00:00,101,0.0,51,40.0,21.473927265730218,-20.093245394587218,7.634522365101722,-5.424166160507658,4 days 03:00:00,2 days 23:16:00,0.8442484886592494,-0.4660090689242895,0.014178395537339569,-0.4359179001648475,1.0008248376033395,0.021684228563470177,long
2924,"{'window_k': 177, 'window_d': 102, 'window_ma': 192}","open_time
2022-01-01 00:00:00    100.000000
2022-01-01 01:00:00    100.000000
2022-01-01 02:00:00    100.000000
2022-01-01 03:00:00    100.000000
2022-01-01 04:00:00    100.000000
                          ...    
2023-05-01 19:00:00     65.660343
2023-05-01 20:00:00     65.509551
2023-05-01 21:00:00     65.839408
2023-05-01 22:00:00     66.131567
2023-05-01 23:00:00     66.131567
Freq: H, Length: 11664, dtype: float64",2022-01-01,2023-05-01 23:00:00,486 days,100.0,51.365971489279865,132.47850876238635,66.131566825523,-33.868433174477005,-70.17976286600607,42.19821673525377,100.0,61.22694015116825,309 days 12:00:00,67,0.0,34,33.33333333333333,30.291556228701243,-23.081164534627263,12.72310140991808,-7.240631056562366,8 days 22:21:49.090909091,4 days 16:30:00,0.7670952205777867,-1.0217467125988273,-0.08339148051513957,-0.43603328495312765,0.9956241843002727,-0.1255657042850459,long
1490,"{'window_k': 87, 'window_d': 207, 'window_ma': 42}","open_time
2022-01-01 00:00:00    100.000000
2022-01-01 01:00:00    100.000000
2022-01-01 02:00:00    100.000000
2022-01-01 03:00:00    100.000000
2022-01-01 04:00:00    100.000000
                          ...    
2023-05-01 19:00:00     61.974377
2023-05-01 20:00:00     61.832050
2023-05-01 21:00:00     62.143390
2023-05-01 22:00:00     62.419148
2023-05-01 23:00:00     62.419148
Freq: H, Length: 11664, dtype: float64",2022-01-01,2023-05-01 23:00:00,486 days,100.0,40.1859251382322,126.98040627795588,62.419147894123384,-37.580852105876616,-70.17976286600607,24.45130315500686,100.0,68.35265666872529,395 days 04:00:00,47,0.0,24,43.47826086956522,32.550208412277385,-38.48961761713841,11.777703694009444,-10.566386884354337,5 days 21:30:00,4 days 12:27:41.538461538,0.670214171260418,-1.6559952578328487,-0.5348777725285149,-0.43611453246629456,0.9666960573048972,-0.712656996851016,long
1204,"{'window_k': 72, 'window_d': 177, 'window_ma': 72}","open_time
2022-01-01 00:00:00    100.000000
2022-01-01 01:00:00    100.000000
2022-01-01 02:00:00    100.000000
2022-01-01 03:00:00    100.000000
2022-01-01 04:00:00    100.000000
                          ...    
2023-05-01 19:00:00     58.039630
2023-05-01 20:00:00     57.906339
2023-05-01 21:00:00     58.197912
2023-05-01 22:00:00     58.456162
2023-05-01 23:00:00     58.456162
Freq: H, Length: 11664, dtype: float64",2022-01-01,2023-05-01 23:00:00,486 days,100.0,32.90696944803904,137.47976076927745,58.4561622801305,-41.5438377198695,-70.17976286600607,33.54766803840878,100.0,76.06413535788408,391 days 18:00:00,57,0.0,29,35.714285714285715,31.803527403755005,-29.68258311670543,13.358418401683348,-8.930615279261893,7 days 09:18:00,4 days 19:36:40,0.6710812032567763,-1.456336358387551,-0.4434896944973165,-0.4362586370485512,0.9768571394658271,-0.6108380404587783,long
1460,"{'window_k': 87, 'window_d': 177, 'window_ma': 72}","open_time
2022-01-01 00:00:00    100.000000
2022-01-01 01:00:00    100.000000
2022-01-01 02:00:00    100.000000
2022-01-01 03:00:00    100.000000
2022-01-01 04:00:00    100.000000
                          ...    
2023-05-01 19:00:00     57.862369
2023-05-01 20:00:00     57.729485
2023-05-01 21:00:00     58.020168
2023-05-01 22:00:00     58.277629
2023-05-01 23:00:00     58.277629
Freq: H, Length: 11664, dtype: float64",2022-01-01,2023-05-01 23:00:00,486 days,100.0,35.168161781991714,148.9238151568597,58.2776290568451,-41.7223709431549,-70.17976286600607,31.344307270233195,100.0,76.3851323947419,391 days 18:00:00,55,0.0,28,37.03703703703704,31.12370160528799,-34.20814479638009,12.491914924529226,-8.904925650095272,6 days 16:48:00,4 days 21:21:10.588235294,0.6717664514786718,-1.515435777078968,-0.4482432623489442,-0.43643249793448075,0.9756100716613334,-0.6114352105442492,long
2618,"{'window_k': 162, 'window_d': 57, 'window_ma': 162}","open_time
2022-01-01 00:00:00    100.000000
2022-01-01 01:00:00    100.000000
2022-01-01 02:00:00    100.000000
2022-01-01 03:00:00    100.000000
2022-01-01 04:00:00    100.000000
                          ...    
2023-05-01 19:00:00     74.293790
2023-05-01 20:00:00     74.123171
2023-05-01 21:00:00     74.496399
2023-05-01 22:00:00     74.826973
2023-05-01 23:00:00     74.826973
Freq: H, Length: 11664, dtype: float64",2022-01-01,2023-05-01 23:00:00,486 days,100.0,62.561083427510916,122.69637264309706,74.82697315972854,-25.17302684027146,-70.17976286600607,37.174211248285324,100.0,44.82603056448429,194 days 16:00:00,101,0.0,51,38.0,21.473927265730218,-20.093245394587218,8.028643249953634,-5.246636178502414,4 days 07:18:56.842105263,3 days 00:21:17.419354838,0.8438228194044163,-0.46677751162807946,0.014067129451967763,-0.43659323568907993,1.0008131764484074,0.02151695289045013,long
1257,"{'window_k': 72, 'window_d': 222, 'window_ma': 147}","open_time
2022-01-01 00:00:00    100.000000
2022-01-01 01:00:00    100.000000
2022-01-01 02:00:00    100.000000
2022-01-01 03:00:00    100.000000
2022-01-01 04:00:00    100.000000
                          ...    
2023-05-01 19:00:00     59.006213
2023-05-01 20:00:00     58.870703
2023-05-01 21:00:00     59.167131
2023-05-01 22:00:00     59.429682
2023-05-01 23:00:00     59.429682
Freq: H, Length: 11664, dtype: float64",2022-01-01,2023-05-01 23:00:00,486 days,100.0,39.92666563574538,153.6753289810085,59.42968207913141,-40.57031792086859,-70.17976286600607,35.4338134430727,100.0,74.01881883026287,391 days 18:00:00,49,0.0,25,41.66666666666667,30.028063610851262,-27.28974020255394,10.50762855771888,-9.900174272914157,9 days 02:30:00,5 days 18:21:25.714285714,0.6468634951814197,-1.6960761707519882,-0.45996512359076924,-0.4370462865136021,0.9769223318744269,-0.6361094328614197,long
1695,"{'window_k': 102, 'window_d': 147, 'window_ma': 237}","open_time
2022-01-01 00:00:00    100.000000
2022-01-01 01:00:00    100.000000
2022-01-01 02:00:00    100.000000
2022-01-01 03:00:00    100.000000
2022-01-01 04:00:00    100.000000
                          ...    
2023-05-01 19:00:00     65.292719
2023-05-01 20:00:00     65.142771
2023-05-01 21:00:00     65.470781
2023-05-01 22:00:00     65.761304
2023-05-01 23:00:00     65.761304
Freq: H, Length: 11664, dtype: float64",2022-01-01,2023-05-01 23:00:00,486 days,100.0,49.11527670751551,128.54094919230357,65.76130444112222,-34.23869555887778,-70.17976286600607,40.886488340192045,100.0,61.79017113524139,451 days 16:00:00,65,0.0,33,28.125,39.80155917788802,-18.83506805444355,13.608160018534605,-6.271108903664434,8 days 17:06:40,5 days 02:20:52.173913043,0.7129544880464305,-1.0796238144114403,-0.22098284844256844,-0.4370506140753559,0.9894734034734033,-0.3094907867968652,long
4002,"{'window_k': 237, 'window_d': 162, 'window_ma': 42}","open_time
2022-01-01 00:00:00    100.000000
2022-01-01 01:00:00    100.000000
2022-01-01 02:00:00    100.000000
2022-01-01 03:00:00    100.000000
2022-01-01 04:00:00    100.000000
                          ...    
2023-05-01 19:00:00     70.744997
2023-05-01 20:00:00     70.582528
2023-05-01 21:00:00     70.937928
2023-05-01 22:00:00     71.252712
2023-05-01 23:00:00     71.252712
Freq: H, Length: 11664, dtype: float64",2022-01-01,2023-05-01 23:00:00,486 days,100.0,60.016937093205726,123.5211598034691,71.25271169357397,-28.74728830642603,-70.17976286600607,23.508230452674898,100.0,51.41161466691463,424 days 03:00:00,47,0.0,24,43.47826086956522,34.486735870818926,-23.434903047091407,9.434136832031705,-8.486828736310875,4 days 02:30:00,5 days 14:32:18.461538461,0.7265178531238504,-1.2401692931386066,-0.2388818516769698,-0.4371308253089206,0.9839829728064899,-0.3475995637816745,long
2180,"{'window_k': 132, 'window_d': 132, 'window_ma': 72}","open_time
2022-01-01 00:00:00    100.000000
2022-01-01 01:00:00    100.000000
2022-01-01 02:00:00    100.000000
2022-01-01 03:00:00    100.000000
2022-01-01 04:00:00    100.000000
                          ...    
2023-05-01 19:00:00     66.189104
2023-05-01 20:00:00     66.189104
2023-05-01 21:00:00     66.189104
2023-05-01 22:00:00     66.189104
2023-05-01 23:00:00     66.189104
Freq: H, Length: 11664, dtype: float64",2022-01-01,2023-05-01 23:00:00,486 days,100.0,49.853121940285945,127.63657150141486,66.18910432593549,-33.81089567406451,-70.17976286600607,34.807956104252405,100.0,60.94134983895793,391 days 18:00:00,64,0.0,32,37.5,32.67667722826836,-17.43063525281848,9.311206320714865,-6.769233291454382,5 days 15:45:00,5 days 01:33:00,0.6968977068847918,-1.056590489814516,-0.25080533163952334,-0.4372907843501552,0.9871536945807028,-0.3484720485564799,long
410,"{'window_k': 27, 'window_d': 147, 'window_ma': 162}","open_time
2022-01-01 00:00:00    100.000000
2022-01-01 01:00:00    100.000000
2022-01-01 02:00:00    100.000000
2022-01-01 03:00:00    100.000000
2022-01-01 04:00:00    100.000000
                          ...    
2023-05-01 19:00:00     66.554944
2023-05-01 20:00:00     66.402097
2023-05-01 21:00:00     66.736448
2023-05-01 22:00:00     67.032588
2023-05-01 23:00:00     67.032588
Freq: H, Length: 11664, dtype: float64",2022-01-01,2023-05-01 23:00:00,486 days,100.0,50.291289293406585,123.62751371598833,67.032587707019,-32.967412292980995,-70.17976286600607,33.53909465020576,100.0,59.32031003313579,451 days 16:00:00,83,0.0,42,29.268292682926827,32.66397183465901,-13.750174849629312,10.419488404881667,-5.053909214854273,6 days 11:09:59.999999999,2 days 19:08:16.551724137,0.7207108411323984,-0.8047822181773485,-0.2877805879557997,-0.43742479104944704,0.9852060891787792,-0.4014027553247886,long
2725,"{'window_k': 162, 'window_d': 162, 'window_ma': 87}","open_time
2022-01-01 00:00:00    100.000000
2022-01-01 01:00:00    100.000000
2022-01-01 02:00:00    100.000000
2022-01-01 03:00:00    100.000000
2022-01-01 04:00:00    100.000000
                          ...    
2023-05-01 19:00:00     65.933636
2023-05-01 20:00:00     65.933636
2023-05-01 21:00:00     65.933636
2023-05-01 22:00:00     65.933636
2023-05-01 23:00:00     65.933636
Freq: H, Length: 11664, dtype: float64",2022-01-01,2023-05-01 23:00:00,486 days,100.0,51.666743289898484,133.78455395889188,65.93363592772417,-34.06636407227583,-70.17976286600607,34.76508916323731,100.0,61.38063643298152,391 days 18:00:00,52,0.0,26,34.61538461538461,30.415008527572486,-21.59383033419023,11.806471079324877,-7.648950282377,7 days 19:53:20,5 days 19:03:31.764705882,0.706407051663454,-1.3102447720106078,-0.3146503489639597,-0.4376268934020239,0.9839579948636217,-0.44180569936055863,long
1091,"{'window_k': 72, 'window_d': 72, 'window_ma': 57}","open_time
2022-01-01 00:00:00    100.000000
2022-01-01 01:00:00    100.000000
2022-01-01 02:00:00    100.000000
2022-01-01 03:00:00    100.000000
2022-01-01 04:00:00    100.000000
                          ...    
2023-05-01 19:00:00     72.648076
2023-05-01 20:00:00     72.648076
2023-05-01 21:00:00     72.648076
2023-05-01 22:00:00     72.648076
2023-05-01 23:00:00     72.648076
Freq: H, Length: 11664, dtype: float64",2022-01-01,2023-05-01 23:00:00,486 days,100.0,63.49891681719768,123.71423856793957,72.64807629861886,-27.351923701381136,-70.17976286600607,35.390946502057616,100.0,48.672911418901656,430 days 01:00:00,110,0.0,55,34.54545454545455,21.203383314109946,-17.72516043372427,8.05700379812759,-4.689447017908542,4 days 02:18:56.842105263,2 days 14:46:40,0.8271697857153776,-0.49730770366147503,-0.0206436898833289,-0.43835735504950196,0.9987774113836982,-0.031479090344351236,long
3746,"{'window_k': 222, 'window_d': 162, 'window_ma': 42}","open_time
2022-01-01 00:00:00    100.000000
2022-01-01 01:00:00    100.000000
2022-01-01 02:00:00    100.000000
2022-01-01 03:00:00    100.000000
2022-01-01 04:00:00    100.000000
                          ...    
2023-05-01 19:00:00     69.427308
2023-05-01 20:00:00     69.267865
2023-05-01 21:00:00     69.616646
2023-05-01 22:00:00     69.925566
2023-05-01 23:00:00     69.925566
Freq: H, Length: 11664, dtype: float64",2022-01-01,2023-05-01 23:00:00,486 days,100.0,56.02037321049088,121.1136799768539,69.92556602844091,-30.07443397155909,-70.17976286600607,24.108367626886146,100.0,53.74562706607794,424 days 03:00:00,47,0.0,24,39.130434782608695,34.2544617156016,-23.32042058660765,10.274264150820668,-8.039464436590144,5 days 13:39:59.999999999,4 days 17:51:25.714285714,0.6901489011694273,-1.3457116753036593,-0.2594512442851058,-0.4383727889062867,0.9829108262731199,-0.3767653657971708,long
4063,"{'window_k': 237, 'window_d': 207, 'window_ma': 237}","open_time
2022-01-01 00:00:00    100.000000
2022-01-01 01:00:00    100.000000
2022-01-01 02:00:00    100.000000
2022-01-01 03:00:00    100.000000
2022-01-01 04:00:00    100.000000
                          ...    
2023-05-01 19:00:00     69.454161
2023-05-01 20:00:00     69.454161
2023-05-01 21:00:00     69.454161
2023-05-01 22:00:00     69.454161
2023-05-01 23:00:00     69.454161
Freq: H, Length: 11664, dtype: float64",2022-01-01,2023-05-01 23:00:00,486 days,100.0,54.36792118396985,119.70968240078241,69.45416139258329,-30.545838607416716,-70.17976286600607,34.13065843621399,100.0,54.58352232365916,451 days 16:00:00,38,0.0,19,36.84210526315789,41.2331969608416,-17.20584025193245,10.994386406875236,-8.172173435952843,11 days 17:17:08.571428571,6 days 23:40:00,0.6173078441294427,-1.6076757161798279,-0.2304859999423754,-0.4387398158479989,0.9877822227860875,-0.32288557774564625,long
2589,"{'window_k': 162, 'window_d': 27, 'window_ma': 207}","open_time
2022-01-01 00:00:00    100.000000
2022-01-01 01:00:00    100.000000
2022-01-01 02:00:00    100.000000
2022-01-01 03:00:00    100.000000
2022-01-01 04:00:00    100.000000
                          ...    
2023-05-01 19:00:00     64.508808
2023-05-01 20:00:00     64.508808
2023-05-01 21:00:00     64.508808
2023-05-01 22:00:00     64.508808
2023-05-01 23:00:00     64.508808
Freq: H, Length: 11664, dtype: float64",2022-01-01,2023-05-01 23:00:00,486 days,100.0,38.06598980137047,105.49295897451046,64.5088084470233,-35.4911915529767,-70.17976286600607,38.62311385459534,100.0,63.916084853996644,469 days 22:00:00,198,0.0,99,35.35353535353536,24.304620906235982,-14.461569764484475,6.556095934640631,-3.9188272925933987,3 days 00:30:51.428571428,1 days 06:44:03.750000,0.7917878219012655,-0.3584968843735026,-0.13918623930228505,-0.43888880393390406,0.9921459578551018,-0.2142361558397223,long
2588,"{'window_k': 162, 'window_d': 27, 'window_ma': 192}","open_time
2022-01-01 00:00:00    100.000000
2022-01-01 01:00:00    100.000000
2022-01-01 02:00:00    100.000000
2022-01-01 03:00:00    100.000000
2022-01-01 04:00:00    100.000000
                          ...    
2023-05-01 19:00:00     64.508808
2023-05-01 20:00:00     64.508808
2023-05-01 21:00:00     64.508808
2023-05-01 22:00:00     64.508808
2023-05-01 23:00:00     64.508808
Freq: H, Length: 11664, dtype: float64",2022-01-01,2023-05-01 23:00:00,486 days,100.0,38.06598980137047,105.49295897451046,64.5088084470233,-35.4911915529767,-70.17976286600607,38.62311385459534,100.0,63.916084853996644,469 days 22:00:00,198,0.0,99,35.35353535353536,24.304620906235982,-14.461569764484475,6.556095934640631,-3.9188272925933987,3 days 00:30:51.428571428,1 days 06:44:03.750000,0.7917878219012655,-0.3584968843735026,-0.13918623930228505,-0.43888880393390406,0.9921459578551018,-0.2142361558397223,long
2586,"{'window_k': 162, 'window_d': 27, 'window_ma': 162}","open_time
2022-01-01 00:00:00    100.000000
2022-01-01 01:00:00    100.000000
2022-01-01 02:00:00    100.000000
2022-01-01 03:00:00    100.000000
2022-01-01 04:00:00    100.000000
                          ...    
2023-05-01 19:00:00     64.508808
2023-05-01 20:00:00     64.508808
2023-05-01 21:00:00     64.508808
2023-05-01 22:00:00     64.508808
2023-05-01 23:00:00     64.508808
Freq: H, Length: 11664, dtype: float64",2022-01-01,2023-05-01 23:00:00,486 days,100.0,38.06598980137047,105.49295897451046,64.5088084470233,-35.4911915529767,-70.17976286600607,38.62311385459534,100.0,63.916084853996644,469 days 22:00:00,198,0.0,99,35.35353535353536,24.304620906235982,-14.461569764484475,6.556095934640631,-3.9188272925933987,3 days 00:30:51.428571428,1 days 06:44:03.750000,0.7917878219012655,-0.3584968843735026,-0.13918623930228505,-0.43888880393390406,0.9921459578551018,-0.2142361558397223,long
2585,"{'window_k': 162, 'window_d': 27, 'window_ma': 147}","open_time
2022-01-01 00:00:00    100.000000
2022-01-01 01:00:00    100.000000
2022-01-01 02:00:00    100.000000
2022-01-01 03:00:00    100.000000
2022-01-01 04:00:00    100.000000
                          ...    
2023-05-01 19:00:00     64.508808
2023-05-01 20:00:00     64.508808
2023-05-01 21:00:00     64.508808
2023-05-01 22:00:00     64.508808
2023-05-01 23:00:00     64.508808
Freq: H, Length: 11664, dtype: float64",2022-01-01,2023-05-01 23:00:00,486 days,100.0,38.06598980137047,105.49295897451046,64.5088084470233,-35.4911915529767,-70.17976286600607,38.62311385459534,100.0,63.916084853996644,469 days 22:00:00,198,0.0,99,35.35353535353536,24.304620906235982,-14.461569764484475,6.556095934640631,-3.9188272925933987,3 days 00:30:51.428571428,1 days 06:44:03.750000,0.7917878219012655,-0.3584968843735026,-0.13918623930228505,-0.43888880393390406,0.9921459578551018,-0.2142361558397223,long
3180,"{'window_k': 192, 'window_d': 102, 'window_ma': 192}","open_time
2022-01-01 00:00:00    100.000000
2022-01-01 01:00:00    100.000000
2022-01-01 02:00:00    100.000000
2022-01-01 03:00:00    100.000000
2022-01-01 04:00:00    100.000000
                          ...    
2023-05-01 19:00:00     63.425854
2023-05-01 20:00:00     63.280194
2023-05-01 21:00:00     63.598826
2023-05-01 22:00:00     63.881042
2023-05-01 23:00:00     63.881042
Freq: H, Length: 11664, dtype: float64",2022-01-01,2023-05-01 23:00:00,486 days,100.0,46.53478193025587,133.11261669563112,63.88104198348859,-36.11895801651141,-70.17976286600607,41.4437585733882,100.0,65.0410433770827,391 days 18:00:00,65,0.0,33,34.375,33.42126088103402,-24.812030075187977,13.235377177703828,-7.965044791878151,9 days 00:38:10.909090909,4 days 16:48:34.285714285,0.7566808876365874,-1.1474939306896221,-0.12356930615956255,-0.4393923087488166,0.9934568785941862,-0.18585541796229613,long
608,"{'window_k': 42, 'window_d': 102, 'window_ma': 12}","open_time
2022-01-01 00:00:00    100.000000
2022-01-01 01:00:00    100.000000
2022-01-01 02:00:00    100.000000
2022-01-01 03:00:00    100.000000
2022-01-01 04:00:00    100.000000
                          ...    
2023-05-01 19:00:00     66.475987
2023-05-01 20:00:00     66.475987
2023-05-01 21:00:00     66.475987
2023-05-01 22:00:00     66.475987
2023-05-01 23:00:00     66.475987
Freq: H, Length: 11664, dtype: float64",2022-01-01,2023-05-01 23:00:00,486 days,100.0,57.01060276643157,142.80209500201772,66.47598668375132,-33.524013316248684,-70.17976286600607,15.843621399176955,100.0,60.07719440976966,355 days 14:00:00,94,0.0,47,42.5531914893617,17.43914258024058,-22.458836443468712,4.890085419157963,-4.85331907071331,1 days 14:30:00,1 days 14:46:09.230769230,0.7285000963006592,-0.7132768790691211,-0.437827357507499,-0.43960856871218057,0.9590428711492468,-0.6961115231457079,long
3828,"{'window_k': 222, 'window_d': 237, 'window_ma': 72}","open_time
2022-01-01 00:00:00    100.0000
2022-01-01 01:00:00    100.0000
2022-01-01 02:00:00    100.0000
2022-01-01 03:00:00    100.0000
2022-01-01 04:00:00    100.0000
                         ...   
2023-05-01 19:00:00     68.8539
2023-05-01 20:00:00     68.8539
2023-05-01 21:00:00     68.8539
2023-05-01 22:00:00     68.8539
2023-05-01 23:00:00     68.8539
Freq: H, Length: 11664, dtype: float64",2022-01-01,2023-05-01 23:00:00,486 days,100.0,49.23378063784081,110.83257919594338,68.85389961768037,-31.14610038231963,-70.17976286600607,25.514403292181072,100.0,55.578241528784325,424 days 03:00:00,38,0.0,19,42.10526315789473,27.863720073664812,-14.955062911923307,8.35465246487454,-8.527560237938541,5 days 23:45:00,6 days 22:00:00,0.5688742884875726,-1.6392684411747176,-0.3623545224505511,-0.4397788831981513,0.978375771087109,-0.5051512877182671,long
2360,"{'window_k': 147, 'window_d': 57, 'window_ma': 132}","open_time
2022-01-01 00:00:00    100.000000
2022-01-01 01:00:00    100.000000
2022-01-01 02:00:00    100.000000
2022-01-01 03:00:00    100.000000
2022-01-01 04:00:00    100.000000
                          ...    
2023-05-01 19:00:00     71.450195
2023-05-01 20:00:00     71.286107
2023-05-01 21:00:00     71.645050
2023-05-01 22:00:00     71.962971
2023-05-01 23:00:00     71.962971
Freq: H, Length: 11664, dtype: float64",2022-01-01,2023-05-01 23:00:00,486 days,100.0,63.61468879204978,126.63342604175936,71.96297088243055,-28.037029117569446,-70.17976286600607,36.79698216735254,100.0,49.764694219777454,355 days 14:00:00,95,0.0,48,38.297872340425535,24.05187659658085,-20.093245394587203,8.13595488109534,-5.537131082366227,4 days 10:26:40,3 days 05:22:45.517241379,0.8233385105060165,-0.5631475497893357,-0.02703572274699149,-0.43994897971953995,0.9984245875087207,-0.04129437542804107,long
4058,"{'window_k': 237, 'window_d': 207, 'window_ma': 162}","open_time
2022-01-01 00:00:00    100.000000
2022-01-01 01:00:00    100.000000
2022-01-01 02:00:00    100.000000
2022-01-01 03:00:00    100.000000
2022-01-01 04:00:00    100.000000
                          ...    
2023-05-01 19:00:00     68.523457
2023-05-01 20:00:00     68.523457
2023-05-01 21:00:00     68.523457
2023-05-01 22:00:00     68.523457
2023-05-01 23:00:00     68.523457
Freq: H, Length: 11664, dtype: float64",2022-01-01,2023-05-01 23:00:00,486 days,100.0,54.21394492948205,123.65615966049639,68.52345658763484,-31.47654341236516,-70.17976286600607,29.055212620027437,100.0,56.157505555462095,424 days 03:00:00,38,0.0,19,26.31578947368421,41.23319696084161,-16.94533380766038,16.15064072670555,-7.3277575506161,11 days 13:12:00,5 days 23:04:17.142857142,0.6339491170048455,-1.6566601795981653,-0.2720365843550145,-0.4400949669895148,0.9845711234219118,-0.38139653697981457,long
4083,"{'window_k': 237, 'window_d': 237, 'window_ma': 57}","open_time
2022-01-01 00:00:00    100.000000
2022-01-01 01:00:00    100.000000
2022-01-01 02:00:00    100.000000
2022-01-01 03:00:00    100.000000
2022-01-01 04:00:00    100.000000
                          ...    
2023-05-01 19:00:00     68.521336
2023-05-01 20:00:00     68.521336
2023-05-01 21:00:00     68.521336
2023-05-01 22:00:00     68.521336
2023-05-01 23:00:00     68.521336
Freq: H, Length: 11664, dtype: float64",2022-01-01,2023-05-01 23:00:00,486 days,100.0,54.011197471821646,123.14795383001052,68.52133573152274,-31.478664268477257,-70.17976286600607,25.454389574759944,100.0,56.14121405023346,424 days 03:00:00,34,0.0,17,41.17647058823529,26.42936185909257,-21.49414734909341,7.889579661081249,-8.242875673829335,8 days 18:34:17.142857142,6 days 05:30:00,0.5637697839010182,-1.8516861334398387,-0.4658845935569804,-0.4402538488478079,0.9715946991080205,-0.643273626080001,long
766,"{'window_k': 42, 'window_d': 237, 'window_ma': 222}","open_time
2022-01-01 00:00:00    100.000000
2022-01-01 01:00:00    100.000000
2022-01-01 02:00:00    100.000000
2022-01-01 03:00:00    100.000000
2022-01-01 04:00:00    100.000000
                          ...    
2023-05-01 19:00:00     60.530716
2023-05-01 20:00:00     60.391705
2023-05-01 21:00:00     60.695792
2023-05-01 22:00:00     60.965126
2023-05-01 23:00:00     60.965126
Freq: H, Length: 11664, dtype: float64",2022-01-01,2023-05-01 23:00:00,486 days,100.0,38.52515196335747,130.54680050929352,60.965125995993226,-39.034874004006774,-70.17976286600607,34.996570644718794,100.0,70.48939398509818,391 days 18:00:00,53,0.0,27,30.76923076923077,29.892025004735757,-22.284940167080606,14.599317727837565,-8.123143992481134,10 days 01:00:00,4 days 23:16:40,0.6503615650142042,-1.5063537331100059,-0.43679085370363796,-0.4403662782693923,0.9783169276622753,-0.6058783157011386,long
474,"{'window_k': 27, 'window_d': 207, 'window_ma': 162}","open_time
2022-01-01 00:00:00    100.000000
2022-01-01 01:00:00    100.000000
2022-01-01 02:00:00    100.000000
2022-01-01 03:00:00    100.000000
2022-01-01 04:00:00    100.000000
                          ...    
2023-05-01 19:00:00     67.454614
2023-05-01 20:00:00     67.299701
2023-05-01 21:00:00     67.638572
2023-05-01 22:00:00     67.938715
2023-05-01 23:00:00     67.938715
Freq: H, Length: 11664, dtype: float64",2022-01-01,2023-05-01 23:00:00,486 days,100.0,54.73004775045624,127.8172647962664,67.93871453571384,-32.06128546428616,-70.17976286600607,36.47976680384088,100.0,57.181021016454324,391 days 18:00:00,71,0.0,36,31.428571428571427,34.367076262921756,-14.320871909058939,12.30655970507141,-6.411100469149546,8 days 04:38:10.909090909,3 days 12:35:00,0.7640260920798402,-0.9132704369288409,-0.26214333978118587,-0.4406644690704447,0.9869696901760965,-0.365540959973735,long
3564,"{'window_k': 207, 'window_d': 222, 'window_ma': 192}","open_time
2022-01-01 00:00:00    100.000000
2022-01-01 01:00:00    100.000000
2022-01-01 02:00:00    100.000000
2022-01-01 03:00:00    100.000000
2022-01-01 04:00:00    100.000000
                          ...    
2023-05-01 19:00:00     68.198373
2023-05-01 20:00:00     68.198373
2023-05-01 21:00:00     68.198373
2023-05-01 22:00:00     68.198373
2023-05-01 23:00:00     68.198373
Freq: H, Length: 11664, dtype: float64",2022-01-01,2023-05-01 23:00:00,486 days,100.0,55.586117936037596,128.17479042877477,68.1983728891149,-31.801627110885093,-70.17976286600607,35.536694101508914,100.0,56.63256577202975,349 days 17:00:00,36,0.0,18,33.33333333333333,41.9751280175567,-20.62556663644606,16.302063006238512,-9.75871875491065,12 days 03:19:59.999999999,8 days 07:45:00,0.6712649101834621,-1.766757061715838,-0.25194090071012426,-0.44114254156372523,0.9868502034733692,-0.35174021115371196,long
2771,"{'window_k': 162, 'window_d': 207, 'window_ma': 57}","open_time
2022-01-01 00:00:00    100.000000
2022-01-01 01:00:00    100.000000
2022-01-01 02:00:00    100.000000
2022-01-01 03:00:00    100.000000
2022-01-01 04:00:00    100.000000
                          ...    
2023-05-01 19:00:00     68.542878
2023-05-01 20:00:00     68.542878
2023-05-01 21:00:00     68.542878
2023-05-01 22:00:00     68.542878
2023-05-01 23:00:00     68.542878
Freq: H, Length: 11664, dtype: float64",2022-01-01,2023-05-01 23:00:00,486 days,100.0,52.96738577497656,120.23317362974669,68.54287763689155,-31.457122363108454,-70.17976286600607,21.776406035665293,100.0,55.94611355923488,424 days 03:00:00,42,0.0,21,33.33333333333333,27.62986408490039,-13.97991275235873,8.061120635188209,-6.07751674370947,5 days 01:34:17.142857142,5 days 00:38:34.285714285,0.5636457603179065,-1.497958207767069,-0.5164104756132192,-0.4414714348127967,0.9669179388757212,-0.7142651979106792,long
240,"{'window_k': 12, 'window_d': 237, 'window_ma': 12}","open_time
2022-01-01 00:00:00    100.0000
2022-01-01 01:00:00    100.0000
2022-01-01 02:00:00    100.0000
2022-01-01 03:00:00    100.0000
2022-01-01 04:00:00    100.0000
                         ...   
2023-05-01 19:00:00     72.9492
2023-05-01 20:00:00     72.9492
2023-05-01 21:00:00     72.9492
2023-05-01 22:00:00     72.9492
2023-05-01 23:00:00     72.9492
Freq: H, Length: 11664, dtype: float64",2022-01-01,2023-05-01 23:00:00,486 days,100.0,70.57267834425176,135.0703994156753,72.94920036498684,-27.050799635013163,-70.17976286600607,10.742455418381343,100.0,47.751188528682476,410 days 04:00:00,86,0.0,43,34.883720930232556,18.32959963237405,-17.621558289396592,3.7409934889431216,-3.024403845646872,1 days 10:39:59.999999999,1 days 03:02:13.333333333,0.6744989463177582,-0.6290883636049576,-0.6771383556769933,-0.4416931919946149,0.9390728672972493,-0.9085415027839034,long
3834,"{'window_k': 222, 'window_d': 237, 'window_ma': 162}","open_time
2022-01-01 00:00:00    100.000000
2022-01-01 01:00:00    100.000000
2022-01-01 02:00:00    100.000000
2022-01-01 03:00:00    100.000000
2022-01-01 04:00:00    100.000000
                          ...    
2023-05-01 19:00:00     70.040493
2023-05-01 20:00:00     70.040493
2023-05-01 21:00:00     70.040493
2023-05-01 22:00:00     70.040493
2023-05-01 23:00:00     70.040493
Freq: H, Length: 11664, dtype: float64",2022-01-01,2023-05-01 23:00:00,486 days,100.0,54.03329228535579,115.25305517037353,70.04049293343958,-29.95950706656042,-70.17976286600607,30.84705075445816,100.0,53.11769201651032,349 days 17:00:00,38,0.0,19,36.84210526315789,38.59496964440589,-22.803691063076734,12.523732464156462,-8.86192257300982,10 days 00:00:00,6 days 15:50:00,0.6588724494380782,-1.5768161613979177,-0.2532452461865471,-0.4417790949338097,0.9860714707900793,-0.3547359423306256,long
3288,"{'window_k': 192, 'window_d': 207, 'window_ma': 132}","open_time
2022-01-01 00:00:00    100.000000
2022-01-01 01:00:00    100.000000
2022-01-01 02:00:00    100.000000
2022-01-01 03:00:00    100.000000
2022-01-01 04:00:00    100.000000
                          ...    
2023-05-01 19:00:00     70.675313
2023-05-01 20:00:00     70.675313
2023-05-01 21:00:00     70.675313
2023-05-01 22:00:00     70.675313
2023-05-01 23:00:00     70.675313
Freq: H, Length: 11664, dtype: float64",2022-01-01,2023-05-01 23:00:00,486 days,100.0,59.385338527481615,123.4945699136195,70.67531308023001,-29.324686919769988,-70.17976286600607,31.121399176954732,100.0,51.912591323634906,424 days 03:00:00,40,0.0,20,40.0,41.166025451316976,-23.65591397849462,13.07451213499204,-9.859584180323884,9 days 12:45:00,6 days 06:00:00,0.7203335354288984,-1.4662343459884983,-0.23890409385555128,-0.4420103697724448,0.9867188347887499,-0.33536632942298306,long
739,"{'window_k': 42, 'window_d': 222, 'window_ma': 57}","open_time
2022-01-01 00:00:00    100.000000
2022-01-01 01:00:00    100.000000
2022-01-01 02:00:00    100.000000
2022-01-01 03:00:00    100.000000
2022-01-01 04:00:00    100.000000
                          ...    
2023-05-01 19:00:00     58.980798
2023-05-01 20:00:00     58.845346
2023-05-01 21:00:00     59.141647
2023-05-01 22:00:00     59.404085
2023-05-01 23:00:00     59.404085
Freq: H, Length: 11664, dtype: float64",2022-01-01,2023-05-01 23:00:00,486 days,100.0,36.26603181985573,135.48974808964147,59.40408522154248,-40.59591477845752,-70.17976286600607,25.23148148148148,100.0,73.23337571204152,430 days 01:00:00,59,0.0,30,41.37931034482759,28.85338345864662,-42.60418428917836,8.31188184334613,-7.482126561142151,5 days 11:24:59.999999999,3 days 05:45:52.941176470,0.5893384168476109,-1.4021945063575103,-0.5813853007636146,-0.44203252838289725,0.9643965416787887,-0.7727561821124348,long
3048,"{'window_k': 177, 'window_d': 222, 'window_ma': 132}","open_time
2022-01-01 00:00:00    100.000000
2022-01-01 01:00:00    100.000000
2022-01-01 02:00:00    100.000000
2022-01-01 03:00:00    100.000000
2022-01-01 04:00:00    100.000000
                          ...    
2023-05-01 19:00:00     70.951732
2023-05-01 20:00:00     70.951732
2023-05-01 21:00:00     70.951732
2023-05-01 22:00:00     70.951732
2023-05-01 23:00:00     70.951732
Freq: H, Length: 11664, dtype: float64",2022-01-01,2023-05-01 23:00:00,486 days,100.0,61.982717758162345,127.49549945658624,70.9517315015836,-29.04826849841641,-70.17976286600607,29.835390946502056,100.0,51.38438766674411,424 days 03:00:00,38,0.0,19,36.84210526315789,42.607802874743335,-22.65790353124653,14.944484331313271,-9.813647087946004,9 days 22:00:00,6 days 07:09:59.999999999,0.725255150513644,-1.5288562367587577,-0.2510319704540189,-0.4421513968433116,0.9857684248799687,-0.35205786127733607,long
413,"{'window_k': 27, 'window_d': 147, 'window_ma': 207}","open_time
2022-01-01 00:00:00    100.000000
2022-01-01 01:00:00    100.000000
2022-01-01 02:00:00    100.000000
2022-01-01 03:00:00    100.000000
2022-01-01 04:00:00    100.000000
                          ...    
2023-05-01 19:00:00     66.219524
2023-05-01 20:00:00     66.067448
2023-05-01 21:00:00     66.400114
2023-05-01 22:00:00     66.694761
2023-05-01 23:00:00     66.694761
Freq: H, Length: 11664, dtype: float64",2022-01-01,2023-05-01 23:00:00,486 days,100.0,50.291289293406585,123.62751371598833,66.69476113590399,-33.30523886409601,-70.17976286600607,33.5562414266118,100.0,59.32031003313579,451 days 16:00:00,83,0.0,42,29.268292682926827,32.66397183465901,-13.750174849629312,10.419488404881665,-5.070210155293144,6 days 11:09:59.999999999,2 days 19:12:24.827586206,0.7183951807162439,-0.813018367910578,-0.29448215677680595,-0.44215270677448265,0.9848714107104551,-0.41069265127478205,long
414,"{'window_k': 27, 'window_d': 147, 'window_ma': 222}","open_time
2022-01-01 00:00:00    100.000000
2022-01-01 01:00:00    100.000000
2022-01-01 02:00:00    100.000000
2022-01-01 03:00:00    100.000000
2022-01-01 04:00:00    100.000000
                          ...    
2023-05-01 19:00:00     66.219524
2023-05-01 20:00:00     66.067448
2023-05-01 21:00:00     66.400114
2023-05-01 22:00:00     66.694761
2023-05-01 23:00:00     66.694761
Freq: H, Length: 11664, dtype: float64",2022-01-01,2023-05-01 23:00:00,486 days,100.0,50.291289293406585,123.62751371598833,66.69476113590399,-33.30523886409601,-70.17976286600607,33.5562414266118,100.0,59.32031003313579,451 days 16:00:00,83,0.0,42,29.268292682926827,32.66397183465901,-13.750174849629312,10.419488404881665,-5.070210155293144,6 days 11:09:59.999999999,2 days 19:12:24.827586206,0.7183951807162439,-0.813018367910578,-0.29448215677680595,-0.44215270677448265,0.9848714107104551,-0.41069265127478205,long
412,"{'window_k': 27, 'window_d': 147, 'window_ma': 192}","open_time
2022-01-01 00:00:00    100.000000
2022-01-01 01:00:00    100.000000
2022-01-01 02:00:00    100.000000
2022-01-01 03:00:00    100.000000
2022-01-01 04:00:00    100.000000
                          ...    
2023-05-01 19:00:00     66.219524
2023-05-01 20:00:00     66.067448
2023-05-01 21:00:00     66.400114
2023-05-01 22:00:00     66.694761
2023-05-01 23:00:00     66.694761
Freq: H, Length: 11664, dtype: float64",2022-01-01,2023-05-01 23:00:00,486 days,100.0,50.291289293406585,123.62751371598833,66.69476113590399,-33.30523886409601,-70.17976286600607,33.5562414266118,100.0,59.32031003313579,451 days 16:00:00,83,0.0,42,29.268292682926827,32.66397183465901,-13.750174849629312,10.419488404881665,-5.070210155293144,6 days 11:09:59.999999999,2 days 19:12:24.827586206,0.7183951807162439,-0.813018367910578,-0.29448215677680595,-0.44215270677448265,0.9848714107104551,-0.41069265127478205,long
656,"{'window_k': 42, 'window_d': 147, 'window_ma': 12}","open_time
2022-01-01 00:00:00    100.000000
2022-01-01 01:00:00    100.000000
2022-01-01 02:00:00    100.000000
2022-01-01 03:00:00    100.000000
2022-01-01 04:00:00    100.000000
                          ...    
2023-05-01 19:00:00     84.463229
2023-05-01 20:00:00     84.463229
2023-05-01 21:00:00     84.463229
2023-05-01 22:00:00     84.463229
2023-05-01 23:00:00     84.463229
Freq: H, Length: 11664, dtype: float64",2022-01-01,2023-05-01 23:00:00,486 days,100.0,74.91856427933631,102.53590867907161,84.46322893544276,-15.536771064557243,-70.17976286600607,14.266117969821673,100.0,26.93431477373957,460 days 10:00:00,78,0.0,39,43.58974358974359,11.813065818448742,-15.670458784035812,4.246671221415201,-3.77818541851458,1 days 22:07:03.529411764,1 days 16:00:00,0.7927202222201624,-0.39837874524505756,-0.17892218993338693,-0.44219660762173857,0.9856062538896996,-0.2469553951390775,long
756,"{'window_k': 42, 'window_d': 237, 'window_ma': 72}","open_time
2022-01-01 00:00:00    100.000000
2022-01-01 01:00:00    100.000000
2022-01-01 02:00:00    100.000000
2022-01-01 03:00:00    100.000000
2022-01-01 04:00:00    100.000000
                          ...    
2023-05-01 19:00:00     59.707374
2023-05-01 20:00:00     59.570254
2023-05-01 21:00:00     59.870205
2023-05-01 22:00:00     60.135876
2023-05-01 23:00:00     60.135876
Freq: H, Length: 11664, dtype: float64",2022-01-01,2023-05-01 23:00:00,486 days,100.0,36.4439471072134,129.18600139385018,60.135875629962456,-39.864124370037544,-70.17976286600607,29.492455418381347,100.0,71.78955404300616,391 days 18:00:00,53,0.0,27,30.76923076923077,31.52112142451221,-22.284940167080595,12.714359654585202,-7.501134965695624,7 days 01:37:30,4 days 19:20:00,0.611296058772707,-1.5381797987250891,-0.5234117060879417,-0.44222036384306085,0.9716521692583737,-0.7233178049149369,long
2622,"{'window_k': 162, 'window_d': 57, 'window_ma': 222}","open_time
2022-01-01 00:00:00    100.000000
2022-01-01 01:00:00    100.000000
2022-01-01 02:00:00    100.000000
2022-01-01 03:00:00    100.000000
2022-01-01 04:00:00    100.000000
                          ...    
2023-05-01 19:00:00     73.978295
2023-05-01 20:00:00     73.808401
2023-05-01 21:00:00     74.180045
2023-05-01 22:00:00     74.509215
2023-05-01 23:00:00     74.509215
Freq: H, Length: 11664, dtype: float64",2022-01-01,2023-05-01 23:00:00,486 days,100.0,62.561083427510916,122.69637264309706,74.50921478055706,-25.49078521944294,-70.17976286600607,37.26851851851852,100.0,44.82603056448429,194 days 16:00:00,101,0.0,51,38.0,21.473927265730218,-20.093245394587218,8.028643249953632,-5.2598062035254625,4 days 07:18:56.842105263,3 days 00:42:34.838709677,0.8418898471974013,-0.4732884564417139,0.009567428394310021,-0.44231867927633217,1.0005522312986355,0.014631998165886015,long
2620,"{'window_k': 162, 'window_d': 57, 'window_ma': 192}","open_time
2022-01-01 00:00:00    100.000000
2022-01-01 01:00:00    100.000000
2022-01-01 02:00:00    100.000000
2022-01-01 03:00:00    100.000000
2022-01-01 04:00:00    100.000000
                          ...    
2023-05-01 19:00:00     73.978295
2023-05-01 20:00:00     73.808401
2023-05-01 21:00:00     74.180045
2023-05-01 22:00:00     74.509215
2023-05-01 23:00:00     74.509215
Freq: H, Length: 11664, dtype: float64",2022-01-01,2023-05-01 23:00:00,486 days,100.0,62.561083427510916,122.69637264309706,74.50921478055706,-25.49078521944294,-70.17976286600607,37.26851851851852,100.0,44.82603056448429,194 days 16:00:00,101,0.0,51,38.0,21.473927265730218,-20.093245394587218,8.028643249953632,-5.2598062035254625,4 days 07:18:56.842105263,3 days 00:42:34.838709677,0.8418898471974013,-0.4732884564417139,0.009567428394310021,-0.44231867927633217,1.0005522312986355,0.014631998165886015,long
2621,"{'window_k': 162, 'window_d': 57, 'window_ma': 207}","open_time
2022-01-01 00:00:00    100.000000
2022-01-01 01:00:00    100.000000
2022-01-01 02:00:00    100.000000
2022-01-01 03:00:00    100.000000
2022-01-01 04:00:00    100.000000
                          ...    
2023-05-01 19:00:00     73.978295
2023-05-01 20:00:00     73.808401
2023-05-01 21:00:00     74.180045
2023-05-01 22:00:00     74.509215
2023-05-01 23:00:00     74.509215
Freq: H, Length: 11664, dtype: float64",2022-01-01,2023-05-01 23:00:00,486 days,100.0,62.561083427510916,122.69637264309706,74.50921478055706,-25.49078521944294,-70.17976286600607,37.26851851851852,100.0,44.82603056448429,194 days 16:00:00,101,0.0,51,38.0,21.473927265730218,-20.093245394587218,8.028643249953632,-5.2598062035254625,4 days 07:18:56.842105263,3 days 00:42:34.838709677,0.8418898471974013,-0.4732884564417139,0.009567428394310021,-0.44231867927633217,1.0005522312986355,0.014631998165886015,long
2623,"{'window_k': 162, 'window_d': 57, 'window_ma': 237}","open_time
2022-01-01 00:00:00    100.000000
2022-01-01 01:00:00    100.000000
2022-01-01 02:00:00    100.000000
2022-01-01 03:00:00    100.000000
2022-01-01 04:00:00    100.000000
                          ...    
2023-05-01 19:00:00     73.978295
2023-05-01 20:00:00     73.808401
2023-05-01 21:00:00     74.180045
2023-05-01 22:00:00     74.509215
2023-05-01 23:00:00     74.509215
Freq: H, Length: 11664, dtype: float64",2022-01-01,2023-05-01 23:00:00,486 days,100.0,62.561083427510916,122.69637264309706,74.50921478055706,-25.49078521944294,-70.17976286600607,37.26851851851852,100.0,44.82603056448429,194 days 16:00:00,101,0.0,51,38.0,21.473927265730218,-20.093245394587218,8.028643249953632,-5.2598062035254625,4 days 07:18:56.842105263,3 days 00:42:34.838709677,0.8418898471974013,-0.4732884564417139,0.009567428394310021,-0.44231867927633217,1.0005522312986355,0.014631998165886015,long
1571,"{'window_k': 102, 'window_d': 42, 'window_ma': 57}","open_time
2022-01-01 00:00:00    100.000000
2022-01-01 01:00:00    100.000000
2022-01-01 02:00:00    100.000000
2022-01-01 03:00:00    100.000000
2022-01-01 04:00:00    100.000000
                          ...    
2023-05-01 19:00:00     66.989674
2023-05-01 20:00:00     66.989674
2023-05-01 21:00:00     66.989674
2023-05-01 22:00:00     66.989674
2023-05-01 23:00:00     66.989674
Freq: H, Length: 11664, dtype: float64",2022-01-01,2023-05-01 23:00:00,486 days,100.0,52.093245500426754,126.2057917200468,66.98967407299763,-33.01032592700237,-70.17976286600607,38.86316872427983,100.0,58.723569821596264,355 days 14:00:00,132,0.0,66,37.878787878787875,19.56014013234722,-14.864040970613331,6.787961513726101,-4.713428321010923,3 days 15:12:00,2 days 09:23:24.878048780,0.7885469303863523,-0.50015645343943,-0.08072299472149522,-0.4424761875789166,0.9954250403361367,-0.12449715532386212,long
3971,"{'window_k': 237, 'window_d': 132, 'window_ma': 57}","open_time
2022-01-01 00:00:00    100.000000
2022-01-01 01:00:00    100.000000
2022-01-01 02:00:00    100.000000
2022-01-01 03:00:00    100.000000
2022-01-01 04:00:00    100.000000
                          ...    
2023-05-01 19:00:00     66.530119
2023-05-01 20:00:00     66.377330
2023-05-01 21:00:00     66.711556
2023-05-01 22:00:00     67.007585
2023-05-01 23:00:00     67.007585
Freq: H, Length: 11664, dtype: float64",2022-01-01,2023-05-01 23:00:00,486 days,100.0,50.802929760390285,122.84612540277851,67.0075851673829,-32.9924148326171,-70.17976286600607,25.44581618655693,100.0,58.645069517804075,451 days 16:00:00,53,0.0,27,30.76923076923077,30.945558739255,-14.683224100264464,9.702354671520835,-5.81290276573305,5 days 18:45:00,4 days 05:06:40,0.6351665549024935,-1.2619606820923583,-0.32095675059204304,-0.44281504485590617,0.9791636684950363,-0.4624131861593307,long
3266,"{'window_k': 192, 'window_d': 192, 'window_ma': 42}","open_time
2022-01-01 00:00:00    100.00000
2022-01-01 01:00:00    100.00000
2022-01-01 02:00:00    100.00000
2022-01-01 03:00:00    100.00000
2022-01-01 04:00:00    100.00000
                         ...    
2023-05-01 19:00:00     71.61868
2023-05-01 20:00:00     71.61868
2023-05-01 21:00:00     71.61868
2023-05-01 22:00:00     71.61868
2023-05-01 23:00:00     71.61868
Freq: H, Length: 11664, dtype: float64",2022-01-01,2023-05-01 23:00:00,486 days,100.0,60.12721751403495,120.40779976852527,71.61867991403219,-28.381320085967815,-70.17976286600607,21.03909465020576,100.0,50.06368555058318,424 days 03:00:00,40,0.0,20,25.0,30.839723209276233,-25.164016457244507,16.70502246717519,-6.726418996720154,6 days 23:00:00,4 days 11:56:00,0.6915587852692706,-1.4190660042983905,-0.36321433860530794,-0.4429306211758545,0.9761057635343657,-0.5098779615586099,long
1739,"{'window_k': 102, 'window_d': 192, 'window_ma': 177}","open_time
2022-01-01 00:00:00    100.000000
2022-01-01 01:00:00    100.000000
2022-01-01 02:00:00    100.000000
2022-01-01 03:00:00    100.000000
2022-01-01 04:00:00    100.000000
                          ...    
2023-05-01 19:00:00     60.653091
2023-05-01 20:00:00     60.513799
2023-05-01 21:00:00     60.818501
2023-05-01 22:00:00     61.088380
2023-05-01 23:00:00     61.088380
Freq: H, Length: 11664, dtype: float64",2022-01-01,2023-05-01 23:00:00,486 days,100.0,37.61725531313493,124.7238013514963,61.08837977179018,-38.91162022820982,-70.17976286600607,36.239711934156375,100.0,69.83955355311687,451 days 16:00:00,51,0.0,26,28.000000000000004,40.65462085308056,-23.765936580581894,16.98429135088662,-8.078825211471964,10 days 20:25:42.857142857,5 days 11:39:59.999999999,0.6225125416795964,-1.5599471166542171,-0.38484376166578194,-0.442964943810909,0.9805278055702367,-0.5360998143572775,long
3355,"{'window_k': 207, 'window_d': 27, 'window_ma': 177}","open_time
2022-01-01 00:00:00    100.000000
2022-01-01 01:00:00    100.000000
2022-01-01 02:00:00    100.000000
2022-01-01 03:00:00    100.000000
2022-01-01 04:00:00    100.000000
                          ...    
2023-05-01 19:00:00     60.194166
2023-05-01 20:00:00     60.194166
2023-05-01 21:00:00     60.194166
2023-05-01 22:00:00     60.194166
2023-05-01 23:00:00     60.194166
Freq: H, Length: 11664, dtype: float64",2022-01-01,2023-05-01 23:00:00,486 days,100.0,31.291289525781444,110.01068064860665,60.19416581529881,-39.80583418470119,-70.17976286600607,37.122770919067214,100.0,71.55613496681174,469 days 22:00:00,194,0.0,97,34.02061855670103,24.72466960352424,-14.131233595800527,6.764336154273384,-3.929269695789307,2 days 16:25:27.272727272,1 days 10:26:15,0.7305798208510308,-0.4103694245845473,-0.21957837405525205,-0.4429686130334134,0.9873995367856442,-0.33648476539460537,long
2714,"{'window_k': 162, 'window_d': 147, 'window_ma': 162}","open_time
2022-01-01 00:00:00    100.000000
2022-01-01 01:00:00    100.000000
2022-01-01 02:00:00    100.000000
2022-01-01 03:00:00    100.000000
2022-01-01 04:00:00    100.000000
                          ...    
2023-05-01 19:00:00     65.062802
2023-05-01 20:00:00     64.913383
2023-05-01 21:00:00     65.240238
2023-05-01 22:00:00     65.529738
2023-05-01 23:00:00     65.529738
Freq: H, Length: 11664, dtype: float64",2022-01-01,2023-05-01 23:00:00,486 days,100.0,51.157466258382094,132.49435700500052,65.52973798106272,-34.47026201893728,-70.17976286600607,36.86556927297668,100.0,61.3889471108182,391 days 18:00:00,55,0.0,28,25.925925925925924,41.02564102564101,-13.867435158501449,17.316803692105893,-7.045871167121021,10 days 17:42:51.428571428,5 days 02:09:00,0.7163149250926301,-1.2431261856270739,-0.25441285785643303,-0.44305303340229873,0.9872303704380813,-0.35685347884649554,long
1459,"{'window_k': 87, 'window_d': 177, 'window_ma': 57}","open_time
2022-01-01 00:00:00    100.000000
2022-01-01 01:00:00    100.000000
2022-01-01 02:00:00    100.000000
2022-01-01 03:00:00    100.000000
2022-01-01 04:00:00    100.000000
                          ...    
2023-05-01 19:00:00     59.449724
2023-05-01 20:00:00     59.313195
2023-05-01 21:00:00     59.611852
2023-05-01 22:00:00     59.876376
2023-05-01 23:00:00     59.876376
Freq: H, Length: 11664, dtype: float64",2022-01-01,2023-05-01 23:00:00,486 days,100.0,35.78639448411714,128.48087594501837,59.87637594577503,-40.12362405422497,-70.17976286600607,25.76303155006859,100.0,72.14652046781544,391 days 18:00:00,55,0.0,28,33.33333333333333,29.461756373937682,-34.20814479638008,11.441325110621076,-7.320042426876329,5 days 13:13:20,4 days 01:23:20,0.6175750755086186,-1.4554043963166516,-0.5694397392949365,-0.443099963131423,0.9658215666536992,-0.7679979507802736,long
3953,"{'window_k': 237, 'window_d': 117, 'window_ma': 27}","open_time
2022-01-01 00:00:00    100.000000
2022-01-01 01:00:00    100.000000
2022-01-01 02:00:00    100.000000
2022-01-01 03:00:00    100.000000
2022-01-01 04:00:00    100.000000
                          ...    
2023-05-01 19:00:00     67.201240
2023-05-01 20:00:00     67.046910
2023-05-01 21:00:00     67.384508
2023-05-01 22:00:00     67.683523
2023-05-01 23:00:00     67.683523
Freq: H, Length: 11664, dtype: float64",2022-01-01,2023-05-01 23:00:00,486 days,100.0,55.21233536704743,129.30829415445805,67.68352296885817,-32.31647703114183,-70.17976286600607,23.756858710562415,100.0,57.30178351815809,430 days 01:00:00,57,0.0,29,35.714285714285715,18.717089516515088,-14.137981976658287,7.682015010004109,-5.825944730818385,4 days 00:36:00,4 days 01:26:40,0.6597430279175552,-1.1221225579277778,-0.4822690482565364,-0.4434200856217033,0.9703078602215911,-0.6787497845201,long
3170,"{'window_k': 192, 'window_d': 102, 'window_ma': 42}","open_time
2022-01-01 00:00:00    100.000000
2022-01-01 01:00:00    100.000000
2022-01-01 02:00:00    100.000000
2022-01-01 03:00:00    100.000000
2022-01-01 04:00:00    100.000000
                          ...    
2023-05-01 19:00:00     66.288315
2023-05-01 20:00:00     66.288315
2023-05-01 21:00:00     66.288315
2023-05-01 22:00:00     66.288315
2023-05-01 23:00:00     66.288315
Freq: H, Length: 11664, dtype: float64",2022-01-01,2023-05-01 23:00:00,486 days,100.0,56.481405663671445,140.8927017200625,66.28831509230254,-33.71168490769746,-70.17976286600607,27.632030178326474,100.0,59.91175910879084,355 days 14:00:00,64,0.0,32,34.375,32.29954614220879,-24.81203007518797,10.8422471717352,-6.717533175466718,5 days 17:05:27.272727272,3 days 09:40:00,0.7553083415241018,-1.0534901533655452,-0.20201066545176197,-0.44342770368110845,0.9864718152790329,-0.31051273143475794,long
1334,"{'window_k': 87, 'window_d': 57, 'window_ma': 102}","open_time
2022-01-01 00:00:00    100.000000
2022-01-01 01:00:00    100.000000
2022-01-01 02:00:00    100.000000
2022-01-01 03:00:00    100.000000
2022-01-01 04:00:00    100.000000
                          ...    
2023-05-01 19:00:00     64.651825
2023-05-01 20:00:00     64.651825
2023-05-01 21:00:00     64.651825
2023-05-01 22:00:00     64.651825
2023-05-01 23:00:00     64.651825
Freq: H, Length: 11664, dtype: float64",2022-01-01,2023-05-01 23:00:00,486 days,100.0,58.55330760904171,158.03645581999572,64.65182457494257,-35.348175425057434,-70.17976286600607,42.849794238683124,100.0,62.94949332720153,194 days 16:00:00,120,0.0,60,30.0,22.785464890728054,-17.65507839127472,9.135107744307081,-4.636256637777665,4 days 16:33:20,2 days 23:54:08.780487804,0.8205968520943266,-0.5891362570842906,-0.09355265506079694,-0.44372543692672317,0.9951427278194372,-0.14091696898172804,long
1320,"{'window_k': 87, 'window_d': 42, 'window_ma': 132}","open_time
2022-01-01 00:00:00    100.000000
2022-01-01 01:00:00    100.000000
2022-01-01 02:00:00    100.000000
2022-01-01 03:00:00    100.000000
2022-01-01 04:00:00    100.000000
                          ...    
2023-05-01 19:00:00     69.331093
2023-05-01 20:00:00     69.331093
2023-05-01 21:00:00     69.331093
2023-05-01 22:00:00     69.331093
2023-05-01 23:00:00     69.331093
Freq: H, Length: 11664, dtype: float64",2022-01-01,2023-05-01 23:00:00,486 days,100.0,54.65464815780314,119.32207131615644,69.33109331230145,-30.66890668769855,-70.17976286600607,43.184156378600825,100.0,54.195692754117665,391 days 18:00:00,136,0.0,68,38.23529411764706,22.196851339983166,-14.600313876373198,7.541254043718129,-5.050476511732821,4 days 03:11:32.307692307,2 days 10:31:25.714285714,0.8251714540386386,-0.4510133336426261,-0.01938293736248783,-0.44374734582924147,0.998975834480115,-0.029759112794649028,long
3798,"{'window_k': 222, 'window_d': 207, 'window_ma': 102}","open_time
2022-01-01 00:00:00    100.000000
2022-01-01 01:00:00    100.000000
2022-01-01 02:00:00    100.000000
2022-01-01 03:00:00    100.000000
2022-01-01 04:00:00    100.000000
                          ...    
2023-05-01 19:00:00     67.198713
2023-05-01 20:00:00     67.198713
2023-05-01 21:00:00     67.198713
2023-05-01 22:00:00     67.198713
2023-05-01 23:00:00     67.198713
Freq: H, Length: 11664, dtype: float64",2022-01-01,2023-05-01 23:00:00,486 days,100.0,49.76060126925383,118.80459770114943,67.19871289759904,-32.80128710240096,-70.17976286600607,27.314814814814813,100.0,58.11559297189355,451 days 16:00:00,38,0.0,19,31.57894736842105,39.53488372093021,-16.91504508780258,11.634617235992389,-7.345694247465646,9 days 12:10:00,5 days 19:46:09.230769230,0.5661601056588506,-1.7263835317053133,-0.3734724454178735,-0.4441215511514365,0.9779440658556713,-0.5184676232286484,long
500,"{'window_k': 27, 'window_d': 237, 'window_ma': 72}","open_time
2022-01-01 00:00:00    100.000000
2022-01-01 01:00:00    100.000000
2022-01-01 02:00:00    100.000000
2022-01-01 03:00:00    100.000000
2022-01-01 04:00:00    100.000000
                          ...    
2023-05-01 19:00:00     63.372381
2023-05-01 20:00:00     63.226844
2023-05-01 21:00:00     63.545207
2023-05-01 22:00:00     63.827185
2023-05-01 23:00:00     63.827185
Freq: H, Length: 11664, dtype: float64",2022-01-01,2023-05-01 23:00:00,486 days,100.0,42.56520424048808,119.69815656170034,63.82718542286034,-36.17281457713966,-70.17976286600607,25.788751714677637,100.0,64.43954905976588,453 days 11:00:00,57,0.0,29,32.142857142857146,34.71090415211486,-22.08173402573943,11.200848898580862,-6.733125141795691,5 days 19:26:40,3 days 17:31:34.736842105,0.6537684943184772,-1.2645979982912356,-0.5047662029498706,-0.44419555395205335,0.970679676375354,-0.6971274867123367,long
2091,"{'window_k': 132, 'window_d': 42, 'window_ma': 177}","open_time
2022-01-01 00:00:00    100.000000
2022-01-01 01:00:00    100.000000
2022-01-01 02:00:00    100.000000
2022-01-01 03:00:00    100.000000
2022-01-01 04:00:00    100.000000
                          ...    
2023-05-01 19:00:00     65.120719
2023-05-01 20:00:00     65.120719
2023-05-01 21:00:00     65.120719
2023-05-01 22:00:00     65.120719
2023-05-01 23:00:00     65.120719
Freq: H, Length: 11664, dtype: float64",2022-01-01,2023-05-01 23:00:00,486 days,100.0,48.38231901180416,127.14288734298347,65.12071945107466,-34.87928054892534,-70.17976286600607,38.57167352537723,100.0,61.946499703686186,355 days 14:00:00,120,0.0,60,28.333333333333332,22.759295499021505,-15.937687237866996,9.725212575609943,-4.432996514466945,4 days 05:10:35.294117647,2 days 16:37:40.465116279,0.7642429569317346,-0.5813213424820893,-0.11013712417298743,-0.4445787509031232,0.9937811255269386,-0.17057236303165596,long
2024,"{'window_k': 117, 'window_d': 222, 'window_ma': 132}","open_time
2022-01-01 00:00:00    100.000000
2022-01-01 01:00:00    100.000000
2022-01-01 02:00:00    100.000000
2022-01-01 03:00:00    100.000000
2022-01-01 04:00:00    100.000000
                          ...    
2023-05-01 19:00:00     63.935069
2023-05-01 20:00:00     63.935069
2023-05-01 21:00:00     63.935069
2023-05-01 22:00:00     63.935069
2023-05-01 23:00:00     63.935069
Freq: H, Length: 11664, dtype: float64",2022-01-01,2023-05-01 23:00:00,486 days,100.0,42.99729592357624,119.97523730912091,63.935069215712716,-36.064930784287284,-70.17976286600607,34.705075445816185,100.0,64.16152458795142,451 days 16:00:00,46,0.0,23,39.130434782608695,43.371378402107105,-24.29978966013506,12.024557796261288,-9.31691616053774,8 days 02:53:20,6 days 19:51:25.714285714,0.6225145672726857,-1.5680404688820566,-0.3463561581427513,-0.44470847023895377,0.9821924561638556,-0.4843357478603989,long
2211,"{'window_k': 132, 'window_d': 162, 'window_ma': 57}","open_time
2022-01-01 00:00:00    100.000000
2022-01-01 01:00:00    100.000000
2022-01-01 02:00:00    100.000000
2022-01-01 03:00:00    100.000000
2022-01-01 04:00:00    100.000000
                          ...    
2023-05-01 19:00:00     62.342871
2023-05-01 20:00:00     62.199698
2023-05-01 21:00:00     62.512889
2023-05-01 22:00:00     62.790287
2023-05-01 23:00:00     62.790287
Freq: H, Length: 11664, dtype: float64",2022-01-01,2023-05-01 23:00:00,486 days,100.0,46.906709549405456,139.21290888938316,62.790286785732796,-37.209713214267204,-70.17976286600607,25.171467764060356,100.0,66.30577586258401,391 days 18:00:00,53,0.0,27,34.61538461538461,28.853383458646615,-26.321913380736913,12.063995701896669,-8.015086503225257,5 days 23:33:19.999999999,3 days 21:52:56.470588235,0.6977405413076134,-1.4297661529547483,-0.49924568839265954,-0.44485384504726205,0.9693241386862017,-0.6841187326072787,long
2579,"{'window_k': 162, 'window_d': 27, 'window_ma': 57}","open_time
2022-01-01 00:00:00    100.000000
2022-01-01 01:00:00    100.000000
2022-01-01 02:00:00    100.000000
2022-01-01 03:00:00    100.000000
2022-01-01 04:00:00    100.000000
                          ...    
2023-05-01 19:00:00     62.663344
2023-05-01 20:00:00     62.663344
2023-05-01 21:00:00     62.663344
2023-05-01 22:00:00     62.663344
2023-05-01 23:00:00     62.663344
Freq: H, Length: 11664, dtype: float64",2022-01-01,2023-05-01 23:00:00,486 days,100.0,35.29955928516113,105.49295897451046,62.6633444279027,-37.3366555720973,-70.17976286600607,36.18827160493827,100.0,66.53846889090454,469 days 22:00:00,198,0.0,99,34.34343434343434,24.304620906235982,-14.461569764484475,6.337725732670092,-3.7062900579884017,2 days 21:24:42.352941176,1 days 04:37:50.769230769,0.7593183463311414,-0.37713793507169147,-0.18616787964378465,-0.44490736973762546,0.9891105407763983,-0.2872255653255075,long
1274,"{'window_k': 72, 'window_d': 237, 'window_ma': 162}","open_time
2022-01-01 00:00:00    100.000000
2022-01-01 01:00:00    100.000000
2022-01-01 02:00:00    100.000000
2022-01-01 03:00:00    100.000000
2022-01-01 04:00:00    100.000000
                          ...    
2023-05-01 19:00:00     63.887734
2023-05-01 20:00:00     63.887734
2023-05-01 21:00:00     63.887734
2023-05-01 22:00:00     63.887734
2023-05-01 23:00:00     63.887734
Freq: H, Length: 11664, dtype: float64",2022-01-01,2023-05-01 23:00:00,486 days,100.0,44.611468636655715,124.61691435967872,63.887734071601116,-36.112265928398884,-70.17976286600607,35.21947873799726,100.0,64.20111277358808,430 days 01:00:00,48,0.0,24,37.5,39.2762186115214,-26.827921360724545,11.849822435626683,-8.674456358166314,9 days 06:26:40,5 days 20:24:00,0.630029402641528,-1.5046777470166202,-0.36123740326920023,-0.4450532684715,0.9817099787182467,-0.5039583255291906,long
1461,"{'window_k': 87, 'window_d': 177, 'window_ma': 87}","open_time
2022-01-01 00:00:00    100.000000
2022-01-01 01:00:00    100.000000
2022-01-01 02:00:00    100.000000
2022-01-01 03:00:00    100.000000
2022-01-01 04:00:00    100.000000
                          ...    
2023-05-01 19:00:00     58.591223
2023-05-01 20:00:00     58.591223
2023-05-01 21:00:00     58.591223
2023-05-01 22:00:00     58.591223
2023-05-01 23:00:00     58.591223
Freq: H, Length: 11664, dtype: float64",2022-01-01,2023-05-01 23:00:00,486 days,100.0,36.30954411404571,141.1335248465023,58.591222789213305,-41.408777210786695,-70.17976286600607,36.25685871056241,100.0,74.2729134317759,391 days 18:00:00,56,0.0,28,32.142857142857146,30.027976375505133,-34.20814479638009,16.773545174779056,-9.087754823628053,9 days 05:33:20,4 days 21:37:53.684210526,0.7033980883356545,-1.4788849003852382,-0.411851892569505,-0.44521921491745425,0.9791251610784139,-0.5635330667763984,long
761,"{'window_k': 42, 'window_d': 237, 'window_ma': 147}","open_time
2022-01-01 00:00:00    100.000000
2022-01-01 01:00:00    100.000000
2022-01-01 02:00:00    100.000000
2022-01-01 03:00:00    100.000000
2022-01-01 04:00:00    100.000000
                          ...    
2023-05-01 19:00:00     60.069499
2023-05-01 20:00:00     59.931547
2023-05-01 21:00:00     60.233317
2023-05-01 22:00:00     60.500599
2023-05-01 23:00:00     60.500599
Freq: H, Length: 11664, dtype: float64",2022-01-01,2023-05-01 23:00:00,486 days,100.0,38.43155611822905,130.54680050929352,60.50059931432039,-39.49940068567961,-70.17976286600607,33.101851851851855,100.0,70.56108922754247,391 days 18:00:00,53,0.0,27,34.61538461538461,29.89202500473575,-22.28494016708061,11.791193220113266,-8.1658501911669,9 days 08:00:00,4 days 12:07:03.529411764,0.6392893474288319,-1.524181951530506,-0.4671675593168321,-0.44551671350519045,0.9760432647200488,-0.6508002742332731,long
1191,"{'window_k': 72, 'window_d': 162, 'window_ma': 117}","open_time
2022-01-01 00:00:00    100.000000
2022-01-01 01:00:00    100.000000
2022-01-01 02:00:00    100.000000
2022-01-01 03:00:00    100.000000
2022-01-01 04:00:00    100.000000
                          ...    
2023-05-01 19:00:00     61.087619
2023-05-01 20:00:00     60.947329
2023-05-01 21:00:00     61.254214
2023-05-01 22:00:00     61.526026
2023-05-01 23:00:00     61.526026
Freq: H, Length: 11664, dtype: float64",2022-01-01,2023-05-01 23:00:00,486 days,100.0,41.58063715257982,132.21017900775328,61.52602608618605,-38.47397391381395,-70.17976286600607,35.74245541838135,100.0,68.54959469486735,451 days 16:00:00,67,0.0,34,39.39393939393939,34.65427712489751,-20.20006820506992,10.325889910351558,-8.040272127635342,6 days 14:18:27.692307692,4 days 05:57:00,0.715473426978515,-1.1810229634530214,-0.36089986296630144,-0.4458846086484019,0.9816054532136227,-0.5004347339022162,long
2995,"{'window_k': 177, 'window_d': 177, 'window_ma': 57}","open_time
2022-01-01 00:00:00    100.000000
2022-01-01 01:00:00    100.000000
2022-01-01 02:00:00    100.000000
2022-01-01 03:00:00    100.000000
2022-01-01 04:00:00    100.000000
                          ...    
2023-05-01 19:00:00     66.606472
2023-05-01 20:00:00     66.453508
2023-05-01 21:00:00     66.788117
2023-05-01 22:00:00     67.084486
2023-05-01 23:00:00     67.084486
Freq: H, Length: 11664, dtype: float64",2022-01-01,2023-05-01 23:00:00,486 days,100.0,50.89462028341061,121.39054181020984,67.08448609017267,-32.915513909827325,-70.17976286600607,24.871399176954732,100.0,58.07365258902733,451 days 16:00:00,47,0.0,24,34.78260869565217,31.34700134125311,-14.504051697610015,8.383416433555434,-6.554582735741516,6 days 01:00:00,4 days 18:48:00,0.5854919902244347,-1.496368604329954,-0.48774380274642004,-0.4460735391159828,0.9704193614615209,-0.6791420570262349,long
305,"{'window_k': 27, 'window_d': 57, 'window_ma': 27}","open_time
2022-01-01 00:00:00    100.000000
2022-01-01 01:00:00    100.000000
2022-01-01 02:00:00    100.000000
2022-01-01 03:00:00    100.000000
2022-01-01 04:00:00    100.000000
                          ...    
2023-05-01 19:00:00     73.619373
2023-05-01 20:00:00     73.619373
2023-05-01 21:00:00     73.619373
2023-05-01 22:00:00     73.619373
2023-05-01 23:00:00     73.619373
Freq: H, Length: 11664, dtype: float64",2022-01-01,2023-05-01 23:00:00,486 days,100.0,70.84376532828401,131.16699355743728,73.61937332499375,-26.38062667500625,-70.17976286600607,29.595336076817556,100.0,45.989640071103764,430 days 01:00:00,166,0.0,83,31.32530120481928,23.31215919950529,-11.3126188966392,5.439390735708728,-2.7974877527426876,2 days 15:00:00,1 days 07:49:28.421052631,0.8316613152947159,-0.31783887560248436,-0.22286520098697044,-0.4467866754511681,0.9875416634519135,-0.31376376333534145,long
2287,"{'window_k': 132, 'window_d': 222, 'window_ma': 237}","open_time
2022-01-01 00:00:00    100.000000
2022-01-01 01:00:00    100.000000
2022-01-01 02:00:00    100.000000
2022-01-01 03:00:00    100.000000
2022-01-01 04:00:00    100.000000
                          ...    
2023-05-01 19:00:00     67.118545
2023-05-01 20:00:00     67.118545
2023-05-01 21:00:00     67.118545
2023-05-01 22:00:00     67.118545
2023-05-01 23:00:00     67.118545
Freq: H, Length: 11664, dtype: float64",2022-01-01,2023-05-01 23:00:00,486 days,100.0,50.704453604509624,120.12396694214875,67.11854498334044,-32.88145501665956,-70.17976286600607,35.73388203017833,100.0,57.78989414416468,451 days 16:00:00,42,0.0,21,38.095238095238095,43.62237348327909,-22.865444792132312,11.165127394723026,-8.565033519513692,10 days 21:00:00,6 days 16:00:00,0.6265913453967088,-1.5657835722218847,-0.26892746342915436,-0.44777498983100483,0.9862509284229637,-0.37759124263713434,long
491,"{'window_k': 27, 'window_d': 222, 'window_ma': 177}","open_time
2022-01-01 00:00:00    100.000000
2022-01-01 01:00:00    100.000000
2022-01-01 02:00:00    100.000000
2022-01-01 03:00:00    100.000000
2022-01-01 04:00:00    100.000000
                          ...    
2023-05-01 19:00:00     63.309501
2023-05-01 20:00:00     63.164109
2023-05-01 21:00:00     63.482155
2023-05-01 22:00:00     63.763854
2023-05-01 23:00:00     63.763854
Freq: H, Length: 11664, dtype: float64",2022-01-01,2023-05-01 23:00:00,486 days,100.0,44.17447187172809,122.84612540277851,63.763854155929344,-36.236145844070656,-70.17976286600607,32.07304526748971,100.0,64.04080981236308,451 days 16:00:00,63,0.0,32,29.03225806451613,35.277941465331,-16.789623988576864,13.03400279461867,-6.48592799322176,7 days 13:00:00,3 days 21:21:49.090909090,0.6644095200027267,-1.1445780776312895,-0.3856649631983193,-0.447791915173819,0.9799134354495616,-0.5292557123557974,long
247,"{'window_k': 12, 'window_d': 237, 'window_ma': 117}","open_time
2022-01-01 00:00:00    100.000000
2022-01-01 01:00:00    100.000000
2022-01-01 02:00:00    100.000000
2022-01-01 03:00:00    100.000000
2022-01-01 04:00:00    100.000000
                          ...    
2023-05-01 19:00:00     64.254119
2023-05-01 20:00:00     64.106556
2023-05-01 21:00:00     64.429349
2023-05-01 22:00:00     64.715251
2023-05-01 23:00:00     64.715251
Freq: H, Length: 11664, dtype: float64",2022-01-01,2023-05-01 23:00:00,486 days,100.0,46.12468500589715,122.14188029908242,64.71525059721701,-35.28474940278299,-70.17976286600607,27.760631001371745,100.0,62.236797982023816,409 days 07:00:00,85,0.0,43,21.428571428571427,32.45920745920748,-17.621558289396592,10.901546220079497,-3.993149895775351,5 days 01:33:20,2 days 14:11:15,0.6599826241444919,-0.8368192817455906,-0.4561701864797219,-0.44795362395663185,0.9742165437837643,-0.6274011031955732,long
3720,"{'window_k': 222, 'window_d': 132, 'window_ma': 132}","open_time
2022-01-01 00:00:00    100.000000
2022-01-01 01:00:00    100.000000
2022-01-01 02:00:00    100.000000
2022-01-01 03:00:00    100.000000
2022-01-01 04:00:00    100.000000
                          ...    
2023-05-01 19:00:00     64.578686
2023-05-01 20:00:00     64.430378
2023-05-01 21:00:00     64.754801
2023-05-01 22:00:00     65.042147
2023-05-01 23:00:00     65.042147
Freq: H, Length: 11664, dtype: float64",2022-01-01,2023-05-01 23:00:00,486 days,100.0,47.48234322470556,123.69554810914313,65.04214712150359,-34.95785287849641,-70.17976286600607,37.885802469135804,100.0,61.613539088076664,451 days 16:00:00,53,0.0,27,30.76923076923077,37.68180468981896,-22.236827691970642,15.96805323623887,-8.100887374934313,9 days 14:15:00,5 days 20:43:20,0.6983171694683704,-1.347384872043615,-0.1987686934678942,-0.4480471066388591,0.989459109790696,-0.28411317203768516,long
1019,"{'window_k': 57, 'window_d': 237, 'window_ma': 177}","open_time
2022-01-01 00:00:00    100.000000
2022-01-01 01:00:00    100.000000
2022-01-01 02:00:00    100.000000
2022-01-01 03:00:00    100.000000
2022-01-01 04:00:00    100.000000
                          ...    
2023-05-01 19:00:00     61.345935
2023-05-01 20:00:00     61.345935
2023-05-01 21:00:00     61.654827
2023-05-01 22:00:00     61.928417
2023-05-01 23:00:00     61.928417
Freq: H, Length: 11664, dtype: float64",2022-01-01,2023-05-01 23:00:00,486 days,100.0,41.26990654336267,126.7562080456041,61.928416517811705,-38.071583482188295,-70.17976286600607,33.11899862825789,100.0,67.44151061341731,430 days 01:00:00,51,0.0,26,28.000000000000004,40.419869899467784,-22.7212389380531,15.612391715086806,-7.630363348143364,10 days 04:08:34.285714285,4 days 23:26:40,0.5963028762719083,-1.5461626152754206,-0.41507347706783393,-0.44815770509403247,0.9785246419386783,-0.5786134657013037,long
2351,"{'window_k': 147, 'window_d': 42, 'window_ma': 237}","open_time
2022-01-01 00:00:00    100.000000
2022-01-01 01:00:00    100.000000
2022-01-01 02:00:00    100.000000
2022-01-01 03:00:00    100.000000
2022-01-01 04:00:00    100.000000
                          ...    
2023-05-01 19:00:00     64.114118
2023-05-01 20:00:00     64.114118
2023-05-01 21:00:00     64.114118
2023-05-01 22:00:00     64.114118
2023-05-01 23:00:00     64.114118
Freq: H, Length: 11664, dtype: float64",2022-01-01,2023-05-01 23:00:00,486 days,100.0,46.3972921844756,126.30856958710699,64.11411751114495,-35.885882488855046,-70.17976286600607,38.820301783264746,100.0,63.266710773350695,355 days 14:00:00,120,0.0,60,28.333333333333332,21.85314685314685,-15.937687237866982,9.584206675700942,-4.425480414263295,4 days 13:45:52.941176470,2 days 13:54:25.116279069,0.7531714712586652,-0.598098041480918,-0.11361668537324966,-0.44862320110255816,0.9936430621726137,-0.1755994008851168,long
2427,"{'window_k': 147, 'window_d': 117, 'window_ma': 177}","open_time
2022-01-01 00:00:00    100.000000
2022-01-01 01:00:00    100.000000
2022-01-01 02:00:00    100.000000
2022-01-01 03:00:00    100.000000
2022-01-01 04:00:00    100.000000
                          ...    
2023-05-01 19:00:00     62.812943
2023-05-01 20:00:00     62.668691
2023-05-01 21:00:00     62.984243
2023-05-01 22:00:00     63.263732
2023-05-01 23:00:00     63.263732
Freq: H, Length: 11664, dtype: float64",2022-01-01,2023-05-01 23:00:00,486 days,100.0,49.157488256919976,139.7331309702105,63.263732277719285,-36.736267722280715,-70.17976286600607,40.4320987654321,100.0,64.82044886877989,391 days 18:00:00,67,0.0,34,36.36363636363637,33.75115450587149,-25.053824362606242,10.914119795952953,-7.410400897840108,7 days 14:30:00,4 days 20:14:17.142857142,0.7355737471543552,-1.1328910279850217,-0.21462390012112292,-0.44889387326838176,0.9893355765103282,-0.30476350098303784,long
1746,"{'window_k': 102, 'window_d': 207, 'window_ma': 42}","open_time
2022-01-01 00:00:00    100.000000
2022-01-01 01:00:00    100.000000
2022-01-01 02:00:00    100.000000
2022-01-01 03:00:00    100.000000
2022-01-01 04:00:00    100.000000
                          ...    
2023-05-01 19:00:00     60.897624
2023-05-01 20:00:00     60.757770
2023-05-01 21:00:00     61.063701
2023-05-01 22:00:00     61.334667
2023-05-01 23:00:00     61.334667
Freq: H, Length: 11664, dtype: float64",2022-01-01,2023-05-01 23:00:00,486 days,100.0,40.430861801549554,128.0949548881987,61.33466743124243,-38.66533256875757,-70.17976286600607,26.50034293552812,100.0,68.43680390313762,395 days 04:00:00,49,0.0,25,41.66666666666667,32.1745701870395,-36.755009696186164,11.299077365786587,-9.801175690472922,5 days 14:54:00,5 days 03:12:51.428571428,0.6509789210743111,-1.6529388472612032,-0.4800108892508232,-0.4489903080876831,0.9713105923037929,-0.6515970288761994,long
2583,"{'window_k': 162, 'window_d': 27, 'window_ma': 117}","open_time
2022-01-01 00:00:00    100.000000
2022-01-01 01:00:00    100.000000
2022-01-01 02:00:00    100.000000
2022-01-01 03:00:00    100.000000
2022-01-01 04:00:00    100.000000
                          ...    
2023-05-01 19:00:00     63.965207
2023-05-01 20:00:00     63.965207
2023-05-01 21:00:00     63.965207
2023-05-01 22:00:00     63.965207
2023-05-01 23:00:00     63.965207
Freq: H, Length: 11664, dtype: float64",2022-01-01,2023-05-01 23:00:00,486 days,100.0,38.52724521211553,105.49295897451046,63.965206710909605,-36.034793289090395,-70.17976286600607,38.588820301783265,100.0,63.47884675277275,469 days 22:00:00,198,0.0,99,35.35353535353536,24.30462090623599,-14.461569764484466,6.591817089807832,-3.95036844166172,3 days 00:29:08.571428571,1 days 06:41:15,0.7920940199419231,-0.36398781100091426,-0.14859919440175245,-0.4490925070339874,0.9916107883932422,-0.22872713862091307,long
3323,"{'window_k': 192, 'window_d': 237, 'window_ma': 177}","open_time
2022-01-01 00:00:00    100.000000
2022-01-01 01:00:00    100.000000
2022-01-01 02:00:00    100.000000
2022-01-01 03:00:00    100.000000
2022-01-01 04:00:00    100.000000
                          ...    
2023-05-01 19:00:00     68.235646
2023-05-01 20:00:00     68.235646
2023-05-01 21:00:00     68.235646
2023-05-01 22:00:00     68.235646
2023-05-01 23:00:00     68.235646
Freq: H, Length: 11664, dtype: float64",2022-01-01,2023-05-01 23:00:00,486 days,100.0,57.93384986766698,130.3499478019886,68.23564629139864,-31.764353708601362,-70.17976286600607,36.994170096021946,100.0,55.555141490602765,349 days 17:00:00,36,0.0,18,33.33333333333333,41.086289969338594,-21.936441201929032,13.656246973887345,-8.582944059942466,12 days 07:00:00,8 days 20:05:00,0.6371601295734642,-1.7646863171445202,-0.24624255161145672,-0.44914373714046824,0.9874408225803596,-0.3435993725758202,long
1185,"{'window_k': 72, 'window_d': 162, 'window_ma': 27}","open_time
2022-01-01 00:00:00    100.000000
2022-01-01 01:00:00    100.000000
2022-01-01 02:00:00    100.000000
2022-01-01 03:00:00    100.000000
2022-01-01 04:00:00    100.000000
                          ...    
2023-05-01 19:00:00     65.256213
2023-05-01 20:00:00     65.106349
2023-05-01 21:00:00     65.434176
2023-05-01 22:00:00     65.724536
2023-05-01 23:00:00     65.724536
Freq: H, Length: 11664, dtype: float64",2022-01-01,2023-05-01 23:00:00,486 days,100.0,49.719898924622214,124.88647659276377,65.72453633807615,-34.27546366192385,-70.17976286600607,25.462962962962965,100.0,60.187924040205395,451 days 16:00:00,67,0.0,34,39.39393939393939,24.960674157303387,-16.30898513251453,7.474528097934881,-6.358981706305465,3 days 09:50:46.153846153,3 days 19:42:00,0.6672359522029004,-1.0548288662036787,-0.441495685247479,-0.44919451926465453,0.9736312015691412,-0.6105557266573024,long
1692,"{'window_k': 102, 'window_d': 147, 'window_ma': 192}","open_time
2022-01-01 00:00:00    100.000000
2022-01-01 01:00:00    100.000000
2022-01-01 02:00:00    100.000000
2022-01-01 03:00:00    100.000000
2022-01-01 04:00:00    100.000000
                          ...    
2023-05-01 19:00:00     63.988350
2023-05-01 20:00:00     63.841398
2023-05-01 21:00:00     64.162855
2023-05-01 22:00:00     64.447574
2023-05-01 23:00:00     64.447574
Freq: H, Length: 11664, dtype: float64",2022-01-01,2023-05-01 23:00:00,486 days,100.0,48.13408854067263,128.54094919230357,64.44757441496299,-35.552425585037014,-70.17976286600607,41.255144032921805,100.0,62.5534984430046,451 days 16:00:00,65,0.0,33,28.125,39.80155917788801,-18.83506805444355,13.608160018534601,-6.353798523321612,8 days 17:06:40,5 days 04:13:02.608695652,0.7024569233683929,-1.120484806033108,-0.24290366422041576,-0.44926906890796553,0.9885021919651333,-0.34006325426175305,long
1350,"{'window_k': 87, 'window_d': 72, 'window_ma': 102}","open_time
2022-01-01 00:00:00    100.000000
2022-01-01 01:00:00    100.000000
2022-01-01 02:00:00    100.000000
2022-01-01 03:00:00    100.000000
2022-01-01 04:00:00    100.000000
                          ...    
2023-05-01 19:00:00     66.740455
2023-05-01 20:00:00     66.740455
2023-05-01 21:00:00     66.740455
2023-05-01 22:00:00     66.740455
2023-05-01 23:00:00     66.740455
Freq: H, Length: 11664, dtype: float64",2022-01-01,2023-05-01 23:00:00,486 days,100.0,57.29555209192329,137.23851336696666,66.74045476992495,-33.25954523007505,-70.17976286600607,41.86385459533607,100.0,58.251112835419015,275 days 07:00:00,112,0.0,56,37.5,25.389863547758303,-17.183166525985765,8.896010863440578,-5.87770145572668,4 days 23:02:51.428571428,2 days 20:05:08.571428571,0.8332651786551584,-0.5939204505370537,-0.08260635187486545,-0.4496168256124455,0.9956143199271343,-0.12442866059940644,long
786,"{'window_k': 57, 'window_d': 27, 'window_ma': 42}","open_time
2022-01-01 00:00:00    100.000000
2022-01-01 01:00:00    100.000000
2022-01-01 02:00:00    100.000000
2022-01-01 03:00:00    100.000000
2022-01-01 04:00:00    100.000000
                          ...    
2023-05-01 19:00:00     56.528732
2023-05-01 20:00:00     56.528732
2023-05-01 21:00:00     56.528732
2023-05-01 22:00:00     56.528732
2023-05-01 23:00:00     56.528732
Freq: H, Length: 11664, dtype: float64",2022-01-01,2023-05-01 23:00:00,486 days,100.0,22.936868505439527,101.8232648596086,56.52873224595125,-43.47126775404875,-70.17976286600607,37.525720164609055,100.0,77.47384299937316,481 days 09:00:00,234,0.0,117,39.31623931623932,28.803545051698663,-14.919252771730868,5.137718696337065,-3.8103200567206668,1 days 23:15:39.130434782,1 days 07:01:41.408450704,0.6732848098509432,-0.3715492970431509,-0.2622117709705055,-0.44976602349644124,0.9851463680513871,-0.40586771962968615,long
725,"{'window_k': 42, 'window_d': 207, 'window_ma': 87}","open_time
2022-01-01 00:00:00    100.000000
2022-01-01 01:00:00    100.000000
2022-01-01 02:00:00    100.000000
2022-01-01 03:00:00    100.000000
2022-01-01 04:00:00    100.000000
                          ...    
2023-05-01 19:00:00     64.347499
2023-05-01 20:00:00     64.347499
2023-05-01 21:00:00     64.347499
2023-05-01 22:00:00     64.347499
2023-05-01 23:00:00     64.347499
Freq: H, Length: 11664, dtype: float64",2022-01-01,2023-05-01 23:00:00,486 days,100.0,43.70689697674885,116.94095964897163,64.34749926526888,-35.65250073473112,-70.17976286600607,36.14540466392318,100.0,62.62481759347081,451 days 16:00:00,62,0.0,31,32.25806451612903,31.260728590501643,-31.7934294775896,14.00746452589441,-7.575592609431268,8 days 18:54:00,4 days 04:20:00,0.7086440229189487,-1.150080668862294,-0.32492763614933295,-0.4500965559394873,0.9835033630395039,-0.4390714991284911,long
2815,"{'window_k': 162, 'window_d': 237, 'window_ma': 237}","open_time
2022-01-01 00:00:00    100.000000
2022-01-01 01:00:00    100.000000
2022-01-01 02:00:00    100.000000
2022-01-01 03:00:00    100.000000
2022-01-01 04:00:00    100.000000
                          ...    
2023-05-01 19:00:00     69.919205
2023-05-01 20:00:00     69.919205
2023-05-01 21:00:00     69.919205
2023-05-01 22:00:00     69.919205
2023-05-01 23:00:00     69.919205
Freq: H, Length: 11664, dtype: float64",2022-01-01,2023-05-01 23:00:00,486 days,100.0,62.41694841320158,130.9144480849537,69.91920469301607,-30.08079530698393,-70.17976286600607,34.07064471879287,100.0,52.322337735635074,349 days 17:00:00,36,0.0,18,38.88888888888889,41.81765049678551,-22.041175822965986,11.730603306933274,-9.189137932001296,11 days 20:08:34.285714285,7 days 12:27:16.363636363,0.6605722544761973,-1.6711552948324413,-0.23557024632800969,-0.45039736561747673,0.9874936776051457,-0.3300883308790937,long
457,"{'window_k': 27, 'window_d': 192, 'window_ma': 147}","open_time
2022-01-01 00:00:00    100.000000
2022-01-01 01:00:00    100.000000
2022-01-01 02:00:00    100.000000
2022-01-01 03:00:00    100.000000
2022-01-01 04:00:00    100.000000
                          ...    
2023-05-01 19:00:00     62.487191
2023-05-01 20:00:00     62.343686
2023-05-01 21:00:00     62.657602
2023-05-01 22:00:00     62.935642
2023-05-01 23:00:00     62.935642
Freq: H, Length: 11664, dtype: float64",2022-01-01,2023-05-01 23:00:00,486 days,100.0,45.22225502107843,130.00519297550719,62.93564190031516,-37.06435809968484,-70.17976286600607,34.96227709190672,100.0,65.21503950261567,451 days 16:00:00,75,0.0,38,27.027027027027028,35.29865125240848,-12.953060011883544,14.046355224804447,-6.144140872938152,8 days 16:18:00,2 days 23:26:40,0.742551406255447,-0.998345723316286,-0.37935048192607,-0.45041509958014603,0.9808996625452496,-0.5315220670587509,long
3384,"{'window_k': 207, 'window_d': 57, 'window_ma': 132}","open_time
2022-01-01 00:00:00    100.000000
2022-01-01 01:00:00    100.000000
2022-01-01 02:00:00    100.000000
2022-01-01 03:00:00    100.000000
2022-01-01 04:00:00    100.000000
                          ...    
2023-05-01 19:00:00     70.004370
2023-05-01 20:00:00     69.843602
2023-05-01 21:00:00     70.195282
2023-05-01 22:00:00     70.506770
2023-05-01 23:00:00     70.506770
Freq: H, Length: 11664, dtype: float64",2022-01-01,2023-05-01 23:00:00,486 days,100.0,58.37204586989881,119.73529715476936,70.50676976514731,-29.493230234852692,-70.17976286600607,36.51406035665295,100.0,51.249090905543625,355 days 14:00:00,95,0.0,48,36.17021276595745,20.77538527627127,-16.95726495726495,8.072623335673807,-5.260380039115331,4 days 12:14:07.058823529,3 days 04:42:00,0.7791915242503187,-0.6337153626334544,-0.048116507887758925,-0.45042652856520077,0.9972072912009566,-0.07334943234732959,long
61,"{'window_k': 12, 'window_d': 57, 'window_ma': 207}","open_time
2022-01-01 00:00:00    100.000000
2022-01-01 01:00:00    100.000000
2022-01-01 02:00:00    100.000000
2022-01-01 03:00:00    100.000000
2022-01-01 04:00:00    100.000000
                          ...    
2023-05-01 19:00:00     64.460428
2023-05-01 20:00:00     64.460428
2023-05-01 21:00:00     64.460428
2023-05-01 22:00:00     64.460428
2023-05-01 23:00:00     64.460428
Freq: H, Length: 11664, dtype: float64",2022-01-01,2023-05-01 23:00:00,486 days,100.0,37.90207980307598,100.54757622080692,64.4604276625139,-35.539572337486106,-70.17976286600607,35.78532235939643,100.0,62.304332707293376,481 days 09:00:00,252,0.0,126,32.53968253968254,21.481973749792317,-11.256530687635244,5.5794631273665205,-2.973995470673231,2 days 03:26:20.487804878,1 days 00:17:38.823529411,0.7952396779570868,-0.2820600979165566,-0.11855518787631289,-0.4508929338356715,0.9928294668069887,-0.18860368225024662,long
1214,"{'window_k': 72, 'window_d': 177, 'window_ma': 222}","open_time
2022-01-01 00:00:00    100.000000
2022-01-01 01:00:00    100.000000
2022-01-01 02:00:00    100.000000
2022-01-01 03:00:00    100.000000
2022-01-01 04:00:00    100.000000
                          ...    
2023-05-01 19:00:00     57.769297
2023-05-01 20:00:00     57.636627
2023-05-01 21:00:00     57.926842
2023-05-01 22:00:00     58.183889
2023-05-01 23:00:00     58.183889
Freq: H, Length: 11664, dtype: float64",2022-01-01,2023-05-01 23:00:00,486 days,100.0,35.54765175539177,137.02737068612035,58.18388888401214,-41.81611111598786,-70.17976286600607,39.11179698216735,100.0,74.057991788503,391 days 18:00:00,57,0.0,29,32.142857142857146,48.690707765973364,-29.68258311670543,18.039952810507685,-9.506285239237187,10 days 16:06:39.999999999,4 days 19:41:03.157894736,0.6980190726444092,-1.4661879004232463,-0.37413654030158955,-0.45123424136348234,0.9817995183774229,-0.5186621962094627,long
1078,"{'window_k': 72, 'window_d': 57, 'window_ma': 102}","open_time
2022-01-01 00:00:00    100.000000
2022-01-01 01:00:00    100.000000
2022-01-01 02:00:00    100.000000
2022-01-01 03:00:00    100.000000
2022-01-01 04:00:00    100.000000
                          ...    
2023-05-01 19:00:00     63.600833
2023-05-01 20:00:00     63.600833
2023-05-01 21:00:00     63.600833
2023-05-01 22:00:00     63.600833
2023-05-01 23:00:00     63.600833
Freq: H, Length: 11664, dtype: float64",2022-01-01,2023-05-01 23:00:00,486 days,100.0,53.544504158379354,148.07656097614066,63.600833206744355,-36.399166793255645,-70.17976286600607,42.56687242798354,100.0,63.83998668971864,391 days 18:00:00,130,0.0,65,35.38461538461539,22.99802761341223,-18.94652283681433,7.043290263378968,-4.53546901738305,3 days 23:46:57.391304347,2 days 17:45:42.857142857,0.7886463438731839,-0.5599871814347028,-0.11251581420576882,-0.4513464034476035,0.993987371688839,-0.17300687179774857,long
352,"{'window_k': 27, 'window_d': 102, 'window_ma': 12}","open_time
2022-01-01 00:00:00    100.000000
2022-01-01 01:00:00    100.000000
2022-01-01 02:00:00    100.000000
2022-01-01 03:00:00    100.000000
2022-01-01 04:00:00    100.000000
                          ...    
2023-05-01 19:00:00     68.467846
2023-05-01 20:00:00     68.467846
2023-05-01 21:00:00     68.467846
2023-05-01 22:00:00     68.467846
2023-05-01 23:00:00     68.467846
Freq: H, Length: 11664, dtype: float64",2022-01-01,2023-05-01 23:00:00,486 days,100.0,60.15441318005588,133.10094118381295,68.46784585597544,-31.53215414402456,-70.17976286600607,15.466392318244171,100.0,54.80541862060736,353 days 18:00:00,110,0.0,55,40.0,17.197153358880108,-21.57855066221601,5.308097291984724,-4.283747077647612,1 days 08:00:00,1 days 09:20:00,0.7769484806095123,-0.5733118935277186,-0.346754820291367,-0.45178975874397537,0.9665169621962564,-0.5616718584935326,long
2362,"{'window_k': 147, 'window_d': 57, 'window_ma': 162}","open_time
2022-01-01 00:00:00    100.000000
2022-01-01 01:00:00    100.000000
2022-01-01 02:00:00    100.000000
2022-01-01 03:00:00    100.000000
2022-01-01 04:00:00    100.000000
                          ...    
2023-05-01 19:00:00     70.317875
2023-05-01 20:00:00     70.156387
2023-05-01 21:00:00     70.509642
2023-05-01 22:00:00     70.822525
2023-05-01 23:00:00     70.822525
Freq: H, Length: 11664, dtype: float64",2022-01-01,2023-05-01 23:00:00,486 days,100.0,62.65862868825408,126.63342604175936,70.82252492198118,-29.177475078018816,-70.17976286600607,37.49142661179698,100.0,50.519676639253674,355 days 14:00:00,95,0.0,48,36.17021276595745,24.051876596580854,-20.093245394587203,8.610242852881504,-5.403048039584923,4 days 15:35:17.647058823,3 days 06:08:00,0.8161402417760968,-0.5879414319309486,-0.04412783893616052,-0.45181199689647367,0.9974447433324324,-0.06740212085946541,long
1322,"{'window_k': 87, 'window_d': 42, 'window_ma': 162}","open_time
2022-01-01 00:00:00    100.000000
2022-01-01 01:00:00    100.000000
2022-01-01 02:00:00    100.000000
2022-01-01 03:00:00    100.000000
2022-01-01 04:00:00    100.000000
                          ...    
2023-05-01 19:00:00     68.951445
2023-05-01 20:00:00     68.951445
2023-05-01 21:00:00     68.951445
2023-05-01 22:00:00     68.951445
2023-05-01 23:00:00     68.951445
Freq: H, Length: 11664, dtype: float64",2022-01-01,2023-05-01 23:00:00,486 days,100.0,54.9836120845089,119.32207131615644,68.95144476726965,-31.04855523273035,-70.17976286600607,43.295610425240056,100.0,53.91999864063371,391 days 18:00:00,136,0.0,68,39.705882352941174,22.196851339983166,-14.600313876373198,7.284287411151874,-5.200436401400569,3 days 23:55:33.333333333,2 days 12:00:00,0.8239196470531368,-0.45659640048132877,-0.025063874269301928,-0.4518130502344853,0.9986772593133781,-0.03846528695578263,long
3070,"{'window_k': 177, 'window_d': 237, 'window_ma': 222}","open_time
2022-01-01 00:00:00    100.00000
2022-01-01 01:00:00    100.00000
2022-01-01 02:00:00    100.00000
2022-01-01 03:00:00    100.00000
2022-01-01 04:00:00    100.00000
                         ...    
2023-05-01 19:00:00     67.82536
2023-05-01 20:00:00     67.82536
2023-05-01 21:00:00     67.82536
2023-05-01 22:00:00     67.82536
2023-05-01 23:00:00     67.82536
Freq: H, Length: 11664, dtype: float64",2022-01-01,2023-05-01 23:00:00,486 days,100.0,52.969026872047955,120.29511421560898,67.82536003819794,-32.17463996180206,-70.17976286600607,33.401920438957475,100.0,55.96743291077493,424 days 03:00:00,36,0.0,18,38.88888888888889,42.99636363636365,-19.446962828649138,12.74915572010913,-9.996553722332035,10 days 22:34:17.142857142,7 days 19:05:27.272727272,0.6423049564368031,-1.7874799978778917,-0.2653074730922803,-0.45189488963595514,0.9859942423176938,-0.3705168736566986,long
3943,"{'window_k': 237, 'window_d': 102, 'window_ma': 117}","open_time
2022-01-01 00:00:00    100.000000
2022-01-01 01:00:00    100.000000
2022-01-01 02:00:00    100.000000
2022-01-01 03:00:00    100.000000
2022-01-01 04:00:00    100.000000
                          ...    
2023-05-01 19:00:00     62.773677
2023-05-01 20:00:00     62.629514
2023-05-01 21:00:00     62.944870
2023-05-01 22:00:00     63.224184
2023-05-01 23:00:00     63.224184
Freq: H, Length: 11664, dtype: float64",2022-01-01,2023-05-01 23:00:00,486 days,100.0,51.579156442602084,144.93312970101724,63.22418398949194,-36.77581601050806,-70.17976286600607,35.459533607681756,100.0,64.41175558065653,309 days 12:00:00,63,0.0,32,32.25806451612903,30.91916682591248,-25.375982042648715,13.724271563342622,-7.585163668198342,7 days 17:36:00,4 days 09:34:17.142857142,0.7522389788377638,-1.1819568981592763,-0.18986124075006602,-0.4522589540025657,0.9888251578713669,-0.28838804016419683,long
2475,"{'window_k': 147, 'window_d': 162, 'window_ma': 177}","open_time
2022-01-01 00:00:00    100.000000
2022-01-01 01:00:00    100.000000
2022-01-01 02:00:00    100.000000
2022-01-01 03:00:00    100.000000
2022-01-01 04:00:00    100.000000
                          ...    
2023-05-01 19:00:00     62.983492
2023-05-01 20:00:00     62.838848
2023-05-01 21:00:00     63.155257
2023-05-01 22:00:00     63.435505
2023-05-01 23:00:00     63.435505
Freq: H, Length: 11664, dtype: float64",2022-01-01,2023-05-01 23:00:00,486 days,100.0,47.17064737540786,131.08181565835554,63.435504956271956,-36.564495043728044,-70.17976286600607,38.365912208504795,100.0,64.01434696453178,391 days 18:00:00,51,0.0,26,32.0,39.16592460670824,-20.9652076318743,14.320385795998881,-8.663600440661163,9 days 22:00:00,6 days 13:26:15,0.6863953717958831,-1.4549859832849252,-0.3106244120401896,-0.45228873663881075,0.9847202891882886,-0.4382981226377722,long
2285,"{'window_k': 132, 'window_d': 222, 'window_ma': 207}","open_time
2022-01-01 00:00:00    100.000000
2022-01-01 01:00:00    100.000000
2022-01-01 02:00:00    100.000000
2022-01-01 03:00:00    100.000000
2022-01-01 04:00:00    100.000000
                          ...    
2023-05-01 19:00:00     66.374502
2023-05-01 20:00:00     66.374502
2023-05-01 21:00:00     66.374502
2023-05-01 22:00:00     66.374502
2023-05-01 23:00:00     66.374502
Freq: H, Length: 11664, dtype: float64",2022-01-01,2023-05-01 23:00:00,486 days,100.0,49.764569770972734,120.12396694214875,66.37450200299168,-33.625497997008324,-70.17976286600607,36.06824417009602,100.0,58.57232237848159,451 days 16:00:00,42,0.0,21,38.095238095238095,43.622373483279084,-22.86544479213232,11.313979529185653,-8.718447814904563,10 days 13:22:30,6 days 23:41:32.307692307,0.6222230650583727,-1.6012141903337298,-0.276101209873152,-0.45234401467959195,0.985940580446997,-0.38627592065466704,long
2536,"{'window_k': 147, 'window_d': 222, 'window_ma': 132}","open_time
2022-01-01 00:00:00    100.000000
2022-01-01 01:00:00    100.000000
2022-01-01 02:00:00    100.000000
2022-01-01 03:00:00    100.000000
2022-01-01 04:00:00    100.000000
                          ...    
2023-05-01 19:00:00     69.041414
2023-05-01 20:00:00     69.041414
2023-05-01 21:00:00     69.041414
2023-05-01 22:00:00     69.041414
2023-05-01 23:00:00     69.041414
Freq: H, Length: 11664, dtype: float64",2022-01-01,2023-05-01 23:00:00,486 days,100.0,55.53927914883454,119.8639315534481,69.04141416877711,-30.95858583122289,-70.17976286600607,32.07304526748971,100.0,53.66472763821433,451 days 16:00:00,40,0.0,20,30.0,44.09251620506779,-22.908277404921694,16.450830381263415,-8.21907332051012,10 days 02:10:00,6 days 19:25:42.857142857,0.6795389346347468,-1.5479292915611444,-0.28314746891185044,-0.4525812345658518,0.984633234679698,-0.3945396274126705,long
2423,"{'window_k': 147, 'window_d': 117, 'window_ma': 117}","open_time
2022-01-01 00:00:00    100.000000
2022-01-01 01:00:00    100.000000
2022-01-01 02:00:00    100.000000
2022-01-01 03:00:00    100.000000
2022-01-01 04:00:00    100.000000
                          ...    
2023-05-01 19:00:00     64.215094
2023-05-01 20:00:00     64.067622
2023-05-01 21:00:00     64.390218
2023-05-01 22:00:00     64.675946
2023-05-01 23:00:00     64.675946
Freq: H, Length: 11664, dtype: float64",2022-01-01,2023-05-01 23:00:00,486 days,100.0,52.89289677021613,137.91550076269536,64.67594599449265,-35.32405400550735,-70.17976286600607,38.04012345679013,100.0,61.64833069690518,309 days 12:00:00,67,0.0,34,36.36363636363637,33.75115450587149,-25.053824362606225,10.536758724456368,-7.103715099944992,6 days 19:35:00,4 days 17:45:42.857142857,0.7480798504107496,-1.0905357770447046,-0.21862619341714923,-0.45276324907893295,0.9886903506040013,-0.31137257331524815,long
2283,"{'window_k': 132, 'window_d': 222, 'window_ma': 177}","open_time
2022-01-01 00:00:00    100.000000
2022-01-01 01:00:00    100.000000
2022-01-01 02:00:00    100.000000
2022-01-01 03:00:00    100.000000
2022-01-01 04:00:00    100.000000
                          ...    
2023-05-01 19:00:00     66.209063
2023-05-01 20:00:00     66.209063
2023-05-01 21:00:00     66.209063
2023-05-01 22:00:00     66.209063
2023-05-01 23:00:00     66.209063
Freq: H, Length: 11664, dtype: float64",2022-01-01,2023-05-01 23:00:00,486 days,100.0,49.46797651300162,120.12396694214875,66.20906304344793,-33.79093695655207,-70.17976286600607,35.96536351165981,100.0,58.81922835862954,451 days 16:00:00,42,0.0,21,38.095238095238095,43.62237348327909,-22.865444792132315,11.26124706685657,-8.709223842285198,10 days 17:30:00,6 days 20:13:50.769230769,0.6177762569355064,-1.6090922360262887,-0.28787069146373717,-0.4527852636126585,0.9852880798488894,-0.40260026533767573,long
2364,"{'window_k': 147, 'window_d': 57, 'window_ma': 192}","open_time
2022-01-01 00:00:00    100.000000
2022-01-01 01:00:00    100.000000
2022-01-01 02:00:00    100.000000
2022-01-01 03:00:00    100.000000
2022-01-01 04:00:00    100.000000
                          ...    
2023-05-01 19:00:00     70.250447
2023-05-01 20:00:00     70.089114
2023-05-01 21:00:00     70.442030
2023-05-01 22:00:00     70.754613
2023-05-01 23:00:00     70.754613
Freq: H, Length: 11664, dtype: float64",2022-01-01,2023-05-01 23:00:00,486 days,100.0,62.65862868825408,126.63342604175936,70.754612911782,-29.245387088217996,-70.17976286600607,37.56858710562414,100.0,50.519676639253674,355 days 14:00:00,95,0.0,48,36.17021276595745,24.051876596580854,-20.093245394587203,8.610242852881504,-5.406136910823118,4 days 15:35:17.647058823,3 days 06:26:00,0.8157424040463139,-0.5894178739854361,-0.045038769950674774,-0.45291226236250665,0.9973947177109664,-0.06878684850145038,long
2366,"{'window_k': 147, 'window_d': 57, 'window_ma': 222}","open_time
2022-01-01 00:00:00    100.000000
2022-01-01 01:00:00    100.000000
2022-01-01 02:00:00    100.000000
2022-01-01 03:00:00    100.000000
2022-01-01 04:00:00    100.000000
                          ...    
2023-05-01 19:00:00     70.250447
2023-05-01 20:00:00     70.089114
2023-05-01 21:00:00     70.442030
2023-05-01 22:00:00     70.754613
2023-05-01 23:00:00     70.754613
Freq: H, Length: 11664, dtype: float64",2022-01-01,2023-05-01 23:00:00,486 days,100.0,62.65862868825408,126.63342604175936,70.754612911782,-29.245387088217996,-70.17976286600607,37.56858710562414,100.0,50.519676639253674,355 days 14:00:00,95,0.0,48,36.17021276595745,24.051876596580854,-20.093245394587203,8.610242852881504,-5.406136910823118,4 days 15:35:17.647058823,3 days 06:26:00,0.8157424040463139,-0.5894178739854361,-0.045038769950674774,-0.45291226236250665,0.9973947177109664,-0.06878684850145038,long
2367,"{'window_k': 147, 'window_d': 57, 'window_ma': 237}","open_time
2022-01-01 00:00:00    100.000000
2022-01-01 01:00:00    100.000000
2022-01-01 02:00:00    100.000000
2022-01-01 03:00:00    100.000000
2022-01-01 04:00:00    100.000000
                          ...    
2023-05-01 19:00:00     70.250447
2023-05-01 20:00:00     70.089114
2023-05-01 21:00:00     70.442030
2023-05-01 22:00:00     70.754613
2023-05-01 23:00:00     70.754613
Freq: H, Length: 11664, dtype: float64",2022-01-01,2023-05-01 23:00:00,486 days,100.0,62.65862868825408,126.63342604175936,70.754612911782,-29.245387088217996,-70.17976286600607,37.56858710562414,100.0,50.519676639253674,355 days 14:00:00,95,0.0,48,36.17021276595745,24.051876596580854,-20.093245394587203,8.610242852881504,-5.406136910823118,4 days 15:35:17.647058823,3 days 06:26:00,0.8157424040463139,-0.5894178739854361,-0.045038769950674774,-0.45291226236250665,0.9973947177109664,-0.06878684850145038,long
2365,"{'window_k': 147, 'window_d': 57, 'window_ma': 207}","open_time
2022-01-01 00:00:00    100.000000
2022-01-01 01:00:00    100.000000
2022-01-01 02:00:00    100.000000
2022-01-01 03:00:00    100.000000
2022-01-01 04:00:00    100.000000
                          ...    
2023-05-01 19:00:00     70.250447
2023-05-01 20:00:00     70.089114
2023-05-01 21:00:00     70.442030
2023-05-01 22:00:00     70.754613
2023-05-01 23:00:00     70.754613
Freq: H, Length: 11664, dtype: float64",2022-01-01,2023-05-01 23:00:00,486 days,100.0,62.65862868825408,126.63342604175936,70.754612911782,-29.245387088217996,-70.17976286600607,37.56858710562414,100.0,50.519676639253674,355 days 14:00:00,95,0.0,48,36.17021276595745,24.051876596580854,-20.093245394587203,8.610242852881504,-5.406136910823118,4 days 15:35:17.647058823,3 days 06:26:00,0.8157424040463139,-0.5894178739854361,-0.045038769950674774,-0.45291226236250665,0.9973947177109664,-0.06878684850145038,long
1255,"{'window_k': 72, 'window_d': 222, 'window_ma': 117}","open_time
2022-01-01 00:00:00    100.000000
2022-01-01 01:00:00    100.000000
2022-01-01 02:00:00    100.000000
2022-01-01 03:00:00    100.000000
2022-01-01 04:00:00    100.000000
                          ...    
2023-05-01 19:00:00     60.163178
2023-05-01 20:00:00     60.025011
2023-05-01 21:00:00     60.327252
2023-05-01 22:00:00     60.594951
2023-05-01 23:00:00     60.594951
Freq: H, Length: 11664, dtype: float64",2022-01-01,2023-05-01 23:00:00,486 days,100.0,43.251201670946074,140.11398588099544,60.5949507944947,-39.4050492055053,-70.17976286600607,30.872770919067214,100.0,69.13141725360586,409 days 07:00:00,49,0.0,25,41.66666666666667,27.577174929840982,-27.28974020255394,8.365776889648107,-8.438093516144022,7 days 20:42:00,5 days 01:38:34.285714285,0.6098791439612937,-1.6476340167197674,-0.5091655315242757,-0.45356882178431446,0.9725650013760466,-0.7015726019185683,long
2429,"{'window_k': 147, 'window_d': 117, 'window_ma': 207}","open_time
2022-01-01 00:00:00    100.000000
2022-01-01 01:00:00    100.000000
2022-01-01 02:00:00    100.000000
2022-01-01 03:00:00    100.000000
2022-01-01 04:00:00    100.000000
                          ...    
2023-05-01 19:00:00     64.938286
2023-05-01 20:00:00     64.789152
2023-05-01 21:00:00     65.115382
2023-05-01 22:00:00     65.404328
2023-05-01 23:00:00     65.404328
Freq: H, Length: 11664, dtype: float64",2022-01-01,2023-05-01 23:00:00,486 days,100.0,50.97446870274418,127.97006548175865,65.40432756324327,-34.59567243675673,-70.17976286600607,39.51474622770919,100.0,60.16688081634977,451 days 16:00:00,67,0.0,34,36.36363636363637,33.751154505871504,-25.053824362606242,10.877402150831378,-7.240468852770553,7 days 18:10:00,4 days 13:02:51.428571428,0.7490052495069501,-1.068690086298104,-0.18350753106928938,-0.4537915606213473,0.9907504520194865,-0.2608648445629928,long
489,"{'window_k': 27, 'window_d': 222, 'window_ma': 147}","open_time
2022-01-01 00:00:00    100.000000
2022-01-01 01:00:00    100.000000
2022-01-01 02:00:00    100.000000
2022-01-01 03:00:00    100.000000
2022-01-01 04:00:00    100.000000
                          ...    
2023-05-01 19:00:00     62.616261
2023-05-01 20:00:00     62.472460
2023-05-01 21:00:00     62.787025
2023-05-01 22:00:00     63.065639
2023-05-01 23:00:00     63.065639
Freq: H, Length: 11664, dtype: float64",2022-01-01,2023-05-01 23:00:00,486 days,100.0,43.69076050437238,122.84612540277851,63.0656386532925,-36.9343613467075,-70.17976286600607,33.290466392318244,100.0,64.43456367783482,451 days 16:00:00,63,0.0,32,32.25806451612903,35.277941465330976,-18.157650695517777,11.999704533835638,-6.950841887992063,7 days 12:12:00,4 days 00:20:00,0.6880157844903951,-1.1673675707458067,-0.38567554545137167,-0.4541709211920177,0.9802258351873258,-0.5320916764594481,long
1213,"{'window_k': 72, 'window_d': 177, 'window_ma': 207}","open_time
2022-01-01 00:00:00    100.000000
2022-01-01 01:00:00    100.000000
2022-01-01 02:00:00    100.000000
2022-01-01 03:00:00    100.000000
2022-01-01 04:00:00    100.000000
                          ...    
2023-05-01 19:00:00     58.306494
2023-05-01 20:00:00     58.172591
2023-05-01 21:00:00     58.465505
2023-05-01 22:00:00     58.724942
2023-05-01 23:00:00     58.724942
Freq: H, Length: 11664, dtype: float64",2022-01-01,2023-05-01 23:00:00,486 days,100.0,35.87821012900877,130.47576301615797,58.72494211060945,-41.27505788939055,-70.17976286600607,38.86316872427983,100.0,72.50201163831044,451 days 16:00:00,57,0.0,29,32.142857142857146,48.690707765973386,-29.68258311670542,18.039952810507685,-9.473360823608907,10 days 16:06:39.999999999,4 days 18:09:28.421052631,0.7027493104626699,-1.4466112224173804,-0.37677689300089173,-0.45451203577158306,0.9815117326336047,-0.5223665487211124,long
3988,"{'window_k': 237, 'window_d': 147, 'window_ma': 72}","open_time
2022-01-01 00:00:00    100.000000
2022-01-01 01:00:00    100.000000
2022-01-01 02:00:00    100.000000
2022-01-01 03:00:00    100.000000
2022-01-01 04:00:00    100.000000
                          ...    
2023-05-01 19:00:00     64.321390
2023-05-01 20:00:00     64.173674
2023-05-01 21:00:00     64.496804
2023-05-01 22:00:00     64.783005
2023-05-01 23:00:00     64.783005
Freq: H, Length: 11664, dtype: float64",2022-01-01,2023-05-01 23:00:00,486 days,100.0,49.693106310555336,127.92250993199103,64.78300495142004,-35.21699504857996,-70.17976286600607,28.823731138545956,100.0,61.15374351474633,349 days 17:00:00,49,0.0,25,41.66666666666667,32.626552053486144,-22.868473231989405,8.169318318611886,-7.961589636572976,6 days 02:36:00,5 days 13:42:51.428571428,0.6282326370751369,-1.4843006654894553,-0.3058917808025641,-0.454959852775377,0.9819375601399979,-0.44381817424999803,long
3747,"{'window_k': 222, 'window_d': 162, 'window_ma': 57}","open_time
2022-01-01 00:00:00    100.000000
2022-01-01 01:00:00    100.000000
2022-01-01 02:00:00    100.000000
2022-01-01 03:00:00    100.000000
2022-01-01 04:00:00    100.000000
                          ...    
2023-05-01 19:00:00     66.446542
2023-05-01 20:00:00     66.293945
2023-05-01 21:00:00     66.627751
2023-05-01 22:00:00     66.923408
2023-05-01 23:00:00     66.923408
Freq: H, Length: 11664, dtype: float64",2022-01-01,2023-05-01 23:00:00,486 days,100.0,51.95755051614806,121.47841559414469,66.92340833173677,-33.076591668263234,-70.17976286600607,24.52846364883402,100.0,57.22898569097536,424 days 03:00:00,47,0.0,24,34.78260869565217,31.54864709268854,-15.233927268938215,8.776962492534068,-6.690929978570705,5 days 03:15:00,5 days 04:00:00,0.6020119563780003,-1.474603315360806,-0.37134491738042913,-0.4549927863510841,0.9753138579507865,-0.5388451254816328,long
2709,"{'window_k': 162, 'window_d': 147, 'window_ma': 87}","open_time
2022-01-01 00:00:00    100.000000
2022-01-01 01:00:00    100.000000
2022-01-01 02:00:00    100.000000
2022-01-01 03:00:00    100.000000
2022-01-01 04:00:00    100.000000
                          ...    
2023-05-01 19:00:00     64.600512
2023-05-01 20:00:00     64.600512
2023-05-01 21:00:00     64.600512
2023-05-01 22:00:00     64.600512
2023-05-01 23:00:00     64.600512
Freq: H, Length: 11664, dtype: float64",2022-01-01,2023-05-01 23:00:00,486 days,100.0,51.03983652569958,132.49435700500052,64.6005115290999,-35.399488470900096,-70.17976286600607,35.94821673525377,100.0,61.47772804861926,391 days 18:00:00,56,0.0,28,28.57142857142857,30.513938934193074,-14.22001803426512,14.832441306753259,-7.13709221471711,8 days 19:22:30,5 days 05:06:00,0.727328077537371,-1.2642674453892893,-0.31387439767442693,-0.455046967263105,0.9841213119445475,-0.43883837903370154,long
4061,"{'window_k': 237, 'window_d': 207, 'window_ma': 207}","open_time
2022-01-01 00:00:00    100.000000
2022-01-01 01:00:00    100.000000
2022-01-01 02:00:00    100.000000
2022-01-01 03:00:00    100.000000
2022-01-01 04:00:00    100.000000
                          ...    
2023-05-01 19:00:00     67.467959
2023-05-01 20:00:00     67.467959
2023-05-01 21:00:00     67.467959
2023-05-01 22:00:00     67.467959
2023-05-01 23:00:00     67.467959
Freq: H, Length: 11664, dtype: float64",2022-01-01,2023-05-01 23:00:00,486 days,100.0,52.415222618055964,119.70968240078241,67.46795937306418,-32.532040626935824,-70.17976286600607,33.91632373113855,100.0,56.214717500818146,451 days 16:00:00,38,0.0,19,26.31578947368421,41.2331969608416,-17.20584025193245,15.334556682719805,-7.199696983410153,13 days 07:24:00,7 days 00:30:00,0.5928664464407111,-1.7122126645755702,-0.266000852936198,-0.45516994457602,0.9858475146005337,-0.3712458213232181,long
759,"{'window_k': 42, 'window_d': 237, 'window_ma': 117}","open_time
2022-01-01 00:00:00    100.000000
2022-01-01 01:00:00    100.000000
2022-01-01 02:00:00    100.000000
2022-01-01 03:00:00    100.000000
2022-01-01 04:00:00    100.000000
                          ...    
2023-05-01 19:00:00     60.218453
2023-05-01 20:00:00     60.080159
2023-05-01 21:00:00     60.382677
2023-05-01 22:00:00     60.650622
2023-05-01 23:00:00     60.650622
Freq: H, Length: 11664, dtype: float64",2022-01-01,2023-05-01 23:00:00,486 days,100.0,39.995759977418885,128.07883590590538,60.650622270568995,-39.349377729431005,-70.17976286600607,29.50102880658436,100.0,68.77254567897366,430 days 01:00:00,53,0.0,27,30.76923076923077,29.172191702974043,-22.28494016708061,11.252217135339361,-6.937117432562278,7 days 21:15:00,4 days 10:40:00,0.6035905056874917,-1.5184241724026046,-0.5339173761698064,-0.45524701322936356,0.9710505780671086,-0.740707489253576,long
1009,"{'window_k': 57, 'window_d': 237, 'window_ma': 27}","open_time
2022-01-01 00:00:00    100.000000
2022-01-01 01:00:00    100.000000
2022-01-01 02:00:00    100.000000
2022-01-01 03:00:00    100.000000
2022-01-01 04:00:00    100.000000
                          ...    
2023-05-01 19:00:00     63.164675
2023-05-01 20:00:00     63.164675
2023-05-01 21:00:00     63.482725
2023-05-01 22:00:00     63.764426
2023-05-01 23:00:00     63.764426
Freq: H, Length: 11664, dtype: float64",2022-01-01,2023-05-01 23:00:00,486 days,100.0,46.84034745116978,126.55976741141153,63.764426098933114,-36.235573901066886,-70.17976286600607,18.3641975308642,100.0,62.989543668404124,430 days 01:00:00,51,0.0,26,32.0,16.330463831427473,-14.533747269173295,7.19640864485154,-5.626188224282692,4 days 16:15:00,3 days 00:56:28.235294117,0.5012551974414139,-1.4734129923689108,-0.6815032622223489,-0.4552577259243982,0.954805413708579,-0.9459685294032832,long
753,"{'window_k': 42, 'window_d': 237, 'window_ma': 27}","open_time
2022-01-01 00:00:00    100.000000
2022-01-01 01:00:00    100.000000
2022-01-01 02:00:00    100.000000
2022-01-01 03:00:00    100.000000
2022-01-01 04:00:00    100.000000
                          ...    
2023-05-01 19:00:00     61.911524
2023-05-01 20:00:00     61.769342
2023-05-01 21:00:00     62.080366
2023-05-01 22:00:00     62.355844
2023-05-01 23:00:00     62.355844
Freq: H, Length: 11664, dtype: float64",2022-01-01,2023-05-01 23:00:00,486 days,100.0,44.07636166087285,128.07883590590538,62.35584429441087,-37.64415570558913,-70.17976286600607,18.621399176954732,100.0,65.58653789354076,430 days 01:00:00,53,0.0,27,42.30769230769231,17.706708268330715,-22.284940167080602,6.361626131633373,-7.0691124549052065,3 days 11:32:43.636363636,3 days 11:04:00,0.5402304323406404,-1.4529789097386294,-0.7034151658482146,-0.4553229456568567,0.9533476402848701,-0.9726445030360072,long
4086,"{'window_k': 237, 'window_d': 237, 'window_ma': 102}","open_time
2022-01-01 00:00:00    100.000000
2022-01-01 01:00:00    100.000000
2022-01-01 02:00:00    100.000000
2022-01-01 03:00:00    100.000000
2022-01-01 04:00:00    100.000000
                          ...    
2023-05-01 19:00:00     68.871212
2023-05-01 20:00:00     68.871212
2023-05-01 21:00:00     68.871212
2023-05-01 22:00:00     68.871212
2023-05-01 23:00:00     68.871212
Freq: H, Length: 11664, dtype: float64",2022-01-01,2023-05-01 23:00:00,486 days,100.0,54.394552805117975,117.35378715244485,68.87121176528669,-31.128788234713312,-70.17976286600607,31.661522633744855,100.0,53.64908613093296,451 days 16:00:00,32,0.0,16,25.0,36.755823986195,-21.494147349093403,19.026454993995408,-8.0016607189235,12 days 09:30:00,8 days 16:35:00,0.5867063144117557,-1.9455492646695816,-0.2906401359220887,-0.45532685351362495,0.9840661966568185,-0.4051698832314368,long
1468,"{'window_k': 87, 'window_d': 177, 'window_ma': 192}","open_time
2022-01-01 00:00:00    100.000000
2022-01-01 01:00:00    100.000000
2022-01-01 02:00:00    100.000000
2022-01-01 03:00:00    100.000000
2022-01-01 04:00:00    100.000000
                          ...    
2023-05-01 19:00:00     57.119889
2023-05-01 20:00:00     56.988711
2023-05-01 21:00:00     57.275663
2023-05-01 22:00:00     57.529821
2023-05-01 23:00:00     57.529821
Freq: H, Length: 11664, dtype: float64",2022-01-01,2023-05-01 23:00:00,486 days,100.0,36.070312528358166,141.94300471330152,57.529820745723256,-42.470179254276744,-70.17976286600607,39.58333333333333,100.0,74.58817177978338,391 days 18:00:00,55,0.0,28,29.629629629629626,54.44513521914828,-34.20814479638009,20.53004233929674,-9.496146726834064,10 days 19:15:00,5 days 11:03:09.473684210,0.6947567364459931,-1.5435152471770945,-0.3801534744880879,-0.4555738730679266,0.9814097778784202,-0.5235352390270612,long
468,"{'window_k': 27, 'window_d': 207, 'window_ma': 72}","open_time
2022-01-01 00:00:00    100.000000
2022-01-01 01:00:00    100.000000
2022-01-01 02:00:00    100.000000
2022-01-01 03:00:00    100.000000
2022-01-01 04:00:00    100.000000
                          ...    
2023-05-01 19:00:00     64.690944
2023-05-01 20:00:00     64.542379
2023-05-01 21:00:00     64.867365
2023-05-01 22:00:00     65.155211
2023-05-01 23:00:00     65.155211
Freq: H, Length: 11664, dtype: float64",2022-01-01,2023-05-01 23:00:00,486 days,100.0,52.07948444898651,131.4524758118805,65.15521094259611,-34.84478905740389,-70.17976286600607,32.92181069958848,100.0,60.38151116794741,391 days 18:00:00,71,0.0,36,31.428571428571427,35.42032377608736,-14.320871909058946,10.385294965977522,-5.858319124553037,6 days 18:27:16.363636363,3 days 10:57:30,0.7202044018912716,-0.9929124481621252,-0.35414541268442024,-0.4556241687521599,0.9814071338675422,-0.4929255266383864,long
2182,"{'window_k': 132, 'window_d': 132, 'window_ma': 102}","open_time
2022-01-01 00:00:00    100.000000
2022-01-01 01:00:00    100.000000
2022-01-01 02:00:00    100.000000
2022-01-01 03:00:00    100.000000
2022-01-01 04:00:00    100.000000
                          ...    
2023-05-01 19:00:00     65.542675
2023-05-01 20:00:00     65.392154
2023-05-01 21:00:00     65.721419
2023-05-01 22:00:00     66.013055
2023-05-01 23:00:00     66.013055
Freq: H, Length: 11664, dtype: float64",2022-01-01,2023-05-01 23:00:00,486 days,100.0,55.96579963323449,135.87460991787253,66.01305469536864,-33.98694530463136,-70.17976286600607,36.32544581618656,100.0,58.81070078724625,391 days 18:00:00,63,0.0,32,35.483870967741936,32.67667722826836,-17.430635252818476,10.084395703199256,-6.734266079719693,7 days 01:49:05.454545454,4 days 18:45:00,0.7003240995562112,-1.107278016851386,-0.26269503825975915,-0.45562565208472106,0.9868470796421158,-0.36389257667872493,long
4048,"{'window_k': 237, 'window_d': 207, 'window_ma': 12}","open_time
2022-01-01 00:00:00    100.000000
2022-01-01 01:00:00    100.000000
2022-01-01 02:00:00    100.000000
2022-01-01 03:00:00    100.000000
2022-01-01 04:00:00    100.000000
                          ...    
2023-05-01 19:00:00     76.082947
2023-05-01 20:00:00     76.082947
2023-05-01 21:00:00     76.082947
2023-05-01 22:00:00     76.082947
2023-05-01 23:00:00     76.082947
Freq: H, Length: 11664, dtype: float64",2022-01-01,2023-05-01 23:00:00,486 days,100.0,69.05578046509652,116.4662642324385,76.08294733785681,-23.917052662143192,-70.17976286600607,12.791495198902606,100.0,40.707482187908184,426 days 23:00:00,38,0.0,19,31.57894736842105,17.05555555555555,-16.945333807660372,7.962717045975411,-5.301011791536473,2 days 23:00:00,3 days 10:00:00,0.6253125758594824,-1.2587922453759575,-0.430595292185288,-0.4559100465963587,0.964577874272948,-0.5899880737036296,long
3563,"{'window_k': 207, 'window_d': 222, 'window_ma': 177}","open_time
2022-01-01 00:00:00    100.000000
2022-01-01 01:00:00    100.000000
2022-01-01 02:00:00    100.000000
2022-01-01 03:00:00    100.000000
2022-01-01 04:00:00    100.000000
                          ...    
2023-05-01 19:00:00     67.548317
2023-05-01 20:00:00     67.548317
2023-05-01 21:00:00     67.548317
2023-05-01 22:00:00     67.548317
2023-05-01 23:00:00     67.548317
Freq: H, Length: 11664, dtype: float64",2022-01-01,2023-05-01 23:00:00,486 days,100.0,57.93378633249351,131.52975331569345,67.54831744439169,-32.451682555608315,-70.17976286600607,36.14540466392318,100.0,55.953854643486856,349 days 17:00:00,36,0.0,18,33.33333333333333,41.975128017556685,-20.625566636446045,15.208613329242901,-9.342119871934667,12 days 06:00:00,8 days 12:20:00,0.6609189102374629,-1.8028712530893514,-0.2620965457158601,-0.4561025583932186,0.9864280353678608,-0.3659324076687631,long
133,"{'window_k': 12, 'window_d': 132, 'window_ma': 87}","open_time
2022-01-01 00:00:00    100.000000
2022-01-01 01:00:00    100.000000
2022-01-01 02:00:00    100.000000
2022-01-01 03:00:00    100.000000
2022-01-01 04:00:00    100.000000
                          ...    
2023-05-01 19:00:00     65.988246
2023-05-01 20:00:00     65.988246
2023-05-01 21:00:00     65.988246
2023-05-01 22:00:00     65.988246
2023-05-01 23:00:00     65.988246
Freq: H, Length: 11664, dtype: float64",2022-01-01,2023-05-01 23:00:00,486 days,100.0,56.88345075718488,138.0324343496865,65.9882460625727,-34.0117539374273,-70.17976286600607,35.66529492455419,100.0,58.789793844337815,266 days 11:00:00,144,0.0,72,33.33333333333333,31.785944551902006,-16.10256410256409,7.3046675941665695,-4.064006458004068,3 days 21:45:00,1 days 15:47:30,0.8172043970300679,-0.47238547135315745,-0.2609211511977693,-0.45613914976872294,0.9862890444549135,-0.36836226690818075,long
3835,"{'window_k': 222, 'window_d': 237, 'window_ma': 177}","open_time
2022-01-01 00:00:00    100.000000
2022-01-01 01:00:00    100.000000
2022-01-01 02:00:00    100.000000
2022-01-01 03:00:00    100.000000
2022-01-01 04:00:00    100.000000
                          ...    
2023-05-01 19:00:00     70.703875
2023-05-01 20:00:00     70.703875
2023-05-01 21:00:00     70.703875
2023-05-01 22:00:00     70.703875
2023-05-01 23:00:00     70.703875
Freq: H, Length: 11664, dtype: float64",2022-01-01,2023-05-01 23:00:00,486 days,100.0,56.33485464460267,113.2400366063337,70.70387544565152,-29.29612455434848,-70.17976286600607,34.867969821673526,100.0,50.25182229457901,349 days 17:00:00,38,0.0,19,36.84210526315789,38.594969644405914,-22.803691063076727,12.51319784989392,-8.815208107027189,11 days 13:51:25.714285714,7 days 08:50:00,0.6657323573526776,-1.5419012923341295,-0.227865817289673,-0.45615296297986335,0.9880099648979576,-0.3179366606873009,long
1325,"{'window_k': 87, 'window_d': 42, 'window_ma': 207}","open_time
2022-01-01 00:00:00    100.000000
2022-01-01 01:00:00    100.000000
2022-01-01 02:00:00    100.000000
2022-01-01 03:00:00    100.000000
2022-01-01 04:00:00    100.000000
                          ...    
2023-05-01 19:00:00     68.463856
2023-05-01 20:00:00     68.463856
2023-05-01 21:00:00     68.463856
2023-05-01 22:00:00     68.463856
2023-05-01 23:00:00     68.463856
Freq: H, Length: 11664, dtype: float64",2022-01-01,2023-05-01 23:00:00,486 days,100.0,54.594796380298696,119.32207131615644,68.46385576507225,-31.53614423492775,-70.17976286600607,43.85288065843621,100.0,54.24585260873991,391 days 18:00:00,136,0.0,68,38.23529411764706,22.196851339983166,-14.600313876373198,7.541254043718129,-5.07919407239958,4 days 03:11:32.307692307,2 days 12:22:51.428571428,0.8209837019238362,-0.4637668269842323,-0.03149693593476381,-0.45651084351180204,0.9983461676958487,-0.048341728358876276,long
1324,"{'window_k': 87, 'window_d': 42, 'window_ma': 192}","open_time
2022-01-01 00:00:00    100.000000
2022-01-01 01:00:00    100.000000
2022-01-01 02:00:00    100.000000
2022-01-01 03:00:00    100.000000
2022-01-01 04:00:00    100.000000
                          ...    
2023-05-01 19:00:00     68.463856
2023-05-01 20:00:00     68.463856
2023-05-01 21:00:00     68.463856
2023-05-01 22:00:00     68.463856
2023-05-01 23:00:00     68.463856
Freq: H, Length: 11664, dtype: float64",2022-01-01,2023-05-01 23:00:00,486 days,100.0,54.594796380298696,119.32207131615644,68.46385576507225,-31.53614423492775,-70.17976286600607,43.85288065843621,100.0,54.24585260873991,391 days 18:00:00,136,0.0,68,38.23529411764706,22.196851339983166,-14.600313876373198,7.541254043718129,-5.07919407239958,4 days 03:11:32.307692307,2 days 12:22:51.428571428,0.8209837019238362,-0.4637668269842323,-0.03149693593476381,-0.45651084351180204,0.9983461676958487,-0.048341728358876276,long
1326,"{'window_k': 87, 'window_d': 42, 'window_ma': 222}","open_time
2022-01-01 00:00:00    100.000000
2022-01-01 01:00:00    100.000000
2022-01-01 02:00:00    100.000000
2022-01-01 03:00:00    100.000000
2022-01-01 04:00:00    100.000000
                          ...    
2023-05-01 19:00:00     68.463856
2023-05-01 20:00:00     68.463856
2023-05-01 21:00:00     68.463856
2023-05-01 22:00:00     68.463856
2023-05-01 23:00:00     68.463856
Freq: H, Length: 11664, dtype: float64",2022-01-01,2023-05-01 23:00:00,486 days,100.0,54.594796380298696,119.32207131615644,68.46385576507225,-31.53614423492775,-70.17976286600607,43.85288065843621,100.0,54.24585260873991,391 days 18:00:00,136,0.0,68,38.23529411764706,22.196851339983166,-14.600313876373198,7.541254043718129,-5.07919407239958,4 days 03:11:32.307692307,2 days 12:22:51.428571428,0.8209837019238362,-0.4637668269842323,-0.03149693593476381,-0.45651084351180204,0.9983461676958487,-0.048341728358876276,long
135,"{'window_k': 12, 'window_d': 132, 'window_ma': 117}","open_time
2022-01-01 00:00:00    100.000000
2022-01-01 01:00:00    100.000000
2022-01-01 02:00:00    100.000000
2022-01-01 03:00:00    100.000000
2022-01-01 04:00:00    100.000000
                          ...    
2023-05-01 19:00:00     64.626012
2023-05-01 20:00:00     64.477595
2023-05-01 21:00:00     64.802256
2023-05-01 22:00:00     65.089812
2023-05-01 23:00:00     65.089812
Freq: H, Length: 11664, dtype: float64",2022-01-01,2023-05-01 23:00:00,486 days,100.0,58.73720668352593,148.19590015732678,65.08981244507183,-34.91018755492817,-70.17976286600607,36.702674897119344,100.0,60.365160830245834,266 days 11:00:00,143,0.0,72,32.3943661971831,31.785944551902016,-16.102564102564113,7.935775599058982,-4.18972327565423,4 days 03:57:23.478260869,1 days 14:37:30,0.8309945363754243,-0.47640695136129674,-0.26884017219690703,-0.456652921753432,0.9860695782637559,-0.37872207967979243,long
3327,"{'window_k': 192, 'window_d': 237, 'window_ma': 237}","open_time
2022-01-01 00:00:00    100.000000
2022-01-01 01:00:00    100.000000
2022-01-01 02:00:00    100.000000
2022-01-01 03:00:00    100.000000
2022-01-01 04:00:00    100.000000
                          ...    
2023-05-01 19:00:00     68.247259
2023-05-01 20:00:00     68.247259
2023-05-01 21:00:00     68.247259
2023-05-01 22:00:00     68.247259
2023-05-01 23:00:00     68.247259
Freq: H, Length: 11664, dtype: float64",2022-01-01,2023-05-01 23:00:00,486 days,100.0,56.37149838258806,124.20646605590827,68.24725886647514,-31.752741133524864,-70.17976286600607,36.80555555555556,100.0,54.61468297696038,349 days 17:00:00,36,0.0,18,33.33333333333333,41.08628996933859,-21.936441201929036,12.819342253090943,-8.243866562535416,13 days 02:20:00,8 days 08:35:00,0.6080183015028375,-1.7640411740847144,-0.24320835885823655,-0.45670231259973676,0.9875959909199536,-0.34034387717230224,long
3672,"{'window_k': 222, 'window_d': 87, 'window_ma': 132}","open_time
2022-01-01 00:00:00    100.000000
2022-01-01 01:00:00    100.000000
2022-01-01 02:00:00    100.000000
2022-01-01 03:00:00    100.000000
2022-01-01 04:00:00    100.000000
                          ...    
2023-05-01 19:00:00     64.758350
2023-05-01 20:00:00     64.609630
2023-05-01 21:00:00     64.934955
2023-05-01 22:00:00     65.223101
2023-05-01 23:00:00     65.223101
Freq: H, Length: 11664, dtype: float64",2022-01-01,2023-05-01 23:00:00,486 days,100.0,50.0546534156059,125.2573279222206,65.22310068873517,-34.77689931126483,-70.17976286600607,38.31447187928669,100.0,60.03854285739859,309 days 12:00:00,67,0.0,34,33.33333333333333,30.62965260545905,-21.523959151610374,14.939442834489276,-8.218941551516465,9 days 02:43:38.181818181,3 days 18:00:00,0.7704631702888939,-1.0752521284650225,-0.11114818793521757,-0.457282203938283,0.9938334187336757,-0.1684674144024462,long
2440,"{'window_k': 147, 'window_d': 132, 'window_ma': 132}","open_time
2022-01-01 00:00:00    100.000000
2022-01-01 01:00:00    100.000000
2022-01-01 02:00:00    100.000000
2022-01-01 03:00:00    100.000000
2022-01-01 04:00:00    100.000000
                          ...    
2023-05-01 19:00:00     67.530366
2023-05-01 20:00:00     67.375279
2023-05-01 21:00:00     67.714531
2023-05-01 22:00:00     68.015010
2023-05-01 23:00:00     68.015010
Freq: H, Length: 11664, dtype: float64",2022-01-01,2023-05-01 23:00:00,486 days,100.0,57.26559380542601,127.14449729375102,68.01501017979953,-31.984989820200465,-70.17976286600607,38.92318244170096,100.0,54.96022633750227,451 days 16:00:00,63,0.0,32,32.25806451612903,37.78022280291569,-13.416733616435225,12.239054569964733,-6.707761194199599,7 days 23:36:00,5 days 01:37:08.571428571,0.7397536731044363,-1.0273964309066437,-0.1929605154068468,-0.457322788932508,0.9905519134144875,-0.26809684009480717,long
2350,"{'window_k': 147, 'window_d': 42, 'window_ma': 222}","open_time
2022-01-01 00:00:00    100.000000
2022-01-01 01:00:00    100.000000
2022-01-01 02:00:00    100.000000
2022-01-01 03:00:00    100.000000
2022-01-01 04:00:00    100.000000
                          ...    
2023-05-01 19:00:00     63.138686
2023-05-01 20:00:00     63.138686
2023-05-01 21:00:00     63.138686
2023-05-01 22:00:00     63.138686
2023-05-01 23:00:00     63.138686
Freq: H, Length: 11664, dtype: float64",2022-01-01,2023-05-01 23:00:00,486 days,100.0,45.691404190200245,126.30856958710699,63.13868589253381,-36.86131410746619,-70.17976286600607,38.828875171467764,100.0,63.82557071181952,355 days 14:00:00,120,0.0,60,28.333333333333332,21.85314685314685,-15.937687237866987,9.49139361594929,-4.425480414263292,4 days 13:49:24.705882352,2 days 13:54:25.116279069,0.744027239077424,-0.6143552351244361,-0.12949521044348633,-0.4575404645541979,0.992759870068719,-0.2000935442468558,long
2349,"{'window_k': 147, 'window_d': 42, 'window_ma': 207}","open_time
2022-01-01 00:00:00    100.000000
2022-01-01 01:00:00    100.000000
2022-01-01 02:00:00    100.000000
2022-01-01 03:00:00    100.000000
2022-01-01 04:00:00    100.000000
                          ...    
2023-05-01 19:00:00     63.138686
2023-05-01 20:00:00     63.138686
2023-05-01 21:00:00     63.138686
2023-05-01 22:00:00     63.138686
2023-05-01 23:00:00     63.138686
Freq: H, Length: 11664, dtype: float64",2022-01-01,2023-05-01 23:00:00,486 days,100.0,45.691404190200245,126.30856958710699,63.13868589253381,-36.86131410746619,-70.17976286600607,38.828875171467764,100.0,63.82557071181952,355 days 14:00:00,120,0.0,60,28.333333333333332,21.85314685314685,-15.937687237866987,9.49139361594929,-4.425480414263292,4 days 13:49:24.705882352,2 days 13:54:25.116279069,0.744027239077424,-0.6143552351244361,-0.12949521044348633,-0.4575404645541979,0.992759870068719,-0.2000935442468558,long
2348,"{'window_k': 147, 'window_d': 42, 'window_ma': 192}","open_time
2022-01-01 00:00:00    100.000000
2022-01-01 01:00:00    100.000000
2022-01-01 02:00:00    100.000000
2022-01-01 03:00:00    100.000000
2022-01-01 04:00:00    100.000000
                          ...    
2023-05-01 19:00:00     63.138686
2023-05-01 20:00:00     63.138686
2023-05-01 21:00:00     63.138686
2023-05-01 22:00:00     63.138686
2023-05-01 23:00:00     63.138686
Freq: H, Length: 11664, dtype: float64",2022-01-01,2023-05-01 23:00:00,486 days,100.0,45.691404190200245,126.30856958710699,63.13868589253381,-36.86131410746619,-70.17976286600607,38.828875171467764,100.0,63.82557071181952,355 days 14:00:00,120,0.0,60,28.333333333333332,21.85314685314685,-15.937687237866987,9.49139361594929,-4.425480414263292,4 days 13:49:24.705882352,2 days 13:54:25.116279069,0.744027239077424,-0.6143552351244361,-0.12949521044348633,-0.4575404645541979,0.992759870068719,-0.2000935442468558,long
2346,"{'window_k': 147, 'window_d': 42, 'window_ma': 162}","open_time
2022-01-01 00:00:00    100.000000
2022-01-01 01:00:00    100.000000
2022-01-01 02:00:00    100.000000
2022-01-01 03:00:00    100.000000
2022-01-01 04:00:00    100.000000
                          ...    
2023-05-01 19:00:00     63.138686
2023-05-01 20:00:00     63.138686
2023-05-01 21:00:00     63.138686
2023-05-01 22:00:00     63.138686
2023-05-01 23:00:00     63.138686
Freq: H, Length: 11664, dtype: float64",2022-01-01,2023-05-01 23:00:00,486 days,100.0,45.691404190200245,126.30856958710699,63.13868589253381,-36.86131410746619,-70.17976286600607,38.828875171467764,100.0,63.82557071181952,355 days 14:00:00,120,0.0,60,28.333333333333332,21.85314685314685,-15.937687237866987,9.49139361594929,-4.425480414263292,4 days 13:49:24.705882352,2 days 13:54:25.116279069,0.744027239077424,-0.6143552351244361,-0.12949521044348633,-0.4575404645541979,0.992759870068719,-0.2000935442468558,long
2457,"{'window_k': 147, 'window_d': 147, 'window_ma': 147}","open_time
2022-01-01 00:00:00    100.000000
2022-01-01 01:00:00    100.000000
2022-01-01 02:00:00    100.000000
2022-01-01 03:00:00    100.000000
2022-01-01 04:00:00    100.000000
                          ...    
2023-05-01 19:00:00     62.762795
2023-05-01 20:00:00     62.618658
2023-05-01 21:00:00     62.933959
2023-05-01 22:00:00     63.213225
2023-05-01 23:00:00     63.213225
Freq: H, Length: 11664, dtype: float64",2022-01-01,2023-05-01 23:00:00,486 days,100.0,48.21211010597599,132.76992367129066,63.213224600758146,-36.786775399241854,-70.17976286600607,37.877229080932786,100.0,63.68747621988648,391 days 18:00:00,55,0.0,28,25.925925925925924,31.39423993896624,-13.651907847372213,15.27784279114887,-6.685976429611541,9 days 11:17:08.571428571,5 days 18:33:00,0.7000969184116428,-1.3361147173426464,-0.31058271056869513,-0.4575470911099009,0.9847001275679547,-0.4383985776829243,long
2261,"{'window_k': 132, 'window_d': 207, 'window_ma': 87}","open_time
2022-01-01 00:00:00    100.000000
2022-01-01 01:00:00    100.000000
2022-01-01 02:00:00    100.000000
2022-01-01 03:00:00    100.000000
2022-01-01 04:00:00    100.000000
                          ...    
2023-05-01 19:00:00     63.494765
2023-05-01 20:00:00     63.494765
2023-05-01 21:00:00     63.494765
2023-05-01 22:00:00     63.494765
2023-05-01 23:00:00     63.494765
Freq: H, Length: 11664, dtype: float64",2022-01-01,2023-05-01 23:00:00,486 days,100.0,45.16843629919026,122.55480607082632,63.494765081793844,-36.505234918206156,-70.17976286600607,32.115912208504795,100.0,63.1442962154526,451 days 16:00:00,45,0.0,23,36.36363636363637,28.707686553207406,-25.733259546209187,11.84505207336504,-8.78391005265174,9 days 01:37:30,5 days 23:04:17.142857142,0.6175516503132981,-1.6593288599184621,-0.41508698491118434,-0.4577314083478784,0.9780042115007792,-0.5756820900834725,long
1483,"{'window_k': 87, 'window_d': 192, 'window_ma': 177}","open_time
2022-01-01 00:00:00    100.000000
2022-01-01 01:00:00    100.000000
2022-01-01 02:00:00    100.000000
2022-01-01 03:00:00    100.000000
2022-01-01 04:00:00    100.000000
                          ...    
2023-05-01 19:00:00     60.482482
2023-05-01 20:00:00     60.343581
2023-05-01 21:00:00     60.647426
2023-05-01 22:00:00     60.916546
2023-05-01 23:00:00     60.916546
Freq: H, Length: 11664, dtype: float64",2022-01-01,2023-05-01 23:00:00,486 days,100.0,39.75987401197096,123.69554810914313,60.91654596433642,-39.08345403566358,-70.17976286600607,35.536694101508914,100.0,67.8566653208176,451 days 16:00:00,51,0.0,26,28.000000000000004,46.131718395155175,-24.51577801958651,17.10237070619671,-8.031339719149043,10 days 23:00:00,5 days 05:46:40,0.6297321175018635,-1.5484063587959778,-0.42293234081394415,-0.4580600142436283,0.9785780306139096,-0.5846481252666234,long
1199,"{'window_k': 72, 'window_d': 162, 'window_ma': 237}","open_time
2022-01-01 00:00:00    100.000000
2022-01-01 01:00:00    100.000000
2022-01-01 02:00:00    100.000000
2022-01-01 03:00:00    100.000000
2022-01-01 04:00:00    100.000000
                          ...    
2023-05-01 19:00:00     59.869300
2023-05-01 20:00:00     59.731808
2023-05-01 21:00:00     60.032572
2023-05-01 22:00:00     60.298963
2023-05-01 23:00:00     60.298963
Freq: H, Length: 11664, dtype: float64",2022-01-01,2023-05-01 23:00:00,486 days,100.0,39.157383926200254,126.20322713557495,60.29896321499574,-39.70103678500426,-70.17976286600607,40.22633744855967,100.0,68.97275543981527,391 days 18:00:00,67,0.0,34,33.33333333333333,34.65427712489751,-20.20006820506991,13.393030598750563,-7.923695491163542,8 days 11:43:38.181818181,4 days 12:08:10.909090909,0.7151580386694063,-1.217904638620622,-0.3293048912435997,-0.45826548068571443,0.9842439333519745,-0.4572886996159186,long
396,"{'window_k': 27, 'window_d': 132, 'window_ma': 192}","open_time
2022-01-01 00:00:00    100.000000
2022-01-01 01:00:00    100.000000
2022-01-01 02:00:00    100.000000
2022-01-01 03:00:00    100.000000
2022-01-01 04:00:00    100.000000
                          ...    
2023-05-01 19:00:00     65.932453
2023-05-01 20:00:00     65.781036
2023-05-01 21:00:00     66.112260
2023-05-01 22:00:00     66.405630
2023-05-01 23:00:00     66.405630
Freq: H, Length: 11664, dtype: float64",2022-01-01,2023-05-01 23:00:00,486 days,100.0,48.215002091850764,113.94682048154564,66.40562950396998,-33.594370496030024,-70.17976286600607,38.19444444444444,100.0,57.68639977132186,451 days 16:00:00,95,0.0,48,34.04255319148936,38.86752420103434,-18.306264501160094,7.934304582541377,-4.8439062176335055,5 days 19:22:30,2 days 19:58:03.870967741,0.7099594025163113,-0.7206130431755635,-0.26162346749203175,-0.4588421524458343,0.9870849060903482,-0.3631010559158392,long
399,"{'window_k': 27, 'window_d': 132, 'window_ma': 237}","open_time
2022-01-01 00:00:00    100.000000
2022-01-01 01:00:00    100.000000
2022-01-01 02:00:00    100.000000
2022-01-01 03:00:00    100.000000
2022-01-01 04:00:00    100.000000
                          ...    
2023-05-01 19:00:00     65.932453
2023-05-01 20:00:00     65.781036
2023-05-01 21:00:00     66.112260
2023-05-01 22:00:00     66.405630
2023-05-01 23:00:00     66.405630
Freq: H, Length: 11664, dtype: float64",2022-01-01,2023-05-01 23:00:00,486 days,100.0,48.215002091850764,113.94682048154564,66.40562950396998,-33.594370496030024,-70.17976286600607,38.19444444444444,100.0,57.68639977132186,451 days 16:00:00,95,0.0,48,34.04255319148936,38.86752420103434,-18.306264501160094,7.934304582541377,-4.8439062176335055,5 days 19:22:30,2 days 19:58:03.870967741,0.7099594025163113,-0.7206130431755635,-0.26162346749203175,-0.4588421524458343,0.9870849060903482,-0.3631010559158392,long
398,"{'window_k': 27, 'window_d': 132, 'window_ma': 222}","open_time
2022-01-01 00:00:00    100.000000
2022-01-01 01:00:00    100.000000
2022-01-01 02:00:00    100.000000
2022-01-01 03:00:00    100.000000
2022-01-01 04:00:00    100.000000
                          ...    
2023-05-01 19:00:00     65.932453
2023-05-01 20:00:00     65.781036
2023-05-01 21:00:00     66.112260
2023-05-01 22:00:00     66.405630
2023-05-01 23:00:00     66.405630
Freq: H, Length: 11664, dtype: float64",2022-01-01,2023-05-01 23:00:00,486 days,100.0,48.215002091850764,113.94682048154564,66.40562950396998,-33.594370496030024,-70.17976286600607,38.19444444444444,100.0,57.68639977132186,451 days 16:00:00,95,0.0,48,34.04255319148936,38.86752420103434,-18.306264501160094,7.934304582541377,-4.8439062176335055,5 days 19:22:30,2 days 19:58:03.870967741,0.7099594025163113,-0.7206130431755635,-0.26162346749203175,-0.4588421524458343,0.9870849060903482,-0.3631010559158392,long
394,"{'window_k': 27, 'window_d': 132, 'window_ma': 162}","open_time
2022-01-01 00:00:00    100.000000
2022-01-01 01:00:00    100.000000
2022-01-01 02:00:00    100.000000
2022-01-01 03:00:00    100.000000
2022-01-01 04:00:00    100.000000
                          ...    
2023-05-01 19:00:00     65.932453
2023-05-01 20:00:00     65.781036
2023-05-01 21:00:00     66.112260
2023-05-01 22:00:00     66.405630
2023-05-01 23:00:00     66.405630
Freq: H, Length: 11664, dtype: float64",2022-01-01,2023-05-01 23:00:00,486 days,100.0,48.215002091850764,113.94682048154564,66.40562950396998,-33.594370496030024,-70.17976286600607,38.19444444444444,100.0,57.68639977132186,451 days 16:00:00,95,0.0,48,34.04255319148936,38.86752420103434,-18.306264501160094,7.934304582541377,-4.8439062176335055,5 days 19:22:30,2 days 19:58:03.870967741,0.7099594025163113,-0.7206130431755635,-0.26162346749203175,-0.4588421524458343,0.9870849060903482,-0.3631010559158392,long
3488,"{'window_k': 207, 'window_d': 162, 'window_ma': 12}","open_time
2022-01-01 00:00:00    100.000000
2022-01-01 01:00:00    100.000000
2022-01-01 02:00:00    100.000000
2022-01-01 03:00:00    100.000000
2022-01-01 04:00:00    100.000000
                          ...    
2023-05-01 19:00:00     69.154634
2023-05-01 20:00:00     68.995817
2023-05-01 21:00:00     69.343228
2023-05-01 22:00:00     69.343228
2023-05-01 23:00:00     69.343228
Freq: H, Length: 11664, dtype: float64",2022-01-01,2023-05-01 23:00:00,486 days,100.0,53.399021443298246,112.09601575670068,69.3432282667307,-30.656771733269295,-70.17976286600607,14.917695473251028,100.0,52.36314057834277,391 days 18:00:00,50,0.0,25,44.0,21.51095732410612,-22.160848431285903,4.47176731709358,-5.566847386250722,3 days 02:21:49.090909090,2 days 17:51:25.714285714,0.5204447083997628,-1.226270869330772,-0.5595571627660529,-0.45908650423416075,0.9554012787996826,-0.751988927613306,long
1348,"{'window_k': 87, 'window_d': 72, 'window_ma': 72}","open_time
2022-01-01 00:00:00    100.000000
2022-01-01 01:00:00    100.000000
2022-01-01 02:00:00    100.000000
2022-01-01 03:00:00    100.000000
2022-01-01 04:00:00    100.000000
                          ...    
2023-05-01 19:00:00     65.854641
2023-05-01 20:00:00     65.854641
2023-05-01 21:00:00     65.854641
2023-05-01 22:00:00     65.854641
2023-05-01 23:00:00     65.854641
Freq: H, Length: 11664, dtype: float64",2022-01-01,2023-05-01 23:00:00,486 days,100.0,56.283287201801095,135.88038905053327,65.85464085094372,-34.145359149056276,-70.17976286600607,40.080589849108364,100.0,58.57880037356266,275 days 07:00:00,112,0.0,56,41.07142857142857,25.389863547758296,-17.183166525985772,7.909403467062123,-6.136198276701277,4 days 12:44:20.869565217,2 days 17:52:43.636363636,0.8231380931126523,-0.6097385562331477,-0.10088693873598865,-0.4596822940901466,0.9945493040225216,-0.15204997086923538,long
3371,"{'window_k': 207, 'window_d': 42, 'window_ma': 177}","open_time
2022-01-01 00:00:00    100.000000
2022-01-01 01:00:00    100.000000
2022-01-01 02:00:00    100.000000
2022-01-01 03:00:00    100.000000
2022-01-01 04:00:00    100.000000
                          ...    
2023-05-01 19:00:00     65.170165
2023-05-01 20:00:00     65.170165
2023-05-01 21:00:00     65.170165
2023-05-01 22:00:00     65.170165
2023-05-01 23:00:00     65.170165
Freq: H, Length: 11664, dtype: float64",2022-01-01,2023-05-01 23:00:00,486 days,100.0,51.14097906400517,127.2518049379265,65.17016476377347,-34.82983523622653,-70.17976286600607,41.426611796982165,100.0,59.81119553553542,430 days 01:00:00,136,0.0,68,35.294117647058826,31.16784630940344,-16.189095774333804,7.544274207576701,-4.63840789476698,4 days 01:37:30,2 days 08:34:05.454545454,0.7778856383007615,-0.5122034593562732,-0.09343974079675318,-0.4597597677571142,0.9951017403579638,-0.1406203515465903,long
1470,"{'window_k': 87, 'window_d': 177, 'window_ma': 222}","open_time
2022-01-01 00:00:00    100.000000
2022-01-01 01:00:00    100.000000
2022-01-01 02:00:00    100.000000
2022-01-01 03:00:00    100.000000
2022-01-01 04:00:00    100.000000
                          ...    
2023-05-01 19:00:00     56.839425
2023-05-01 20:00:00     56.708891
2023-05-01 21:00:00     56.994434
2023-05-01 22:00:00     57.247344
2023-05-01 23:00:00     57.247344
Freq: H, Length: 11664, dtype: float64",2022-01-01,2023-05-01 23:00:00,486 days,100.0,36.07658201512795,141.1335248465023,57.24734396019952,-42.75265603980048,-70.17976286600607,38.21159122085048,100.0,74.43797846446118,391 days 18:00:00,55,0.0,28,29.629629629629626,54.44513521914829,-34.2081447963801,20.040755097136685,-9.355720396311353,10 days 20:52:30,5 days 01:56:50.526315789,0.6858523252307369,-1.5541219739740013,-0.39033789448185485,-0.459765664458279,0.9806744002509226,-0.5372609784786869,long
1995,"{'window_k': 117, 'window_d': 192, 'window_ma': 177}","open_time
2022-01-01 00:00:00    100.000000
2022-01-01 01:00:00    100.000000
2022-01-01 02:00:00    100.000000
2022-01-01 03:00:00    100.000000
2022-01-01 04:00:00    100.000000
                          ...    
2023-05-01 19:00:00     59.096696
2023-05-01 20:00:00     58.960978
2023-05-01 21:00:00     59.257861
2023-05-01 22:00:00     59.520815
2023-05-01 23:00:00     59.520815
Freq: H, Length: 11664, dtype: float64",2022-01-01,2023-05-01 23:00:00,486 days,100.0,37.18128446168779,124.55591481421843,59.5208149585937,-40.4791850414063,-70.17976286600607,38.03155006858711,100.0,70.14892105513769,391 days 18:00:00,51,0.0,26,32.0,39.497649823736786,-24.919951418792095,15.567180380838334,-8.973673911689389,10 days 13:45:00,5 days 20:03:31.764705882,0.6264086560986879,-1.6490253564309776,-0.40526775088359207,-0.4600463322925242,0.9799936878058197,-0.5663357238519472,long
1469,"{'window_k': 87, 'window_d': 177, 'window_ma': 207}","open_time
2022-01-01 00:00:00    100.000000
2022-01-01 01:00:00    100.000000
2022-01-01 02:00:00    100.000000
2022-01-01 03:00:00    100.000000
2022-01-01 04:00:00    100.000000
                          ...    
2023-05-01 19:00:00     58.046091
2023-05-01 20:00:00     57.912786
2023-05-01 21:00:00     58.204391
2023-05-01 22:00:00     58.462670
2023-05-01 23:00:00     58.462670
Freq: H, Length: 11664, dtype: float64",2022-01-01,2023-05-01 23:00:00,486 days,100.0,36.460846009553684,130.64416171525244,58.46267013986627,-41.53732986013373,-70.17976286600607,38.10871056241427,100.0,72.09148458618266,409 days 07:00:00,55,0.0,28,29.629629629629626,54.44513521914829,-34.2081447963801,20.181948969131298,-9.3139882657757,10 days 20:22:30,5 days 01:31:34.736842105,0.6956849250063464,-1.5084876655370896,-0.37937035280389125,-0.4602214767903811,0.9810450978028018,-0.5220143530282362,long
2752,"{'window_k': 162, 'window_d': 192, 'window_ma': 12}","open_time
2022-01-01 00:00:00    100.000000
2022-01-01 01:00:00    100.000000
2022-01-01 02:00:00    100.000000
2022-01-01 03:00:00    100.000000
2022-01-01 04:00:00    100.000000
                          ...    
2023-05-01 19:00:00     75.307631
2023-05-01 20:00:00     75.134684
2023-05-01 21:00:00     75.513005
2023-05-01 22:00:00     75.513005
2023-05-01 23:00:00     75.513005
Freq: H, Length: 11664, dtype: float64",2022-01-01,2023-05-01 23:00:00,486 days,100.0,64.46713749050066,109.79867887116181,75.51300546270167,-24.48699453729833,-70.17976286600607,12.654320987654321,100.0,41.28605357251461,391 days 18:00:00,42,0.0,21,47.61904761904761,21.161587119033925,-24.144024740446213,4.3645719739970845,-5.821832092068385,2 days 10:42:00,3 days 08:49:05.454545454,0.5801820582872101,-1.1660473589189682,-0.48532538620426463,-0.4606293051882782,0.9587703352925936,-0.6653329187785806,long
2581,"{'window_k': 162, 'window_d': 27, 'window_ma': 87}","open_time
2022-01-01 00:00:00    100.000000
2022-01-01 01:00:00    100.000000
2022-01-01 02:00:00    100.000000
2022-01-01 03:00:00    100.000000
2022-01-01 04:00:00    100.000000
                          ...    
2023-05-01 19:00:00     61.983976
2023-05-01 20:00:00     61.983976
2023-05-01 21:00:00     61.983976
2023-05-01 22:00:00     61.983976
2023-05-01 23:00:00     61.983976
Freq: H, Length: 11664, dtype: float64",2022-01-01,2023-05-01 23:00:00,486 days,100.0,36.40674891195423,105.49295897451046,61.98397634816023,-38.01602365183977,-70.17976286600607,38.365912208504795,100.0,65.48893000455989,469 days 22:00:00,198,0.0,99,35.35353535353536,24.304620906235982,-14.461569764484475,6.442714911767175,-3.9213452386818846,2 days 23:44:34.285714285,1 days 06:41:15,0.7703026410632557,-0.38400023890747237,-0.1845601712515182,-0.4608019014856012,0.9895497724481132,-0.28400497592967794,long
2284,"{'window_k': 132, 'window_d': 222, 'window_ma': 192}","open_time
2022-01-01 00:00:00    100.000000
2022-01-01 01:00:00    100.000000
2022-01-01 02:00:00    100.000000
2022-01-01 03:00:00    100.000000
2022-01-01 04:00:00    100.000000
                          ...    
2023-05-01 19:00:00     65.065097
2023-05-01 20:00:00     65.065097
2023-05-01 21:00:00     65.065097
2023-05-01 22:00:00     65.065097
2023-05-01 23:00:00     65.065097
Freq: H, Length: 11664, dtype: float64",2022-01-01,2023-05-01 23:00:00,486 days,100.0,48.23766536293714,120.12396694214875,65.06509712675167,-34.93490287324833,-70.17976286600607,36.07681755829904,100.0,59.84342959122536,451 days 16:00:00,42,0.0,21,38.095238095238095,43.622373483279105,-22.86544479213231,12.527826310285242,-9.468987902775037,10 days 03:00:00,7 days 06:09:13.846153846,0.6337307126921246,-1.663566803488016,-0.3079922136478608,-0.46097933453516204,0.984331414676118,-0.4300834114359558,long
4065,"{'window_k': 237, 'window_d': 222, 'window_ma': 27}","open_time
2022-01-01 00:00:00    100.000000
2022-01-01 01:00:00    100.000000
2022-01-01 02:00:00    100.000000
2022-01-01 03:00:00    100.000000
2022-01-01 04:00:00    100.000000
                          ...    
2023-05-01 19:00:00     71.512277
2023-05-01 20:00:00     71.512277
2023-05-01 21:00:00     71.512277
2023-05-01 22:00:00     71.512277
2023-05-01 23:00:00     71.512277
Freq: H, Length: 11664, dtype: float64",2022-01-01,2023-05-01 23:00:00,486 days,100.0,64.07157547678543,123.90110756469686,71.51227730385266,-28.487722696147344,-70.17976286600607,17.1639231824417,100.0,48.28813338627383,310 days 16:00:00,34,0.0,17,35.294117647058826,14.114391143911439,-17.66660337953295,8.730187060396014,-7.149919336395151,5 days 04:00:00,4 days 18:21:49.090909090,0.6172950832975939,-1.6757483938910207,-0.43888741185758046,-0.4610157924082206,0.9672956949041607,-0.6226570686729359,long
1198,"{'window_k': 72, 'window_d': 162, 'window_ma': 222}","open_time
2022-01-01 00:00:00    100.000000
2022-01-01 01:00:00    100.000000
2022-01-01 02:00:00    100.000000
2022-01-01 03:00:00    100.000000
2022-01-01 04:00:00    100.000000
                          ...    
2023-05-01 19:00:00     59.560063
2023-05-01 20:00:00     59.423281
2023-05-01 21:00:00     59.722492
2023-05-01 22:00:00     59.987507
2023-05-01 23:00:00     59.987507
Freq: H, Length: 11664, dtype: float64",2022-01-01,2023-05-01 23:00:00,486 days,100.0,38.95512820209544,126.20322713557495,59.98750700303826,-40.01249299696174,-70.17976286600607,39.26611796982167,100.0,69.13301736710144,391 days 18:00:00,67,0.0,34,33.33333333333333,34.654277124897526,-20.20006820506991,13.393030598750569,-7.942656445823952,8 days 11:43:38.181818181,4 days 07:02:43.636363636,0.7116310480620709,-1.2272660390085282,-0.3369890172604868,-0.46104326060503237,0.9837729501955262,-0.4678979885181708,long
3433,"{'window_k': 207, 'window_d': 102, 'window_ma': 147}","open_time
2022-01-01 00:00:00    100.000000
2022-01-01 01:00:00    100.000000
2022-01-01 02:00:00    100.000000
2022-01-01 03:00:00    100.000000
2022-01-01 04:00:00    100.000000
                          ...    
2023-05-01 19:00:00     61.004210
2023-05-01 20:00:00     60.864111
2023-05-01 21:00:00     61.170577
2023-05-01 22:00:00     61.442018
2023-05-01 23:00:00     61.442018
Freq: H, Length: 11664, dtype: float64",2022-01-01,2023-05-01 23:00:00,486 days,100.0,45.73222790995448,136.2816720125534,61.442018086088794,-38.557981913911206,-70.17976286600607,41.22085048010974,100.0,66.44286261343937,309 days 12:00:00,65,0.0,33,34.375,32.28271251193887,-25.858585858585847,13.769262880530587,-8.3299050619906,8 days 23:27:16.363636363,4 days 16:28:34.285714285,0.7540271079944286,-1.2120513198310947,-0.1666505054932724,-0.4610942793749631,0.9911419077397124,-0.2505765064960483,long
1444,"{'window_k': 87, 'window_d': 162, 'window_ma': 72}","open_time
2022-01-01 00:00:00    100.000000
2022-01-01 01:00:00    100.000000
2022-01-01 02:00:00    100.000000
2022-01-01 03:00:00    100.000000
2022-01-01 04:00:00    100.000000
                          ...    
2023-05-01 19:00:00     60.219713
2023-05-01 20:00:00     60.081416
2023-05-01 21:00:00     60.383940
2023-05-01 22:00:00     60.651891
2023-05-01 23:00:00     60.651891
Freq: H, Length: 11664, dtype: float64",2022-01-01,2023-05-01 23:00:00,486 days,100.0,41.84308655151009,130.3299518765227,60.651890960006845,-39.348109039993155,-70.17976286600607,33.99348422496571,100.0,67.89449704458336,391 days 18:00:00,65,0.0,33,34.375,37.06225680933851,-20.136518771331055,12.990549070226177,-7.966495635973406,6 days 23:32:43.636363636,4 days 01:54:17.142857142,0.7168074299368867,-1.2258468481018956,-0.37456913802296044,-0.46111862129386944,0.980415783756145,-0.5160945222138579,long
2081,"{'window_k': 132, 'window_d': 42, 'window_ma': 27}","open_time
2022-01-01 00:00:00    100.000000
2022-01-01 01:00:00    100.000000
2022-01-01 02:00:00    100.000000
2022-01-01 03:00:00    100.000000
2022-01-01 04:00:00    100.000000
                          ...    
2023-05-01 19:00:00     72.354503
2023-05-01 20:00:00     72.354503
2023-05-01 21:00:00     72.354503
2023-05-01 22:00:00     72.354503
2023-05-01 23:00:00     72.354503
Freq: H, Length: 11664, dtype: float64",2022-01-01,2023-05-01 23:00:00,486 days,100.0,68.02467772553678,127.83712309123783,72.35450311012617,-27.645496889873826,-70.17976286600607,24.88854595336077,100.0,46.78800955416737,430 days 01:00:00,120,0.0,60,26.666666666666668,21.037181996086122,-15.937687237866976,7.660596334602224,-3.2354380351841403,2 days 23:11:15,1 days 16:05:27.272727272,0.7990353197145508,-0.46075828149789655,-0.2881131903443352,-0.46112216920853305,0.9823587022223184,-0.4046415516783136,long
740,"{'window_k': 42, 'window_d': 222, 'window_ma': 72}","open_time
2022-01-01 00:00:00    100.000000
2022-01-01 01:00:00    100.000000
2022-01-01 02:00:00    100.000000
2022-01-01 03:00:00    100.000000
2022-01-01 04:00:00    100.000000
                          ...    
2023-05-01 19:00:00     55.279282
2023-05-01 20:00:00     55.152331
2023-05-01 21:00:00     55.430037
2023-05-01 22:00:00     55.676005
2023-05-01 23:00:00     55.676005
Freq: H, Length: 11664, dtype: float64",2022-01-01,2023-05-01 23:00:00,486 days,100.0,35.68768520089624,156.12245821203717,55.67600474961593,-44.32399525038407,-70.17976286600607,31.232853223593963,100.0,77.1412225956453,391 days 18:00:00,59,0.0,30,44.827586206896555,30.50751879699247,-42.60418428917837,8.41392569805546,-8.857135239268395,6 days 03:00:00,4 days 09:30:00,0.6235604950866632,-1.530602441901891,-0.5277941605115821,-0.4612922391871364,0.9712714823200276,-0.706286522830792,long
1034,"{'window_k': 72, 'window_d': 12, 'window_ma': 162}","open_time
2022-01-01 00:00:00    100.000000
2022-01-01 01:00:00    100.000000
2022-01-01 02:00:00    100.000000
2022-01-01 03:00:00    100.000000
2022-01-01 04:00:00    100.000000
                          ...    
2023-05-01 19:00:00     62.286465
2023-05-01 20:00:00     62.143421
2023-05-01 21:00:00     62.456329
2023-05-01 22:00:00     62.733475
2023-05-01 23:00:00     62.733475
Freq: H, Length: 11664, dtype: float64",2022-01-01,2023-05-01 23:00:00,486 days,100.0,35.97069487742355,100.0309652304698,62.733475232775014,-37.266524767224986,-70.17976286600607,41.22085048010974,100.0,64.04044008318063,480 days 01:00:00,465,0.0,233,32.758620689655174,39.06012176560122,-14.636025163692393,4.9906536146968685,-2.5236155180832167,1 days 06:22:53.684210526,0 days 15:57:41.538461538,0.8445683301113076,-0.1607857138774733,-0.111633726113148,-0.46133807264469956,0.9938200986692175,-0.17458562109440678,long
3567,"{'window_k': 207, 'window_d': 222, 'window_ma': 237}","open_time
2022-01-01 00:00:00    100.000000
2022-01-01 01:00:00    100.000000
2022-01-01 02:00:00    100.000000
2022-01-01 03:00:00    100.000000
2022-01-01 04:00:00    100.000000
                          ...    
2023-05-01 19:00:00     67.798502
2023-05-01 20:00:00     67.798502
2023-05-01 21:00:00     67.798502
2023-05-01 22:00:00     67.798502
2023-05-01 23:00:00     67.798502
Freq: H, Length: 11664, dtype: float64",2022-01-01,2023-05-01 23:00:00,486 days,100.0,56.308998753415835,124.74313219561665,67.79850191868611,-32.201498081313886,-70.17976286600607,36.07681755829904,100.0,54.86004097995988,349 days 17:00:00,36,0.0,18,38.88888888888889,41.9751280175567,-20.62556663644606,11.940249769376443,-9.582119120846594,11 days 22:34:17.142857142,8 days 08:10:54.545454545,0.623799381221777,-1.7889721156285492,-0.2537424577450696,-0.46142175352916803,0.986880525916937,-0.3553109032856093,long
2345,"{'window_k': 147, 'window_d': 42, 'window_ma': 147}","open_time
2022-01-01 00:00:00    100.000000
2022-01-01 01:00:00    100.000000
2022-01-01 02:00:00    100.000000
2022-01-01 03:00:00    100.000000
2022-01-01 04:00:00    100.000000
                          ...    
2023-05-01 19:00:00     62.710162
2023-05-01 20:00:00     62.710162
2023-05-01 21:00:00     62.710162
2023-05-01 22:00:00     62.710162
2023-05-01 23:00:00     62.710162
Freq: H, Length: 11664, dtype: float64",2022-01-01,2023-05-01 23:00:00,486 days,100.0,45.38129556938986,126.30856958710699,62.71016216583004,-37.28983783416996,-70.17976286600607,38.81172839506173,100.0,64.07108740306549,355 days 14:00:00,120,0.0,60,28.333333333333332,21.853146853146853,-15.937687237866982,9.491393615949288,-4.440748149264271,4 days 13:49:24.705882352,2 days 13:51:37.674418604,0.7413321168265647,-0.6214972972361654,-0.13662769655148418,-0.46142432337764416,0.9923612366361892,-0.21111047034173303,long
3510,"{'window_k': 207, 'window_d': 177, 'window_ma': 102}","open_time
2022-01-01 00:00:00    100.000000
2022-01-01 01:00:00    100.000000
2022-01-01 02:00:00    100.000000
2022-01-01 03:00:00    100.000000
2022-01-01 04:00:00    100.000000
                          ...    
2023-05-01 19:00:00     65.313932
2023-05-01 20:00:00     65.163936
2023-05-01 21:00:00     65.492053
2023-05-01 22:00:00     65.782670
2023-05-01 23:00:00     65.782670
Freq: H, Length: 11664, dtype: float64",2022-01-01,2023-05-01 23:00:00,486 days,100.0,50.172847177580785,120.60989523908307,65.78267020788806,-34.21732979211194,-70.17976286600607,29.372427983539097,100.0,58.400720705275496,451 days 16:00:00,47,0.0,24,30.434782608695656,44.03656199321837,-12.71645736946464,12.089956535233751,-6.9351092296364465,6 days 23:51:25.714285714,5 days 20:15:00,0.608495617035359,-1.493823962949406,-0.3412221837649949,-0.4621111066781605,0.9804261524911677,-0.48416940506204953,long
3945,"{'window_k': 237, 'window_d': 102, 'window_ma': 147}","open_time
2022-01-01 00:00:00    100.000000
2022-01-01 01:00:00    100.000000
2022-01-01 02:00:00    100.000000
2022-01-01 03:00:00    100.000000
2022-01-01 04:00:00    100.000000
                          ...    
2023-05-01 19:00:00     63.524217
2023-05-01 20:00:00     63.378331
2023-05-01 21:00:00     63.697457
2023-05-01 22:00:00     63.980111
2023-05-01 23:00:00     63.980111
Freq: H, Length: 11664, dtype: float64",2022-01-01,2023-05-01 23:00:00,486 days,100.0,50.16150295920672,130.81276735846507,63.98011080026715,-36.01988919973285,-70.17976286600607,39.20610425240055,100.0,61.65397004273321,355 days 14:00:00,63,0.0,32,35.483870967741936,30.919166825912487,-25.375982042648708,12.997638357186803,-8.158287267004368,8 days 14:54:32.727272727,4 days 15:42:00,0.7552978701912811,-1.157520035915181,-0.14105867995152632,-0.4621821469691797,0.9922391880525834,-0.21304374738357895,long
1205,"{'window_k': 72, 'window_d': 177, 'window_ma': 87}","open_time
2022-01-01 00:00:00    100.000000
2022-01-01 01:00:00    100.000000
2022-01-01 02:00:00    100.000000
2022-01-01 03:00:00    100.000000
2022-01-01 04:00:00    100.000000
                          ...    
2023-05-01 19:00:00     57.037115
2023-05-01 20:00:00     57.037115
2023-05-01 21:00:00     57.037115
2023-05-01 22:00:00     57.037115
2023-05-01 23:00:00     57.037115
Freq: H, Length: 11664, dtype: float64",2022-01-01,2023-05-01 23:00:00,486 days,100.0,35.09349645129532,137.02737068612035,57.037115110724976,-42.962884889275024,-70.17976286600607,37.08847736625515,100.0,74.3894257945869,391 days 18:00:00,58,0.0,29,34.48275862068966,31.803527403754998,-29.682583116705423,15.010749390298317,-9.300322644998984,9 days 09:06:00,4 days 13:12:37.894736842,0.6970006338260306,-1.4814787892853456,-0.4486381679479991,-0.4625055129058352,0.9777504400249055,-0.6182087715954059,long
3481,"{'window_k': 207, 'window_d': 147, 'window_ma': 147}","open_time
2022-01-01 00:00:00    100.000000
2022-01-01 01:00:00    100.000000
2022-01-01 02:00:00    100.000000
2022-01-01 03:00:00    100.000000
2022-01-01 04:00:00    100.000000
                          ...    
2023-05-01 19:00:00     61.826309
2023-05-01 20:00:00     61.684322
2023-05-01 21:00:00     61.994918
2023-05-01 22:00:00     62.270017
2023-05-01 23:00:00     62.270017
Freq: H, Length: 11664, dtype: float64",2022-01-01,2023-05-01 23:00:00,486 days,100.0,48.48652325606522,137.42559390169347,62.27001727744526,-37.72998272255474,-70.17976286600607,36.411179698216735,100.0,64.71798165140203,349 days 17:00:00,47,0.0,24,34.78260869565217,31.48042024832855,-23.145400593471816,12.903575173846162,-8.762909973440019,9 days 13:00:00,6 days 14:28:00,0.6845394062515744,-1.6331031992855563,-0.307240308469504,-0.46255413635923753,0.9839427756213102,-0.4499267635271013,long
2149,"{'window_k': 132, 'window_d': 102, 'window_ma': 87}","open_time
2022-01-01 00:00:00    100.000000
2022-01-01 01:00:00    100.000000
2022-01-01 02:00:00    100.000000
2022-01-01 03:00:00    100.000000
2022-01-01 04:00:00    100.000000
                          ...    
2023-05-01 19:00:00     67.037824
2023-05-01 20:00:00     67.037824
2023-05-01 21:00:00     67.037824
2023-05-01 22:00:00     67.037824
2023-05-01 23:00:00     67.037824
Freq: H, Length: 11664, dtype: float64",2022-01-01,2023-05-01 23:00:00,486 days,100.0,53.671359190773025,122.1541947967298,67.03782428072863,-32.96217571927137,-70.17976286600607,39.14609053497942,100.0,56.062614730435875,451 days 16:00:00,76,0.0,38,34.21052631578947,32.62004175365346,-23.500220555800606,11.515119825038932,-6.60012807969677,6 days 17:55:23.076923077,4 days 02:26:24,0.774609007445241,-0.8674256768229314,-0.16148936238197528,-0.46276524472098524,0.9916911514326592,-0.2288123770419532,long
2724,"{'window_k': 162, 'window_d': 162, 'window_ma': 72}","open_time
2022-01-01 00:00:00    100.000000
2022-01-01 01:00:00    100.000000
2022-01-01 02:00:00    100.000000
2022-01-01 03:00:00    100.000000
2022-01-01 04:00:00    100.000000
                          ...    
2023-05-01 19:00:00     63.100663
2023-05-01 20:00:00     62.955750
2023-05-01 21:00:00     63.272748
2023-05-01 22:00:00     63.553517
2023-05-01 23:00:00     63.553517
Freq: H, Length: 11664, dtype: float64",2022-01-01,2023-05-01 23:00:00,486 days,100.0,48.65951156466563,129.2292659787048,63.55351736367558,-36.44648263632442,-70.17976286600607,29.50102880658436,100.0,62.34636852871699,391 days 18:00:00,51,0.0,26,36.0,31.570968353230995,-21.59383033419023,8.54715905878393,-6.804876158235601,6 days 08:26:40,5 days 06:48:45,0.6015470332829416,-1.4422811310386234,-0.39762108272693836,-0.4627972147940013,0.9781211586947198,-0.5559761922390498,long
3934,"{'window_k': 237, 'window_d': 87, 'window_ma': 222}","open_time
2022-01-01 00:00:00    100.000000
2022-01-01 01:00:00    100.000000
2022-01-01 02:00:00    100.000000
2022-01-01 03:00:00    100.000000
2022-01-01 04:00:00    100.000000
                          ...    
2023-05-01 19:00:00     62.103023
2023-05-01 20:00:00     61.960401
2023-05-01 21:00:00     62.272387
2023-05-01 22:00:00     62.548717
2023-05-01 23:00:00     62.548717
Freq: H, Length: 11664, dtype: float64",2022-01-01,2023-05-01 23:00:00,486 days,100.0,48.769901198612175,136.02052724970838,62.54871707070331,-37.45128292929669,-70.17976286600607,40.39780521262003,100.0,64.1451902997849,355 days 14:00:00,69,0.0,35,32.35294117647059,30.374716124148364,-20.949099799955547,15.910905514519955,-8.416815344914173,9 days 10:32:43.636363636,3 days 21:02:36.521739130,0.7824734494590273,-1.1122574156660443,-0.13982898098251512,-0.46301506925478875,0.9925181406201098,-0.21102451378501963,long
3215,"{'window_k': 192, 'window_d': 132, 'window_ma': 237}","open_time
2022-01-01 00:00:00    100.000000
2022-01-01 01:00:00    100.000000
2022-01-01 02:00:00    100.000000
2022-01-01 03:00:00    100.000000
2022-01-01 04:00:00    100.000000
                          ...    
2023-05-01 19:00:00     64.384410
2023-05-01 20:00:00     64.236548
2023-05-01 21:00:00     64.559995
2023-05-01 22:00:00     64.846477
2023-05-01 23:00:00     64.846477
Freq: H, Length: 11664, dtype: float64",2022-01-01,2023-05-01 23:00:00,486 days,100.0,54.63203257304127,136.36922464758385,64.84647664325493,-35.15352335674507,-70.17976286600607,40.73216735253772,100.0,59.93815121100402,391 days 18:00:00,57,0.0,29,28.57142857142857,38.28917486752461,-14.878216911764705,15.565414081236362,-7.283855977304214,10 days 03:45:00,5 days 17:15:00,0.7313501785330077,-1.2294091987798157,-0.18269260732724252,-0.4633008179656346,0.9907837210226097,-0.2627638669149137,long
2123,"{'window_k': 132, 'window_d': 72, 'window_ma': 177}","open_time
2022-01-01 00:00:00    100.000000
2022-01-01 01:00:00    100.000000
2022-01-01 02:00:00    100.000000
2022-01-01 03:00:00    100.000000
2022-01-01 04:00:00    100.000000
                          ...    
2023-05-01 19:00:00     66.652997
2023-05-01 20:00:00     66.499926
2023-05-01 21:00:00     66.834769
2023-05-01 22:00:00     67.131345
2023-05-01 23:00:00     67.131345
Freq: H, Length: 11664, dtype: float64",2022-01-01,2023-05-01 23:00:00,486 days,100.0,45.63412167244145,110.32207786585303,67.13134519941168,-32.86865480058832,-70.17976286600607,38.237311385459535,100.0,55.817893105151214,194 days 16:00:00,91,0.0,46,35.55555555555556,24.895551732612432,-20.71468453378002,9.985026584230093,-6.1307798027912375,5 days 21:07:30,2 days 23:31:02.068965517,0.7825126793897109,-0.7055404599857411,-0.09810349952691003,-0.46340432223574873,0.9944663607646191,-0.1493315609805631,long
3251,"{'window_k': 192, 'window_d': 177, 'window_ma': 57}","open_time
2022-01-01 00:00:00    100.000000
2022-01-01 01:00:00    100.000000
2022-01-01 02:00:00    100.000000
2022-01-01 03:00:00    100.000000
2022-01-01 04:00:00    100.000000
                          ...    
2023-05-01 19:00:00     64.332329
2023-05-01 20:00:00     64.184588
2023-05-01 21:00:00     64.507773
2023-05-01 22:00:00     64.794023
2023-05-01 23:00:00     64.794023
Freq: H, Length: 11664, dtype: float64",2022-01-01,2023-05-01 23:00:00,486 days,100.0,49.32779021472516,123.26952236542839,64.79402262173707,-35.20597737826293,-70.17976286600607,24.151234567901234,100.0,59.98379058491475,424 days 03:00:00,47,0.0,24,30.434782608695656,32.15731636784266,-16.453070597822066,9.403612722618819,-6.523440539716945,5 days 05:25:42.857142857,4 days 14:36:00,0.5650486659084124,-1.5439432558803676,-0.5007314521731878,-0.46367992085538917,0.968088226664971,-0.6979634112588713,long
1473,"{'window_k': 87, 'window_d': 192, 'window_ma': 27}","open_time
2022-01-01 00:00:00    100.000000
2022-01-01 01:00:00    100.000000
2022-01-01 02:00:00    100.000000
2022-01-01 03:00:00    100.000000
2022-01-01 04:00:00    100.000000
                          ...    
2023-05-01 19:00:00     62.347923
2023-05-01 20:00:00     62.204738
2023-05-01 21:00:00     62.517954
2023-05-01 22:00:00     62.795375
2023-05-01 23:00:00     62.795375
Freq: H, Length: 11664, dtype: float64",2022-01-01,2023-05-01 23:00:00,486 days,100.0,45.025129286083036,123.69554810914313,62.79537455227138,-37.20462544772862,-70.17976286600607,19.230109739369,100.0,63.60004060424633,451 days 16:00:00,51,0.0,26,24.0,19.27557044838042,-15.651572078307291,10.059613044492991,-5.11913620305033,4 days 17:50:00,3 days 08:00:00,0.522078373350819,-1.472792678700094,-0.7100062649613629,-0.4637117941371109,0.9528533257824658,-0.9746691960108098,long
3071,"{'window_k': 177, 'window_d': 237, 'window_ma': 237}","open_time
2022-01-01 00:00:00    100.000000
2022-01-01 01:00:00    100.000000
2022-01-01 02:00:00    100.000000
2022-01-01 03:00:00    100.000000
2022-01-01 04:00:00    100.000000
                          ...    
2023-05-01 19:00:00     70.400405
2023-05-01 20:00:00     70.400405
2023-05-01 21:00:00     70.400405
2023-05-01 22:00:00     70.400405
2023-05-01 23:00:00     70.400405
Freq: H, Length: 11664, dtype: float64",2022-01-01,2023-05-01 23:00:00,486 days,100.0,59.24927168008423,118.38126749809112,70.4004053068045,-29.599594693195495,-70.17976286600607,34.044924554183815,100.0,49.95046688358899,451 days 16:00:00,36,0.0,18,33.33333333333333,42.996363636363625,-19.44696282864915,13.528188496832493,-8.354421931761925,13 days 00:40:00,7 days 06:35:00,0.6460938240770331,-1.6444219273997502,-0.22166547089477684,-0.46388176706773326,0.9882545880097797,-0.3106523094492128,long
2838,"{'window_k': 177, 'window_d': 27, 'window_ma': 102}","open_time
2022-01-01 00:00:00    100.00000
2022-01-01 01:00:00    100.00000
2022-01-01 02:00:00    100.00000
2022-01-01 03:00:00    100.00000
2022-01-01 04:00:00    100.00000
                         ...    
2023-05-01 19:00:00     61.00131
2023-05-01 20:00:00     61.00131
2023-05-01 21:00:00     61.00131
2023-05-01 22:00:00     61.00131
2023-05-01 23:00:00     61.00131
Freq: H, Length: 11664, dtype: float64",2022-01-01,2023-05-01 23:00:00,486 days,100.0,36.166728340345074,108.96326216580113,61.001310023571065,-38.998689976428935,-70.17976286600607,36.74554183813443,100.0,66.80832821863125,469 days 22:00:00,194,0.0,97,31.958762886597935,25.011215791834886,-14.512437051732041,7.657265065067633,-3.9636383545900955,3 days 02:27:05.806451612,1 days 05:58:10.909090909,0.7741559043778385,-0.402048350272463,-0.19114938939784207,-0.4641699130926059,0.9888986467353958,-0.2939087183610837,long
2402,"{'window_k': 147, 'window_d': 102, 'window_ma': 42}","open_time
2022-01-01 00:00:00    100.000000
2022-01-01 01:00:00    100.000000
2022-01-01 02:00:00    100.000000
2022-01-01 03:00:00    100.000000
2022-01-01 04:00:00    100.000000
                          ...    
2023-05-01 19:00:00     64.085932
2023-05-01 20:00:00     64.085932
2023-05-01 21:00:00     64.085932
2023-05-01 22:00:00     64.085932
2023-05-01 23:00:00     64.085932
Freq: H, Length: 11664, dtype: float64",2022-01-01,2023-05-01 23:00:00,486 days,100.0,47.76366723527998,123.0866941886313,64.08593245871324,-35.914067541286755,-70.17976286600607,29.50102880658436,100.0,61.19510110322584,451 days 16:00:00,72,0.0,36,27.77777777777778,29.635949943117197,-20.17730894400181,11.391644891182503,-5.460733469974429,5 days 13:54:00,3 days 08:50:46.153846153,0.6871247009033197,-0.9976129872579653,-0.3386163005613871,-0.4641966439048825,0.9796444917913741,-0.4753654460714845,long
1076,"{'window_k': 72, 'window_d': 57, 'window_ma': 72}","open_time
2022-01-01 00:00:00    100.000000
2022-01-01 01:00:00    100.000000
2022-01-01 02:00:00    100.000000
2022-01-01 03:00:00    100.000000
2022-01-01 04:00:00    100.000000
                          ...    
2023-05-01 19:00:00     62.971614
2023-05-01 20:00:00     62.971614
2023-05-01 21:00:00     62.971614
2023-05-01 22:00:00     62.971614
2023-05-01 23:00:00     62.971614
Freq: H, Length: 11664, dtype: float64",2022-01-01,2023-05-01 23:00:00,486 days,100.0,52.56821124630326,142.85247910606225,62.97161391102384,-37.02838608897616,-70.17976286600607,41.03223593964335,100.0,63.201050779613375,355 days 14:00:00,130,0.0,65,36.92307692307693,22.99802761341224,-18.94652283681432,6.759654692466204,-4.675056873283579,4 days 01:07:30,2 days 11:52:40.975609756,0.7832843960942011,-0.5696674782919411,-0.1262625002251814,-0.46428853674972514,0.9931470150279985,-0.19434277151721335,long
478,"{'window_k': 27, 'window_d': 207, 'window_ma': 222}","open_time
2022-01-01 00:00:00    100.000000
2022-01-01 01:00:00    100.000000
2022-01-01 02:00:00    100.000000
2022-01-01 03:00:00    100.000000
2022-01-01 04:00:00    100.000000
                          ...    
2023-05-01 19:00:00     64.947572
2023-05-01 20:00:00     64.798418
2023-05-01 21:00:00     65.124694
2023-05-01 22:00:00     65.413681
2023-05-01 23:00:00     65.413681
Freq: H, Length: 11664, dtype: float64",2022-01-01,2023-05-01 23:00:00,486 days,100.0,52.6959319501163,127.8172647962664,65.4136808773844,-34.586319122615606,-70.17976286600607,36.41975308641975,100.0,58.772445933567205,391 days 18:00:00,71,0.0,36,28.57142857142857,34.367076262921756,-14.320871909058951,13.196920965518121,-6.172495565899327,8 days 13:24:00,3 days 13:16:48,0.7411774415342361,-0.9855170686480585,-0.3132160122180395,-0.46442537163230996,0.9844587723465464,-0.4362490310809441,long
507,"{'window_k': 27, 'window_d': 237, 'window_ma': 177}","open_time
2022-01-01 00:00:00    100.000000
2022-01-01 01:00:00    100.000000
2022-01-01 02:00:00    100.000000
2022-01-01 03:00:00    100.000000
2022-01-01 04:00:00    100.000000
                          ...    
2023-05-01 19:00:00     60.910610
2023-05-01 20:00:00     60.770727
2023-05-01 21:00:00     61.076722
2023-05-01 22:00:00     61.347747
2023-05-01 23:00:00     61.347747
Freq: H, Length: 11664, dtype: float64",2022-01-01,2023-05-01 23:00:00,486 days,100.0,41.15473924605645,121.44759517468275,61.347746779145304,-38.652253220854696,-70.17976286600607,27.734910836762687,100.0,66.11317071625666,451 days 16:00:00,57,0.0,29,32.142857142857146,33.91540551028329,-22.08173402573944,11.70413242247812,-7.061888683227813,6 days 20:00:00,3 days 17:50:31.578947368,0.6155270546474262,-1.3542094205973716,-0.5498336456446903,-0.4646028527321009,0.9693855459070724,-0.7558185763320532,long
751,"{'window_k': 42, 'window_d': 222, 'window_ma': 237}","open_time
2022-01-01 00:00:00    100.000000
2022-01-01 01:00:00    100.000000
2022-01-01 02:00:00    100.000000
2022-01-01 03:00:00    100.000000
2022-01-01 04:00:00    100.000000
                          ...    
2023-05-01 19:00:00     55.574089
2023-05-01 20:00:00     55.446461
2023-05-01 21:00:00     55.725648
2023-05-01 22:00:00     55.972927
2023-05-01 23:00:00     55.972927
Freq: H, Length: 11664, dtype: float64",2022-01-01,2023-05-01 23:00:00,486 days,100.0,36.22760595844652,150.64373948464913,55.972927494508234,-44.027072505491766,-70.17976286600607,36.33401920438957,100.0,75.95146928615763,391 days 18:00:00,59,0.0,30,41.37931034482759,29.674231897483388,-42.60418428917836,10.522343551911,-9.07250745224327,8 days 11:10:00,4 days 07:17:38.823529411,0.6363269338009775,-1.520375399600928,-0.4804766565548448,-0.4651235524763263,0.9758339734089237,-0.6467664516244245,long
1507,"{'window_k': 87, 'window_d': 222, 'window_ma': 57}","open_time
2022-01-01 00:00:00    100.000000
2022-01-01 01:00:00    100.000000
2022-01-01 02:00:00    100.000000
2022-01-01 03:00:00    100.000000
2022-01-01 04:00:00    100.000000
                          ...    
2023-05-01 19:00:00     63.054414
2023-05-01 20:00:00     62.909607
2023-05-01 21:00:00     63.226372
2023-05-01 22:00:00     63.506936
2023-05-01 23:00:00     63.506936
Freq: H, Length: 11664, dtype: float64",2022-01-01,2023-05-01 23:00:00,486 days,100.0,43.34586438590962,114.26171833286182,63.506935755387964,-36.493064244612036,-70.17976286600607,23.69684499314129,100.0,62.064403530466336,391 days 18:00:00,49,0.0,25,33.33333333333333,26.94444444444445,-14.524881653388757,9.975022163466365,-7.085815560814231,5 days 21:45:00,4 days 05:30:00,0.5833114575022728,-1.536005511438967,-0.6078878938254256,-0.46553082495287923,0.9632986600608062,-0.8439598231096264,long
483,"{'window_k': 27, 'window_d': 222, 'window_ma': 57}","open_time
2022-01-01 00:00:00    100.000000
2022-01-01 01:00:00    100.000000
2022-01-01 02:00:00    100.000000
2022-01-01 03:00:00    100.000000
2022-01-01 04:00:00    100.000000
                          ...    
2023-05-01 19:00:00     59.819754
2023-05-01 20:00:00     59.682375
2023-05-01 21:00:00     59.982891
2023-05-01 22:00:00     60.249061
2023-05-01 23:00:00     60.249061
Freq: H, Length: 11664, dtype: float64",2022-01-01,2023-05-01 23:00:00,486 days,100.0,39.345474223160984,122.84612540277851,60.2490614127806,-39.7509385872194,-70.17976286600607,25.214334705075448,100.0,67.97174180776314,451 days 16:00:00,63,0.0,32,29.03225806451613,34.6493812610489,-16.789623988576874,10.694904251182205,-5.937828170959506,4 days 12:53:20,3 days 14:30:00,0.5945377878089136,-1.2592995994486091,-0.6143272961632752,-0.4656397546244377,0.9638651542198379,-0.8417778808007518,long
1969,"{'window_k': 117, 'window_d': 177, 'window_ma': 27}","open_time
2022-01-01 00:00:00    100.000000
2022-01-01 01:00:00    100.000000
2022-01-01 02:00:00    100.000000
2022-01-01 03:00:00    100.000000
2022-01-01 04:00:00    100.000000
                          ...    
2023-05-01 19:00:00     59.984937
2023-05-01 20:00:00     59.847179
2023-05-01 21:00:00     60.148524
2023-05-01 22:00:00     60.415430
2023-05-01 23:00:00     60.415430
Freq: H, Length: 11664, dtype: float64",2022-01-01,2023-05-01 23:00:00,486 days,100.0,41.377790666928796,127.9383460448337,60.41543034607869,-39.58456965392131,-70.17976286600607,22.333676268861456,100.0,67.65802283200637,424 days 03:00:00,53,0.0,27,38.46153846153847,23.83320581484317,-21.93840840408691,8.020168411756998,-7.321990253297149,3 days 16:24:00,4 days 09:07:30,0.5863042328677972,-1.5151981769217198,-0.648967058666726,-0.46570451224996684,0.9576792931303286,-0.9010150296803048,long
1212,"{'window_k': 72, 'window_d': 177, 'window_ma': 192}","open_time
2022-01-01 00:00:00    100.000000
2022-01-01 01:00:00    100.000000
2022-01-01 02:00:00    100.000000
2022-01-01 03:00:00    100.000000
2022-01-01 04:00:00    100.000000
                          ...    
2023-05-01 19:00:00     56.073839
2023-05-01 20:00:00     55.945063
2023-05-01 21:00:00     56.226760
2023-05-01 22:00:00     56.476263
2023-05-01 23:00:00     56.476263
Freq: H, Length: 11664, dtype: float64",2022-01-01,2023-05-01 23:00:00,486 days,100.0,34.50437188282738,137.02737068612035,56.47626328337013,-43.52373671662987,-70.17976286600607,40.37208504801097,100.0,74.81935783335997,391 days 18:00:00,57,0.0,29,32.142857142857146,48.690707765973364,-29.68258311670543,18.039952810507685,-9.653623061335988,10 days 16:06:39.999999999,5 days 03:25:15.789473684,0.687664288822654,-1.5279741256872175,-0.40583352848038173,-0.4663302049186152,0.9805211143585671,-0.5624409959714293,long
4006,"{'window_k': 237, 'window_d': 162, 'window_ma': 102}","open_time
2022-01-01 00:00:00    100.000000
2022-01-01 01:00:00    100.000000
2022-01-01 02:00:00    100.000000
2022-01-01 03:00:00    100.000000
2022-01-01 04:00:00    100.000000
                          ...    
2023-05-01 19:00:00     66.711683
2023-05-01 20:00:00     66.558477
2023-05-01 21:00:00     66.893615
2023-05-01 22:00:00     67.190452
2023-05-01 23:00:00     67.190452
Freq: H, Length: 11664, dtype: float64",2022-01-01,2023-05-01 23:00:00,486 days,100.0,54.71836480260622,122.55480607082632,67.19045170568484,-32.809548294315164,-70.17976286600607,30.10973936899863,100.0,55.35192249336707,451 days 16:00:00,47,0.0,24,17.391304347826086,34.50343718004974,-11.929405520169851,18.99046250704086,-5.397527103765702,10 days 01:30:00,5 days 13:34:44.210526315,0.6141130708234116,-1.4173430392257584,-0.25682954179021145,-0.46641988380639654,0.9850045768368718,-0.3707964255963544,long
1277,"{'window_k': 72, 'window_d': 237, 'window_ma': 207}","open_time
2022-01-01 00:00:00    100.000000
2022-01-01 01:00:00    100.000000
2022-01-01 02:00:00    100.000000
2022-01-01 03:00:00    100.000000
2022-01-01 04:00:00    100.000000
                          ...    
2023-05-01 19:00:00     62.212539
2023-05-01 20:00:00     62.212539
2023-05-01 21:00:00     62.212539
2023-05-01 22:00:00     62.212539
2023-05-01 23:00:00     62.212539
Freq: H, Length: 11664, dtype: float64",2022-01-01,2023-05-01 23:00:00,486 days,100.0,43.9629912087529,123.08773550999659,62.2125388920681,-37.7874611079319,-70.17976286600607,35.348079561042525,100.0,64.28320739950372,430 days 01:00:00,48,0.0,24,37.5,39.27621861152142,-26.82792136072453,11.735551101555961,-8.78739258076738,9 days 01:40:00,6 days 00:16:00,0.6156648026942667,-1.5744775461638292,-0.4119644767961599,-0.4664382536241149,0.9791143786009492,-0.5743468967391466,long
455,"{'window_k': 27, 'window_d': 192, 'window_ma': 117}","open_time
2022-01-01 00:00:00    100.000000
2022-01-01 01:00:00    100.000000
2022-01-01 02:00:00    100.000000
2022-01-01 03:00:00    100.000000
2022-01-01 04:00:00    100.000000
                          ...    
2023-05-01 19:00:00     60.472220
2023-05-01 20:00:00     60.333343
2023-05-01 21:00:00     60.637136
2023-05-01 22:00:00     60.906210
2023-05-01 23:00:00     60.906210
Freq: H, Length: 11664, dtype: float64",2022-01-01,2023-05-01 23:00:00,486 days,100.0,43.88412269498436,131.5804994104064,60.906209977073,-39.093790022927,-70.17976286600607,33.03326474622771,100.0,66.6484601505368,451 days 16:00:00,75,0.0,38,24.324324324324326,35.2986512524085,-12.953060011883535,14.238639902123898,-5.648549019094768,8 days 05:00:00,2 days 23:55:42.857142857,0.7088234960172592,-1.0533046680116618,-0.46084168706855816,-0.46649551089008423,0.9760995539203066,-0.6442412682242498,long
1523,"{'window_k': 87, 'window_d': 237, 'window_ma': 57}","open_time
2022-01-01 00:00:00    100.000000
2022-01-01 01:00:00    100.000000
2022-01-01 02:00:00    100.000000
2022-01-01 03:00:00    100.000000
2022-01-01 04:00:00    100.000000
                          ...    
2023-05-01 19:00:00     66.288429
2023-05-01 20:00:00     66.288429
2023-05-01 21:00:00     66.288429
2023-05-01 22:00:00     66.288429
2023-05-01 23:00:00     66.288429
Freq: H, Length: 11664, dtype: float64",2022-01-01,2023-05-01 23:00:00,486 days,100.0,45.619676896706316,105.71495218101236,66.28842861623802,-33.71157138376198,-70.17976286600607,22.34224965706447,100.0,56.8465236416196,469 days 22:00:00,50,0.0,25,40.0,26.429361859092577,-18.628411476557034,7.166598675734255,-6.759536315981481,4 days 23:48:00,3 days 21:52:00,0.5589387297735128,-1.348462855350478,-0.5827599907193012,-0.467336217123883,0.9638046027406995,-0.809804165130461,long
2425,"{'window_k': 147, 'window_d': 117, 'window_ma': 147}","open_time
2022-01-01 00:00:00    100.000000
2022-01-01 01:00:00    100.000000
2022-01-01 02:00:00    100.000000
2022-01-01 03:00:00    100.000000
2022-01-01 04:00:00    100.000000
                          ...    
2023-05-01 19:00:00     61.332751
2023-05-01 20:00:00     61.191898
2023-05-01 21:00:00     61.500014
2023-05-01 22:00:00     61.772917
2023-05-01 23:00:00     61.772917
Freq: H, Length: 11664, dtype: float64",2022-01-01,2023-05-01 23:00:00,486 days,100.0,48.979072233655444,139.7331309702105,61.77291729112529,-38.22708270887471,-70.17976286600607,42.03532235939643,100.0,64.9481322764483,391 days 18:00:00,67,0.0,34,30.303030303030305,33.7511545058715,-25.053824362606242,13.038230687756288,-6.842043193926821,8 days 04:54:00,5 days 03:52:10.434782608,0.7261792062420025,-1.1776036958431457,-0.22864615027021756,-0.4673892113995654,0.9888699825420678,-0.3250866962629403,long
2939,"{'window_k': 177, 'window_d': 117, 'window_ma': 177}","open_time
2022-01-01 00:00:00    100.000000
2022-01-01 01:00:00    100.000000
2022-01-01 02:00:00    100.000000
2022-01-01 03:00:00    100.000000
2022-01-01 04:00:00    100.000000
                          ...    
2023-05-01 19:00:00     62.386355
2023-05-01 20:00:00     62.243083
2023-05-01 21:00:00     62.556492
2023-05-01 22:00:00     62.834083
2023-05-01 23:00:00     62.834083
Freq: H, Length: 11664, dtype: float64",2022-01-01,2023-05-01 23:00:00,486 days,100.0,48.48984889421261,130.84280409587038,62.83408291140428,-37.16591708859572,-70.17976286600607,38.20301783264746,100.0,62.940377784411126,451 days 16:00:00,63,0.0,32,38.70967741935484,34.40078310725773,-23.720982645931944,11.064527559647397,-8.253436486639226,7 days 00:35:00,5 days 04:06:18.947368421,0.7242552555086337,-1.2133433751039941,-0.17494274674211324,-0.4680532730905846,0.99035964121798,-0.2618771770824638,long
2216,"{'window_k': 132, 'window_d': 162, 'window_ma': 132}","open_time
2022-01-01 00:00:00    100.000000
2022-01-01 01:00:00    100.000000
2022-01-01 02:00:00    100.000000
2022-01-01 03:00:00    100.000000
2022-01-01 04:00:00    100.000000
                          ...    
2023-05-01 19:00:00     61.082897
2023-05-01 20:00:00     60.942618
2023-05-01 21:00:00     61.249479
2023-05-01 22:00:00     61.521270
2023-05-01 23:00:00     61.521270
Freq: H, Length: 11664, dtype: float64",2022-01-01,2023-05-01 23:00:00,486 days,100.0,47.42380607910227,136.43604613434655,61.521270176008116,-38.478729823991884,-70.17976286600607,36.89128943758573,100.0,65.24099941125182,391 days 18:00:00,53,0.0,27,30.76923076923077,36.66220835190966,-26.321913380736913,18.313603738023946,-9.270086955879155,9 days 12:30:00,5 days 14:50:00,0.7315929121957746,-1.4786023070030305,-0.3272607275171299,-0.46855873573876267,0.9832170370328398,-0.4550142731346324,long
1075,"{'window_k': 72, 'window_d': 57, 'window_ma': 57}","open_time
2022-01-01 00:00:00    100.000000
2022-01-01 01:00:00    100.000000
2022-01-01 02:00:00    100.000000
2022-01-01 03:00:00    100.000000
2022-01-01 04:00:00    100.000000
                          ...    
2023-05-01 19:00:00     64.432089
2023-05-01 20:00:00     64.432089
2023-05-01 21:00:00     64.432089
2023-05-01 22:00:00     64.432089
2023-05-01 23:00:00     64.432089
Freq: H, Length: 11664, dtype: float64",2022-01-01,2023-05-01 23:00:00,486 days,100.0,49.58634949815134,123.91309123291133,64.43208865324115,-35.56791134675885,-70.17976286600607,37.68004115226338,100.0,59.982961441138514,391 days 18:00:00,130,0.0,65,36.92307692307693,22.99802761341224,-18.946522836814324,6.024827910163169,-4.2409718876557125,3 days 07:20:00,2 days 12:45:21.951219512,0.7516395194199459,-0.5471986361039818,-0.1347652267412712,-0.46873855896863625,0.9922043220118253,-0.20905411051846637,long
1985,"{'window_k': 117, 'window_d': 192, 'window_ma': 27}","open_time
2022-01-01 00:00:00    100.000000
2022-01-01 01:00:00    100.000000
2022-01-01 02:00:00    100.000000
2022-01-01 03:00:00    100.000000
2022-01-01 04:00:00    100.000000
                          ...    
2023-05-01 19:00:00     61.232262
2023-05-01 20:00:00     61.091639
2023-05-01 21:00:00     61.399251
2023-05-01 22:00:00     61.671707
2023-05-01 23:00:00     61.671707
Freq: H, Length: 11664, dtype: float64",2022-01-01,2023-05-01 23:00:00,486 days,100.0,43.5213971807694,124.07170294494236,61.67170658068718,-38.32829341931282,-70.17976286600607,21.83641975308642,100.0,64.92238266441599,451 days 16:00:00,51,0.0,26,28.000000000000004,19.195475885616716,-17.39915713425647,9.88180972516599,-6.003762426033047,4 days 17:51:25.714285714,3 days 23:50:00,0.550767410417109,-1.5640686624051232,-0.6945127121899782,-0.46889485720684476,0.956468104585788,-0.9553524540190667,long
3324,"{'window_k': 192, 'window_d': 237, 'window_ma': 192}","open_time
2022-01-01 00:00:00    100.000000
2022-01-01 01:00:00    100.000000
2022-01-01 02:00:00    100.000000
2022-01-01 03:00:00    100.000000
2022-01-01 04:00:00    100.000000
                          ...    
2023-05-01 19:00:00     65.331858
2023-05-01 20:00:00     65.331858
2023-05-01 21:00:00     65.331858
2023-05-01 22:00:00     65.331858
2023-05-01 23:00:00     65.331858
Freq: H, Length: 11664, dtype: float64",2022-01-01,2023-05-01 23:00:00,486 days,100.0,52.95829548197239,127.12513852720562,65.33185784326042,-34.66814215673958,-70.17976286600607,36.179698216735254,100.0,58.34160253784978,424 days 03:00:00,36,0.0,18,33.33333333333333,41.086289969338594,-21.93644120192903,15.151803879315482,-9.578523502995955,12 days 01:49:59.999999999,8 days 14:45:00,0.6279080752676546,-1.9260078975966426,-0.31122019224662484,-0.46902596486002124,0.9839883980395863,-0.4337749166745639,long
1189,"{'window_k': 72, 'window_d': 162, 'window_ma': 87}","open_time
2022-01-01 00:00:00    100.000000
2022-01-01 01:00:00    100.000000
2022-01-01 02:00:00    100.000000
2022-01-01 03:00:00    100.000000
2022-01-01 04:00:00    100.000000
                          ...    
2023-05-01 19:00:00     60.156033
2023-05-01 20:00:00     60.156033
2023-05-01 21:00:00     60.156033
2023-05-01 22:00:00     60.156033
2023-05-01 23:00:00     60.156033
Freq: H, Length: 11664, dtype: float64",2022-01-01,2023-05-01 23:00:00,486 days,100.0,40.40246297882288,124.88647659276377,60.15603320588608,-39.84396679411392,-70.17976286600607,38.32304526748971,100.0,67.64864853176272,451 days 16:00:00,70,0.0,35,34.285714285714285,38.89040721508609,-20.20006820506992,12.493143571941207,-7.624747565394761,7 days 08:55:00,4 days 06:02:36.521739130,0.7207137191043975,-1.1383990512603974,-0.3570659102381069,-0.469035549080749,0.9825164287196065,-0.495879345475194,long
2244,"{'window_k': 132, 'window_d': 192, 'window_ma': 72}","open_time
2022-01-01 00:00:00    100.000000
2022-01-01 01:00:00    100.000000
2022-01-01 02:00:00    100.000000
2022-01-01 03:00:00    100.000000
2022-01-01 04:00:00    100.000000
                          ...    
2023-05-01 19:00:00     60.482592
2023-05-01 20:00:00     60.343691
2023-05-01 21:00:00     60.647536
2023-05-01 22:00:00     60.916657
2023-05-01 23:00:00     60.916657
Freq: H, Length: 11664, dtype: float64",2022-01-01,2023-05-01 23:00:00,486 days,100.0,40.88917659394801,121.07654112302573,60.91665656200861,-39.08334343799139,-70.17976286600607,29.706790123456788,100.0,66.22865485362638,453 days 11:00:00,51,0.0,26,40.0,33.467896962706625,-24.359960443907266,8.021863844855927,-7.793172539608917,6 days 00:48:00,5 days 13:20:00,0.546894800429128,-1.6032677007782055,-0.474867890459591,-0.4693184721983213,0.9739133007364352,-0.6575466364853826,long
597,"{'window_k': 42, 'window_d': 87, 'window_ma': 87}","open_time
2022-01-01 00:00:00    100.000000
2022-01-01 01:00:00    100.000000
2022-01-01 02:00:00    100.000000
2022-01-01 03:00:00    100.000000
2022-01-01 04:00:00    100.000000
                          ...    
2023-05-01 19:00:00     63.364833
2023-05-01 20:00:00     63.364833
2023-05-01 21:00:00     63.364833
2023-05-01 22:00:00     63.364833
2023-05-01 23:00:00     63.364833
Freq: H, Length: 11664, dtype: float64",2022-01-01,2023-05-01 23:00:00,486 days,100.0,53.05081335088634,142.2106303895325,63.36483325996528,-36.63516674003472,-70.17976286600607,40.20061728395062,100.0,61.767716418893784,194 days 16:00:00,112,0.0,56,32.142857142857146,31.21311475409837,-16.699073544549922,9.33111880186493,-5.045799280599651,4 days 01:23:20,3 days 05:15:47.368421052,0.7926178088081981,-0.6541994060720477,-0.1394569948435589,-0.4697020237894359,0.9923343091312434,-0.2131933024781169,long
1481,"{'window_k': 87, 'window_d': 192, 'window_ma': 147}","open_time
2022-01-01 00:00:00    100.000000
2022-01-01 01:00:00    100.000000
2022-01-01 02:00:00    100.000000
2022-01-01 03:00:00    100.000000
2022-01-01 04:00:00    100.000000
                          ...    
2023-05-01 19:00:00     56.919026
2023-05-01 20:00:00     56.788309
2023-05-01 21:00:00     57.074252
2023-05-01 22:00:00     57.327516
2023-05-01 23:00:00     57.327516
Freq: H, Length: 11664, dtype: float64",2022-01-01,2023-05-01 23:00:00,486 days,100.0,37.28162757135049,136.23842592604055,57.32751630596918,-42.67248369403082,-70.17976286600607,35.708161865569274,100.0,72.6350129796791,391 days 18:00:00,51,0.0,26,32.0,30.410697230181473,-24.515778019586506,12.836483205391714,-8.218781060303291,9 days 12:00:00,5 days 15:21:10.588235294,0.6162658696654687,-1.6928472844797349,-0.5229718266293583,-0.47022579442215423,0.9739021683594293,-0.7204997483338156,long
1017,"{'window_k': 57, 'window_d': 237, 'window_ma': 147}","open_time
2022-01-01 00:00:00    100.000000
2022-01-01 01:00:00    100.000000
2022-01-01 02:00:00    100.000000
2022-01-01 03:00:00    100.000000
2022-01-01 04:00:00    100.000000
                          ...    
2023-05-01 19:00:00     58.365095
2023-05-01 20:00:00     58.365095
2023-05-01 21:00:00     58.658978
2023-05-01 22:00:00     58.919274
2023-05-01 23:00:00     58.919274
Freq: H, Length: 11664, dtype: float64",2022-01-01,2023-05-01 23:00:00,486 days,100.0,39.27027078608299,129.6243620483915,58.91927380078392,-41.08072619921608,-70.17976286600607,33.01611796982167,100.0,69.70456003368983,391 days 18:00:00,51,0.0,26,36.0,31.645334817288063,-22.721238938053087,10.319395418234956,-8.201074652847604,9 days 01:13:20,4 days 22:15:00,0.5816359391171572,-1.665396196726527,-0.5063634519222454,-0.47036340349737,0.974067654622279,-0.704188539226873,long
2019,"{'window_k': 117, 'window_d': 222, 'window_ma': 57}","open_time
2022-01-01 00:00:00    100.000000
2022-01-01 01:00:00    100.000000
2022-01-01 02:00:00    100.000000
2022-01-01 03:00:00    100.000000
2022-01-01 04:00:00    100.000000
                          ...    
2023-05-01 19:00:00     62.566982
2023-05-01 20:00:00     62.566982
2023-05-01 21:00:00     62.566982
2023-05-01 22:00:00     62.566982
2023-05-01 23:00:00     62.566982
Freq: H, Length: 11664, dtype: float64",2022-01-01,2023-05-01 23:00:00,486 days,100.0,44.45984978695693,120.27023750935388,62.566981761088144,-37.433018238911856,-70.17976286600607,24.97427983539095,100.0,63.03337325371198,424 days 03:00:00,46,0.0,23,30.434782608695656,25.802899614608183,-13.657778668805133,8.533865386408223,-6.038718808165663,5 days 14:08:34.285714285,5 days 03:22:30,0.5061511601672611,-1.6275225321266027,-0.6459604585532862,-0.4709374032715036,0.9617261482892924,-0.8926666874604979,long
3395,"{'window_k': 207, 'window_d': 72, 'window_ma': 57}","open_time
2022-01-01 00:00:00    100.000000
2022-01-01 01:00:00    100.000000
2022-01-01 02:00:00    100.000000
2022-01-01 03:00:00    100.000000
2022-01-01 04:00:00    100.000000
                          ...    
2023-05-01 19:00:00     67.964570
2023-05-01 20:00:00     67.808486
2023-05-01 21:00:00     68.149919
2023-05-01 22:00:00     68.452330
2023-05-01 23:00:00     68.452330
Freq: H, Length: 11664, dtype: float64",2022-01-01,2023-05-01 23:00:00,486 days,100.0,59.60527827271283,125.71504909877964,68.45233023878846,-31.547669761211537,-70.17976286600607,27.974965706447186,100.0,52.58699837449179,355 days 14:00:00,71,0.0,36,40.0,27.081252081252067,-22.063666300768382,8.247621845408615,-6.513760508838337,4 days 00:34:17.142857142,3 days 14:08:34.285714285,0.7444380910420982,-0.894672704202816,-0.14415478045547123,-0.4710923447874216,0.99031462813616,-0.2230510967565501,long
745,"{'window_k': 42, 'window_d': 222, 'window_ma': 147}","open_time
2022-01-01 00:00:00    100.000000
2022-01-01 01:00:00    100.000000
2022-01-01 02:00:00    100.000000
2022-01-01 03:00:00    100.000000
2022-01-01 04:00:00    100.000000
                          ...    
2023-05-01 19:00:00     53.815484
2023-05-01 20:00:00     53.691894
2023-05-01 21:00:00     53.962246
2023-05-01 22:00:00     54.201701
2023-05-01 23:00:00     54.201701
Freq: H, Length: 11664, dtype: float64",2022-01-01,2023-05-01 23:00:00,486 days,100.0,35.08120715255872,161.12669947271408,54.2017009520933,-45.7982990479067,-70.17976286600607,34.66220850480109,100.0,78.22756422904354,391 days 18:00:00,59,0.0,30,41.37931034482759,29.24812030075189,-42.60418428917836,9.859265850315241,-8.92667158695755,7 days 18:45:00,4 days 07:24:42.352941176,0.6338519447642245,-1.5813825440028801,-0.5327135224442742,-0.4713167830654794,0.972490536080119,-0.7147792976219379,long
1196,"{'window_k': 72, 'window_d': 162, 'window_ma': 192}","open_time
2022-01-01 00:00:00    100.000000
2022-01-01 01:00:00    100.000000
2022-01-01 02:00:00    100.000000
2022-01-01 03:00:00    100.000000
2022-01-01 04:00:00    100.000000
                          ...    
2023-05-01 19:00:00     58.396615
2023-05-01 20:00:00     58.262505
2023-05-01 21:00:00     58.555871
2023-05-01 22:00:00     58.815710
2023-05-01 23:00:00     58.815710
Freq: H, Length: 11664, dtype: float64",2022-01-01,2023-05-01 23:00:00,486 days,100.0,38.194177980056004,126.20322713557495,58.81570988978686,-41.18429011021314,-70.17976286600607,40.61213991769547,100.0,69.73597359834105,391 days 18:00:00,67,0.0,34,33.33333333333333,34.654277124897526,-20.200068205069922,13.393030598750569,-8.029155644903717,8 days 11:43:38.181818181,4 days 14:10:54.545454545,0.7048454977063595,-1.262486598205586,-0.35665042210827996,-0.47142415274175553,0.9830499738030353,-0.495090005794302,long
2657,"{'window_k': 162, 'window_d': 102, 'window_ma': 27}","open_time
2022-01-01 00:00:00    100.000000
2022-01-01 01:00:00    100.000000
2022-01-01 02:00:00    100.000000
2022-01-01 03:00:00    100.000000
2022-01-01 04:00:00    100.000000
                          ...    
2023-05-01 19:00:00     65.233385
2023-05-01 20:00:00     65.083574
2023-05-01 21:00:00     65.411286
2023-05-01 22:00:00     65.701545
2023-05-01 23:00:00     65.701545
Freq: H, Length: 11664, dtype: float64",2022-01-01,2023-05-01 23:00:00,486 days,100.0,51.99899344733803,122.02109239729262,65.70154517185169,-34.29845482814831,-70.17976286600607,26.46604938271605,100.0,57.38524182521434,451 days 16:00:00,65,0.0,33,31.25,17.923290833726853,-17.351805587099715,9.738450679888066,-5.770196133088703,4 days 06:48:00,3 days 17:16:21.818181818,0.6634585935931732,-1.073874912468467,-0.4353358127560248,-0.4714671320221093,0.9747153222746201,-0.6038782081707952,long
2418,"{'window_k': 147, 'window_d': 117, 'window_ma': 42}","open_time
2022-01-01 00:00:00    100.000000
2022-01-01 01:00:00    100.000000
2022-01-01 02:00:00    100.000000
2022-01-01 03:00:00    100.000000
2022-01-01 04:00:00    100.000000
                          ...    
2023-05-01 19:00:00     66.683658
2023-05-01 20:00:00     66.683658
2023-05-01 21:00:00     66.683658
2023-05-01 22:00:00     66.683658
2023-05-01 23:00:00     66.683658
Freq: H, Length: 11664, dtype: float64",2022-01-01,2023-05-01 23:00:00,486 days,100.0,56.837172038076986,127.97006548175865,66.6836578954446,-33.3163421045554,-70.17976286600607,27.9320987654321,100.0,55.58557243515768,451 days 16:00:00,66,0.0,33,36.36363636363637,29.380564500852422,-25.053824362606232,8.362839557115882,-5.9369397693979735,4 days 23:20:00,3 days 14:57:08.571428571,0.7161111486518272,-1.009586124380466,-0.3020101299645992,-0.47202643296599106,0.9817574281088727,-0.42969165686220884,long
3211,"{'window_k': 192, 'window_d': 132, 'window_ma': 177}","open_time
2022-01-01 00:00:00    100.000000
2022-01-01 01:00:00    100.000000
2022-01-01 02:00:00    100.000000
2022-01-01 03:00:00    100.000000
2022-01-01 04:00:00    100.000000
                          ...    
2023-05-01 19:00:00     62.880543
2023-05-01 20:00:00     62.736135
2023-05-01 21:00:00     63.052027
2023-05-01 22:00:00     63.331817
2023-05-01 23:00:00     63.331817
Freq: H, Length: 11664, dtype: float64",2022-01-01,2023-05-01 23:00:00,486 days,100.0,51.66687652522451,134.16163316337855,63.33181670244213,-36.66818329755787,-70.17976286600607,39.343278463648836,100.0,61.48908200729345,391 days 18:00:00,57,0.0,29,32.142857142857146,38.289174867524586,-15.955723542116637,13.656609669682283,-7.682814867911299,8 days 23:06:40,5 days 16:41:03.157894736,0.718191204219916,-1.284113218303868,-0.22349548980850312,-0.47228225946476504,0.9885366093798484,-0.3211862218818573,long
2293,"{'window_k': 132, 'window_d': 237, 'window_ma': 87}","open_time
2022-01-01 00:00:00    100.00000
2022-01-01 01:00:00    100.00000
2022-01-01 02:00:00    100.00000
2022-01-01 03:00:00    100.00000
2022-01-01 04:00:00    100.00000
                         ...    
2023-05-01 19:00:00     64.00866
2023-05-01 20:00:00     64.00866
2023-05-01 21:00:00     64.00866
2023-05-01 22:00:00     64.00866
2023-05-01 23:00:00     64.00866
Freq: H, Length: 11664, dtype: float64",2022-01-01,2023-05-01 23:00:00,486 days,100.0,47.453664991877446,119.45143561559401,64.0086595655224,-35.99134043447761,-70.17976286600607,30.984224965706446,100.0,60.27367545034132,451 days 16:00:00,38,0.0,19,31.57894736842105,26.927333087421605,-21.736694677871157,15.789291256820748,-9.345457533426162,9 days 23:40:00,6 days 23:23:04.615384615,0.6174552724155962,-1.8942810754988217,-0.4310039215529987,-0.47236878796401954,0.9765721439692028,-0.5973641809881034,long
132,"{'window_k': 12, 'window_d': 132, 'window_ma': 72}","open_time
2022-01-01 00:00:00    100.000000
2022-01-01 01:00:00    100.000000
2022-01-01 02:00:00    100.000000
2022-01-01 03:00:00    100.000000
2022-01-01 04:00:00    100.000000
                          ...    
2023-05-01 19:00:00     63.877597
2023-05-01 20:00:00     63.877597
2023-05-01 21:00:00     63.877597
2023-05-01 22:00:00     63.877597
2023-05-01 23:00:00     63.877597
Freq: H, Length: 11664, dtype: float64",2022-01-01,2023-05-01 23:00:00,486 days,100.0,57.58105293489971,145.73386468444315,63.8775967166345,-36.1224032833655,-70.17976286600607,34.1820987654321,100.0,60.4889000510762,275 days 07:00:00,142,0.0,71,32.3943661971831,31.785944551902002,-16.10256410256409,7.426116482604487,-4.060229589286581,3 days 22:33:54.782608695,1 days 13:45:00,0.8049008409257536,-0.5087662434276821,-0.3083691676109251,-0.4725069744511262,0.983521524175842,-0.43435071536824116,long
476,"{'window_k': 27, 'window_d': 207, 'window_ma': 192}","open_time
2022-01-01 00:00:00    100.000000
2022-01-01 01:00:00    100.000000
2022-01-01 02:00:00    100.000000
2022-01-01 03:00:00    100.000000
2022-01-01 04:00:00    100.000000
                          ...    
2023-05-01 19:00:00     64.071248
2023-05-01 20:00:00     63.924106
2023-05-01 21:00:00     64.245979
2023-05-01 22:00:00     64.531068
2023-05-01 23:00:00     64.531068
Freq: H, Length: 11664, dtype: float64",2022-01-01,2023-05-01 23:00:00,486 days,100.0,51.984916615616115,127.8172647962664,64.5310675812774,-35.4689324187226,-70.17976286600607,37.53429355281207,100.0,59.32872081210846,391 days 18:00:00,71,0.0,36,28.57142857142857,34.36707626292178,-14.320871909058951,13.196920965518125,-6.225025039112281,8 days 13:24:00,3 days 18:28:48,0.7356981570229955,-1.010770529149061,-0.3270073926619478,-0.47250993062153646,0.9839678927437467,-0.455316003362432,long
3042,"{'window_k': 177, 'window_d': 222, 'window_ma': 42}","open_time
2022-01-01 00:00:00    100.000000
2022-01-01 01:00:00    100.000000
2022-01-01 02:00:00    100.000000
2022-01-01 03:00:00    100.000000
2022-01-01 04:00:00    100.000000
                          ...    
2023-05-01 19:00:00     68.657509
2023-05-01 20:00:00     68.657509
2023-05-01 21:00:00     68.657509
2023-05-01 22:00:00     68.657509
2023-05-01 23:00:00     68.657509
Freq: H, Length: 11664, dtype: float64",2022-01-01,2023-05-01 23:00:00,486 days,100.0,59.93998262660938,125.03141705666523,68.65750889817151,-31.342491101828486,-70.17976286600607,20.41323731138546,100.0,52.060062952462495,424 days 03:00:00,36,0.0,18,38.88888888888889,28.39053037254542,-22.65790353124653,10.271431548057228,-8.671545717814912,5 days 10:00:00,5 days 13:43:38.181818181,0.6295108950738002,-1.7412495056571382,-0.4482911014803768,-0.4726089268207317,0.9702485800178529,-0.6252729143759109,long
1321,"{'window_k': 87, 'window_d': 42, 'window_ma': 147}","open_time
2022-01-01 00:00:00    100.000000
2022-01-01 01:00:00    100.000000
2022-01-01 02:00:00    100.000000
2022-01-01 03:00:00    100.000000
2022-01-01 04:00:00    100.000000
                          ...    
2023-05-01 19:00:00     66.793064
2023-05-01 20:00:00     66.793064
2023-05-01 21:00:00     66.793064
2023-05-01 22:00:00     66.793064
2023-05-01 23:00:00     66.793064
Freq: H, Length: 11664, dtype: float64",2022-01-01,2023-05-01 23:00:00,486 days,100.0,53.26246490722911,119.19430559733564,66.79306375097437,-33.20693624902563,-70.17976286600607,43.8014403292181,100.0,55.314589367078206,391 days 18:00:00,136,0.0,68,38.23529411764706,22.196851339983166,-14.6003138763732,7.537084279944308,-5.133376993942707,4 days 03:09:13.846153846,2 days 12:15:42.857142857,0.8116331533213367,-0.4883372977797893,-0.05705440861598351,-0.4726960706864449,0.9970043827041234,-0.08754813380770622,long
3932,"{'window_k': 237, 'window_d': 87, 'window_ma': 192}","open_time
2022-01-01 00:00:00    100.000000
2022-01-01 01:00:00    100.000000
2022-01-01 02:00:00    100.000000
2022-01-01 03:00:00    100.000000
2022-01-01 04:00:00    100.000000
                          ...    
2023-05-01 19:00:00     61.010405
2023-05-01 20:00:00     60.870292
2023-05-01 21:00:00     61.176789
2023-05-01 22:00:00     61.448258
2023-05-01 23:00:00     61.448258
Freq: H, Length: 11664, dtype: float64",2022-01-01,2023-05-01 23:00:00,486 days,100.0,47.911861386372685,136.02052724970838,61.44825780931166,-38.55174219068834,-70.17976286600607,41.91529492455419,100.0,64.77600671374003,355 days 14:00:00,69,0.0,35,32.35294117647059,30.37471612414836,-20.949099799955547,15.910905514519955,-8.493101320970691,9 days 10:32:43.636363636,4 days 04:44:20.869565217,0.7768392429060316,-1.1444347488965518,-0.15510335945436082,-0.47287776885845784,0.9918188791083602,-0.2338859657222492,long
3316,"{'window_k': 192, 'window_d': 237, 'window_ma': 72}","open_time
2022-01-01 00:00:00    100.000000
2022-01-01 01:00:00    100.000000
2022-01-01 02:00:00    100.000000
2022-01-01 03:00:00    100.000000
2022-01-01 04:00:00    100.000000
                          ...    
2023-05-01 19:00:00     63.243661
2023-05-01 20:00:00     63.243661
2023-05-01 21:00:00     63.243661
2023-05-01 22:00:00     63.243661
2023-05-01 23:00:00     63.243661
Freq: H, Length: 11664, dtype: float64",2022-01-01,2023-05-01 23:00:00,486 days,100.0,47.51602580806948,123.56515906519118,63.24366117609167,-36.75633882390833,-70.17976286600607,28.412208504801097,100.0,61.54577377025775,349 days 17:00:00,36,0.0,18,33.33333333333333,28.05237919586865,-15.924573008194297,9.720606179584628,-7.787234490436866,6 days 14:40:00,8 days 04:50:00,0.4840111953003781,-2.042018823550462,-0.4397690825064374,-0.4730527430694457,0.9750815970463301,-0.6115309553985088,long
3179,"{'window_k': 192, 'window_d': 102, 'window_ma': 177}","open_time
2022-01-01 00:00:00    100.000000
2022-01-01 01:00:00    100.000000
2022-01-01 02:00:00    100.000000
2022-01-01 03:00:00    100.000000
2022-01-01 04:00:00    100.000000
                          ...    
2023-05-01 19:00:00     60.340363
2023-05-01 20:00:00     60.201789
2023-05-01 21:00:00     60.504919
2023-05-01 22:00:00     60.773407
2023-05-01 23:00:00     60.773407
Freq: H, Length: 11664, dtype: float64",2022-01-01,2023-05-01 23:00:00,486 days,100.0,43.36094216280442,127.2697422426531,60.77340682818763,-39.22659317181237,-70.17976286600607,38.10871056241427,100.0,65.9298892268264,451 days 16:00:00,65,0.0,33,31.25,33.421260881034016,-24.81203007518797,14.270124627174882,-7.694307756887107,8 days 06:30:00,4 days 12:05:27.272727272,0.7214931981435204,-1.243694105107541,-0.1974140109037885,-0.4732918919967573,0.9890642089874715,-0.29677620283654405,long
2286,"{'window_k': 132, 'window_d': 222, 'window_ma': 222}","open_time
2022-01-01 00:00:00    100.000000
2022-01-01 01:00:00    100.000000
2022-01-01 02:00:00    100.000000
2022-01-01 03:00:00    100.000000
2022-01-01 04:00:00    100.000000
                          ...    
2023-05-01 19:00:00     62.387126
2023-05-01 20:00:00     62.387126
2023-05-01 21:00:00     62.387126
2023-05-01 22:00:00     62.387126
2023-05-01 23:00:00     62.387126
Freq: H, Length: 11664, dtype: float64",2022-01-01,2023-05-01 23:00:00,486 days,100.0,44.43828065651782,120.12396694214875,62.38712581012158,-37.61287418987842,-70.17976286600607,35.09945130315501,100.0,63.00631606853349,451 days 16:00:00,42,0.0,21,42.857142857142854,43.622373483279084,-22.865444792132315,10.511277596822016,-10.152143498300303,9 days 15:53:20,6 days 23:15:00,0.5878176873682348,-1.7910892471370667,-0.362448084641571,-0.4735498628972768,0.9815200210597562,-0.5050718608811605,long
487,"{'window_k': 27, 'window_d': 222, 'window_ma': 117}","open_time
2022-01-01 00:00:00    100.000000
2022-01-01 01:00:00    100.000000
2022-01-01 02:00:00    100.000000
2022-01-01 03:00:00    100.000000
2022-01-01 04:00:00    100.000000
                          ...    
2023-05-01 19:00:00     61.624086
2023-05-01 20:00:00     61.482563
2023-05-01 21:00:00     61.792143
2023-05-01 22:00:00     62.066343
2023-05-01 23:00:00     62.066343
Freq: H, Length: 11664, dtype: float64",2022-01-01,2023-05-01 23:00:00,486 days,100.0,44.74880178841379,122.84612540277851,62.066342616406246,-37.933657383593754,-70.17976286600607,29.30384087791495,100.0,63.57329004745177,451 days 16:00:00,63,0.0,32,25.806451612903224,35.27794146533098,-16.789623988576864,12.966556225421455,-5.830309336051669,6 days 09:37:30,3 days 20:39:07.826086956,0.6522209169566278,-1.1999842199980488,-0.47754876634323185,-0.47359123114636886,0.9739136640360686,-0.6559228184062948,long
2508,"{'window_k': 147, 'window_d': 192, 'window_ma': 192}","open_time
2022-01-01 00:00:00    100.000000
2022-01-01 01:00:00    100.000000
2022-01-01 02:00:00    100.000000
2022-01-01 03:00:00    100.000000
2022-01-01 04:00:00    100.000000
                          ...    
2023-05-01 19:00:00     61.595057
2023-05-01 20:00:00     61.453601
2023-05-01 21:00:00     61.763035
2023-05-01 22:00:00     62.037105
2023-05-01 23:00:00     62.037105
Freq: H, Length: 11664, dtype: float64",2022-01-01,2023-05-01 23:00:00,486 days,100.0,47.60012028525792,130.85164865068694,62.037105445766905,-37.962894554233095,-70.17976286600607,35.759602194787384,100.0,63.62283488507805,391 days 18:00:00,47,0.0,24,30.434782608695656,38.90595290332015,-24.75781594011449,15.213547903664196,-8.316707680026665,10 days 09:34:17.142857142,6 days 06:45:00,0.6442584839866612,-1.663245506668674,-0.3850247705505871,-0.47361109935135065,0.9803886549783242,-0.5402645578735891,long
2512,"{'window_k': 147, 'window_d': 207, 'window_ma': 12}","open_time
2022-01-01 00:00:00    100.000000
2022-01-01 01:00:00    100.000000
2022-01-01 02:00:00    100.000000
2022-01-01 03:00:00    100.000000
2022-01-01 04:00:00    100.000000
                          ...    
2023-05-01 19:00:00     68.422152
2023-05-01 20:00:00     68.422152
2023-05-01 21:00:00     68.422152
2023-05-01 22:00:00     68.422152
2023-05-01 23:00:00     68.422152
Freq: H, Length: 11664, dtype: float64",2022-01-01,2023-05-01 23:00:00,486 days,100.0,58.58902139854805,122.9816848168138,68.4221520332083,-31.577847966791694,-70.17976286600607,12.397119341563787,100.0,52.35955542012718,391 days 18:00:00,42,0.0,21,42.857142857142854,17.687581455967237,-25.916897506925196,5.8659684212090175,-6.801496244595088,2 days 21:33:20,2 days 20:19:59.999999999,0.5657299218471054,-1.5037070460377002,-0.7033099576495497,-0.4736144383966041,0.9422119979266311,-0.9563423513075702,long
2157,"{'window_k': 132, 'window_d': 102, 'window_ma': 207}","open_time
2022-01-01 00:00:00    100.000000
2022-01-01 01:00:00    100.000000
2022-01-01 02:00:00    100.000000
2022-01-01 03:00:00    100.000000
2022-01-01 04:00:00    100.000000
                          ...    
2023-05-01 19:00:00     64.835598
2023-05-01 20:00:00     64.686701
2023-05-01 21:00:00     65.012414
2023-05-01 22:00:00     65.300903
2023-05-01 23:00:00     65.300903
Freq: H, Length: 11664, dtype: float64",2022-01-01,2023-05-01 23:00:00,486 days,100.0,51.52666543351704,122.1541947967298,65.30090346333581,-34.699096536664186,-70.17976286600607,41.36659807956104,100.0,57.81834138462475,451 days 16:00:00,75,0.0,38,32.432432432432435,31.84872336340948,-23.500220555800606,13.456114738703686,-7.093411053470984,7 days 09:35:00,4 days 07:40:48,0.7755088309158326,-0.9317770307425297,-0.17179989692756922,-0.4737177532001856,0.9914521784797434,-0.2429553270751674,long
2323,"{'window_k': 147, 'window_d': 27, 'window_ma': 57}","open_time
2022-01-01 00:00:00    100.000000
2022-01-01 01:00:00    100.000000
2022-01-01 02:00:00    100.000000
2022-01-01 03:00:00    100.000000
2022-01-01 04:00:00    100.000000
                          ...    
2023-05-01 19:00:00     61.654877
2023-05-01 20:00:00     61.654877
2023-05-01 21:00:00     61.654877
2023-05-01 22:00:00     61.654877
2023-05-01 23:00:00     61.654877
Freq: H, Length: 11664, dtype: float64",2022-01-01,2023-05-01 23:00:00,486 days,100.0,36.35166719172341,101.76343056957036,61.65487712477203,-38.34512287522797,-70.17976286600607,35.92249657064472,100.0,64.27826087597188,454 days 07:00:00,198,0.0,99,34.34343434343434,23.877814427075865,-14.848161147566003,6.328092004334171,-3.7122779994982515,2 days 19:14:07.058823529,1 days 05:17:32.307692307,0.7546526342662572,-0.38732447348715215,-0.20671873570248328,-0.4738153637056602,0.9878470444158222,-0.3191980604150488,long
2805,"{'window_k': 162, 'window_d': 237, 'window_ma': 87}","open_time
2022-01-01 00:00:00    100.000000
2022-01-01 01:00:00    100.000000
2022-01-01 02:00:00    100.000000
2022-01-01 03:00:00    100.000000
2022-01-01 04:00:00    100.000000
                          ...    
2023-05-01 19:00:00     65.877295
2023-05-01 20:00:00     65.877295
2023-05-01 21:00:00     65.877295
2023-05-01 22:00:00     65.877295
2023-05-01 23:00:00     65.877295
Freq: H, Length: 11664, dtype: float64",2022-01-01,2023-05-01 23:00:00,486 days,100.0,56.60765141178675,130.9144480849537,65.87729514333016,-34.12270485666984,-70.17976286600607,30.606995884773664,100.0,56.75981357301938,349 days 17:00:00,36,0.0,18,33.33333333333333,26.927333087421633,-22.041175822965982,13.919119119059989,-9.160649440278725,11 days 20:30:00,6 days 11:15:00,0.6430972775260871,-1.8957058253705457,-0.39327141663446413,-0.47408117958864465,0.9782040910653679,-0.5443625710222058,long
3784,"{'window_k': 222, 'window_d': 192, 'window_ma': 132}","open_time
2022-01-01 00:00:00    100.000000
2022-01-01 01:00:00    100.000000
2022-01-01 02:00:00    100.000000
2022-01-01 03:00:00    100.000000
2022-01-01 04:00:00    100.000000
                          ...    
2023-05-01 19:00:00     66.770752
2023-05-01 20:00:00     66.770752
2023-05-01 21:00:00     66.770752
2023-05-01 22:00:00     66.770752
2023-05-01 23:00:00     66.770752
Freq: H, Length: 11664, dtype: float64",2022-01-01,2023-05-01 23:00:00,486 days,100.0,55.50473734609509,123.78050229035941,66.77075165688156,-33.22924834311844,-70.17976286600607,31.05281207133059,100.0,55.15873960836395,424 days 03:00:00,38,0.0,19,36.84210526315789,38.82805563776265,-23.192131440706383,14.139875537065683,-9.92106499676144,9 days 23:25:42.857142857,6 days 18:10:00,0.6731482479056345,-1.7489078075325493,-0.31550086836994956,-0.47436758390102307,0.9824608324159695,-0.44121221259550425,long
705,"{'window_k': 42, 'window_d': 192, 'window_ma': 27}","open_time
2022-01-01 00:00:00    100.000000
2022-01-01 01:00:00    100.000000
2022-01-01 02:00:00    100.000000
2022-01-01 03:00:00    100.000000
2022-01-01 04:00:00    100.000000
                          ...    
2023-05-01 19:00:00     70.246324
2023-05-01 20:00:00     70.085000
2023-05-01 21:00:00     70.437896
2023-05-01 22:00:00     70.750460
2023-05-01 23:00:00     70.750460
Freq: H, Length: 11664, dtype: float64",2022-01-01,2023-05-01 23:00:00,486 days,100.0,62.37334721844761,120.50524030374186,70.75045994559622,-29.249540054403784,-70.17976286600607,19.032921810699587,100.0,48.240137058578334,451 days 16:00:00,57,0.0,29,32.142857142857146,22.180534098433014,-12.20043572984749,7.6447351597176345,-4.996496012576323,3 days 10:53:20,3 days 02:18:56.842105263,0.668087426383022,-1.0410254583882779,-0.46961044772824856,-0.47438465172392663,0.9683724293558064,-0.6540143810139085,long
3656,"{'window_k': 222, 'window_d': 72, 'window_ma': 132}","open_time
2022-01-01 00:00:00    100.000000
2022-01-01 01:00:00    100.000000
2022-01-01 02:00:00    100.000000
2022-01-01 03:00:00    100.000000
2022-01-01 04:00:00    100.000000
                          ...    
2023-05-01 19:00:00     63.771244
2023-05-01 20:00:00     63.624791
2023-05-01 21:00:00     63.945158
2023-05-01 22:00:00     64.228911
2023-05-01 23:00:00     64.228911
Freq: H, Length: 11664, dtype: float64",2022-01-01,2023-05-01 23:00:00,486 days,100.0,56.13049369589452,139.03141335751334,64.22891091042483,-35.77108908957517,-70.17976286600607,33.830589849108364,100.0,59.627473863365424,286 days 02:00:00,71,0.0,36,40.0,27.331002331002313,-21.995165897604927,9.263354012457595,-7.345463700268411,5 days 20:08:34.285714285,3 days 17:42:51.428571428,0.7553459193951413,-1.0144469298037282,-0.15691873883287352,-0.4743892649527259,0.9906213188371862,-0.23803526167539169,long
1026,"{'window_k': 72, 'window_d': 12, 'window_ma': 42}","open_time
2022-01-01 00:00:00    100.000000
2022-01-01 01:00:00    100.000000
2022-01-01 02:00:00    100.000000
2022-01-01 03:00:00    100.000000
2022-01-01 04:00:00    100.000000
                          ...    
2023-05-01 19:00:00     59.856323
2023-05-01 20:00:00     59.718861
2023-05-01 21:00:00     60.019560
2023-05-01 22:00:00     60.285893
2023-05-01 23:00:00     60.285893
Freq: H, Length: 11664, dtype: float64",2022-01-01,2023-05-01 23:00:00,486 days,100.0,33.36888366731315,100.0309652304698,60.285893449723744,-39.714106550276256,-70.17976286600607,41.34087791495199,100.0,66.64144588584968,480 days 01:00:00,467,0.0,234,32.61802575107296,39.060121765601224,-14.636025163692379,4.9408105645292855,-2.5095268259973618,1 days 07:07:53.684210526,0 days 15:35:09.554140127,0.8305230513475476,-0.17059430117115104,-0.1512691631839123,-0.4744639920223813,0.9916465706916774,-0.23640256883270613,long
2252,"{'window_k': 132, 'window_d': 192, 'window_ma': 192}","open_time
2022-01-01 00:00:00    100.000000
2022-01-01 01:00:00    100.000000
2022-01-01 02:00:00    100.000000
2022-01-01 03:00:00    100.000000
2022-01-01 04:00:00    100.000000
                          ...    
2023-05-01 19:00:00     59.874066
2023-05-01 20:00:00     59.736562
2023-05-01 21:00:00     60.037351
2023-05-01 22:00:00     60.303763
2023-05-01 23:00:00     60.303763
Freq: H, Length: 11664, dtype: float64",2022-01-01,2023-05-01 23:00:00,486 days,100.0,41.0251224971793,122.84612540277851,60.303763182354174,-39.696236817645826,-70.17976286600607,38.38305898491084,100.0,66.60446362254466,451 days 16:00:00,51,0.0,26,32.0,39.471365638766535,-24.359960443907262,15.12497469479103,-8.80026245844112,10 days 08:15:00,6 days 01:31:45.882352941,0.6336580688017744,-1.6273816532158558,-0.3865200721555365,-0.47449889225944686,0.9810128325759806,-0.5414633012781904,long
2874,"{'window_k': 177, 'window_d': 57, 'window_ma': 162}","open_time
2022-01-01 00:00:00    100.000000
2022-01-01 01:00:00    100.000000
2022-01-01 02:00:00    100.000000
2022-01-01 03:00:00    100.000000
2022-01-01 04:00:00    100.000000
                          ...    
2023-05-01 19:00:00     70.712843
2023-05-01 20:00:00     70.550448
2023-05-01 21:00:00     70.905687
2023-05-01 22:00:00     71.220327
2023-05-01 23:00:00     71.220327
Freq: H, Length: 11664, dtype: float64",2022-01-01,2023-05-01 23:00:00,486 days,100.0,59.21089966251108,112.59627329192546,71.22032732204218,-28.77967267795782,-70.17976286600607,37.15706447187929,100.0,47.413091098497986,469 days 22:00:00,99,0.0,50,36.734693877551024,21.847109041521165,-17.404292985173715,7.887880792198451,-5.317474219815645,5 days 02:03:20,2 days 16:54:11.612903225,0.7718442715328196,-0.6463741306623039,-0.04338902509609861,-0.4745538752986364,0.9974933781299328,-0.0663558133564752,long
2923,"{'window_k': 177, 'window_d': 102, 'window_ma': 177}","open_time
2022-01-01 00:00:00    100.000000
2022-01-01 01:00:00    100.000000
2022-01-01 02:00:00    100.000000
2022-01-01 03:00:00    100.000000
2022-01-01 04:00:00    100.000000
                          ...    
2023-05-01 19:00:00     62.660933
2023-05-01 20:00:00     62.517029
2023-05-01 21:00:00     62.831818
2023-05-01 22:00:00     63.110631
2023-05-01 23:00:00     63.110631
Freq: H, Length: 11664, dtype: float64",2022-01-01,2023-05-01 23:00:00,486 days,100.0,48.448528016605586,126.08978529603122,63.11063077547073,-36.88936922452927,-70.17976286600607,38.948902606310014,100.0,61.57616740891497,451 days 16:00:00,67,0.0,34,30.303030303030305,30.291556228701243,-23.081164534627256,13.799426542768709,-7.024806686638847,8 days 19:12:00,4 days 05:49:33.913043478,0.7365828607836209,-1.113498964662074,-0.1523342960573172,-0.4746383181024638,0.9916534206139763,-0.2292580559327725,long
2430,"{'window_k': 147, 'window_d': 117, 'window_ma': 222}","open_time
2022-01-01 00:00:00    100.000000
2022-01-01 01:00:00    100.000000
2022-01-01 02:00:00    100.000000
2022-01-01 03:00:00    100.000000
2022-01-01 04:00:00    100.000000
                          ...    
2023-05-01 19:00:00     60.508801
2023-05-01 20:00:00     60.369840
2023-05-01 21:00:00     60.673817
2023-05-01 22:00:00     60.943054
2023-05-01 23:00:00     60.943054
Freq: H, Length: 11664, dtype: float64",2022-01-01,2023-05-01 23:00:00,486 days,100.0,48.32108242287243,139.7331309702105,60.94305367170029,-39.05694632829971,-70.17976286600607,40.483539094650205,100.0,65.41902261305952,391 days 18:00:00,67,0.0,34,30.303030303030305,33.7511545058715,-25.053824362606232,12.649171003668517,-6.740349238035044,8 days 06:30:00,4 days 19:18:15.652173913,0.712292133191413,-1.2024930461089816,-0.2470458649806712,-0.4747839726975726,0.9878242811255066,-0.35102195285949633,long
3068,"{'window_k': 177, 'window_d': 237, 'window_ma': 192}","open_time
2022-01-01 00:00:00    100.000000
2022-01-01 01:00:00    100.000000
2022-01-01 02:00:00    100.000000
2022-01-01 03:00:00    100.000000
2022-01-01 04:00:00    100.000000
                          ...    
2023-05-01 19:00:00     67.346876
2023-05-01 20:00:00     67.346876
2023-05-01 21:00:00     67.346876
2023-05-01 22:00:00     67.346876
2023-05-01 23:00:00     67.346876
Freq: H, Length: 11664, dtype: float64",2022-01-01,2023-05-01 23:00:00,486 days,100.0,55.62370809892398,121.17250451137382,67.3468762371775,-32.6531237628225,-70.17976286600607,33.63340192043896,100.0,54.095437473025996,424 days 03:00:00,36,0.0,18,33.33333333333333,42.99636363636364,-19.44696282864914,15.9013632866672,-9.684766648180153,12 days 03:10:00,7 days 13:20:00,0.6577457367227247,-1.8140624312679154,-0.28997447234295276,-0.47485649357666154,0.9845384805554144,-0.40482039068250253,long
2969,"{'window_k': 177, 'window_d': 147, 'window_ma': 147}","open_time
2022-01-01 00:00:00    100.000000
2022-01-01 01:00:00    100.000000
2022-01-01 02:00:00    100.000000
2022-01-01 03:00:00    100.000000
2022-01-01 04:00:00    100.000000
                          ...    
2023-05-01 19:00:00     58.944666
2023-05-01 20:00:00     58.809297
2023-05-01 21:00:00     59.105417
2023-05-01 22:00:00     59.367694
2023-05-01 23:00:00     59.367694
Freq: H, Length: 11664, dtype: float64",2022-01-01,2023-05-01 23:00:00,486 days,100.0,48.28380457212996,151.9514953804886,59.36769366721308,-40.63230633278692,-70.17976286600607,37.354252400548695,100.0,68.22419914247855,349 days 17:00:00,53,0.0,27,30.76923076923077,28.636106395019805,-21.425364758698098,13.09833748069346,-7.691346720586678,9 days 07:52:30,5 days 19:50:00,0.6902490599875616,-1.5406534151554747,-0.3825403296553963,-0.4749436717911706,0.9806580443031888,-0.5454513125885017,long
1954,"{'window_k': 117, 'window_d': 162, 'window_ma': 42}","open_time
2022-01-01 00:00:00    100.000000
2022-01-01 01:00:00    100.000000
2022-01-01 02:00:00    100.000000
2022-01-01 03:00:00    100.000000
2022-01-01 04:00:00    100.000000
                          ...    
2023-05-01 19:00:00     63.026352
2023-05-01 20:00:00     63.026352
2023-05-01 21:00:00     63.026352
2023-05-01 22:00:00     63.026352
2023-05-01 23:00:00     63.026352
Freq: H, Length: 11664, dtype: float64",2022-01-01,2023-05-01 23:00:00,486 days,100.0,51.869551109979206,135.31986287628885,63.02635237318053,-36.97364762681947,-70.17976286600607,25.720164609053498,100.0,61.66893018699036,376 days 12:00:00,54,0.0,27,37.03703703703704,31.97509903791738,-35.7243557209722,12.544665978270238,-8.471220960828141,5 days 12:06:00,4 days 02:45:52.941176470,0.728461022007786,-1.369394356548871,-0.4394669737366062,-0.4750755553607125,0.9729966167487071,-0.5990232399626321,long
1319,"{'window_k': 87, 'window_d': 42, 'window_ma': 117}","open_time
2022-01-01 00:00:00    100.000000
2022-01-01 01:00:00    100.000000
2022-01-01 02:00:00    100.000000
2022-01-01 03:00:00    100.000000
2022-01-01 04:00:00    100.000000
                          ...    
2023-05-01 19:00:00     67.103357
2023-05-01 20:00:00     67.103357
2023-05-01 21:00:00     67.103357
2023-05-01 22:00:00     67.103357
2023-05-01 23:00:00     67.103357
Freq: H, Length: 11664, dtype: float64",2022-01-01,2023-05-01 23:00:00,486 days,100.0,54.90540649336528,120.63861372313636,67.1033570120168,-32.8966429879832,-70.17976286600607,43.62139917695473,100.0,54.4877010777227,391 days 18:00:00,136,0.0,68,38.23529411764706,22.196851339983162,-14.600313876373203,7.5631366535357865,-5.139420523857058,4 days 02:34:36.923076923,2 days 12:07:08.571428571,0.8160380195239252,-0.4837741615879887,-0.05379644288787477,-0.4751433097517302,0.9971660855241935,-0.08262118820499986,long
1347,"{'window_k': 87, 'window_d': 72, 'window_ma': 57}","open_time
2022-01-01 00:00:00    100.000000
2022-01-01 01:00:00    100.000000
2022-01-01 02:00:00    100.000000
2022-01-01 03:00:00    100.000000
2022-01-01 04:00:00    100.000000
                          ...    
2023-05-01 19:00:00     66.151368
2023-05-01 20:00:00     66.151368
2023-05-01 21:00:00     66.151368
2023-05-01 22:00:00     66.151368
2023-05-01 23:00:00     66.151368
Freq: H, Length: 11664, dtype: float64",2022-01-01,2023-05-01 23:00:00,486 days,100.0,56.789831484979345,129.50824043419905,66.1513684960059,-33.8486315039941,-70.17976286600607,36.634087791495205,100.0,56.149638590886966,275 days 07:00:00,112,0.0,56,39.285714285714285,22.320569559361168,-17.183166525985765,7.5427552105570825,-5.573430668257232,4 days 04:46:21.818181818,2 days 12:28:14.117647058,0.811923972272135,-0.6044398482856082,-0.13095416995118925,-0.4751677978653512,0.9924306788964041,-0.19849887130252628,long
473,"{'window_k': 27, 'window_d': 207, 'window_ma': 147}","open_time
2022-01-01 00:00:00    100.000000
2022-01-01 01:00:00    100.000000
2022-01-01 02:00:00    100.000000
2022-01-01 03:00:00    100.000000
2022-01-01 04:00:00    100.000000
                          ...    
2023-05-01 19:00:00     62.289011
2023-05-01 20:00:00     62.145962
2023-05-01 21:00:00     62.458882
2023-05-01 22:00:00     62.736040
2023-05-01 23:00:00     62.736040
Freq: H, Length: 11664, dtype: float64",2022-01-01,2023-05-01 23:00:00,486 days,100.0,50.53887920283769,133.49111952949562,62.736040406394366,-37.263959593605634,-70.17976286600607,35.94821673525377,100.0,62.14064322707936,391 days 18:00:00,71,0.0,36,34.285714285714285,34.36707626292177,-14.320871909058933,10.343507290099929,-6.655118849372423,7 days 13:30:00,3 days 12:54:46.956521739,0.7254901102178516,-1.06213010877366,-0.3797170386918758,-0.4754075273489934,0.9809621728461225,-0.528790747642234,long
748,"{'window_k': 42, 'window_d': 222, 'window_ma': 192}","open_time
2022-01-01 00:00:00    100.000000
2022-01-01 01:00:00    100.000000
2022-01-01 02:00:00    100.000000
2022-01-01 03:00:00    100.000000
2022-01-01 04:00:00    100.000000
                          ...    
2023-05-01 19:00:00     54.232905
2023-05-01 20:00:00     54.108357
2023-05-01 21:00:00     54.380806
2023-05-01 22:00:00     54.622118
2023-05-01 23:00:00     54.622118
Freq: H, Length: 11664, dtype: float64",2022-01-01,2023-05-01 23:00:00,486 days,100.0,35.35331561705249,151.70621422156856,54.62211811604344,-45.37788188395656,-70.17976286600607,36.882716049382715,100.0,76.6961981099742,391 days 18:00:00,59,0.0,30,37.93103448275862,29.674231897483406,-42.60418428917837,11.770338750964223,-8.848185042454062,8 days 10:54:32.727272727,4 days 16:33:20,0.6326243927474701,-1.5669019284430026,-0.5023857437601118,-0.4759370404976697,0.9748767832618511,-0.6745699776640057,long
338,"{'window_k': 27, 'window_d': 87, 'window_ma': 42}","open_time
2022-01-01 00:00:00    100.000000
2022-01-01 01:00:00    100.000000
2022-01-01 02:00:00    100.000000
2022-01-01 03:00:00    100.000000
2022-01-01 04:00:00    100.000000
                          ...    
2023-05-01 19:00:00     60.498056
2023-05-01 20:00:00     60.498056
2023-05-01 21:00:00     60.498056
2023-05-01 22:00:00     60.498056
2023-05-01 23:00:00     60.498056
Freq: H, Length: 11664, dtype: float64",2022-01-01,2023-05-01 23:00:00,486 days,100.0,55.30340477557298,162.60134591401868,60.49805550919388,-39.50194449080612,-70.17976286600607,31.198559670781894,100.0,65.98834747357095,194 days 16:00:00,124,0.0,62,32.25806451612903,21.116663045839665,-20.44989775051124,8.01609114989236,-4.59240890940934,3 days 10:09:00,1 days 23:31:25.714285714,0.7905597872429653,-0.6371281369484842,-0.26101600569699845,-0.47642213934951855,0.9834198964160291,-0.4035315569513417,long
1113,"{'window_k': 72, 'window_d': 87, 'window_ma': 147}","open_time
2022-01-01 00:00:00    100.000000
2022-01-01 01:00:00    100.000000
2022-01-01 02:00:00    100.000000
2022-01-01 03:00:00    100.000000
2022-01-01 04:00:00    100.000000
                          ...    
2023-05-01 19:00:00     67.015454
2023-05-01 20:00:00     66.861551
2023-05-01 21:00:00     67.198215
2023-05-01 22:00:00     67.496403
2023-05-01 23:00:00     67.496403
Freq: H, Length: 11664, dtype: float64",2022-01-01,2023-05-01 23:00:00,486 days,100.0,59.99899360971558,129.44319353641717,67.4964034003481,-32.5035965996519,-70.17976286600607,41.7781207133059,100.0,53.648398211964974,194 days 16:00:00,97,0.0,49,35.41666666666667,26.4665243059917,-23.359010524031685,9.5099211427438,-5.8282088455810825,6 days 00:52:56.470588235,3 days 01:21:17.419354838,0.8060236715801855,-0.6795630082316806,-0.06834321307300278,-0.4765042524001227,0.9963660257490897,-0.10331514549275062,long
3526,"{'window_k': 207, 'window_d': 192, 'window_ma': 102}","open_time
2022-01-01 00:00:00    100.000000
2022-01-01 01:00:00    100.000000
2022-01-01 02:00:00    100.000000
2022-01-01 03:00:00    100.000000
2022-01-01 04:00:00    100.000000
                          ...    
2023-05-01 19:00:00     64.866405
2023-05-01 20:00:00     64.866405
2023-05-01 21:00:00     64.866405
2023-05-01 22:00:00     64.866405
2023-05-01 23:00:00     64.866405
Freq: H, Length: 11664, dtype: float64",2022-01-01,2023-05-01 23:00:00,486 days,100.0,50.079283672817084,119.8639315534481,64.86640527824018,-35.13359472175982,-70.17976286600607,29.175240054869683,100.0,58.21988898262826,451 days 16:00:00,40,0.0,20,15.0,37.28416739830262,-12.572557737433629,23.5555010555609,-5.93093759268295,13 days 05:20:00,6 days 00:10:35.294117647,0.559512396148463,-1.756679736087991,-0.41689540049797214,-0.4766880240285737,0.9763811810527037,-0.5799156206050267,long
467,"{'window_k': 27, 'window_d': 207, 'window_ma': 57}","open_time
2022-01-01 00:00:00    100.000000
2022-01-01 01:00:00    100.000000
2022-01-01 02:00:00    100.000000
2022-01-01 03:00:00    100.000000
2022-01-01 04:00:00    100.000000
                          ...    
2023-05-01 19:00:00     62.940297
2023-05-01 20:00:00     62.795752
2023-05-01 21:00:00     63.111944
2023-05-01 22:00:00     63.392000
2023-05-01 23:00:00     63.392000
Freq: H, Length: 11664, dtype: float64",2022-01-01,2023-05-01 23:00:00,486 days,100.0,48.47551527519032,123.68160950038539,63.39199996906344,-36.60800003093656,-70.17976286600607,26.774691358024693,100.0,60.806205974349595,451 days 16:00:00,71,0.0,36,34.285714285714285,33.703920421299,-14.320871909058926,7.94532622403438,-5.524016753962364,4 days 21:55:00,2 days 23:33:54.782608695,0.6492156406881193,-1.0433616979881153,-0.5168424534051369,-0.47675339575061465,0.9700447793601705,-0.7180150545287306,long
134,"{'window_k': 12, 'window_d': 132, 'window_ma': 102}","open_time
2022-01-01 00:00:00    100.000000
2022-01-01 01:00:00    100.000000
2022-01-01 02:00:00    100.000000
2022-01-01 03:00:00    100.000000
2022-01-01 04:00:00    100.000000
                          ...    
2023-05-01 19:00:00     63.634994
2023-05-01 20:00:00     63.488854
2023-05-01 21:00:00     63.808536
2023-05-01 22:00:00     64.091683
2023-05-01 23:00:00     64.091683
Freq: H, Length: 11664, dtype: float64",2022-01-01,2023-05-01 23:00:00,486 days,100.0,57.836491860694245,142.96140237272215,64.09168260208338,-35.90831739791662,-70.17976286600607,36.831275720164605,100.0,59.54398117199094,266 days 11:00:00,143,0.0,72,32.3943661971831,31.785944551902002,-16.10256410256409,7.75040236983523,-4.148242258296019,4 days 04:28:41.739130434,1 days 14:41:15,0.8189432967665077,-0.49069952111619664,-0.28684763610069786,-0.4769875245635279,0.9851737992423212,-0.40392067934213766,long
2847,"{'window_k': 177, 'window_d': 27, 'window_ma': 237}","open_time
2022-01-01 00:00:00    100.000000
2022-01-01 01:00:00    100.000000
2022-01-01 02:00:00    100.000000
2022-01-01 03:00:00    100.000000
2022-01-01 04:00:00    100.000000
                          ...    
2023-05-01 19:00:00     60.740111
2023-05-01 20:00:00     60.740111
2023-05-01 21:00:00     60.740111
2023-05-01 22:00:00     60.740111
2023-05-01 23:00:00     60.740111
Freq: H, Length: 11664, dtype: float64",2022-01-01,2023-05-01 23:00:00,486 days,100.0,37.61717415233677,108.96326216580113,60.74011097646013,-39.25988902353987,-70.17976286600607,36.37688614540466,100.0,65.47719533662863,469 days 22:00:00,194,0.0,97,32.98969072164948,25.011215791834886,-14.512437051732041,7.45843451942209,-4.04962272905796,3 days 00:11:15,1 days 05:44:18.461538461,0.7738024051470184,-0.4047411239540202,-0.19932504692720338,-0.47699647044975396,0.9883603260128898,-0.30719830173238316,long
2431,"{'window_k': 147, 'window_d': 117, 'window_ma': 237}","open_time
2022-01-01 00:00:00    100.000000
2022-01-01 01:00:00    100.000000
2022-01-01 02:00:00    100.000000
2022-01-01 03:00:00    100.000000
2022-01-01 04:00:00    100.000000
                          ...    
2023-05-01 19:00:00     60.205842
2023-05-01 20:00:00     60.067576
2023-05-01 21:00:00     60.370032
2023-05-01 22:00:00     60.637920
2023-05-01 23:00:00     60.637920
Freq: H, Length: 11664, dtype: float64",2022-01-01,2023-05-01 23:00:00,486 days,100.0,48.07914549072323,139.7331309702105,60.63792028681242,-39.36207971318758,-70.17976286600607,41.829561042524006,100.0,65.59216475227115,391 days 18:00:00,67,0.0,34,30.303030303030305,33.75115450587151,-25.053824362606242,12.649171003668519,-6.762106884893461,8 days 06:30:00,5 days 02:07:49.565217391,0.7108018111638221,-1.211644636221504,-0.2513468788768265,-0.47748539318004324,0.9877252430829444,-0.35711167536110583,long
1275,"{'window_k': 72, 'window_d': 237, 'window_ma': 177}","open_time
2022-01-01 00:00:00    100.000000
2022-01-01 01:00:00    100.000000
2022-01-01 02:00:00    100.000000
2022-01-01 03:00:00    100.000000
2022-01-01 04:00:00    100.000000
                          ...    
2023-05-01 19:00:00     60.749436
2023-05-01 20:00:00     60.749436
2023-05-01 21:00:00     60.749436
2023-05-01 22:00:00     60.749436
2023-05-01 23:00:00     60.749436
Freq: H, Length: 11664, dtype: float64",2022-01-01,2023-05-01 23:00:00,486 days,100.0,42.420060808596084,122.44034592399977,60.74943612176714,-39.25056387823286,-70.17976286600607,36.38545953360769,100.0,65.35450754530966,430 days 01:00:00,48,0.0,24,37.5,39.2762186115214,-26.82792136072453,11.625402044444682,-8.880698203686537,9 days 04:33:20,6 days 06:36:00,0.5945088515573145,-1.6354401615930363,-0.4328357411093755,-0.4777705984785607,0.9783883286616175,-0.6027497094200963,long
3910,"{'window_k': 237, 'window_d': 72, 'window_ma': 102}","open_time
2022-01-01 00:00:00    100.000000
2022-01-01 01:00:00    100.000000
2022-01-01 02:00:00    100.000000
2022-01-01 03:00:00    100.000000
2022-01-01 04:00:00    100.000000
                          ...    
2023-05-01 19:00:00     65.533180
2023-05-01 20:00:00     65.382680
2023-05-01 21:00:00     65.711898
2023-05-01 22:00:00     66.003491
2023-05-01 23:00:00     66.003491
Freq: H, Length: 11664, dtype: float64",2022-01-01,2023-05-01 23:00:00,486 days,100.0,57.22498129408415,130.3511247318105,66.00349097649395,-33.99650902350605,-70.17976286600607,31.404320987654323,100.0,56.09935747633856,355 days 14:00:00,71,0.0,36,42.857142857142854,23.663231576900642,-19.869310001107536,8.366038516631418,-7.475151602805844,5 days 19:43:59.999999999,3 days 01:27:00,0.7514545048361095,-0.9707913305889324,-0.13754086874988153,-0.477788522532569,0.9914345624854175,-0.20894508165909956,long
2268,"{'window_k': 132, 'window_d': 207, 'window_ma': 192}","open_time
2022-01-01 00:00:00    100.000000
2022-01-01 01:00:00    100.000000
2022-01-01 02:00:00    100.000000
2022-01-01 03:00:00    100.000000
2022-01-01 04:00:00    100.000000
                          ...    
2023-05-01 19:00:00     61.832153
2023-05-01 20:00:00     61.832153
2023-05-01 21:00:00     61.832153
2023-05-01 22:00:00     61.832153
2023-05-01 23:00:00     61.832153
Freq: H, Length: 11664, dtype: float64",2022-01-01,2023-05-01 23:00:00,486 days,100.0,44.85078701332573,122.55480607082632,61.832152581018654,-38.167847418981346,-70.17976286600607,36.051097393689986,100.0,63.40348579442428,451 days 16:00:00,45,0.0,23,36.36363636363637,40.36630036630038,-25.733259546209197,13.019358035645443,-9.337515906424207,10 days 05:22:30,6 days 16:00:00,0.6110117238322622,-1.7349021554082436,-0.374611549665486,-0.47798486145704655,0.981054746719279,-0.5242134896768897,long
2455,"{'window_k': 147, 'window_d': 147, 'window_ma': 117}","open_time
2022-01-01 00:00:00    100.000000
2022-01-01 01:00:00    100.000000
2022-01-01 02:00:00    100.000000
2022-01-01 03:00:00    100.000000
2022-01-01 04:00:00    100.000000
                          ...    
2023-05-01 19:00:00     59.753220
2023-05-01 20:00:00     59.615994
2023-05-01 21:00:00     59.916175
2023-05-01 22:00:00     60.182050
2023-05-01 23:00:00     60.182050
Freq: H, Length: 11664, dtype: float64",2022-01-01,2023-05-01 23:00:00,486 days,100.0,47.675631384546236,141.5857662723384,60.182049861087314,-39.817950138912686,-70.17976286600607,33.581961591220846,100.0,66.32738400211588,309 days 12:00:00,55,0.0,28,25.925925925925924,31.394239938966255,-13.651907847372227,13.34603681945993,-6.365768679274794,8 days 01:51:25.714285714,5 days 05:12:00,0.6577869294891387,-1.4496443778639412,-0.437446070211924,-0.47804459356219703,0.977051179849857,-0.6162186981413961,long
2792,"{'window_k': 162, 'window_d': 222, 'window_ma': 132}","open_time
2022-01-01 00:00:00    100.00000
2022-01-01 01:00:00    100.00000
2022-01-01 02:00:00    100.00000
2022-01-01 03:00:00    100.00000
2022-01-01 04:00:00    100.00000
                         ...    
2023-05-01 19:00:00     68.96274
2023-05-01 20:00:00     68.96274
2023-05-01 21:00:00     68.96274
2023-05-01 22:00:00     68.96274
2023-05-01 23:00:00     68.96274
Freq: H, Length: 11664, dtype: float64",2022-01-01,2023-05-01 23:00:00,486 days,100.0,58.394638217116565,119.00080963912175,68.96274013738886,-31.037259862611137,-70.17976286600607,30.358367626886146,100.0,50.92920931025397,424 days 03:00:00,38,0.0,19,31.57894736842105,43.72891301158865,-22.326621923937353,16.11889335491275,-8.730836780922619,10 days 08:40:00,6 days 13:36:55.384615384,0.6782149594491238,-1.6335399927690073,-0.3051991846594075,-0.47816280174202275,0.982890736201167,-0.4263464658860914,long
1960,"{'window_k': 117, 'window_d': 162, 'window_ma': 132}","open_time
2022-01-01 00:00:00    100.000000
2022-01-01 01:00:00    100.000000
2022-01-01 02:00:00    100.000000
2022-01-01 03:00:00    100.000000
2022-01-01 04:00:00    100.000000
                          ...    
2023-05-01 19:00:00     59.219226
2023-05-01 20:00:00     59.083226
2023-05-01 21:00:00     59.380725
2023-05-01 22:00:00     59.644224
2023-05-01 23:00:00     59.644224
Freq: H, Length: 11664, dtype: float64",2022-01-01,2023-05-01 23:00:00,486 days,100.0,45.40440019853861,138.69723824640224,59.64422379360935,-40.35577620639065,-70.17976286600607,36.58264746227709,100.0,67.26365948406591,391 days 18:00:00,53,0.0,27,34.61538461538461,41.10787172011663,-35.7243557209722,16.155441815657277,-9.57552150513026,9 days 04:33:20,5 days 11:10:35.294117647,0.7156767998429773,-1.524683827416824,-0.3592708345446446,-0.478212416545595,0.9814303665958467,-0.4952257564153624,long
3304,"{'window_k': 192, 'window_d': 222, 'window_ma': 132}","open_time
2022-01-01 00:00:00    100.000000
2022-01-01 01:00:00    100.000000
2022-01-01 02:00:00    100.000000
2022-01-01 03:00:00    100.000000
2022-01-01 04:00:00    100.000000
                          ...    
2023-05-01 19:00:00     69.390153
2023-05-01 20:00:00     69.390153
2023-05-01 21:00:00     69.390153
2023-05-01 22:00:00     69.390153
2023-05-01 23:00:00     69.390153
Freq: H, Length: 11664, dtype: float64",2022-01-01,2023-05-01 23:00:00,486 days,100.0,58.75242294155855,117.90711823159602,69.39015330690405,-30.609846693095943,-70.17976286600607,32.475994513031544,100.0,50.17058866102077,451 days 16:00:00,38,0.0,19,31.57894736842105,42.01668374067028,-22.84573583231672,17.267948160817774,-9.138234766036323,10 days 05:40:00,7 days 10:00:00,0.7057850468934269,-1.6110445627945236,-0.2532634668724162,-0.4783800584145551,0.9861724768235631,-0.35554377770415846,long
3016,"{'window_k': 177, 'window_d': 192, 'window_ma': 132}","open_time
2022-01-01 00:00:00    100.000000
2022-01-01 01:00:00    100.000000
2022-01-01 02:00:00    100.000000
2022-01-01 03:00:00    100.000000
2022-01-01 04:00:00    100.000000
                          ...    
2023-05-01 19:00:00     65.899412
2023-05-01 20:00:00     65.899412
2023-05-01 21:00:00     65.899412
2023-05-01 22:00:00     66.191837
2023-05-01 23:00:00     66.191837
Freq: H, Length: 11664, dtype: float64",2022-01-01,2023-05-01 23:00:00,486 days,100.0,53.457287177890414,120.60989523908307,66.19183670141804,-33.80816329858196,-70.17976286600607,33.093278463648836,100.0,55.6775278911213,451 days 16:00:00,43,0.0,22,38.095238095238095,37.46520146520147,-24.325817860300617,12.657469369391073,-9.48069692430013,9 days 07:00:00,6 days 15:27:41.538461538,0.6671171454568896,-1.6238375428645648,-0.3152501889067691,-0.47859194827472074,0.9831140061391898,-0.4418697339633721,long
1763,"{'window_k': 102, 'window_d': 222, 'window_ma': 57}","open_time
2022-01-01 00:00:00    100.00000
2022-01-01 01:00:00    100.00000
2022-01-01 02:00:00    100.00000
2022-01-01 03:00:00    100.00000
2022-01-01 04:00:00    100.00000
                         ...    
2023-05-01 19:00:00     61.72968
2023-05-01 20:00:00     61.72968
2023-05-01 21:00:00     61.72968
2023-05-01 22:00:00     61.72968
2023-05-01 23:00:00     61.72968
Freq: H, Length: 11664, dtype: float64",2022-01-01,2023-05-01 23:00:00,486 days,100.0,44.10221733169082,120.83983416203081,61.7296800528468,-38.2703199471532,-70.17976286600607,22.205075445816185,100.0,63.50357674890933,424 days 03:00:00,50,0.0,25,40.0,25.802899614608194,-14.261383559585235,6.571065569970597,-6.902312033364932,5 days 03:36:00,3 days 18:16:00,0.5267314632616308,-1.530812797886127,-0.6922888640156283,-0.47859775902575497,0.9571784139832522,-0.953594377960501,long
1349,"{'window_k': 87, 'window_d': 72, 'window_ma': 87}","open_time
2022-01-01 00:00:00    100.000000
2022-01-01 01:00:00    100.000000
2022-01-01 02:00:00    100.000000
2022-01-01 03:00:00    100.000000
2022-01-01 04:00:00    100.000000
                          ...    
2023-05-01 19:00:00     64.790924
2023-05-01 20:00:00     64.790924
2023-05-01 21:00:00     64.790924
2023-05-01 22:00:00     64.790924
2023-05-01 23:00:00     64.790924
Freq: H, Length: 11664, dtype: float64",2022-01-01,2023-05-01 23:00:00,486 days,100.0,55.02630420044216,131.33902562808265,64.7909240401657,-35.209075959834294,-70.17976286600607,41.51234567901235,100.0,58.103614719769524,266 days 11:00:00,112,0.0,56,37.5,23.830409356725145,-17.18316652598576,8.832214839771032,-6.101718787994952,5 days 00:14:17.142857142,2 days 18:38:49.411764705,0.818460290540892,-0.6287334992827538,-0.12056980573062602,-0.47872876857505126,0.9935629388027469,-0.18214534762032777,long
2245,"{'window_k': 132, 'window_d': 192, 'window_ma': 87}","open_time
2022-01-01 00:00:00    100.000000
2022-01-01 01:00:00    100.000000
2022-01-01 02:00:00    100.000000
2022-01-01 03:00:00    100.000000
2022-01-01 04:00:00    100.000000
                          ...    
2023-05-01 19:00:00     59.992696
2023-05-01 20:00:00     59.854921
2023-05-01 21:00:00     60.156305
2023-05-01 22:00:00     60.423245
2023-05-01 23:00:00     60.423245
Freq: H, Length: 11664, dtype: float64",2022-01-01,2023-05-01 23:00:00,486 days,100.0,42.01037364155579,122.84612540277851,60.423245277175916,-39.576754722824084,-70.17976286600607,34.79080932784637,100.0,65.80244309389866,451 days 16:00:00,51,0.0,26,28.000000000000004,32.295271049596295,-24.35996044390727,15.779523998499972,-7.924793669492154,9 days 08:34:17.142857142,5 days 17:09:59.999999999,0.6369801369766539,-1.6226806960064515,-0.4567967960995222,-0.4787359154246919,0.9767180734482023,-0.6348541470104098,long
479,"{'window_k': 27, 'window_d': 207, 'window_ma': 237}","open_time
2022-01-01 00:00:00    100.000000
2022-01-01 01:00:00    100.000000
2022-01-01 02:00:00    100.000000
2022-01-01 03:00:00    100.000000
2022-01-01 04:00:00    100.000000
                          ...    
2023-05-01 19:00:00     63.368456
2023-05-01 20:00:00     63.222927
2023-05-01 21:00:00     63.541270
2023-05-01 22:00:00     63.823231
2023-05-01 23:00:00     63.823231
Freq: H, Length: 11664, dtype: float64",2022-01-01,2023-05-01 23:00:00,486 days,100.0,51.41469815182507,127.8172647962664,63.8232313738045,-36.1767686261955,-70.17976286600607,37.43998628257887,100.0,59.77484087632665,391 days 18:00:00,71,0.0,36,28.57142857142857,34.36707626292177,-14.320871909058946,13.196920965518128,-6.2661724179451195,8 days 13:24:00,3 days 18:02:24,0.7304750917863925,-1.031023242070383,-0.34350347043642326,-0.47891523635555217,0.9831386047859754,-0.4780420561011704,long
1197,"{'window_k': 72, 'window_d': 162, 'window_ma': 207}","open_time
2022-01-01 00:00:00    100.000000
2022-01-01 01:00:00    100.000000
2022-01-01 02:00:00    100.000000
2022-01-01 03:00:00    100.000000
2022-01-01 04:00:00    100.000000
                          ...    
2023-05-01 19:00:00     57.782512
2023-05-01 20:00:00     57.649812
2023-05-01 21:00:00     57.940093
2023-05-01 22:00:00     58.197199
2023-05-01 23:00:00     58.197199
Freq: H, Length: 11664, dtype: float64",2022-01-01,2023-05-01 23:00:00,486 days,100.0,37.79252489788428,124.88647659276377,58.19719910079471,-41.80280089920529,-70.17976286600607,39.33470507544581,100.0,69.73849697023635,451 days 16:00:00,67,0.0,34,30.303030303030305,34.6542771248975,-20.20006820506991,14.021579641320303,-7.444251942062227,8 days 11:36:00,4 days 11:49:33.913043478,0.6827195268209465,-1.2810770995913332,-0.3877517010085889,-0.47901896698034424,0.9812603704388778,-0.538130752603458,long
2433,"{'window_k': 147, 'window_d': 132, 'window_ma': 27}","open_time
2022-01-01 00:00:00    100.000000
2022-01-01 01:00:00    100.000000
2022-01-01 02:00:00    100.000000
2022-01-01 03:00:00    100.000000
2022-01-01 04:00:00    100.000000
                          ...    
2023-05-01 19:00:00     69.553518
2023-05-01 20:00:00     69.393785
2023-05-01 21:00:00     69.743200
2023-05-01 22:00:00     70.052682
2023-05-01 23:00:00     70.052682
Freq: H, Length: 11664, dtype: float64",2022-01-01,2023-05-01 23:00:00,486 days,100.0,64.8909804086913,127.14449729375102,70.05268186316732,-29.947318136832678,-70.17976286600607,24.425582990397803,100.0,48.962808623349986,451 days 16:00:00,63,0.0,32,38.70967741935484,22.17026543804152,-13.143549364021808,7.124845563084266,-5.81348993781166,3 days 05:55:00,4 days 01:03:09.473684210,0.7025101716002856,-0.961533942085675,-0.32259775836458704,-0.47906327034677526,0.9802518875864169,-0.450133319805657,long
746,"{'window_k': 42, 'window_d': 222, 'window_ma': 162}","open_time
2022-01-01 00:00:00    100.000000
2022-01-01 01:00:00    100.000000
2022-01-01 02:00:00    100.000000
2022-01-01 03:00:00    100.000000
2022-01-01 04:00:00    100.000000
                          ...    
2023-05-01 19:00:00     54.062166
2023-05-01 20:00:00     53.938010
2023-05-01 21:00:00     54.209601
2023-05-01 22:00:00     54.450153
2023-05-01 23:00:00     54.450153
Freq: H, Length: 11664, dtype: float64",2022-01-01,2023-05-01 23:00:00,486 days,100.0,35.24201387497749,149.9988432085945,54.450153003407436,-45.549846996592564,-70.17976286600607,36.42832647462277,100.0,76.5051428923565,391 days 18:00:00,59,0.0,30,37.93103448275862,29.674231897483388,-42.60418428917836,11.324524956137614,-8.632175867631378,8 days 13:00:00,4 days 12:20:00,0.6205179064920497,-1.5728249993813908,-0.5114256001834054,-0.4790887906202265,0.9742790165663229,-0.6870688811748886,long
3935,"{'window_k': 237, 'window_d': 87, 'window_ma': 237}","open_time
2022-01-01 00:00:00    100.000000
2022-01-01 01:00:00    100.000000
2022-01-01 02:00:00    100.000000
2022-01-01 03:00:00    100.000000
2022-01-01 04:00:00    100.000000
                          ...    
2023-05-01 19:00:00     60.286081
2023-05-01 20:00:00     60.147631
2023-05-01 21:00:00     60.450489
2023-05-01 22:00:00     60.718735
2023-05-01 23:00:00     60.718735
Freq: H, Length: 11664, dtype: float64",2022-01-01,2023-05-01 23:00:00,486 days,100.0,47.34304476717373,136.02052724970838,60.71873511385863,-39.28126488614137,-70.17976286600607,41.76954732510288,100.0,65.19419110891938,355 days 14:00:00,69,0.0,35,32.35294117647059,30.374716124148378,-20.94909979995555,15.783723094291172,-8.493101320970695,9 days 09:00:00,4 days 04:44:20.869565217,0.770749723250903,-1.165765929154082,-0.16870250440817236,-0.47934588846449194,0.9910796942409298,-0.2543495987765045,long
395,"{'window_k': 27, 'window_d': 132, 'window_ma': 177}","open_time
2022-01-01 00:00:00    100.000000
2022-01-01 01:00:00    100.000000
2022-01-01 02:00:00    100.000000
2022-01-01 03:00:00    100.000000
2022-01-01 04:00:00    100.000000
                          ...    
2023-05-01 19:00:00     64.431490
2023-05-01 20:00:00     64.283520
2023-05-01 21:00:00     64.607203
2023-05-01 22:00:00     64.893894
2023-05-01 23:00:00     64.893894
Freq: H, Length: 11664, dtype: float64",2022-01-01,2023-05-01 23:00:00,486 days,100.0,48.047200460440614,113.94682048154564,64.89389440135766,-35.106105598642344,-70.17976286600607,36.97702331961592,100.0,57.83366288116644,451 days 16:00:00,95,0.0,48,34.04255319148936,38.86752420103435,-18.30626450116008,7.810491128146004,-4.853818619214049,5 days 10:56:15,2 days 19:44:30.967741935,0.6963893993969208,-0.752644689411772,-0.3033005975119176,-0.47947388123202156,0.9848083549038052,-0.4200171923505201,long
2717,"{'window_k': 162, 'window_d': 147, 'window_ma': 207}","open_time
2022-01-01 00:00:00    100.000000
2022-01-01 01:00:00    100.000000
2022-01-01 02:00:00    100.000000
2022-01-01 03:00:00    100.000000
2022-01-01 04:00:00    100.000000
                          ...    
2023-05-01 19:00:00     61.575458
2023-05-01 20:00:00     61.434048
2023-05-01 21:00:00     61.743383
2023-05-01 22:00:00     62.017366
2023-05-01 23:00:00     62.017366
Freq: H, Length: 11664, dtype: float64",2022-01-01,2023-05-01 23:00:00,486 days,100.0,48.81400769092722,131.4492425955234,62.0173660705983,-37.9826339294017,-70.17976286600607,37.662894375857334,100.0,62.8647478470982,451 days 16:00:00,55,0.0,28,25.925925925925924,41.02564102564101,-13.867435158501431,17.19091016815411,-7.271474816261578,10 days 17:00:00,5 days 07:03:00,0.6915810383068294,-1.3750123128157754,-0.335542100397293,-0.47958798086172116,0.9832480313708643,-0.47056461883462225,long
3933,"{'window_k': 237, 'window_d': 87, 'window_ma': 207}","open_time
2022-01-01 00:00:00    100.000000
2022-01-01 01:00:00    100.000000
2022-01-01 02:00:00    100.000000
2022-01-01 03:00:00    100.000000
2022-01-01 04:00:00    100.000000
                          ...    
2023-05-01 19:00:00     60.576878
2023-05-01 20:00:00     60.437761
2023-05-01 21:00:00     60.742080
2023-05-01 22:00:00     61.011620
2023-05-01 23:00:00     61.011620
Freq: H, Length: 11664, dtype: float64",2022-01-01,2023-05-01 23:00:00,486 days,100.0,48.17300026024551,136.02052724970838,61.01161959976601,-38.98838040023399,-70.17976286600607,40.5778463648834,100.0,64.58402181325997,355 days 14:00:00,69,0.0,35,32.35294117647059,30.374716124148392,-20.949099799955544,15.91090551451996,-8.524109328369631,9 days 10:32:43.636363636,3 days 21:57:23.478260869,0.7748680532826836,-1.1572020122225548,-0.16934938550611367,-0.48002057615293936,0.9909188336113636,-0.2553161032483346,long
2872,"{'window_k': 177, 'window_d': 57, 'window_ma': 132}","open_time
2022-01-01 00:00:00    100.000000
2022-01-01 01:00:00    100.000000
2022-01-01 02:00:00    100.000000
2022-01-01 03:00:00    100.000000
2022-01-01 04:00:00    100.000000
                          ...    
2023-05-01 19:00:00     70.739879
2023-05-01 20:00:00     70.577422
2023-05-01 21:00:00     70.932796
2023-05-01 22:00:00     71.247557
2023-05-01 23:00:00     71.247557
Freq: H, Length: 11664, dtype: float64",2022-01-01,2023-05-01 23:00:00,486 days,100.0,59.880452323191975,112.59627329192546,71.24755674827698,-28.75244325172302,-70.17976286600607,36.22256515775034,100.0,46.81844205630015,469 days 22:00:00,99,0.0,50,38.775510204081634,21.847109041521147,-17.404292985173715,7.477278197099446,-5.49581842924719,4 days 20:34:44.210526315,2 days 14:50:00,0.7722693326784834,-0.6458409983061535,-0.043582855790659285,-0.4801059794681419,0.9974618683275646,-0.06664282445886917,long
397,"{'window_k': 27, 'window_d': 132, 'window_ma': 207}","open_time
2022-01-01 00:00:00    100.000000
2022-01-01 01:00:00    100.000000
2022-01-01 02:00:00    100.000000
2022-01-01 03:00:00    100.000000
2022-01-01 04:00:00    100.000000
                          ...    
2023-05-01 19:00:00     64.461577
2023-05-01 20:00:00     64.313538
2023-05-01 21:00:00     64.637373
2023-05-01 22:00:00     64.924198
2023-05-01 23:00:00     64.924198
Freq: H, Length: 11664, dtype: float64",2022-01-01,2023-05-01 23:00:00,486 days,100.0,48.215002091850764,113.94682048154564,64.9241976402878,-35.0758023597122,-70.17976286600607,37.02846364883402,100.0,57.68639977132186,451 days 16:00:00,95,0.0,48,34.04255319148936,38.86752420103434,-18.306264501160094,7.791575183724482,-4.8439062176335055,5 days 10:52:30,2 days 19:58:03.870967741,0.696499278680973,-0.752002604282211,-0.3018052422738313,-0.4802585506183188,0.984897511745969,-0.4179424650576312,long
2878,"{'window_k': 177, 'window_d': 57, 'window_ma': 222}","open_time
2022-01-01 00:00:00    100.000000
2022-01-01 01:00:00    100.000000
2022-01-01 02:00:00    100.000000
2022-01-01 03:00:00    100.000000
2022-01-01 04:00:00    100.000000
                          ...    
2023-05-01 19:00:00     70.383496
2023-05-01 20:00:00     70.221857
2023-05-01 21:00:00     70.575441
2023-05-01 22:00:00     70.888616
2023-05-01 23:00:00     70.888616
Freq: H, Length: 11664, dtype: float64",2022-01-01,2023-05-01 23:00:00,486 days,100.0,59.21089966251108,112.59627329192546,70.8886162084875,-29.111383791512495,-70.17976286600607,37.26851851851852,100.0,47.413091098497986,469 days 22:00:00,99,0.0,50,36.734693877551024,21.847109041521165,-17.404292985173697,7.887880792198453,-5.332080348375351,5 days 02:03:20,2 days 17:19:21.290322580,0.7699442442771098,-0.652868792944429,-0.04834022219518929,-0.48027482240494046,0.9972120121022405,-0.07391604491992715,long
2877,"{'window_k': 177, 'window_d': 57, 'window_ma': 207}","open_time
2022-01-01 00:00:00    100.000000
2022-01-01 01:00:00    100.000000
2022-01-01 02:00:00    100.000000
2022-01-01 03:00:00    100.000000
2022-01-01 04:00:00    100.000000
                          ...    
2023-05-01 19:00:00     70.383496
2023-05-01 20:00:00     70.221857
2023-05-01 21:00:00     70.575441
2023-05-01 22:00:00     70.888616
2023-05-01 23:00:00     70.888616
Freq: H, Length: 11664, dtype: float64",2022-01-01,2023-05-01 23:00:00,486 days,100.0,59.21089966251108,112.59627329192546,70.8886162084875,-29.111383791512495,-70.17976286600607,37.26851851851852,100.0,47.413091098497986,469 days 22:00:00,99,0.0,50,36.734693877551024,21.847109041521165,-17.404292985173697,7.887880792198453,-5.332080348375351,5 days 02:03:20,2 days 17:19:21.290322580,0.7699442442771098,-0.652868792944429,-0.04834022219518929,-0.48027482240494046,0.9972120121022405,-0.07391604491992715,long
2876,"{'window_k': 177, 'window_d': 57, 'window_ma': 192}","open_time
2022-01-01 00:00:00    100.000000
2022-01-01 01:00:00    100.000000
2022-01-01 02:00:00    100.000000
2022-01-01 03:00:00    100.000000
2022-01-01 04:00:00    100.000000
                          ...    
2023-05-01 19:00:00     70.383496
2023-05-01 20:00:00     70.221857
2023-05-01 21:00:00     70.575441
2023-05-01 22:00:00     70.888616
2023-05-01 23:00:00     70.888616
Freq: H, Length: 11664, dtype: float64",2022-01-01,2023-05-01 23:00:00,486 days,100.0,59.21089966251108,112.59627329192546,70.8886162084875,-29.111383791512495,-70.17976286600607,37.26851851851852,100.0,47.413091098497986,469 days 22:00:00,99,0.0,50,36.734693877551024,21.847109041521165,-17.404292985173697,7.887880792198453,-5.332080348375351,5 days 02:03:20,2 days 17:19:21.290322580,0.7699442442771098,-0.652868792944429,-0.04834022219518929,-0.48027482240494046,0.9972120121022405,-0.07391604491992715,long
2879,"{'window_k': 177, 'window_d': 57, 'window_ma': 237}","open_time
2022-01-01 00:00:00    100.000000
2022-01-01 01:00:00    100.000000
2022-01-01 02:00:00    100.000000
2022-01-01 03:00:00    100.000000
2022-01-01 04:00:00    100.000000
                          ...    
2023-05-01 19:00:00     70.383496
2023-05-01 20:00:00     70.221857
2023-05-01 21:00:00     70.575441
2023-05-01 22:00:00     70.888616
2023-05-01 23:00:00     70.888616
Freq: H, Length: 11664, dtype: float64",2022-01-01,2023-05-01 23:00:00,486 days,100.0,59.21089966251108,112.59627329192546,70.8886162084875,-29.111383791512495,-70.17976286600607,37.26851851851852,100.0,47.413091098497986,469 days 22:00:00,99,0.0,50,36.734693877551024,21.847109041521165,-17.404292985173697,7.887880792198453,-5.332080348375351,5 days 02:03:20,2 days 17:19:21.290322580,0.7699442442771098,-0.652868792944429,-0.04834022219518929,-0.48027482240494046,0.9972120121022405,-0.07391604491992715,long
1335,"{'window_k': 87, 'window_d': 57, 'window_ma': 117}","open_time
2022-01-01 00:00:00    100.000000
2022-01-01 01:00:00    100.000000
2022-01-01 02:00:00    100.000000
2022-01-01 03:00:00    100.000000
2022-01-01 04:00:00    100.000000
                          ...    
2023-05-01 19:00:00     60.564631
2023-05-01 20:00:00     60.564631
2023-05-01 21:00:00     60.564631
2023-05-01 22:00:00     60.564631
2023-05-01 23:00:00     60.564631
Freq: H, Length: 11664, dtype: float64",2022-01-01,2023-05-01 23:00:00,486 days,100.0,54.85165361493338,158.22092013473966,60.56463130719165,-39.43536869280835,-70.17976286600607,42.83264746227709,100.0,65.3322369960798,194 days 16:00:00,120,0.0,60,30.0,22.785464890728054,-17.655078391274717,9.382169385103452,-4.890614862544782,4 days 15:13:20,3 days 00:26:20.487804878,0.806404182228732,-0.6572561448801397,-0.16155549928818502,-0.4803394788626186,0.9916180624813542,-0.24318465010577484,long
1087,"{'window_k': 72, 'window_d': 57, 'window_ma': 237}","open_time
2022-01-01 00:00:00    100.00000
2022-01-01 01:00:00    100.00000
2022-01-01 02:00:00    100.00000
2022-01-01 03:00:00    100.00000
2022-01-01 04:00:00    100.00000
                         ...    
2023-05-01 19:00:00     61.02856
2023-05-01 20:00:00     61.02856
2023-05-01 21:00:00     61.02856
2023-05-01 22:00:00     61.02856
2023-05-01 23:00:00     61.02856
Freq: H, Length: 11664, dtype: float64",2022-01-01,2023-05-01 23:00:00,486 days,100.0,51.378949407303615,144.71232178855163,61.02856012871109,-38.97143987128891,-70.17976286600607,42.309670781893004,100.0,64.49580189696862,391 days 18:00:00,130,0.0,65,33.84615384615385,22.998027613412237,-18.94652283681432,7.373738459620433,-4.5281093718546845,3 days 22:57:16.363636363,2 days 18:11:09.767441860,0.7757821005043849,-0.5995606134044444,-0.1587543156818636,-0.4804540860228624,0.9915062630961059,-0.24475201576304417,long
3976,"{'window_k': 237, 'window_d': 132, 'window_ma': 132}","open_time
2022-01-01 00:00:00    100.000000
2022-01-01 01:00:00    100.000000
2022-01-01 02:00:00    100.000000
2022-01-01 03:00:00    100.000000
2022-01-01 04:00:00    100.000000
                          ...    
2023-05-01 19:00:00     63.026654
2023-05-01 20:00:00     62.881911
2023-05-01 21:00:00     63.198537
2023-05-01 22:00:00     63.478977
2023-05-01 23:00:00     63.478977
Freq: H, Length: 11664, dtype: float64",2022-01-01,2023-05-01 23:00:00,486 days,100.0,48.91205074877566,122.84612540277851,63.47897682710001,-36.52102317289999,-70.17976286600607,38.19444444444444,100.0,60.18429511846095,451 days 16:00:00,53,0.0,27,30.76923076923077,36.68778547222632,-22.782723376195182,14.459331081717211,-7.678689133422114,9 days 14:00:00,5 days 23:09:59.999999999,0.6730878188580688,-1.3980438662398154,-0.23256988161597486,-0.4804642987347068,0.9877924721994839,-0.3336325619922529,long
2500,"{'window_k': 147, 'window_d': 192, 'window_ma': 72}","open_time
2022-01-01 00:00:00    100.000000
2022-01-01 01:00:00    100.000000
2022-01-01 02:00:00    100.000000
2022-01-01 03:00:00    100.000000
2022-01-01 04:00:00    100.000000
                          ...    
2023-05-01 19:00:00     60.818331
2023-05-01 20:00:00     60.678659
2023-05-01 21:00:00     60.984191
2023-05-01 22:00:00     61.254805
2023-05-01 23:00:00     61.254805
Freq: H, Length: 11664, dtype: float64",2022-01-01,2023-05-01 23:00:00,486 days,100.0,46.76612869677449,130.07325415577117,61.25480490803631,-38.74519509196369,-70.17976286600607,27.76920438957476,100.0,64.04631451691904,391 days 18:00:00,47,0.0,24,39.130434782608695,33.237382460180385,-24.757815940114483,7.09008376874382,-7.158691200808728,5 days 01:26:40,6 days 08:25:42.857142857,0.5266274397127277,-1.6970986146828155,-0.49556929975886027,-0.4808272633939634,0.9718602639323616,-0.690002696536313,long
1336,"{'window_k': 87, 'window_d': 57, 'window_ma': 132}","open_time
2022-01-01 00:00:00    100.000000
2022-01-01 01:00:00    100.000000
2022-01-01 02:00:00    100.000000
2022-01-01 03:00:00    100.000000
2022-01-01 04:00:00    100.000000
                          ...    
2023-05-01 19:00:00     61.009928
2023-05-01 20:00:00     61.009928
2023-05-01 21:00:00     61.009928
2023-05-01 22:00:00     61.009928
2023-05-01 23:00:00     61.009928
Freq: H, Length: 11664, dtype: float64",2022-01-01,2023-05-01 23:00:00,486 days,100.0,55.25494584862905,155.4929117023416,61.00992773552361,-38.99007226447639,-70.17976286600607,42.65260631001372,100.0,64.46465292617133,194 days 16:00:00,120,0.0,60,30.0,22.785464890728065,-17.655078391274724,9.284613036527006,-4.83166579749598,4 days 16:36:40,2 days 23:19:01.463414634,0.8039597325641245,-0.649834537741274,-0.15228042581868137,-0.4809317188628984,0.9921074106359292,-0.2290641328286395,long
3385,"{'window_k': 207, 'window_d': 57, 'window_ma': 147}","open_time
2022-01-01 00:00:00    100.000000
2022-01-01 01:00:00    100.000000
2022-01-01 02:00:00    100.000000
2022-01-01 03:00:00    100.000000
2022-01-01 04:00:00    100.000000
                          ...    
2023-05-01 19:00:00     65.038771
2023-05-01 20:00:00     64.889406
2023-05-01 21:00:00     65.216141
2023-05-01 22:00:00     65.505534
2023-05-01 23:00:00     65.505534
Freq: H, Length: 11664, dtype: float64",2022-01-01,2023-05-01 23:00:00,486 days,100.0,54.33629803556128,125.17834101782715,65.50553374998383,-34.494466250016174,-70.17976286600607,37.414266117969824,100.0,56.592891714531476,355 days 14:00:00,95,0.0,48,36.17021276595745,20.775385276271273,-16.957264957264957,7.776364035997882,-5.341209869607289,4 days 16:21:10.588235294,3 days 05:51:59.999999999,0.7452506062656636,-0.7396848691327529,-0.12882780491208798,-0.4809571414004238,0.992586000556505,-0.19621687236294016,long
3390,"{'window_k': 207, 'window_d': 57, 'window_ma': 222}","open_time
2022-01-01 00:00:00    100.000000
2022-01-01 01:00:00    100.000000
2022-01-01 02:00:00    100.000000
2022-01-01 03:00:00    100.000000
2022-01-01 04:00:00    100.000000
                          ...    
2023-05-01 19:00:00     66.916413
2023-05-01 20:00:00     66.762737
2023-05-01 21:00:00     67.098904
2023-05-01 22:00:00     67.396652
2023-05-01 23:00:00     67.396652
Freq: H, Length: 11664, dtype: float64",2022-01-01,2023-05-01 23:00:00,486 days,100.0,55.904964702165735,119.73529715476936,67.39665167642926,-32.60334832357074,-70.17976286600607,37.5514403292181,100.0,53.309536928026155,355 days 14:00:00,95,0.0,48,36.17021276595745,20.77538527627127,-16.957264957264954,8.068777852366315,-5.407340626957682,4 days 10:52:56.470588235,3 days 09:30:00,0.7586130345389833,-0.6996146079433601,-0.09734726970214527,-0.4810832322375392,0.9944110037921827,-0.14844835547792212,long
2768,"{'window_k': 162, 'window_d': 207, 'window_ma': 12}","open_time
2022-01-01 00:00:00    100.00000
2022-01-01 01:00:00    100.00000
2022-01-01 02:00:00    100.00000
2022-01-01 03:00:00    100.00000
2022-01-01 04:00:00    100.00000
                         ...    
2023-05-01 19:00:00     70.71249
2023-05-01 20:00:00     70.71249
2023-05-01 21:00:00     70.71249
2023-05-01 22:00:00     70.71249
2023-05-01 23:00:00     70.71249
Freq: H, Length: 11664, dtype: float64",2022-01-01,2023-05-01 23:00:00,486 days,100.0,64.53961888360183,123.22953995232889,70.71249000963273,-29.287509990367266,-70.17976286600607,13.125857338820301,100.0,47.62650342720677,391 days 18:00:00,40,0.0,20,35.0,17.68758145596724,-26.23132263420033,7.747153185817599,-6.141127667515734,3 days 04:08:34.285714285,3 days 04:46:09.230769230,0.6019894581303373,-1.464375499518364,-0.6140383499755343,-0.4811494249564246,0.9498801734395071,-0.8436415752343756,long
2784,"{'window_k': 162, 'window_d': 222, 'window_ma': 12}","open_time
2022-01-01 00:00:00    100.00000
2022-01-01 01:00:00    100.00000
2022-01-01 02:00:00    100.00000
2022-01-01 03:00:00    100.00000
2022-01-01 04:00:00    100.00000
                         ...    
2023-05-01 19:00:00     73.85897
2023-05-01 20:00:00     73.85897
2023-05-01 21:00:00     73.85897
2023-05-01 22:00:00     73.85897
2023-05-01 23:00:00     73.85897
Freq: H, Length: 11664, dtype: float64",2022-01-01,2023-05-01 23:00:00,486 days,100.0,65.55118275906617,113.54096537373258,73.85896961426849,-26.14103038573151,-70.17976286600607,12.182784636488341,100.0,42.26649161974514,426 days 23:00:00,36,0.0,18,38.88888888888889,16.00293631859058,-22.326621923937353,6.239248112743388,-6.643440440860409,3 days 16:34:17.142857142,3 days 07:54:00,0.5791423980439395,-1.452279465873973,-0.5346473629757716,-0.48155016012777696,0.9543774903451631,-0.7349617879509824,long
2718,"{'window_k': 162, 'window_d': 147, 'window_ma': 222}","open_time
2022-01-01 00:00:00    100.000000
2022-01-01 01:00:00    100.000000
2022-01-01 02:00:00    100.000000
2022-01-01 03:00:00    100.000000
2022-01-01 04:00:00    100.000000
                          ...    
2023-05-01 19:00:00     60.850667
2023-05-01 20:00:00     60.710921
2023-05-01 21:00:00     61.016616
2023-05-01 22:00:00     61.287373
2023-05-01 23:00:00     61.287373
Freq: H, Length: 11664, dtype: float64",2022-01-01,2023-05-01 23:00:00,486 days,100.0,47.845555882773965,132.49435700500052,61.287373473911146,-38.712626526088854,-70.17976286600607,37.294238683127574,100.0,63.88860856846288,391 days 18:00:00,55,0.0,28,25.925925925925924,41.025641025641015,-13.86743515850143,17.316803692105893,-7.356763343375941,10 days 17:42:51.428571428,5 days 04:39:00,0.6843238927311907,-1.402422820275607,-0.3356603300842276,-0.4815816494356712,0.9833233047116514,-0.470429874820763,long
458,"{'window_k': 27, 'window_d': 192, 'window_ma': 162}","open_time
2022-01-01 00:00:00    100.000000
2022-01-01 01:00:00    100.000000
2022-01-01 02:00:00    100.000000
2022-01-01 03:00:00    100.000000
2022-01-01 04:00:00    100.000000
                          ...    
2023-05-01 19:00:00     60.544265
2023-05-01 20:00:00     60.405222
2023-05-01 21:00:00     60.709377
2023-05-01 22:00:00     60.978772
2023-05-01 23:00:00     60.978772
Freq: H, Length: 11664, dtype: float64",2022-01-01,2023-05-01 23:00:00,486 days,100.0,43.733670430084075,122.91025514755742,60.97877206066042,-39.02122793933958,-70.17976286600607,35.41666666666667,100.0,64.41820873483624,451 days 16:00:00,75,0.0,38,24.324324324324326,35.29865125240849,-12.953060011883535,15.419215907610123,-5.972028832695342,9 days 03:00:00,3 days 02:47:08.571428571,0.717723225837897,-1.0513396178450667,-0.4207222398300253,-0.4816892714167946,0.9789659300507555,-0.5892865690906347,long
2770,"{'window_k': 162, 'window_d': 207, 'window_ma': 42}","open_time
2022-01-01 00:00:00    100.000000
2022-01-01 01:00:00    100.000000
2022-01-01 02:00:00    100.000000
2022-01-01 03:00:00    100.000000
2022-01-01 04:00:00    100.000000
                          ...    
2023-05-01 19:00:00     67.796585
2023-05-01 20:00:00     67.796585
2023-05-01 21:00:00     67.796585
2023-05-01 22:00:00     67.796585
2023-05-01 23:00:00     67.796585
Freq: H, Length: 11664, dtype: float64",2022-01-01,2023-05-01 23:00:00,486 days,100.0,56.905778801841386,119.87217681736489,67.79658502134721,-32.20341497865279,-70.17976286600607,21.793552812071333,100.0,52.527950761633356,424 days 03:00:00,42,0.0,21,33.33333333333333,30.255073543101833,-26.231322634200332,11.108932012121553,-7.225622820442509,5 days 19:00:00,4 days 16:04:17.142857142,0.6341008296309385,-1.5334959513644186,-0.46276235276012734,-0.48193774647156884,0.9704114418060109,-0.6450722234414579,long
2488,"{'window_k': 147, 'window_d': 177, 'window_ma': 132}","open_time
2022-01-01 00:00:00    100.000000
2022-01-01 01:00:00    100.000000
2022-01-01 02:00:00    100.000000
2022-01-01 03:00:00    100.000000
2022-01-01 04:00:00    100.000000
                          ...    
2023-05-01 19:00:00     62.013724
2023-05-01 20:00:00     61.871307
2023-05-01 21:00:00     62.182844
2023-05-01 22:00:00     62.458777
2023-05-01 23:00:00     62.458777
Freq: H, Length: 11664, dtype: float64",2022-01-01,2023-05-01 23:00:00,486 days,100.0,47.49583121685697,124.23076923076923,62.458777481674126,-37.541222518325874,-70.17976286600607,36.02537722908094,100.0,61.768061559186336,451 days 16:00:00,51,0.0,26,36.0,42.02835013882801,-21.691096040253782,12.751548209219225,-8.6906478239583,8 days 09:46:40,6 days 03:18:45,0.6594419806421975,-1.5144664352311983,-0.3597522857001416,-0.4820633885769141,0.9817137481147546,-0.5026785799237456,long
866,"{'window_k': 57, 'window_d': 102, 'window_ma': 42}","open_time
2022-01-01 00:00:00    100.000000
2022-01-01 01:00:00    100.000000
2022-01-01 02:00:00    100.000000
2022-01-01 03:00:00    100.000000
2022-01-01 04:00:00    100.000000
                          ...    
2023-05-01 19:00:00     64.191311
2023-05-01 20:00:00     64.191311
2023-05-01 21:00:00     64.191311
2023-05-01 22:00:00     64.191311
2023-05-01 23:00:00     64.191311
Freq: H, Length: 11664, dtype: float64",2022-01-01,2023-05-01 23:00:00,486 days,100.0,58.05737113919801,140.49151720231367,64.19131105340804,-35.80868894659196,-70.17976286600607,31.815843621399175,100.0,58.67553266180978,439 days 13:00:00,94,0.0,47,34.04255319148936,27.51511819681142,-15.018074268813669,9.724171427549594,-5.860930246652515,4 days 10:37:30,2 days 16:40:38.709677419,0.8017870784948454,-0.7618869988636576,-0.2394021354296911,-0.4826230571124784,0.9848431439957891,-0.36158475287733227,long
3652,"{'window_k': 222, 'window_d': 72, 'window_ma': 72}","open_time
2022-01-01 00:00:00    100.000000
2022-01-01 01:00:00    100.000000
2022-01-01 02:00:00    100.000000
2022-01-01 03:00:00    100.000000
2022-01-01 04:00:00    100.000000
                          ...    
2023-05-01 19:00:00     64.852776
2023-05-01 20:00:00     64.852776
2023-05-01 21:00:00     64.852776
2023-05-01 22:00:00     64.852776
2023-05-01 23:00:00     64.852776
Freq: H, Length: 11664, dtype: float64",2022-01-01,2023-05-01 23:00:00,486 days,100.0,57.13985238713605,134.51715939153698,64.85277637228464,-35.14722362771536,-70.17976286600607,32.61316872427983,100.0,57.52225764683301,355 days 14:00:00,72,0.0,36,44.44444444444444,23.114119922630564,-21.99516589760492,8.532447921260648,-8.073464547550913,5 days 12:33:45,3 days 12:09:00,0.761418155826921,-0.97631176743654,-0.15509570914398124,-0.48266750384835366,0.9905283631092767,-0.23598910796165212,long
2982,"{'window_k': 177, 'window_d': 162, 'window_ma': 102}","open_time
2022-01-01 00:00:00    100.000000
2022-01-01 01:00:00    100.000000
2022-01-01 02:00:00    100.000000
2022-01-01 03:00:00    100.000000
2022-01-01 04:00:00    100.000000
                          ...    
2023-05-01 19:00:00     57.618306
2023-05-01 20:00:00     57.485983
2023-05-01 21:00:00     57.775439
2023-05-01 22:00:00     58.031814
2023-05-01 23:00:00     58.031814
Freq: H, Length: 11664, dtype: float64",2022-01-01,2023-05-01 23:00:00,486 days,100.0,39.588669987181476,129.74468187844545,58.03181440700829,-41.96818559299171,-70.17976286600607,31.61008230452675,100.0,69.48725033348873,391 days 18:00:00,49,0.0,25,29.166666666666668,37.60834435140297,-26.76644121456325,14.966727956432107,-8.030931833959267,10 days 05:42:51.428571428,4 days 17:38:49.411764705,0.5814863546685421,-1.7559108023880712,-0.5061990365450987,-0.4827970966022678,0.9726353039931404,-0.6965248511679736,long
3927,"{'window_k': 237, 'window_d': 87, 'window_ma': 117}","open_time
2022-01-01 00:00:00    100.000000
2022-01-01 01:00:00    100.000000
2022-01-01 02:00:00    100.000000
2022-01-01 03:00:00    100.000000
2022-01-01 04:00:00    100.000000
                          ...    
2023-05-01 19:00:00     58.413014
2023-05-01 20:00:00     58.278866
2023-05-01 21:00:00     58.572315
2023-05-01 22:00:00     58.832226
2023-05-01 23:00:00     58.832226
Freq: H, Length: 11664, dtype: float64",2022-01-01,2023-05-01 23:00:00,486 days,100.0,45.30864971725132,141.80342571675962,58.832226336282325,-41.167773663717675,-70.17976286600607,37.77434842249657,100.0,68.04826858855193,309 days 12:00:00,69,0.0,35,32.35294117647059,30.374716124148364,-20.949099799955547,15.0564500945776,-8.354905176932629,7 days 19:10:54.545454545,4 days 02:33:54.782608695,0.7633456222411351,-1.2209272819710728,-0.23349734896600632,-0.4829081874216026,0.9868567894269039,-0.3540240216160146,long
610,"{'window_k': 42, 'window_d': 102, 'window_ma': 42}","open_time
2022-01-01 00:00:00    100.000000
2022-01-01 01:00:00    100.000000
2022-01-01 02:00:00    100.000000
2022-01-01 03:00:00    100.000000
2022-01-01 04:00:00    100.000000
                          ...    
2023-05-01 19:00:00     66.132618
2023-05-01 20:00:00     66.132618
2023-05-01 21:00:00     66.132618
2023-05-01 22:00:00     66.132618
2023-05-01 23:00:00     66.132618
Freq: H, Length: 11664, dtype: float64",2022-01-01,2023-05-01 23:00:00,486 days,100.0,59.80630719905823,133.73894477115255,66.13261750442156,-33.86738249557844,-70.17976286600607,29.466735253772292,100.0,55.28130769881889,453 days 11:00:00,96,0.0,48,35.41666666666667,25.528576148001324,-14.767009407131916,8.143903059612645,-5.480075034354002,3 days 20:28:14.117647058,2 days 11:50:00,0.7988066234192964,-0.7055704686578852,-0.20891890297966137,-0.48291385088370126,0.9861941214935112,-0.32164826386414636,long
1033,"{'window_k': 72, 'window_d': 12, 'window_ma': 147}","open_time
2022-01-01 00:00:00    100.000000
2022-01-01 01:00:00    100.000000
2022-01-01 02:00:00    100.000000
2022-01-01 03:00:00    100.000000
2022-01-01 04:00:00    100.000000
                          ...    
2023-05-01 19:00:00     59.857739
2023-05-01 20:00:00     59.720274
2023-05-01 21:00:00     60.020980
2023-05-01 22:00:00     60.287320
2023-05-01 23:00:00     60.287320
Freq: H, Length: 11664, dtype: float64",2022-01-01,2023-05-01 23:00:00,486 days,100.0,34.568095806609605,100.0309652304698,60.28731970616478,-39.71268029383522,-70.17976286600607,41.6838134430727,100.0,65.44260497040567,480 days 01:00:00,465,0.0,233,32.758620689655174,39.06012176560122,-14.636025163692375,4.965490550136961,-2.536917275174258,1 days 06:19:44.210526315,0 days 16:19:59.999999999,0.8329467574313966,-0.17132347728218356,-0.14977441924597734,-0.48313711645355656,0.991774448471883,-0.23401261861557787,long
763,"{'window_k': 42, 'window_d': 237, 'window_ma': 177}","open_time
2022-01-01 00:00:00    100.000000
2022-01-01 01:00:00    100.000000
2022-01-01 02:00:00    100.000000
2022-01-01 03:00:00    100.000000
2022-01-01 04:00:00    100.000000
                          ...    
2023-05-01 19:00:00     56.282949
2023-05-01 20:00:00     56.153693
2023-05-01 21:00:00     56.436441
2023-05-01 22:00:00     56.686874
2023-05-01 23:00:00     56.686874
Freq: H, Length: 11664, dtype: float64",2022-01-01,2023-05-01 23:00:00,486 days,100.0,35.77542385622614,126.82440787776035,56.68687445399818,-43.31312554600182,-70.17976286600607,32.475994513031544,100.0,71.79137324204324,430 days 01:00:00,53,0.0,27,30.76923076923077,29.892025004735757,-22.284940167080595,12.780295187932781,-7.811244478521603,8 days 20:00:00,4 days 19:50:00,0.5588567466336893,-1.6705501204388513,-0.5716724548267041,-0.4834599901744581,0.9706152977398423,-0.7904493746401499,long
4073,"{'window_k': 237, 'window_d': 222, 'window_ma': 147}","open_time
2022-01-01 00:00:00    100.000000
2022-01-01 01:00:00    100.000000
2022-01-01 02:00:00    100.000000
2022-01-01 03:00:00    100.000000
2022-01-01 04:00:00    100.000000
                          ...    
2023-05-01 19:00:00     65.804249
2023-05-01 20:00:00     65.804249
2023-05-01 21:00:00     65.804249
2023-05-01 22:00:00     65.804249
2023-05-01 23:00:00     65.804249
Freq: H, Length: 11664, dtype: float64",2022-01-01,2023-05-01 23:00:00,486 days,100.0,55.0107515205211,124.36600139749811,65.80424915600396,-34.19575084399604,-70.17976286600607,29.68106995884774,100.0,55.76704975446146,349 days 17:00:00,34,0.0,17,41.17647058823529,21.254612546125486,-18.479474141138535,7.540562790469988,-8.64500815946496,9 days 15:17:08.571428571,7 days 16:18:00,0.520771817792428,-2.0115147555291784,-0.38925832540066635,-0.48361236582062894,0.9780352052913599,-0.5437079522387884,long
609,"{'window_k': 42, 'window_d': 102, 'window_ma': 27}","open_time
2022-01-01 00:00:00    100.000000
2022-01-01 01:00:00    100.000000
2022-01-01 02:00:00    100.000000
2022-01-01 03:00:00    100.000000
2022-01-01 04:00:00    100.000000
                          ...    
2023-05-01 19:00:00     63.809307
2023-05-01 20:00:00     63.809307
2023-05-01 21:00:00     63.809307
2023-05-01 22:00:00     63.809307
2023-05-01 23:00:00     63.809307
Freq: H, Length: 11664, dtype: float64",2022-01-01,2023-05-01 23:00:00,486 days,100.0,53.4972097404442,131.0134280557893,63.80930706020834,-36.19069293979166,-70.17976286600607,30.281207133058984,100.0,59.16662090723743,439 days 04:00:00,94,0.0,47,38.297872340425535,20.377578824445315,-22.458836443468712,6.926372039167069,-5.515956249599367,4 days 02:56:40,2 days 12:02:08.571428571,0.7218936195078276,-0.7700147433998228,-0.42733109468504377,-0.48403604120641675,0.9764069447668486,-0.5867360055477242,long
2000,"{'window_k': 117, 'window_d': 207, 'window_ma': 12}","open_time
2022-01-01 00:00:00    100.000000
2022-01-01 01:00:00    100.000000
2022-01-01 02:00:00    100.000000
2022-01-01 03:00:00    100.000000
2022-01-01 04:00:00    100.000000
                          ...    
2023-05-01 19:00:00     67.716658
2023-05-01 20:00:00     67.561144
2023-05-01 21:00:00     67.901331
2023-05-01 22:00:00     67.901331
2023-05-01 23:00:00     67.901331
Freq: H, Length: 11664, dtype: float64",2022-01-01,2023-05-01 23:00:00,486 days,100.0,58.13583704432142,121.39173563113505,67.90133059080937,-32.098669409190634,-70.17976286600607,14.051783264746229,100.0,52.10890037772019,391 days 18:00:00,50,0.0,25,32.0,18.21582195623713,-26.480990274093713,4.771814603181734,-4.08206465975308,3 days 02:07:30,2 days 13:31:45.882352941,0.46371057427270723,-1.2839467763676256,-0.6310721032511746,-0.4841506747761142,0.9500695019601345,-0.8639762814879558,long
2546,"{'window_k': 147, 'window_d': 237, 'window_ma': 42}","open_time
2022-01-01 00:00:00    100.00000
2022-01-01 01:00:00    100.00000
2022-01-01 02:00:00    100.00000
2022-01-01 03:00:00    100.00000
2022-01-01 04:00:00    100.00000
                         ...    
2023-05-01 19:00:00     69.13306
2023-05-01 20:00:00     69.13306
2023-05-01 21:00:00     69.13306
2023-05-01 22:00:00     69.13306
2023-05-01 23:00:00     69.13306
Freq: H, Length: 11664, dtype: float64",2022-01-01,2023-05-01 23:00:00,486 days,100.0,59.84603071963013,119.57797951125866,69.13305972987678,-30.866940270123223,-70.17976286600607,20.773319615912207,100.0,49.95229810351878,424 days 03:00:00,36,0.0,18,33.33333333333333,29.029878273699744,-22.360524561013552,11.542242872265437,-7.681308991106333,5 days 13:20:00,5 days 15:15:00,0.6194945491571956,-1.7148300150068456,-0.4533745200391828,-0.4847060746894644,0.9701622762621305,-0.6302861775599218,long
3655,"{'window_k': 222, 'window_d': 72, 'window_ma': 117}","open_time
2022-01-01 00:00:00    100.000000
2022-01-01 01:00:00    100.000000
2022-01-01 02:00:00    100.000000
2022-01-01 03:00:00    100.000000
2022-01-01 04:00:00    100.000000
                          ...    
2023-05-01 19:00:00     62.861584
2023-05-01 20:00:00     62.717220
2023-05-01 21:00:00     63.033016
2023-05-01 22:00:00     63.312722
2023-05-01 23:00:00     63.312722
Freq: H, Length: 11664, dtype: float64",2022-01-01,2023-05-01 23:00:00,486 days,100.0,55.3298240109353,137.96616078966267,63.312721893051446,-36.687278106948554,-70.17976286600607,33.56481481481482,100.0,59.89609068321558,286 days 02:00:00,71,0.0,36,40.0,26.898101898101896,-21.995165897604927,8.78599340279418,-7.136482027327011,5 days 09:04:17.142857142,3 days 23:37:08.571428571,0.740768082085712,-1.0407319430019322,-0.18791330275558976,-0.4851113131724257,0.9885915565040433,-0.28624833364539265,long
75,"{'window_k': 12, 'window_d': 72, 'window_ma': 177}","open_time
2022-01-01 00:00:00    100.000000
2022-01-01 01:00:00    100.000000
2022-01-01 02:00:00    100.000000
2022-01-01 03:00:00    100.000000
2022-01-01 04:00:00    100.000000
                          ...    
2023-05-01 19:00:00     67.637311
2023-05-01 20:00:00     67.637311
2023-05-01 21:00:00     67.637311
2023-05-01 22:00:00     67.637311
2023-05-01 23:00:00     67.637311
Freq: H, Length: 11664, dtype: float64",2022-01-01,2023-05-01 23:00:00,486 days,100.0,57.15604438449899,120.17476685536906,67.63731113080847,-32.36268886919153,-70.17976286600607,33.401920438957475,100.0,52.439230064588706,439 days 04:00:00,178,0.0,89,35.95505617977528,20.199390750484618,-13.441909755145295,5.620077976956355,-3.6196418707868014,2 days 15:43:07.500000,1 days 08:54:38.571428571,0.8099085435562655,-0.363625717631366,-0.10578773156895119,-0.4852667268375292,0.9932832942532694,-0.1682574062464021,long
4069,"{'window_k': 237, 'window_d': 222, 'window_ma': 87}","open_time
2022-01-01 00:00:00    100.000000
2022-01-01 01:00:00    100.000000
2022-01-01 02:00:00    100.000000
2022-01-01 03:00:00    100.000000
2022-01-01 04:00:00    100.000000
                          ...    
2023-05-01 19:00:00     66.055454
2023-05-01 20:00:00     66.055454
2023-05-01 21:00:00     66.055454
2023-05-01 22:00:00     66.055454
2023-05-01 23:00:00     66.055454
Freq: H, Length: 11664, dtype: float64",2022-01-01,2023-05-01 23:00:00,486 days,100.0,54.86483877876245,122.28289642795045,66.05545403194043,-33.94454596805957,-70.17976286600607,31.17283950617284,100.0,55.1328596382332,424 days 03:00:00,34,0.0,17,35.294117647058826,26.974169741697434,-18.479474141138542,11.608281292531377,-8.9713110573304,9 days 22:30:00,8 days 08:27:16.363636363,0.5733717133770796,-1.9967379981211528,-0.4019229418729353,-0.48537940654986994,0.9779972650614893,-0.5571724760385974,long
2177,"{'window_k': 132, 'window_d': 132, 'window_ma': 27}","open_time
2022-01-01 00:00:00    100.000000
2022-01-01 01:00:00    100.000000
2022-01-01 02:00:00    100.000000
2022-01-01 03:00:00    100.000000
2022-01-01 04:00:00    100.000000
                          ...    
2023-05-01 19:00:00     65.751996
2023-05-01 20:00:00     65.600994
2023-05-01 21:00:00     65.931311
2023-05-01 22:00:00     66.223877
2023-05-01 23:00:00     66.223877
Freq: H, Length: 11664, dtype: float64",2022-01-01,2023-05-01 23:00:00,486 days,100.0,58.13105349952053,128.65678247399867,66.22387736882268,-33.776122631177316,-70.17976286600607,25.40294924554184,100.0,54.81695377290448,451 days 16:00:00,63,0.0,32,38.70967741935484,23.052666519141425,-17.430635252818472,7.41711929329442,-6.243500209777228,3 days 10:25:00,4 days 04:00:00,0.6771219451897821,-1.1005121759057457,-0.3956981322232791,-0.4856189447540988,0.9763806751334848,-0.5508315016178646,long
1819,"{'window_k': 117, 'window_d': 27, 'window_ma': 177}","open_time
2022-01-01 00:00:00    100.000000
2022-01-01 01:00:00    100.000000
2022-01-01 02:00:00    100.000000
2022-01-01 03:00:00    100.000000
2022-01-01 04:00:00    100.000000
                          ...    
2023-05-01 19:00:00     57.455841
2023-05-01 20:00:00     57.455841
2023-05-01 21:00:00     57.455841
2023-05-01 22:00:00     57.455841
2023-05-01 23:00:00     57.455841
Freq: H, Length: 11664, dtype: float64",2022-01-01,2023-05-01 23:00:00,486 days,100.0,30.208649423611483,101.03585657370517,57.45584145564342,-42.54415854435658,-70.17976286600607,36.38545953360769,100.0,70.10106070454857,477 days 04:00:00,186,0.0,93,36.55913978494624,26.63832282656502,-14.46156976448447,6.333851582795827,-4.188941837312544,2 days 18:56:28.235294117,1 days 09:21:21.355932203,0.7098479356407984,-0.4574640703694248,-0.27861681090848,-0.48564446676934814,0.9839613730751529,-0.43035044255236765,long
2708,"{'window_k': 162, 'window_d': 147, 'window_ma': 72}","open_time
2022-01-01 00:00:00    100.000000
2022-01-01 01:00:00    100.000000
2022-01-01 02:00:00    100.000000
2022-01-01 03:00:00    100.000000
2022-01-01 04:00:00    100.000000
                          ...    
2023-05-01 19:00:00     59.982310
2023-05-01 20:00:00     59.844558
2023-05-01 21:00:00     60.145890
2023-05-01 22:00:00     60.412785
2023-05-01 23:00:00     60.412785
Freq: H, Length: 11664, dtype: float64",2022-01-01,2023-05-01 23:00:00,486 days,100.0,45.85560085264315,130.45433826971487,60.41278455005624,-39.58721544994376,-70.17976286600607,31.1042524005487,100.0,64.84930937456713,391 days 18:00:00,55,0.0,28,33.33333333333333,31.670775649535372,-14.220018034265102,10.356750552637951,-7.1165844480481075,6 days 15:26:40,4 days 22:53:20,0.6353280793106453,-1.4352627782839562,-0.43345964181421737,-0.48590955749322245,0.9765528749520589,-0.6034171644945279,long
1278,"{'window_k': 72, 'window_d': 237, 'window_ma': 222}","open_time
2022-01-01 00:00:00    100.00000
2022-01-01 01:00:00    100.00000
2022-01-01 02:00:00    100.00000
2022-01-01 03:00:00    100.00000
2022-01-01 04:00:00    100.00000
                         ...    
2023-05-01 19:00:00     59.53203
2023-05-01 20:00:00     59.53203
2023-05-01 21:00:00     59.53203
2023-05-01 22:00:00     59.53203
2023-05-01 23:00:00     59.53203
Freq: H, Length: 11664, dtype: float64",2022-01-01,2023-05-01 23:00:00,486 days,100.0,41.419224803879395,123.08773550999659,59.532030369860905,-40.467969630139095,-70.17976286600607,35.56241426611797,100.0,66.34983604803134,430 days 01:00:00,48,0.0,24,37.5,39.2762186115214,-26.82792136072453,11.74719847541259,-9.054938789922716,9 days 04:53:20,6 days 00:00:00,0.5851041410578297,-1.6861654012557947,-0.4577984655113413,-0.4862433943975866,0.9770857667669771,-0.6359766508206917,long
2836,"{'window_k': 177, 'window_d': 27, 'window_ma': 72}","open_time
2022-01-01 00:00:00    100.000000
2022-01-01 01:00:00    100.000000
2022-01-01 02:00:00    100.000000
2022-01-01 03:00:00    100.000000
2022-01-01 04:00:00    100.000000
                          ...    
2023-05-01 19:00:00     59.414726
2023-05-01 20:00:00     59.414726
2023-05-01 21:00:00     59.414726
2023-05-01 22:00:00     59.414726
2023-05-01 23:00:00     59.414726
Freq: H, Length: 11664, dtype: float64",2022-01-01,2023-05-01 23:00:00,486 days,100.0,35.267611350878404,105.39045970378919,59.4147262499672,-40.5852737500328,-70.17976286600607,35.49382716049383,100.0,66.53623919090809,473 days 09:00:00,194,0.0,97,32.98969072164948,25.011215791834896,-14.512437051732038,7.3507025265989485,-4.031567661906216,2 days 21:30:00,1 days 05:28:36.923076923,0.7555045910589112,-0.4184048840209573,-0.2227385544857391,-0.4863881197303326,0.9868764590011138,-0.34280096703589147,long
1443,"{'window_k': 87, 'window_d': 162, 'window_ma': 57}","open_time
2022-01-01 00:00:00    100.000000
2022-01-01 01:00:00    100.000000
2022-01-01 02:00:00    100.000000
2022-01-01 03:00:00    100.000000
2022-01-01 04:00:00    100.000000
                          ...    
2023-05-01 19:00:00     59.807953
2023-05-01 20:00:00     59.670602
2023-05-01 21:00:00     59.971058
2023-05-01 22:00:00     60.237176
2023-05-01 23:00:00     60.237176
Freq: H, Length: 11664, dtype: float64",2022-01-01,2023-05-01 23:00:00,486 days,100.0,44.532698633660786,127.46631585905423,60.23717639800722,-39.76282360199278,-70.17976286600607,27.05761316872428,100.0,65.06316328864264,451 days 16:00:00,65,0.0,33,25.0,31.674418604651176,-19.22087247920529,13.501314651394864,-5.828714429471146,6 days 05:37:30,3 days 06:52:30,0.6444709901577468,-1.2388325350292648,-0.5565663164965686,-0.4866113162753304,0.9672919118010495,-0.7556209227993448,long
3217,"{'window_k': 192, 'window_d': 147, 'window_ma': 27}","open_time
2022-01-01 00:00:00    100.000000
2022-01-01 01:00:00    100.000000
2022-01-01 02:00:00    100.000000
2022-01-01 03:00:00    100.000000
2022-01-01 04:00:00    100.000000
                          ...    
2023-05-01 19:00:00     60.762242
2023-05-01 20:00:00     60.622699
2023-05-01 21:00:00     60.927949
2023-05-01 22:00:00     61.198313
2023-05-01 23:00:00     61.198313
Freq: H, Length: 11664, dtype: float64",2022-01-01,2023-05-01 23:00:00,486 days,100.0,57.05126729040653,155.78089637543874,61.198313381453524,-38.801686618546476,-70.17976286600607,25.017146776406037,100.0,63.37723776289585,353 days 18:00:00,51,0.0,26,32.0,23.93445269615757,-15.378381116401588,9.756381167978038,-6.762239284866867,3 days 19:07:30,5 days 06:10:35.294117647,0.6618500571542705,-1.5548583241236553,-0.5712908400457992,-0.48665978311536834,0.9645935996262212,-0.8234208821355115,long
3668,"{'window_k': 222, 'window_d': 87, 'window_ma': 72}","open_time
2022-01-01 00:00:00    100.00000
2022-01-01 01:00:00    100.00000
2022-01-01 02:00:00    100.00000
2022-01-01 03:00:00    100.00000
2022-01-01 04:00:00    100.00000
                         ...    
2023-05-01 19:00:00     60.94352
2023-05-01 20:00:00     60.94352
2023-05-01 21:00:00     60.94352
2023-05-01 22:00:00     60.94352
2023-05-01 23:00:00     60.94352
Freq: H, Length: 11664, dtype: float64",2022-01-01,2023-05-01 23:00:00,486 days,100.0,46.545947216578774,128.57739122116456,60.943520079901084,-39.056479920098916,-70.17976286600607,35.15089163237312,100.0,63.799275460088,286 days 02:00:00,68,0.0,34,41.17647058823529,31.521121424512206,-21.523959151610388,10.335047879583085,-8.579234959202191,6 days 20:38:34.285714285,3 days 17:45:00,0.7291998542878754,-1.1487199976499691,-0.1987031000130173,-0.4868316602585545,0.9884369428693087,-0.3020115562227106,long
3027,"{'window_k': 177, 'window_d': 207, 'window_ma': 57}","open_time
2022-01-01 00:00:00    100.000000
2022-01-01 01:00:00    100.000000
2022-01-01 02:00:00    100.000000
2022-01-01 03:00:00    100.000000
2022-01-01 04:00:00    100.000000
                          ...    
2023-05-01 19:00:00     64.102256
2023-05-01 20:00:00     64.102256
2023-05-01 21:00:00     64.102256
2023-05-01 22:00:00     64.102256
2023-05-01 23:00:00     64.102256
Freq: H, Length: 11664, dtype: float64",2022-01-01,2023-05-01 23:00:00,486 days,100.0,50.16597991900301,120.33356150278668,64.10225606505644,-35.89774393494356,-70.17976286600607,21.356310013717422,100.0,58.3108990604909,424 days 03:00:00,40,0.0,20,35.0,27.629864084900387,-15.922920892494924,7.654850120044523,-6.797951261630248,5 days 05:34:17.142857142,5 days 04:00:00,0.506214368055152,-1.7948871967471778,-0.6514449790819655,-0.4869220982523325,0.9578968644723092,-0.8979995728131578,long
1512,"{'window_k': 87, 'window_d': 222, 'window_ma': 132}","open_time
2022-01-01 00:00:00    100.000000
2022-01-01 01:00:00    100.000000
2022-01-01 02:00:00    100.000000
2022-01-01 03:00:00    100.000000
2022-01-01 04:00:00    100.000000
                          ...    
2023-05-01 19:00:00     61.411748
2023-05-01 20:00:00     61.270713
2023-05-01 21:00:00     61.579226
2023-05-01 22:00:00     61.852481
2023-05-01 23:00:00     61.852481
Freq: H, Length: 11664, dtype: float64",2022-01-01,2023-05-01 23:00:00,486 days,100.0,41.474812259601,109.57421347474607,61.85248095875018,-38.14751904124982,-70.17976286600607,33.7019890260631,100.0,62.1491125107096,391 days 18:00:00,49,0.0,25,37.5,41.321585903083694,-26.82792136072455,14.337451062054704,-10.145789766860918,8 days 21:46:40,5 days 13:24:00,0.6547435455886259,-1.6045383404099498,-0.4235229476380299,-0.48735528854327986,0.9780697407083068,-0.5884317121392704,long
1279,"{'window_k': 72, 'window_d': 237, 'window_ma': 237}","open_time
2022-01-01 00:00:00    100.000000
2022-01-01 01:00:00    100.000000
2022-01-01 02:00:00    100.000000
2022-01-01 03:00:00    100.000000
2022-01-01 04:00:00    100.000000
                          ...    
2023-05-01 19:00:00     60.066931
2023-05-01 20:00:00     60.066931
2023-05-01 21:00:00     60.066931
2023-05-01 22:00:00     60.066931
2023-05-01 23:00:00     60.066931
Freq: H, Length: 11664, dtype: float64",2022-01-01,2023-05-01 23:00:00,486 days,100.0,42.76902508466366,123.08773550999659,60.06693144573885,-39.93306855426115,-70.17976286600607,36.07681755829904,100.0,65.25321965876107,430 days 01:00:00,48,0.0,24,37.5,39.276218611521415,-26.827921360724538,11.469070040895431,-8.864878503780641,9 days 07:33:20,6 days 02:24:00,0.5890397432349691,-1.6638778564275483,-0.4491622640997314,-0.48741777999295194,0.9775480442075843,-0.6279644251019914,long
3556,"{'window_k': 207, 'window_d': 222, 'window_ma': 72}","open_time
2022-01-01 00:00:00    100.00000
2022-01-01 01:00:00    100.00000
2022-01-01 02:00:00    100.00000
2022-01-01 03:00:00    100.00000
2022-01-01 04:00:00    100.00000
                         ...    
2023-05-01 19:00:00     59.95477
2023-05-01 20:00:00     59.95477
2023-05-01 21:00:00     59.95477
2023-05-01 22:00:00     59.95477
2023-05-01 23:00:00     59.95477
Freq: H, Length: 11664, dtype: float64",2022-01-01,2023-05-01 23:00:00,486 days,100.0,44.04685396714881,127.4123197049776,59.954769846968965,-40.045230153031035,-70.17976286600607,27.872085048010973,100.0,65.42967425038724,349 days 17:00:00,36,0.0,18,33.33333333333333,28.099630996309955,-20.62556663644606,9.921005795734349,-8.221049884228151,6 days 18:10:00,7 days 21:50:00,0.45766369623334063,-2.2247350085017246,-0.5163949840426973,-0.4875652597465416,0.9704345882963127,-0.7178392476472352,long
2428,"{'window_k': 147, 'window_d': 117, 'window_ma': 192}","open_time
2022-01-01 00:00:00    100.000000
2022-01-01 01:00:00    100.000000
2022-01-01 02:00:00    100.000000
2022-01-01 03:00:00    100.000000
2022-01-01 04:00:00    100.000000
                          ...    
2023-05-01 19:00:00     59.043843
2023-05-01 20:00:00     58.908247
2023-05-01 21:00:00     59.204864
2023-05-01 22:00:00     59.467583
2023-05-01 23:00:00     59.467583
Freq: H, Length: 11664, dtype: float64",2022-01-01,2023-05-01 23:00:00,486 days,100.0,47.15119756314993,139.7331309702105,59.46758267186128,-40.53241732813872,-70.17976286600607,42.17249657064472,100.0,66.2562505858385,391 days 18:00:00,67,0.0,34,30.303030303030305,33.7511545058715,-25.053824362606232,12.649171003668517,-6.842043193926815,8 days 06:30:00,5 days 03:52:10.434782608,0.7035623946941815,-1.2467455156262215,-0.27084807367883884,-0.4877615376697246,0.9868514379794546,-0.3846586766627045,long
1760,"{'window_k': 102, 'window_d': 222, 'window_ma': 12}","open_time
2022-01-01 00:00:00    100.00000
2022-01-01 01:00:00    100.00000
2022-01-01 02:00:00    100.00000
2022-01-01 03:00:00    100.00000
2022-01-01 04:00:00    100.00000
                         ...    
2023-05-01 19:00:00     70.04569
2023-05-01 20:00:00     70.04569
2023-05-01 21:00:00     70.04569
2023-05-01 22:00:00     70.04569
2023-05-01 23:00:00     70.04569
Freq: H, Length: 11664, dtype: float64",2022-01-01,2023-05-01 23:00:00,486 days,100.0,61.90501576405479,119.22798890181829,70.04568953014505,-29.954310469854946,-70.17976286600607,13.297325102880658,100.0,48.0784534451619,391 days 18:00:00,48,0.0,24,37.5,16.002936318590567,-24.207717113310345,5.5815871386616225,-5.201451621364403,2 days 11:46:40,2 days 19:32:00,0.5857943397111316,-1.2480962695772895,-0.6038359651964417,-0.48799451008375716,0.9510954498623369,-0.8211639321443256,long
1240,"{'window_k': 72, 'window_d': 207, 'window_ma': 132}","open_time
2022-01-01 00:00:00    100.000000
2022-01-01 01:00:00    100.000000
2022-01-01 02:00:00    100.000000
2022-01-01 03:00:00    100.000000
2022-01-01 04:00:00    100.000000
                          ...    
2023-05-01 19:00:00     55.868708
2023-05-01 20:00:00     55.740404
2023-05-01 21:00:00     56.021070
2023-05-01 22:00:00     56.269661
2023-05-01 23:00:00     56.269661
Freq: H, Length: 11664, dtype: float64",2022-01-01,2023-05-01 23:00:00,486 days,100.0,35.052545673511815,124.55012853470436,56.26966068600154,-43.73033931399846,-70.17976286600607,34.00205761316872,100.0,71.85667643550858,451 days 16:00:00,53,0.0,27,34.61538461538461,38.07692307692307,-38.48961761713839,15.642777632170882,-9.748294054011659,8 days 22:33:20,4 days 21:42:21.176470588,0.6255809008723203,-1.685020376739934,-0.48788209979774555,-0.4880477838409992,0.974296490463017,-0.657086133394493,long
128,"{'window_k': 12, 'window_d': 132, 'window_ma': 12}","open_time
2022-01-01 00:00:00    100.000000
2022-01-01 01:00:00    100.000000
2022-01-01 02:00:00    100.000000
2022-01-01 03:00:00    100.000000
2022-01-01 04:00:00    100.000000
                          ...    
2023-05-01 19:00:00     68.460848
2023-05-01 20:00:00     68.460848
2023-05-01 21:00:00     68.460848
2023-05-01 22:00:00     68.460848
2023-05-01 23:00:00     68.460848
Freq: H, Length: 11664, dtype: float64",2022-01-01,2023-05-01 23:00:00,486 days,100.0,62.66915480268386,127.20926618052131,68.4608477219261,-31.5391522780739,-70.17976286600607,15.114883401920439,100.0,50.73538533446869,353 days 18:00:00,140,0.0,70,38.57142857142858,17.197153358880087,-16.10256410256409,4.137901196791889,-3.2974712828017934,1 days 06:11:06.666666666,0 days 22:30:00,0.7640480311721372,-0.4505593182581984,-0.5618383013485216,-0.4881465347641351,0.9537972017218275,-0.7939146336414267,long
2465,"{'window_k': 147, 'window_d': 162, 'window_ma': 27}","open_time
2022-01-01 00:00:00    100.000000
2022-01-01 01:00:00    100.000000
2022-01-01 02:00:00    100.000000
2022-01-01 03:00:00    100.000000
2022-01-01 04:00:00    100.000000
                          ...    
2023-05-01 19:00:00     61.050174
2023-05-01 20:00:00     60.909970
2023-05-01 21:00:00     61.216666
2023-05-01 22:00:00     61.488312
2023-05-01 23:00:00     61.488312
Freq: H, Length: 11664, dtype: float64",2022-01-01,2023-05-01 23:00:00,486 days,100.0,49.72719716198503,133.2394440319848,61.48831190371041,-38.51168809628959,-70.17976286600607,24.631344307270233,100.0,62.67832133099582,351 days 13:00:00,51,0.0,26,40.0,26.205697622252117,-13.75449820071971,7.272119553052395,-7.881677626663393,3 days 11:48:00,5 days 21:38:34.285714285,0.6191351272385951,-1.5331068024608014,-0.6369363693995559,-0.4881620367393524,0.9617119427519545,-0.8919148948428114,long
3733,"{'window_k': 222, 'window_d': 147, 'window_ma': 87}","open_time
2022-01-01 00:00:00    100.000000
2022-01-01 01:00:00    100.000000
2022-01-01 02:00:00    100.000000
2022-01-01 03:00:00    100.000000
2022-01-01 04:00:00    100.000000
                          ...    
2023-05-01 19:00:00     64.241939
2023-05-01 20:00:00     64.094405
2023-05-01 21:00:00     64.417136
2023-05-01 22:00:00     64.702984
2023-05-01 23:00:00     64.702984
Freq: H, Length: 11664, dtype: float64",2022-01-01,2023-05-01 23:00:00,486 days,100.0,53.33658800125491,124.40355194179949,64.7029835971328,-35.2970164028672,-70.17976286600607,35.08230452674897,100.0,57.12615341866789,451 days 16:00:00,47,0.0,24,39.130434782608695,31.51156124593924,-23.788642841482126,10.820360393481286,-8.79857099612971,8 days 11:20:00,6 days 15:21:25.714285714,0.6769415695417247,-1.5354547035839268,-0.27145143080577483,-0.4882083756418653,0.9854014666687151,-0.39212394797131017,long
3067,"{'window_k': 177, 'window_d': 237, 'window_ma': 177}","open_time
2022-01-01 00:00:00    100.000000
2022-01-01 01:00:00    100.000000
2022-01-01 02:00:00    100.000000
2022-01-01 03:00:00    100.000000
2022-01-01 04:00:00    100.000000
                          ...    
2023-05-01 19:00:00     68.979207
2023-05-01 20:00:00     68.979207
2023-05-01 21:00:00     68.979207
2023-05-01 22:00:00     68.979207
2023-05-01 23:00:00     68.979207
Freq: H, Length: 11664, dtype: float64",2022-01-01,2023-05-01 23:00:00,486 days,100.0,59.966933936760945,119.5594142781664,68.97920698552765,-31.020793014472346,-70.17976286600607,34.284979423868315,100.0,49.8434027142002,424 days 03:00:00,36,0.0,18,27.77777777777778,42.996363636363654,-19.446962828649138,16.585722875786928,-7.939002844307627,13 days 19:00:00,7 days 12:18:27.692307692,0.6479380584071461,-1.723377389692907,-0.25272047669313646,-0.4883071104607791,0.9866333338733945,-0.3530136109770206,long
4034,"{'window_k': 237, 'window_d': 192, 'window_ma': 42}","open_time
2022-01-01 00:00:00    100.000000
2022-01-01 01:00:00    100.000000
2022-01-01 02:00:00    100.000000
2022-01-01 03:00:00    100.000000
2022-01-01 04:00:00    100.000000
                          ...    
2023-05-01 19:00:00     65.747434
2023-05-01 20:00:00     65.747434
2023-05-01 21:00:00     65.747434
2023-05-01 22:00:00     65.747434
2023-05-01 23:00:00     65.747434
Freq: H, Length: 11664, dtype: float64",2022-01-01,2023-05-01 23:00:00,486 days,100.0,56.357591722335634,126.12739293674858,65.74743416141223,-34.25256583858777,-70.17976286600607,21.347736625514404,100.0,55.31692964541152,424 days 03:00:00,38,0.0,19,31.57894736842105,30.839723209276208,-24.463283056258938,12.65707865625489,-7.857110157117793,4 days 20:30:00,5 days 17:46:09.230769230,0.6156361712768976,-1.802766623083567,-0.4776171698495657,-0.4884037398062011,0.9689788182529931,-0.664281318961489,long
2437,"{'window_k': 147, 'window_d': 132, 'window_ma': 87}","open_time
2022-01-01 00:00:00    100.000000
2022-01-01 01:00:00    100.000000
2022-01-01 02:00:00    100.000000
2022-01-01 03:00:00    100.000000
2022-01-01 04:00:00    100.000000
                          ...    
2023-05-01 19:00:00     66.631483
2023-05-01 20:00:00     66.631483
2023-05-01 21:00:00     66.631483
2023-05-01 22:00:00     66.631483
2023-05-01 23:00:00     66.631483
Freq: H, Length: 11664, dtype: float64",2022-01-01,2023-05-01 23:00:00,486 days,100.0,58.74250207224451,127.14449729375102,66.63148306229162,-33.36851693770838,-70.17976286600607,38.228737997256516,100.0,53.79862807862812,451 days 16:00:00,64,0.0,32,37.5,39.78819969742812,-13.4167336164352,10.653189921534196,-7.350747254520259,7 days 03:15:00,5 days 00:12:00,0.7457304828381683,-1.0427661543033886,-0.2310291936897399,-0.4885107468239805,0.9886006024437944,-0.32118985139432105,long
729,"{'window_k': 42, 'window_d': 207, 'window_ma': 147}","open_time
2022-01-01 00:00:00    100.000000
2022-01-01 01:00:00    100.000000
2022-01-01 02:00:00    100.000000
2022-01-01 03:00:00    100.000000
2022-01-01 04:00:00    100.000000
                          ...    
2023-05-01 19:00:00     57.107380
2023-05-01 20:00:00     56.976231
2023-05-01 21:00:00     57.263120
2023-05-01 22:00:00     57.517222
2023-05-01 23:00:00     57.517222
Freq: H, Length: 11664, dtype: float64",2022-01-01,2023-05-01 23:00:00,486 days,100.0,38.02660659948236,124.85456392436603,57.51722236640021,-42.48277763359979,-70.17976286600607,36.179698216735254,100.0,69.54327867220137,451 days 16:00:00,61,0.0,31,33.33333333333333,31.394239938966244,-31.79342947758961,12.752166477104085,-7.922421428745224,8 days 19:54:00,4 days 06:21:00,0.6547109958881577,-1.393414665329717,-0.4622453111361566,-0.4887788047498499,0.9765847466450797,-0.6239829757392218,long
3653,"{'window_k': 222, 'window_d': 72, 'window_ma': 87}","open_time
2022-01-01 00:00:00    100.000000
2022-01-01 01:00:00    100.000000
2022-01-01 02:00:00    100.000000
2022-01-01 03:00:00    100.000000
2022-01-01 04:00:00    100.000000
                          ...    
2023-05-01 19:00:00     63.024986
2023-05-01 20:00:00     63.024986
2023-05-01 21:00:00     63.024986
2023-05-01 22:00:00     63.024986
2023-05-01 23:00:00     63.024986
Freq: H, Length: 11664, dtype: float64",2022-01-01,2023-05-01 23:00:00,486 days,100.0,55.180598208860665,137.664395985517,63.02498647463764,-36.97501352536236,-70.17976286600607,34.02777777777778,100.0,59.91657987249953,355 days 14:00:00,72,0.0,36,41.66666666666667,23.11411992263058,-21.995165897604934,7.849538893159765,-6.997629003931814,5 days 11:32:00,3 days 23:02:51.428571428,0.7241454427687782,-1.0270837090378433,-0.18534368714426488,-0.48898905931823666,0.9888779008557294,-0.28180944585595363,long
3201,"{'window_k': 192, 'window_d': 132, 'window_ma': 27}","open_time
2022-01-01 00:00:00    100.000000
2022-01-01 01:00:00    100.000000
2022-01-01 02:00:00    100.000000
2022-01-01 03:00:00    100.000000
2022-01-01 04:00:00    100.000000
                          ...    
2023-05-01 19:00:00     63.941106
2023-05-01 20:00:00     63.794262
2023-05-01 21:00:00     64.115482
2023-05-01 22:00:00     64.399991
2023-05-01 23:00:00     64.399991
Freq: H, Length: 11664, dtype: float64",2022-01-01,2023-05-01 23:00:00,486 days,100.0,55.82314400610505,131.4492425955234,64.39999101522905,-35.60000898477095,-70.17976286600607,24.511316872427983,100.0,57.53254799810756,451 days 16:00:00,55,0.0,28,37.03703703703704,26.0456703594845,-15.955723542116647,8.092140822784373,-6.642651188697514,3 days 20:24:00,4 days 14:31:45.882352941,0.6722117607803255,-1.2916655516810214,-0.39881204759063144,-0.48917045567592365,0.9736995464169726,-0.5797911417944003,long
2097,"{'window_k': 132, 'window_d': 57, 'window_ma': 27}","open_time
2022-01-01 00:00:00    100.000000
2022-01-01 01:00:00    100.000000
2022-01-01 02:00:00    100.000000
2022-01-01 03:00:00    100.000000
2022-01-01 04:00:00    100.000000
                          ...    
2023-05-01 19:00:00     73.137149
2023-05-01 20:00:00     72.969187
2023-05-01 21:00:00     73.336605
2023-05-01 22:00:00     73.662032
2023-05-01 23:00:00     73.662032
Freq: H, Length: 11664, dtype: float64",2022-01-01,2023-05-01 23:00:00,486 days,100.0,65.77677176247894,113.15502906197224,73.66203179899183,-26.337968201008167,-70.17976286600607,28.935185185185187,100.0,41.870217958713425,453 days 11:00:00,97,0.0,49,33.33333333333333,28.441295546558692,-20.093245394587207,8.186381210508506,-4.5150643970357445,3 days 22:30:00,2 days 06:00:00,0.7999333539881748,-0.547395464216903,-0.18698890774495827,-0.4899182689644905,0.9892067706214609,-0.26219999641199077,long
3026,"{'window_k': 177, 'window_d': 207, 'window_ma': 42}","open_time
2022-01-01 00:00:00    100.000000
2022-01-01 01:00:00    100.000000
2022-01-01 02:00:00    100.000000
2022-01-01 03:00:00    100.000000
2022-01-01 04:00:00    100.000000
                          ...    
2023-05-01 19:00:00     66.742514
2023-05-01 20:00:00     66.742514
2023-05-01 21:00:00     66.742514
2023-05-01 22:00:00     66.742514
2023-05-01 23:00:00     66.742514
Freq: H, Length: 11664, dtype: float64",2022-01-01,2023-05-01 23:00:00,486 days,100.0,55.854540795518034,119.97226327856424,66.7425139329848,-33.25748606701519,-70.17976286600607,21.2019890260631,100.0,53.44378836479139,424 days 03:00:00,42,0.0,21,28.57142857142857,30.255073543101858,-24.32522864153469,11.928781400473838,-6.471917646482571,4 days 15:00:00,5 days 00:28:00,0.6017164368796039,-1.5836898127150092,-0.4952883945326609,-0.49002832622513676,0.9679179797508345,-0.6895462975567391,long
1979,"{'window_k': 117, 'window_d': 177, 'window_ma': 177}","open_time
2022-01-01 00:00:00    100.000000
2022-01-01 01:00:00    100.000000
2022-01-01 02:00:00    100.000000
2022-01-01 03:00:00    100.000000
2022-01-01 04:00:00    100.000000
                          ...    
2023-05-01 19:00:00     55.780435
2023-05-01 20:00:00     55.652333
2023-05-01 21:00:00     55.932556
2023-05-01 22:00:00     56.180754
2023-05-01 23:00:00     56.180754
Freq: H, Length: 11664, dtype: float64",2022-01-01,2023-05-01 23:00:00,486 days,100.0,36.22452209117696,128.0962688770628,56.18075393144512,-43.81924606855488,-70.17976286600607,36.24828532235939,100.0,71.72086087383033,391 days 18:00:00,53,0.0,27,34.61538461538461,47.47699614128825,-21.938408404086903,14.470650136349144,-9.44386594703453,8 days 22:20:00,5 days 12:56:28.235294117,0.617040517811998,-1.6785809905425175,-0.4511128322520163,-0.49004648328675937,0.9767807163214225,-0.6306236899939162,long
1496,"{'window_k': 87, 'window_d': 207, 'window_ma': 132}","open_time
2022-01-01 00:00:00    100.000000
2022-01-01 01:00:00    100.000000
2022-01-01 02:00:00    100.000000
2022-01-01 03:00:00    100.000000
2022-01-01 04:00:00    100.000000
                          ...    
2023-05-01 19:00:00     56.240266
2023-05-01 20:00:00     56.111108
2023-05-01 21:00:00     56.393642
2023-05-01 22:00:00     56.643885
2023-05-01 23:00:00     56.643885
Freq: H, Length: 11664, dtype: float64",2022-01-01,2023-05-01 23:00:00,486 days,100.0,35.526896953693594,122.0274950152167,56.64388545144074,-43.35611454855926,-70.17976286600607,33.101851851851855,100.0,70.88615401859767,451 days 16:00:00,49,0.0,25,37.5,42.96274393849793,-38.48961761713839,16.39511334424047,-11.249067507887291,9 days 01:13:20,5 days 05:16:00,0.6413167771022988,-1.8256766736614196,-0.48597462674382796,-0.4901584445200993,0.9739269880328321,-0.6543181085166254,long
1351,"{'window_k': 87, 'window_d': 72, 'window_ma': 117}","open_time
2022-01-01 00:00:00    100.000000
2022-01-01 01:00:00    100.000000
2022-01-01 02:00:00    100.000000
2022-01-01 03:00:00    100.000000
2022-01-01 04:00:00    100.000000
                          ...    
2023-05-01 19:00:00     63.054518
2023-05-01 20:00:00     63.054518
2023-05-01 21:00:00     63.054518
2023-05-01 22:00:00     63.054518
2023-05-01 23:00:00     63.054518
Freq: H, Length: 11664, dtype: float64",2022-01-01,2023-05-01 23:00:00,486 days,100.0,54.13123759137769,134.24972075439908,63.054517884934974,-36.945482115065026,-70.17976286600607,42.31824417009602,100.0,59.67869632264845,275 days 07:00:00,112,0.0,56,35.714285714285715,25.38986354775829,-17.183166525985772,9.293564293335747,-5.8405332872517555,5 days 05:21:00,2 days 19:28:20,0.8133940583646728,-0.6597407520547334,-0.14163646461665855,-0.49052132407597576,0.9925332036553202,-0.21325843510120482,long
2757,"{'window_k': 162, 'window_d': 192, 'window_ma': 87}","open_time
2022-01-01 00:00:00    100.000000
2022-01-01 01:00:00    100.000000
2022-01-01 02:00:00    100.000000
2022-01-01 03:00:00    100.000000
2022-01-01 04:00:00    100.000000
                          ...    
2023-05-01 19:00:00     64.579478
2023-05-01 20:00:00     64.431168
2023-05-01 21:00:00     64.755595
2023-05-01 22:00:00     65.042945
2023-05-01 23:00:00     65.042945
Freq: H, Length: 11664, dtype: float64",2022-01-01,2023-05-01 23:00:00,486 days,100.0,52.7327899088307,120.59738643434972,65.04294460265476,-34.95705539734524,-70.17976286600607,30.735596707818928,100.0,56.27368762461767,451 days 16:00:00,43,0.0,22,28.57142857142857,31.914893617021285,-24.14402474044622,13.741648780871579,-7.3301751614968795,10 days 00:40:00,5 days 22:11:59.999999999,0.6207933246927235,-1.6549109505616513,-0.39705238045360597,-0.49055077874785447,0.9783467850576744,-0.5517258610740574,long
1768,"{'window_k': 102, 'window_d': 222, 'window_ma': 132}","open_time
2022-01-01 00:00:00    100.000000
2022-01-01 01:00:00    100.000000
2022-01-01 02:00:00    100.000000
2022-01-01 03:00:00    100.000000
2022-01-01 04:00:00    100.000000
                          ...    
2023-05-01 19:00:00     61.056815
2023-05-01 20:00:00     61.056815
2023-05-01 21:00:00     61.056815
2023-05-01 22:00:00     61.056815
2023-05-01 23:00:00     61.056815
Freq: H, Length: 11664, dtype: float64",2022-01-01,2023-05-01 23:00:00,486 days,100.0,44.48760945185924,120.60989523908307,61.05681527424094,-38.94318472575906,-70.17976286600607,33.89917695473251,100.0,63.11446140992647,451 days 16:00:00,50,0.0,25,36.0,44.19873212442873,-24.20771711331034,12.365870625815884,-8.653765084231033,8 days 21:40:00,5 days 06:56:15,0.619084090692444,-1.5577273890303633,-0.41453599780489003,-0.49058925032174133,0.9784990599576392,-0.5785524232510556,long
2873,"{'window_k': 177, 'window_d': 57, 'window_ma': 147}","open_time
2022-01-01 00:00:00    100.000000
2022-01-01 01:00:00    100.000000
2022-01-01 02:00:00    100.000000
2022-01-01 03:00:00    100.000000
2022-01-01 04:00:00    100.000000
                          ...    
2023-05-01 19:00:00     69.026660
2023-05-01 20:00:00     68.868137
2023-05-01 21:00:00     69.214905
2023-05-01 22:00:00     69.522043
2023-05-01 23:00:00     69.522043
Freq: H, Length: 11664, dtype: float64",2022-01-01,2023-05-01 23:00:00,486 days,100.0,58.44854462329985,113.92883987126083,69.52204259990822,-30.477957400091782,-70.17976286600607,36.994170096021946,100.0,48.69732309277748,453 days 11:00:00,99,0.0,50,36.734693877551024,21.84710904152114,-17.404292985173708,7.98035836293689,-5.441533961771917,5 days 00:56:40,2 days 16:56:07.741935483,0.7657337537038018,-0.6796253100121796,-0.07077843807512212,-0.49062548187057636,0.9959038942507215,-0.108207233671775,long
1811,"{'window_k': 117, 'window_d': 27, 'window_ma': 57}","open_time
2022-01-01 00:00:00    100.000000
2022-01-01 01:00:00    100.000000
2022-01-01 02:00:00    100.000000
2022-01-01 03:00:00    100.000000
2022-01-01 04:00:00    100.000000
                          ...    
2023-05-01 19:00:00     57.935694
2023-05-01 20:00:00     57.935694
2023-05-01 21:00:00     57.935694
2023-05-01 22:00:00     57.935694
2023-05-01 23:00:00     57.935694
Freq: H, Length: 11664, dtype: float64",2022-01-01,2023-05-01 23:00:00,486 days,100.0,31.827951709737345,101.03585657370517,57.93569379850875,-42.06430620149125,-70.17976286600607,34.72222222222222,100.0,68.49836009801233,477 days 04:00:00,186,0.0,93,37.634408602150536,26.638322826565012,-14.46156976448447,6.0680522965874335,-4.2046505332571735,2 days 14:18:51.428571428,1 days 08:13:26.896551724,0.7135257861261041,-0.4523043677579708,-0.2841063531043392,-0.49097413647673943,0.9831233083431633,-0.4403137930752002,long
1114,"{'window_k': 72, 'window_d': 87, 'window_ma': 162}","open_time
2022-01-01 00:00:00    100.000000
2022-01-01 01:00:00    100.000000
2022-01-01 02:00:00    100.000000
2022-01-01 03:00:00    100.000000
2022-01-01 04:00:00    100.000000
                          ...    
2023-05-01 19:00:00     66.078696
2023-05-01 20:00:00     65.926944
2023-05-01 21:00:00     66.258902
2023-05-01 22:00:00     66.552922
2023-05-01 23:00:00     66.552922
Freq: H, Length: 11664, dtype: float64",2022-01-01,2023-05-01 23:00:00,486 days,100.0,59.151731873976885,127.61529179612091,66.5529224938865,-33.4470775061135,-70.17976286600607,41.98388203017833,100.0,53.64839821196499,194 days 16:00:00,97,0.0,49,35.41666666666667,26.466524305991708,-23.35901052403169,9.421207144377542,-5.827744433480362,6 days 01:42:21.176470588,3 days 01:40:38.709677419,0.7975532224708178,-0.6991852463372448,-0.0830172592954073,-0.4910956413933278,0.9955958618774117,-0.12547917718944776,long
1116,"{'window_k': 72, 'window_d': 87, 'window_ma': 192}","open_time
2022-01-01 00:00:00    100.000000
2022-01-01 01:00:00    100.000000
2022-01-01 02:00:00    100.000000
2022-01-01 03:00:00    100.000000
2022-01-01 04:00:00    100.000000
                          ...    
2023-05-01 19:00:00     66.078696
2023-05-01 20:00:00     65.926944
2023-05-01 21:00:00     66.258902
2023-05-01 22:00:00     66.552922
2023-05-01 23:00:00     66.552922
Freq: H, Length: 11664, dtype: float64",2022-01-01,2023-05-01 23:00:00,486 days,100.0,59.151731873976885,127.61529179612091,66.5529224938865,-33.4470775061135,-70.17976286600607,41.98388203017833,100.0,53.64839821196499,194 days 16:00:00,97,0.0,49,35.41666666666667,26.466524305991708,-23.35901052403169,9.421207144377542,-5.827744433480362,6 days 01:42:21.176470588,3 days 01:40:38.709677419,0.7975532224708178,-0.6991852463372448,-0.0830172592954073,-0.4910956413933278,0.9955958618774117,-0.12547917718944776,long
1117,"{'window_k': 72, 'window_d': 87, 'window_ma': 207}","open_time
2022-01-01 00:00:00    100.000000
2022-01-01 01:00:00    100.000000
2022-01-01 02:00:00    100.000000
2022-01-01 03:00:00    100.000000
2022-01-01 04:00:00    100.000000
                          ...    
2023-05-01 19:00:00     66.078696
2023-05-01 20:00:00     65.926944
2023-05-01 21:00:00     66.258902
2023-05-01 22:00:00     66.552922
2023-05-01 23:00:00     66.552922
Freq: H, Length: 11664, dtype: float64",2022-01-01,2023-05-01 23:00:00,486 days,100.0,59.151731873976885,127.61529179612091,66.5529224938865,-33.4470775061135,-70.17976286600607,41.98388203017833,100.0,53.64839821196499,194 days 16:00:00,97,0.0,49,35.41666666666667,26.466524305991708,-23.35901052403169,9.421207144377542,-5.827744433480362,6 days 01:42:21.176470588,3 days 01:40:38.709677419,0.7975532224708178,-0.6991852463372448,-0.0830172592954073,-0.4910956413933278,0.9955958618774117,-0.12547917718944776,long
1118,"{'window_k': 72, 'window_d': 87, 'window_ma': 222}","open_time
2022-01-01 00:00:00    100.000000
2022-01-01 01:00:00    100.000000
2022-01-01 02:00:00    100.000000
2022-01-01 03:00:00    100.000000
2022-01-01 04:00:00    100.000000
                          ...    
2023-05-01 19:00:00     66.078696
2023-05-01 20:00:00     65.926944
2023-05-01 21:00:00     66.258902
2023-05-01 22:00:00     66.552922
2023-05-01 23:00:00     66.552922
Freq: H, Length: 11664, dtype: float64",2022-01-01,2023-05-01 23:00:00,486 days,100.0,59.151731873976885,127.61529179612091,66.5529224938865,-33.4470775061135,-70.17976286600607,41.98388203017833,100.0,53.64839821196499,194 days 16:00:00,97,0.0,49,35.41666666666667,26.466524305991708,-23.35901052403169,9.421207144377542,-5.827744433480362,6 days 01:42:21.176470588,3 days 01:40:38.709677419,0.7975532224708178,-0.6991852463372448,-0.0830172592954073,-0.4910956413933278,0.9955958618774117,-0.12547917718944776,long
1119,"{'window_k': 72, 'window_d': 87, 'window_ma': 237}","open_time
2022-01-01 00:00:00    100.000000
2022-01-01 01:00:00    100.000000
2022-01-01 02:00:00    100.000000
2022-01-01 03:00:00    100.000000
2022-01-01 04:00:00    100.000000
                          ...    
2023-05-01 19:00:00     66.078696
2023-05-01 20:00:00     65.926944
2023-05-01 21:00:00     66.258902
2023-05-01 22:00:00     66.552922
2023-05-01 23:00:00     66.552922
Freq: H, Length: 11664, dtype: float64",2022-01-01,2023-05-01 23:00:00,486 days,100.0,59.151731873976885,127.61529179612091,66.5529224938865,-33.4470775061135,-70.17976286600607,41.98388203017833,100.0,53.64839821196499,194 days 16:00:00,97,0.0,49,35.41666666666667,26.466524305991708,-23.35901052403169,9.421207144377542,-5.827744433480362,6 days 01:42:21.176470588,3 days 01:40:38.709677419,0.7975532224708178,-0.6991852463372448,-0.0830172592954073,-0.4910956413933278,0.9955958618774117,-0.12547917718944776,long
1504,"{'window_k': 87, 'window_d': 222, 'window_ma': 12}","open_time
2022-01-01 00:00:00    100.000000
2022-01-01 01:00:00    100.000000
2022-01-01 02:00:00    100.000000
2022-01-01 03:00:00    100.000000
2022-01-01 04:00:00    100.000000
                          ...    
2023-05-01 19:00:00     66.035130
2023-05-01 20:00:00     65.883478
2023-05-01 21:00:00     66.215217
2023-05-01 22:00:00     66.215217
2023-05-01 23:00:00     66.215217
Freq: H, Length: 11664, dtype: float64",2022-01-01,2023-05-01 23:00:00,486 days,100.0,57.02675539468464,124.54561623893333,66.21521723979774,-33.78478276020226,-70.17976286600607,13.96604938271605,100.0,54.21215365358005,391 days 18:00:00,50,0.0,25,32.0,17.055555555555564,-26.827921360724538,7.873259052581187,-5.4913992718205975,2 days 16:52:30,2 days 17:17:38.823529411,0.6010446886212838,-1.3513913104080912,-0.7843481850313127,-0.49116953266321556,0.9389169250309672,-1.0473727728975728,long
1340,"{'window_k': 87, 'window_d': 57, 'window_ma': 192}","open_time
2022-01-01 00:00:00    100.000000
2022-01-01 01:00:00    100.000000
2022-01-01 02:00:00    100.000000
2022-01-01 03:00:00    100.000000
2022-01-01 04:00:00    100.000000
                          ...    
2023-05-01 19:00:00     60.029467
2023-05-01 20:00:00     60.029467
2023-05-01 21:00:00     60.029467
2023-05-01 22:00:00     60.029467
2023-05-01 23:00:00     60.029467
Freq: H, Length: 11664, dtype: float64",2022-01-01,2023-05-01 23:00:00,486 days,100.0,54.366970497616094,154.51695096200655,60.02946687063308,-39.97053312936692,-70.17976286600607,43.252743484224965,100.0,64.81488266553737,194 days 16:00:00,120,0.0,60,30.0,22.78546489072805,-17.655078391274714,9.247220248660964,-4.855405400429136,4 days 16:40:00,3 days 01:00:00,0.7985436925319436,-0.6661755521561155,-0.16850394893503157,-0.49120703063629106,0.9913081486523848,-0.253442040902905,long
1338,"{'window_k': 87, 'window_d': 57, 'window_ma': 162}","open_time
2022-01-01 00:00:00    100.000000
2022-01-01 01:00:00    100.000000
2022-01-01 02:00:00    100.000000
2022-01-01 03:00:00    100.000000
2022-01-01 04:00:00    100.000000
                          ...    
2023-05-01 19:00:00     60.029467
2023-05-01 20:00:00     60.029467
2023-05-01 21:00:00     60.029467
2023-05-01 22:00:00     60.029467
2023-05-01 23:00:00     60.029467
Freq: H, Length: 11664, dtype: float64",2022-01-01,2023-05-01 23:00:00,486 days,100.0,54.366970497616094,154.51695096200655,60.02946687063308,-39.97053312936692,-70.17976286600607,43.252743484224965,100.0,64.81488266553737,194 days 16:00:00,120,0.0,60,30.0,22.78546489072805,-17.655078391274714,9.247220248660964,-4.855405400429136,4 days 16:40:00,3 days 01:00:00,0.7985436925319436,-0.6661755521561155,-0.16850394893503157,-0.49120703063629106,0.9913081486523848,-0.253442040902905,long
1341,"{'window_k': 87, 'window_d': 57, 'window_ma': 207}","open_time
2022-01-01 00:00:00    100.000000
2022-01-01 01:00:00    100.000000
2022-01-01 02:00:00    100.000000
2022-01-01 03:00:00    100.000000
2022-01-01 04:00:00    100.000000
                          ...    
2023-05-01 19:00:00     60.029467
2023-05-01 20:00:00     60.029467
2023-05-01 21:00:00     60.029467
2023-05-01 22:00:00     60.029467
2023-05-01 23:00:00     60.029467
Freq: H, Length: 11664, dtype: float64",2022-01-01,2023-05-01 23:00:00,486 days,100.0,54.366970497616094,154.51695096200655,60.02946687063308,-39.97053312936692,-70.17976286600607,43.252743484224965,100.0,64.81488266553737,194 days 16:00:00,120,0.0,60,30.0,22.78546489072805,-17.655078391274714,9.247220248660964,-4.855405400429136,4 days 16:40:00,3 days 01:00:00,0.7985436925319436,-0.6661755521561155,-0.16850394893503157,-0.49120703063629106,0.9913081486523848,-0.253442040902905,long
1342,"{'window_k': 87, 'window_d': 57, 'window_ma': 222}","open_time
2022-01-01 00:00:00    100.000000
2022-01-01 01:00:00    100.000000
2022-01-01 02:00:00    100.000000
2022-01-01 03:00:00    100.000000
2022-01-01 04:00:00    100.000000
                          ...    
2023-05-01 19:00:00     60.029467
2023-05-01 20:00:00     60.029467
2023-05-01 21:00:00     60.029467
2023-05-01 22:00:00     60.029467
2023-05-01 23:00:00     60.029467
Freq: H, Length: 11664, dtype: float64",2022-01-01,2023-05-01 23:00:00,486 days,100.0,54.366970497616094,154.51695096200655,60.02946687063308,-39.97053312936692,-70.17976286600607,43.252743484224965,100.0,64.81488266553737,194 days 16:00:00,120,0.0,60,30.0,22.78546489072805,-17.655078391274714,9.247220248660964,-4.855405400429136,4 days 16:40:00,3 days 01:00:00,0.7985436925319436,-0.6661755521561155,-0.16850394893503157,-0.49120703063629106,0.9913081486523848,-0.253442040902905,long
1343,"{'window_k': 87, 'window_d': 57, 'window_ma': 237}","open_time
2022-01-01 00:00:00    100.000000
2022-01-01 01:00:00    100.000000
2022-01-01 02:00:00    100.000000
2022-01-01 03:00:00    100.000000
2022-01-01 04:00:00    100.000000
                          ...    
2023-05-01 19:00:00     60.029467
2023-05-01 20:00:00     60.029467
2023-05-01 21:00:00     60.029467
2023-05-01 22:00:00     60.029467
2023-05-01 23:00:00     60.029467
Freq: H, Length: 11664, dtype: float64",2022-01-01,2023-05-01 23:00:00,486 days,100.0,54.366970497616094,154.51695096200655,60.02946687063308,-39.97053312936692,-70.17976286600607,43.252743484224965,100.0,64.81488266553737,194 days 16:00:00,120,0.0,60,30.0,22.78546489072805,-17.655078391274714,9.247220248660964,-4.855405400429136,4 days 16:40:00,3 days 01:00:00,0.7985436925319436,-0.6661755521561155,-0.16850394893503157,-0.49120703063629106,0.9913081486523848,-0.253442040902905,long
2253,"{'window_k': 132, 'window_d': 192, 'window_ma': 207}","open_time
2022-01-01 00:00:00    100.000000
2022-01-01 01:00:00    100.000000
2022-01-01 02:00:00    100.000000
2022-01-01 03:00:00    100.000000
2022-01-01 04:00:00    100.000000
                          ...    
2023-05-01 19:00:00     58.239381
2023-05-01 20:00:00     58.105632
2023-05-01 21:00:00     58.398208
2023-05-01 22:00:00     58.657347
2023-05-01 23:00:00     58.657347
Freq: H, Length: 11664, dtype: float64",2022-01-01,2023-05-01 23:00:00,486 days,100.0,40.35605181341557,122.84612540277851,58.657347322328604,-41.342652677671396,-70.17976286600607,36.719821673525374,100.0,67.14910488133083,451 days 16:00:00,51,0.0,26,32.0,39.471365638766514,-24.359960443907276,13.624715151609282,-8.340131251058235,10 days 14:07:30,5 days 11:21:10.588235294,0.587365296825371,-1.6921589783741653,-0.4437095802346513,-0.4916075203112551,0.9777257530370795,-0.620978724946602,long
1888,"{'window_k': 117, 'window_d': 102, 'window_ma': 12}","open_time
2022-01-01 00:00:00    100.000000
2022-01-01 01:00:00    100.000000
2022-01-01 02:00:00    100.000000
2022-01-01 03:00:00    100.000000
2022-01-01 04:00:00    100.000000
                          ...    
2023-05-01 19:00:00     74.031204
2023-05-01 20:00:00     74.031204
2023-05-01 21:00:00     74.031204
2023-05-01 22:00:00     74.031204
2023-05-01 23:00:00     74.031204
Freq: H, Length: 11664, dtype: float64",2022-01-01,2023-05-01 23:00:00,486 days,100.0,67.26639265898633,114.22169097814128,74.03120392720076,-25.96879607279924,-70.17976286600607,15.269204389574758,100.0,41.108915405691924,391 days 18:00:00,76,0.0,38,34.21052631578947,22.263056092843318,-22.867874502872297,6.20246384431979,-4.00545337212873,1 days 20:13:50.769230769,2 days 00:14:24,0.7108570360182157,-0.6833893703368221,-0.474101339355212,-0.4917178433250272,0.9623859195185807,-0.6368547841931631,long
859,"{'window_k': 57, 'window_d': 87, 'window_ma': 177}","open_time
2022-01-01 00:00:00    100.000000
2022-01-01 01:00:00    100.000000
2022-01-01 02:00:00    100.000000
2022-01-01 03:00:00    100.000000
2022-01-01 04:00:00    100.000000
                          ...    
2023-05-01 19:00:00     63.844447
2023-05-01 20:00:00     63.844447
2023-05-01 21:00:00     63.844447
2023-05-01 22:00:00     63.844447
2023-05-01 23:00:00     63.844447
Freq: H, Length: 11664, dtype: float64",2022-01-01,2023-05-01 23:00:00,486 days,100.0,55.45483866253503,132.46303372878373,63.84444721365655,-36.15555278634345,-70.17976286600607,43.92146776406036,100.0,58.135611799380904,244 days 11:00:00,108,0.0,54,35.18518518518518,23.214884344619524,-23.31986388770736,9.002433739910517,-5.550121073171409,5 days 13:34:44.210526315,3 days 01:51:25.714285714,0.8017617614054472,-0.6695472738211747,-0.11320649640868746,-0.49211255173815543,0.9941657391773481,-0.1701759347593047,long
3386,"{'window_k': 207, 'window_d': 57, 'window_ma': 162}","open_time
2022-01-01 00:00:00    100.000000
2022-01-01 01:00:00    100.000000
2022-01-01 02:00:00    100.000000
2022-01-01 03:00:00    100.000000
2022-01-01 04:00:00    100.000000
                          ...    
2023-05-01 19:00:00     65.630091
2023-05-01 20:00:00     65.479369
2023-05-01 21:00:00     65.809074
2023-05-01 22:00:00     66.101098
2023-05-01 23:00:00     66.101098
Freq: H, Length: 11664, dtype: float64",2022-01-01,2023-05-01 23:00:00,486 days,100.0,54.80778048231335,119.73529715476936,66.10109780298845,-33.89890219701155,-70.17976286600607,37.68004115226338,100.0,54.22587842959204,355 days 14:00:00,95,0.0,48,36.17021276595745,20.77538527627127,-16.957264957264954,7.950521031811801,-5.4059890929666015,4 days 12:38:49.411764705,3 days 09:00:00,0.7480248526823076,-0.7270656628816847,-0.11758244486102053,-0.49279699432043417,0.9932617587660094,-0.1791317514412818,long
4085,"{'window_k': 237, 'window_d': 237, 'window_ma': 87}","open_time
2022-01-01 00:00:00    100.000000
2022-01-01 01:00:00    100.000000
2022-01-01 02:00:00    100.000000
2022-01-01 03:00:00    100.000000
2022-01-01 04:00:00    100.000000
                          ...    
2023-05-01 19:00:00     64.936855
2023-05-01 20:00:00     64.936855
2023-05-01 21:00:00     64.936855
2023-05-01 22:00:00     64.936855
2023-05-01 23:00:00     64.936855
Freq: H, Length: 11664, dtype: float64",2022-01-01,2023-05-01 23:00:00,486 days,100.0,51.408688892603216,117.35378715244485,64.93685479031654,-35.063145209683455,-70.17976286600607,32.88751714677641,100.0,56.19341297795331,451 days 16:00:00,34,0.0,17,35.294117647058826,26.927333087421605,-21.494147349093414,10.984768391532922,-8.720373215093923,10 days 22:30:00,8 days 13:32:43.636363636,0.5326544703984791,-2.062537953510792,-0.40807744093895915,-0.49283003759363553,0.9783223107685912,-0.5666715660136722,long
3465,"{'window_k': 207, 'window_d': 132, 'window_ma': 147}","open_time
2022-01-01 00:00:00    100.000000
2022-01-01 01:00:00    100.000000
2022-01-01 02:00:00    100.000000
2022-01-01 03:00:00    100.000000
2022-01-01 04:00:00    100.000000
                          ...    
2023-05-01 19:00:00     57.244633
2023-05-01 20:00:00     57.113169
2023-05-01 21:00:00     57.400747
2023-05-01 22:00:00     57.655460
2023-05-01 23:00:00     57.655460
Freq: H, Length: 11664, dtype: float64",2022-01-01,2023-05-01 23:00:00,486 days,100.0,43.49044719519548,138.96238475450738,57.655460209213686,-42.344539790786314,-70.17976286600607,38.66598079561043,100.0,68.70343922779806,391 days 18:00:00,53,0.0,27,30.76923076923077,34.56695917588707,-15.168253506795557,12.769152109338114,-7.629994613684965,9 days 00:37:30,6 days 07:26:40,0.6366065671628469,-1.5992462147558717,-0.34639932221065234,-0.4930199793353476,0.9821555267151814,-0.49651980630866205,long
3212,"{'window_k': 192, 'window_d': 132, 'window_ma': 192}","open_time
2022-01-01 00:00:00    100.000000
2022-01-01 01:00:00    100.000000
2022-01-01 02:00:00    100.000000
2022-01-01 03:00:00    100.000000
2022-01-01 04:00:00    100.000000
                          ...    
2023-05-01 19:00:00     61.213241
2023-05-01 20:00:00     61.072662
2023-05-01 21:00:00     61.380178
2023-05-01 22:00:00     61.652549
2023-05-01 23:00:00     61.652549
Freq: H, Length: 11664, dtype: float64",2022-01-01,2023-05-01 23:00:00,486 days,100.0,51.94120414480294,135.89335995539386,61.65254929688583,-38.34745070311417,-70.17976286600607,41.117969821673526,100.0,61.77796754613153,391 days 18:00:00,57,0.0,29,28.57142857142857,38.2891748675246,-15.955723542116635,16.04383217301645,-7.642553995103507,9 days 22:00:00,5 days 21:48:00,0.7191140383710565,-1.3447622620029849,-0.24034095597484154,-0.4930236577996929,0.98795667775402,-0.3456128648285366,long
1450,"{'window_k': 87, 'window_d': 162, 'window_ma': 162}","open_time
2022-01-01 00:00:00    100.000000
2022-01-01 01:00:00    100.000000
2022-01-01 02:00:00    100.000000
2022-01-01 03:00:00    100.000000
2022-01-01 04:00:00    100.000000
                          ...    
2023-05-01 19:00:00     59.186121
2023-05-01 20:00:00     59.050198
2023-05-01 21:00:00     59.347530
2023-05-01 22:00:00     59.610881
2023-05-01 23:00:00     59.610881
Freq: H, Length: 11664, dtype: float64",2022-01-01,2023-05-01 23:00:00,486 days,100.0,44.2317012888122,127.46631585905423,59.61088141804317,-40.38911858195683,-70.17976286600607,40.35493827160494,100.0,65.29930202288001,451 days 16:00:00,65,0.0,33,31.25,38.675277861219584,-20.13651877133105,16.514981803682257,-8.415506003727412,9 days 16:00:00,4 days 09:30:00,0.7279545836699267,-1.2584433017570644,-0.32793013962209655,-0.4930343432004649,0.984146512281314,-0.4544016758024622,long
3388,"{'window_k': 207, 'window_d': 57, 'window_ma': 192}","open_time
2022-01-01 00:00:00    100.000000
2022-01-01 01:00:00    100.000000
2022-01-01 02:00:00    100.000000
2022-01-01 03:00:00    100.000000
2022-01-01 04:00:00    100.000000
                          ...    
2023-05-01 19:00:00     65.603120
2023-05-01 20:00:00     65.452459
2023-05-01 21:00:00     65.782029
2023-05-01 22:00:00     66.073933
2023-05-01 23:00:00     66.073933
Freq: H, Length: 11664, dtype: float64",2022-01-01,2023-05-01 23:00:00,486 days,100.0,54.80778048231335,119.73529715476936,66.07393296827489,-33.92606703172511,-70.17976286600607,37.808641975308646,100.0,54.22587842959204,355 days 14:00:00,95,0.0,48,36.17021276595745,20.77538527627127,-16.957264957264954,7.950521031811801,-5.407340626957683,4 days 12:38:49.411764705,3 days 09:30:00,0.7478650234409838,-0.7276412494206932,-0.1177972208019582,-0.4932140962015457,0.9932604789864681,-0.1794331522709892,long
3391,"{'window_k': 207, 'window_d': 57, 'window_ma': 237}","open_time
2022-01-01 00:00:00    100.000000
2022-01-01 01:00:00    100.000000
2022-01-01 02:00:00    100.000000
2022-01-01 03:00:00    100.000000
2022-01-01 04:00:00    100.000000
                          ...    
2023-05-01 19:00:00     65.603120
2023-05-01 20:00:00     65.452459
2023-05-01 21:00:00     65.782029
2023-05-01 22:00:00     66.073933
2023-05-01 23:00:00     66.073933
Freq: H, Length: 11664, dtype: float64",2022-01-01,2023-05-01 23:00:00,486 days,100.0,54.80778048231335,119.73529715476936,66.07393296827489,-33.92606703172511,-70.17976286600607,37.808641975308646,100.0,54.22587842959204,355 days 14:00:00,95,0.0,48,36.17021276595745,20.77538527627127,-16.957264957264954,7.950521031811801,-5.407340626957683,4 days 12:38:49.411764705,3 days 09:30:00,0.7478650234409838,-0.7276412494206932,-0.1177972208019582,-0.4932140962015457,0.9932604789864681,-0.1794331522709892,long
2842,"{'window_k': 177, 'window_d': 27, 'window_ma': 162}","open_time
2022-01-01 00:00:00    100.000000
2022-01-01 01:00:00    100.000000
2022-01-01 02:00:00    100.000000
2022-01-01 03:00:00    100.000000
2022-01-01 04:00:00    100.000000
                          ...    
2023-05-01 19:00:00     58.695855
2023-05-01 20:00:00     58.695855
2023-05-01 21:00:00     58.695855
2023-05-01 22:00:00     58.695855
2023-05-01 23:00:00     58.695855
Freq: H, Length: 11664, dtype: float64",2022-01-01,2023-05-01 23:00:00,486 days,100.0,36.166728340345074,108.96326216580113,58.695854526636005,-41.304145473363995,-70.17976286600607,36.2997256515775,100.0,66.80832821863125,469 days 22:00:00,192,0.0,96,32.29166666666667,25.011215791834886,-14.512437051732041,7.6572650650676355,-4.081352795325326,3 days 02:27:05.806451612,1 days 05:37:50.769230769,0.759430762304733,-0.4302515153475408,-0.23326263847996706,-0.4936207913124609,0.9864091230494857,-0.3583806837402524,long
749,"{'window_k': 42, 'window_d': 222, 'window_ma': 207}","open_time
2022-01-01 00:00:00    100.000000
2022-01-01 01:00:00    100.000000
2022-01-01 02:00:00    100.000000
2022-01-01 03:00:00    100.000000
2022-01-01 04:00:00    100.000000
                          ...    
2023-05-01 19:00:00     53.922427
2023-05-01 20:00:00     53.798592
2023-05-01 21:00:00     54.069482
2023-05-01 22:00:00     54.309412
2023-05-01 23:00:00     54.309412
Freq: H, Length: 11664, dtype: float64",2022-01-01,2023-05-01 23:00:00,486 days,100.0,34.802698240027844,136.40206979941044,54.30941192734538,-45.69058807265462,-70.17976286600607,35.89677640603566,100.0,74.48521251091876,397 days 07:00:00,59,0.0,30,37.93103448275862,29.6742318974834,-42.60418428917836,11.464402817965427,-8.735089177626469,8 days 12:16:21.818181818,4 days 09:20:00,0.6224462749637101,-1.5776726069262144,-0.5302382208021368,-0.49373246999685905,0.973104678799836,-0.7105743537851418,long
2501,"{'window_k': 147, 'window_d': 192, 'window_ma': 87}","open_time
2022-01-01 00:00:00    100.000000
2022-01-01 01:00:00    100.000000
2022-01-01 02:00:00    100.000000
2022-01-01 03:00:00    100.000000
2022-01-01 04:00:00    100.000000
                          ...    
2023-05-01 19:00:00     60.750204
2023-05-01 20:00:00     60.610688
2023-05-01 21:00:00     60.915878
2023-05-01 22:00:00     61.186189
2023-05-01 23:00:00     61.186189
Freq: H, Length: 11664, dtype: float64",2022-01-01,2023-05-01 23:00:00,486 days,100.0,48.719268412519874,129.87676662516324,61.18618911814903,-38.81381088185097,-70.17976286600607,32.29595336076817,100.0,62.48808029450845,391 days 18:00:00,47,0.0,24,30.434782608695656,32.06678180771447,-24.757815940114483,14.333502836148421,-8.201791613588215,9 days 06:51:25.714285714,5 days 17:11:15,0.6598580254380099,-1.7000678798622424,-0.4771472728994516,-0.49374925122332725,0.9747411287839449,-0.6650866123417023,long
1977,"{'window_k': 117, 'window_d': 177, 'window_ma': 147}","open_time
2022-01-01 00:00:00    100.000000
2022-01-01 01:00:00    100.000000
2022-01-01 02:00:00    100.000000
2022-01-01 03:00:00    100.000000
2022-01-01 04:00:00    100.000000
                          ...    
2023-05-01 19:00:00     51.918908
2023-05-01 20:00:00     51.799674
2023-05-01 21:00:00     52.060498
2023-05-01 22:00:00     52.291514
2023-05-01 23:00:00     52.291514
Freq: H, Length: 11664, dtype: float64",2022-01-01,2023-05-01 23:00:00,486 days,100.0,33.64342578707329,153.16299988658977,52.29151415783477,-47.70848584216523,-70.17976286600607,36.45404663923183,100.0,78.03423423934977,391 days 18:00:00,53,0.0,27,30.76923076923077,30.236550934757727,-21.93840840408692,14.322402149388541,-8.76984681490022,9 days 11:00:00,5 days 13:09:59.999999999,0.6244651520393858,-1.8286361245930274,-0.5536748162959269,-0.4939924663392434,0.9718745464791481,-0.7719351548520501,long
602,"{'window_k': 42, 'window_d': 87, 'window_ma': 162}","open_time
2022-01-01 00:00:00    100.000000
2022-01-01 01:00:00    100.000000
2022-01-01 02:00:00    100.000000
2022-01-01 03:00:00    100.000000
2022-01-01 04:00:00    100.000000
                          ...    
2023-05-01 19:00:00     61.597019
2023-05-01 20:00:00     61.597019
2023-05-01 21:00:00     61.597019
2023-05-01 22:00:00     61.597019
2023-05-01 23:00:00     61.597019
Freq: H, Length: 11664, dtype: float64",2022-01-01,2023-05-01 23:00:00,486 days,100.0,52.38369939088585,141.5687907761401,61.59701896551856,-38.40298103448144,-70.17976286600607,40.594993141289436,100.0,61.66984296781089,194 days 16:00:00,112,0.0,56,32.142857142857146,31.213114754098353,-16.699073544549922,9.432968708634998,-5.16342361412882,4 days 00:03:20,3 days 07:06:18.947368421,0.7860019147483731,-0.685767518472884,-0.16266953528097544,-0.49465095156220934,0.991140856249108,-0.24782562710953143,long
3326,"{'window_k': 192, 'window_d': 237, 'window_ma': 222}","open_time
2022-01-01 00:00:00    100.000000
2022-01-01 01:00:00    100.000000
2022-01-01 02:00:00    100.000000
2022-01-01 03:00:00    100.000000
2022-01-01 04:00:00    100.000000
                          ...    
2023-05-01 19:00:00     61.747339
2023-05-01 20:00:00     61.747339
2023-05-01 21:00:00     61.747339
2023-05-01 22:00:00     61.747339
2023-05-01 23:00:00     61.747339
Freq: H, Length: 11664, dtype: float64",2022-01-01,2023-05-01 23:00:00,486 days,100.0,50.61835379387099,131.15204648256972,61.7473390436049,-38.2526609563951,-70.17976286600607,38.24588477366255,100.0,61.40483114718439,349 days 17:00:00,36,0.0,18,33.33333333333333,41.086289969338594,-21.936441201929025,13.93012822684572,-9.475376689054906,12 days 18:10:00,9 days 02:40:00,0.5751873775441014,-2.1251478309108376,-0.36339291458269757,-0.4947121356757285,0.9819138425632616,-0.5062581384524382,long
2401,"{'window_k': 147, 'window_d': 102, 'window_ma': 27}","open_time
2022-01-01 00:00:00    100.000000
2022-01-01 01:00:00    100.000000
2022-01-01 02:00:00    100.000000
2022-01-01 03:00:00    100.000000
2022-01-01 04:00:00    100.000000
                          ...    
2023-05-01 19:00:00     59.110548
2023-05-01 20:00:00     58.974798
2023-05-01 21:00:00     59.271751
2023-05-01 22:00:00     59.534766
2023-05-01 23:00:00     59.534766
Freq: H, Length: 11664, dtype: float64",2022-01-01,2023-05-01 23:00:00,486 days,100.0,42.837029179021194,123.0866941886313,59.534765950774506,-40.465234049225494,-70.17976286600607,28.403635116598082,100.0,65.1976767583236,451 days 16:00:00,71,0.0,36,40.0,20.81083941992165,-21.6074807970611,7.811279725729515,-6.957204685948618,3 days 08:30:00,4 days 03:25:42.857142857,0.6543911889213659,-1.1556647235958142,-0.4009164388954586,-0.49480032764955206,0.9756547264106948,-0.5683642093740636,long
743,"{'window_k': 42, 'window_d': 222, 'window_ma': 117}","open_time
2022-01-01 00:00:00    100.000000
2022-01-01 01:00:00    100.000000
2022-01-01 02:00:00    100.000000
2022-01-01 03:00:00    100.000000
2022-01-01 04:00:00    100.000000
                          ...    
2023-05-01 19:00:00     52.832780
2023-05-01 20:00:00     52.711447
2023-05-01 21:00:00     52.976862
2023-05-01 22:00:00     53.211944
2023-05-01 23:00:00     53.211944
Freq: H, Length: 11664, dtype: float64",2022-01-01,2023-05-01 23:00:00,486 days,100.0,35.403522567795505,148.94874562790574,53.211944401427466,-46.788055598572534,-70.17976286600607,31.241426611796978,100.0,76.23107034668266,397 days 07:00:00,59,0.0,30,37.93103448275862,29.24812030075188,-42.60418428917836,9.723295810811043,-7.990016291551921,7 days 04:38:10.909090909,3 days 22:30:00,0.6186321647370809,-1.6154731695458557,-0.625376403444703,-0.49504392430400174,0.9658923536368937,-0.8324307665634199,long
2617,"{'window_k': 162, 'window_d': 57, 'window_ma': 147}","open_time
2022-01-01 00:00:00    100.000000
2022-01-01 01:00:00    100.000000
2022-01-01 02:00:00    100.000000
2022-01-01 03:00:00    100.000000
2022-01-01 04:00:00    100.000000
                          ...    
2023-05-01 19:00:00     71.032666
2023-05-01 20:00:00     70.869536
2023-05-01 21:00:00     71.226382
2023-05-01 22:00:00     71.542445
2023-05-01 23:00:00     71.542445
Freq: H, Length: 11664, dtype: float64",2022-01-01,2023-05-01 23:00:00,486 days,100.0,62.561083427510916,118.58002359391642,71.54244501944619,-28.457554980553805,-70.17976286600607,37.13134430727023,100.0,44.90014027181531,194 days 16:00:00,101,0.0,51,38.0,21.47392726573021,-20.09324539458722,8.02864324995363,-5.386958157947308,4 days 07:18:56.842105263,3 days 00:11:36.774193548,0.8227390271656436,-0.5340782749186301,-0.035814387916379094,-0.495253774775779,0.9979300192467374,-0.05474794988174053,long
1268,"{'window_k': 72, 'window_d': 237, 'window_ma': 72}","open_time
2022-01-01 00:00:00    100.000000
2022-01-01 01:00:00    100.000000
2022-01-01 02:00:00    100.000000
2022-01-01 03:00:00    100.000000
2022-01-01 04:00:00    100.000000
                          ...    
2023-05-01 19:00:00     58.243369
2023-05-01 20:00:00     58.243369
2023-05-01 21:00:00     58.243369
2023-05-01 22:00:00     58.243369
2023-05-01 23:00:00     58.243369
Freq: H, Length: 11664, dtype: float64",2022-01-01,2023-05-01 23:00:00,486 days,100.0,39.84034264411879,122.09716498051192,58.24336874311683,-41.75663125688317,-70.17976286600607,28.815157750342934,100.0,67.36996911396119,391 days 18:00:00,48,0.0,24,41.66666666666667,28.550268468802066,-26.827921360724538,7.512549925977756,-8.230146002008276,5 days 08:48:00,6 days 04:04:17.142857142,0.5149879786052729,-1.7398596357034652,-0.6009102198291567,-0.49527095684190836,0.9668332621131412,-0.8234553793519969,long
469,"{'window_k': 27, 'window_d': 207, 'window_ma': 87}","open_time
2022-01-01 00:00:00    100.000000
2022-01-01 01:00:00    100.000000
2022-01-01 02:00:00    100.000000
2022-01-01 03:00:00    100.000000
2022-01-01 04:00:00    100.000000
                          ...    
2023-05-01 19:00:00     64.177964
2023-05-01 20:00:00     64.177964
2023-05-01 21:00:00     64.177964
2023-05-01 22:00:00     64.177964
2023-05-01 23:00:00     64.177964
Freq: H, Length: 11664, dtype: float64",2022-01-01,2023-05-01 23:00:00,486 days,100.0,52.93690385099456,123.68160950038539,64.17796378495466,-35.822036215045344,-70.17976286600607,34.13065843621399,100.0,57.19904999228716,451 days 16:00:00,72,0.0,36,27.77777777777778,34.2305441778818,-14.320871909058946,13.170718521241193,-5.97400148768689,7 days 09:18:00,3 days 12:55:23.076923076,0.7287537085319893,-0.9950565615290379,-0.39280507515663293,-0.495276742459747,0.9798296809316046,-0.5468056263744127,long
1030,"{'window_k': 72, 'window_d': 12, 'window_ma': 102}","open_time
2022-01-01 00:00:00    100.000000
2022-01-01 01:00:00    100.000000
2022-01-01 02:00:00    100.000000
2022-01-01 03:00:00    100.000000
2022-01-01 04:00:00    100.000000
                          ...    
2023-05-01 19:00:00     58.537389
2023-05-01 20:00:00     58.402956
2023-05-01 21:00:00     58.697029
2023-05-01 22:00:00     58.957494
2023-05-01 23:00:00     58.957494
Freq: H, Length: 11664, dtype: float64",2022-01-01,2023-05-01 23:00:00,486 days,100.0,33.88000611181495,100.0309652304698,58.957494030121644,-41.042505969878356,-70.17976286600607,41.246570644718794,100.0,66.13048166259723,480 days 01:00:00,467,0.0,234,32.18884120171674,39.06012176560121,-14.636025163692382,4.991904665534693,-2.5013184889202953,1 days 05:58:24,0 days 16:09:52.405063291,0.8225479988290626,-0.17629233624946228,-0.17515934949948334,-0.49528947319740807,0.9903146200337852,-0.27341741035682837,long
750,"{'window_k': 42, 'window_d': 222, 'window_ma': 222}","open_time
2022-01-01 00:00:00    100.000000
2022-01-01 01:00:00    100.000000
2022-01-01 02:00:00    100.000000
2022-01-01 03:00:00    100.000000
2022-01-01 04:00:00    100.000000
                          ...    
2023-05-01 19:00:00     52.134837
2023-05-01 20:00:00     52.015107
2023-05-01 21:00:00     52.277016
2023-05-01 22:00:00     52.508992
2023-05-01 23:00:00     52.508992
Freq: H, Length: 11664, dtype: float64",2022-01-01,2023-05-01 23:00:00,486 days,100.0,33.98562789315494,150.64373948464913,52.50899239935505,-47.49100760064495,-70.17976286600607,37.10562414266118,100.0,77.43973429667939,391 days 18:00:00,59,0.0,30,37.93103448275862,29.6742318974834,-42.60418428917836,11.371209842878137,-8.848185042454057,8 days 13:16:21.818181818,4 days 16:33:20,0.6087127127190786,-1.639685258327905,-0.5507222270759721,-0.49530746991407715,0.972605253855401,-0.7389608770346627,long
735,"{'window_k': 42, 'window_d': 207, 'window_ma': 237}","open_time
2022-01-01 00:00:00    100.000000
2022-01-01 01:00:00    100.000000
2022-01-01 02:00:00    100.000000
2022-01-01 03:00:00    100.000000
2022-01-01 04:00:00    100.000000
                          ...    
2023-05-01 19:00:00     58.049776
2023-05-01 20:00:00     57.916462
2023-05-01 21:00:00     58.208086
2023-05-01 22:00:00     58.466381
2023-05-01 23:00:00     58.466381
Freq: H, Length: 11664, dtype: float64",2022-01-01,2023-05-01 23:00:00,486 days,100.0,38.654127940613954,116.94095964897163,58.466381067245635,-41.533618932754365,-70.17976286600607,37.68004115226338,100.0,66.94560395549665,451 days 16:00:00,61,0.0,31,36.666666666666664,31.394239938966244,-31.793429477589612,12.143718368434344,-8.505373684697092,9 days 07:21:49.090909091,4 days 03:09:28.421052631,0.6568481700295712,-1.3614018071471925,-0.4322753817634195,-0.4955495514423569,0.978612813090803,-0.5849149492889235,long
1781,"{'window_k': 102, 'window_d': 237, 'window_ma': 87}","open_time
2022-01-01 00:00:00    100.000000
2022-01-01 01:00:00    100.000000
2022-01-01 02:00:00    100.000000
2022-01-01 03:00:00    100.000000
2022-01-01 04:00:00    100.000000
                          ...    
2023-05-01 19:00:00     61.041744
2023-05-01 20:00:00     61.041744
2023-05-01 21:00:00     61.041744
2023-05-01 22:00:00     61.041744
2023-05-01 23:00:00     61.041744
Freq: H, Length: 11664, dtype: float64",2022-01-01,2023-05-01 23:00:00,486 days,100.0,44.94011215005666,119.8639315534481,61.04174393780358,-38.95825606219642,-70.17976286600607,32.05589849108368,100.0,62.50739353562954,451 days 16:00:00,44,0.0,22,36.36363636363637,26.92733308742163,-22.362539114886,11.759280777989725,-9.038671310302318,8 days 11:07:30,6 days 07:00:00,0.5955677138752343,-1.7708298210089288,-0.49404880635934323,-0.4955585781233809,0.9738118445609676,-0.6883680136169658,long
3225,"{'window_k': 192, 'window_d': 147, 'window_ma': 147}","open_time
2022-01-01 00:00:00    100.000000
2022-01-01 01:00:00    100.000000
2022-01-01 02:00:00    100.000000
2022-01-01 03:00:00    100.000000
2022-01-01 04:00:00    100.000000
                          ...    
2023-05-01 19:00:00     58.099956
2023-05-01 20:00:00     57.966527
2023-05-01 21:00:00     58.258402
2023-05-01 22:00:00     58.516921
2023-05-01 23:00:00     58.516921
Freq: H, Length: 11664, dtype: float64",2022-01-01,2023-05-01 23:00:00,486 days,100.0,48.74332638933643,146.85620988970757,58.51692093150677,-41.48307906849323,-70.17976286600607,36.65980795610425,100.0,66.80880813556075,349 days 17:00:00,51,0.0,26,28.000000000000004,32.40477544059125,-22.659773402265966,14.330286419647207,-7.573957122920011,9 days 03:51:25.714285714,6 days 05:36:40,0.6713668528988324,-1.6619917411490324,-0.4105779776422627,-0.4959149269483503,0.9790512601546939,-0.5889172238894519,long
288,"{'window_k': 27, 'window_d': 42, 'window_ma': 12}","open_time
2022-01-01 00:00:00    100.000000
2022-01-01 01:00:00    100.000000
2022-01-01 02:00:00    100.000000
2022-01-01 03:00:00    100.000000
2022-01-01 04:00:00    100.000000
                          ...    
2023-05-01 19:00:00     64.384885
2023-05-01 20:00:00     64.384885
2023-05-01 21:00:00     64.384885
2023-05-01 22:00:00     64.384885
2023-05-01 23:00:00     64.384885
Freq: H, Length: 11664, dtype: float64",2022-01-01,2023-05-01 23:00:00,486 days,100.0,43.2617351070407,100.0,64.38488549913666,-35.61511450086334,-70.17976286600607,25.660150891632373,100.0,56.7382648929593,481 days 07:00:00,204,0.0,102,38.23529411764706,22.693588228976473,-10.06181178107987,4.2810254332016875,-3.149999525909669,1 days 10:20:00,1 days 02:15:14.285714285,0.7283890179858762,-0.34916778922415004,-0.29511218848771387,-0.49624149426365294,0.9792495022776889,-0.46132172600256344,long
3389,"{'window_k': 207, 'window_d': 57, 'window_ma': 207}","open_time
2022-01-01 00:00:00    100.000000
2022-01-01 01:00:00    100.000000
2022-01-01 02:00:00    100.000000
2022-01-01 03:00:00    100.000000
2022-01-01 04:00:00    100.000000
                          ...    
2023-05-01 19:00:00     65.405330
2023-05-01 20:00:00     65.255124
2023-05-01 21:00:00     65.583700
2023-05-01 22:00:00     65.874724
2023-05-01 23:00:00     65.874724
Freq: H, Length: 11664, dtype: float64",2022-01-01,2023-05-01 23:00:00,486 days,100.0,54.80778048231335,119.73529715476936,65.87472418037545,-34.12527581962455,-70.17976286600607,37.80006858710562,100.0,54.22587842959204,355 days 14:00:00,95,0.0,48,36.17021276595745,20.77538527627127,-16.957264957264954,7.9505210318118,-5.417251876225601,4 days 12:38:49.411764705,3 days 09:28:00,0.746694476257733,-0.7318622173734193,-0.12110691663847346,-0.49627414935596553,0.993071172498741,-0.18447325226772165,long
2677,"{'window_k': 162, 'window_d': 117, 'window_ma': 87}","open_time
2022-01-01 00:00:00    100.000000
2022-01-01 01:00:00    100.000000
2022-01-01 02:00:00    100.000000
2022-01-01 03:00:00    100.000000
2022-01-01 04:00:00    100.000000
                          ...    
2023-05-01 19:00:00     59.081679
2023-05-01 20:00:00     59.081679
2023-05-01 21:00:00     59.081679
2023-05-01 22:00:00     59.081679
2023-05-01 23:00:00     59.081679
Freq: H, Length: 11664, dtype: float64",2022-01-01,2023-05-01 23:00:00,486 days,100.0,46.00400856317639,134.45237140945827,59.08167916909226,-40.91832083090774,-70.17976286600607,39.09465020576132,100.0,65.7841597876494,391 days 18:00:00,66,0.0,33,42.42424242424242,42.133967277303874,-25.816993464052295,10.222255538246515,-8.843817921489483,6 days 09:38:34.285714285,5 days 06:47:22.105263157,0.7274890268485205,-1.2399491160881135,-0.2993087868992768,-0.49628026751996346,0.9846908424068969,-0.4227462646187584,long
2813,"{'window_k': 162, 'window_d': 237, 'window_ma': 207}","open_time
2022-01-01 00:00:00    100.000000
2022-01-01 01:00:00    100.000000
2022-01-01 02:00:00    100.000000
2022-01-01 03:00:00    100.000000
2022-01-01 04:00:00    100.000000
                          ...    
2023-05-01 19:00:00     66.109711
2023-05-01 20:00:00     66.109711
2023-05-01 21:00:00     66.109711
2023-05-01 22:00:00     66.109711
2023-05-01 23:00:00     66.109711
Freq: H, Length: 11664, dtype: float64",2022-01-01,2023-05-01 23:00:00,486 days,100.0,58.57154931618871,126.82041915759164,66.10971051316244,-33.89028948683756,-70.17976286600607,34.14780521262003,100.0,53.81536372040722,349 days 17:00:00,36,0.0,18,33.33333333333333,41.81765049678552,-22.041175822965968,14.106784286740673,-9.029533560625936,12 days 02:19:59.999999999,7 days 18:45:00,0.6325448124026185,-1.8827938603798628,-0.30756916487252733,-0.4964229080929771,0.9837047439283199,-0.42909427602530475,long
2810,"{'window_k': 162, 'window_d': 237, 'window_ma': 162}","open_time
2022-01-01 00:00:00    100.000000
2022-01-01 01:00:00    100.000000
2022-01-01 02:00:00    100.000000
2022-01-01 03:00:00    100.000000
2022-01-01 04:00:00    100.000000
                          ...    
2023-05-01 19:00:00     66.395897
2023-05-01 20:00:00     66.395897
2023-05-01 21:00:00     66.395897
2023-05-01 22:00:00     66.395897
2023-05-01 23:00:00     66.395897
Freq: H, Length: 11664, dtype: float64",2022-01-01,2023-05-01 23:00:00,486 days,100.0,61.15753830712618,131.04943563565553,66.39589666939014,-33.60410333060986,-70.17976286600607,29.2781207133059,100.0,53.33246723995306,349 days 17:00:00,36,0.0,18,33.33333333333333,41.81765049678551,-22.041175822965986,13.343773689149815,-8.70769579915888,10 days 02:00:00,6 days 19:35:00,0.6265968578794094,-1.8668946294783257,-0.33355927850829525,-0.4964526737591102,0.9811250956049938,-0.4676697568520344,long
2719,"{'window_k': 162, 'window_d': 147, 'window_ma': 237}","open_time
2022-01-01 00:00:00    100.000000
2022-01-01 01:00:00    100.000000
2022-01-01 02:00:00    100.000000
2022-01-01 03:00:00    100.000000
2022-01-01 04:00:00    100.000000
                          ...    
2023-05-01 19:00:00     59.124312
2023-05-01 20:00:00     58.988531
2023-05-01 21:00:00     59.285552
2023-05-01 22:00:00     59.548629
2023-05-01 23:00:00     59.548629
Freq: H, Length: 11664, dtype: float64",2022-01-01,2023-05-01 23:00:00,486 days,100.0,46.488160423695135,132.49435700500052,59.548628862892684,-40.451371137107316,-70.17976286600607,38.725994513031544,100.0,64.91310160330782,391 days 18:00:00,55,0.0,28,25.925925925925924,41.025641025641,-13.86743515850144,17.316803692105882,-7.493865946253078,10 days 17:42:51.428571428,5 days 13:00:00,0.6723989189895287,-1.4677109784670122,-0.370781893287377,-0.49678701157218363,0.9817817777041267,-0.5195704497405162,long
1195,"{'window_k': 72, 'window_d': 162, 'window_ma': 177}","open_time
2022-01-01 00:00:00    100.000000
2022-01-01 01:00:00    100.000000
2022-01-01 02:00:00    100.000000
2022-01-01 03:00:00    100.000000
2022-01-01 04:00:00    100.000000
                          ...    
2023-05-01 19:00:00     55.735726
2023-05-01 20:00:00     55.607727
2023-05-01 21:00:00     55.887725
2023-05-01 22:00:00     56.135724
2023-05-01 23:00:00     56.135724
Freq: H, Length: 11664, dtype: float64",2022-01-01,2023-05-01 23:00:00,486 days,100.0,36.45382916062637,124.88647659276377,56.13572417772215,-43.86427582227785,-70.17976286600607,38.62311385459534,100.0,70.81042707330363,451 days 16:00:00,67,0.0,34,33.33333333333333,34.65427712489752,-20.20006820506992,12.33618851524712,-7.760018894173728,7 days 20:16:21.818181818,4 days 11:21:49.090909090,0.6576769013268843,-1.3430385933859932,-0.43703918478984327,-0.4968985538840379,0.9787318207691227,-0.6043253653613406,long
2184,"{'window_k': 132, 'window_d': 132, 'window_ma': 132}","open_time
2022-01-01 00:00:00    100.000000
2022-01-01 01:00:00    100.000000
2022-01-01 02:00:00    100.000000
2022-01-01 03:00:00    100.000000
2022-01-01 04:00:00    100.000000
                          ...    
2023-05-01 19:00:00     61.580643
2023-05-01 20:00:00     61.439221
2023-05-01 21:00:00     61.748583
2023-05-01 22:00:00     62.022589
2023-05-01 23:00:00     62.022589
Freq: H, Length: 11664, dtype: float64",2022-01-01,2023-05-01 23:00:00,486 days,100.0,50.831861057719394,129.2112212663439,62.022588649735425,-37.977411350264575,-70.17976286600607,39.49759945130316,100.0,60.65987105489905,391 days 18:00:00,63,0.0,32,29.03225806451613,38.00799008127841,-17.430635252818462,12.623868861732326,-6.487800925159062,7 days 13:53:20,5 days 11:38:10.909090909,0.6779859411253619,-1.2353423190509538,-0.30344437102677485,-0.49694731084513183,0.9853269310456486,-0.4209187676808795,long
241,"{'window_k': 12, 'window_d': 237, 'window_ma': 27}","open_time
2022-01-01 00:00:00    100.000000
2022-01-01 01:00:00    100.000000
2022-01-01 02:00:00    100.000000
2022-01-01 03:00:00    100.000000
2022-01-01 04:00:00    100.000000
                          ...    
2023-05-01 19:00:00     62.011453
2023-05-01 20:00:00     61.869042
2023-05-01 21:00:00     62.180568
2023-05-01 22:00:00     62.456490
2023-05-01 23:00:00     62.456490
Freq: H, Length: 11664, dtype: float64",2022-01-01,2023-05-01 23:00:00,486 days,100.0,48.92173545097621,121.9847760159781,62.45649046239174,-37.54350953760826,-70.17976286600607,17.944101508916326,100.0,59.89521229717369,424 days 03:00:00,89,0.0,45,27.27272727272727,20.143745143745154,-17.6215582893966,6.389320118212276,-3.583400816194235,3 days 07:30:00,1 days 09:30:00,0.5803382205812758,-0.8502272373212507,-0.729799048156843,-0.49716915735902756,0.9493179043820444,-0.9951694419312931,long
3131,"{'window_k': 192, 'window_d': 57, 'window_ma': 177}","open_time
2022-01-01 00:00:00    100.000000
2022-01-01 01:00:00    100.000000
2022-01-01 02:00:00    100.000000
2022-01-01 03:00:00    100.000000
2022-01-01 04:00:00    100.000000
                          ...    
2023-05-01 19:00:00     66.901338
2023-05-01 20:00:00     66.747697
2023-05-01 21:00:00     67.083788
2023-05-01 22:00:00     67.381468
2023-05-01 23:00:00     67.381468
Freq: H, Length: 11664, dtype: float64",2022-01-01,2023-05-01 23:00:00,486 days,100.0,54.76106380423583,113.1168198725942,67.3814683907483,-32.618531609251704,-70.17976286600607,37.02846364883402,100.0,51.58892915667684,453 days 11:00:00,95,0.0,48,42.5531914893617,20.182241178751468,-17.211933015415323,6.465301891787743,-5.742364034037396,4 days 22:39:00,2 days 19:37:46.666666666,0.7396909158504957,-0.6907423394487768,-0.10285053873814269,-0.4973723098318097,0.9940597102691957,-0.15671831790737284,long
2844,"{'window_k': 177, 'window_d': 27, 'window_ma': 192}","open_time
2022-01-01 00:00:00    100.000000
2022-01-01 01:00:00    100.000000
2022-01-01 02:00:00    100.000000
2022-01-01 03:00:00    100.000000
2022-01-01 04:00:00    100.000000
                          ...    
2023-05-01 19:00:00     58.398089
2023-05-01 20:00:00     58.398089
2023-05-01 21:00:00     58.398089
2023-05-01 22:00:00     58.398089
2023-05-01 23:00:00     58.398089
Freq: H, Length: 11664, dtype: float64",2022-01-01,2023-05-01 23:00:00,486 days,100.0,36.166728340345074,108.96326216580113,58.39808923849166,-41.60191076150834,-70.17976286600607,36.79698216735254,100.0,66.80832821863125,469 days 22:00:00,194,0.0,97,31.958762886597935,25.011215791834886,-14.512437051732041,7.657265065067633,-4.027200511688984,3 days 02:27:05.806451612,1 days 06:03:38.181818181,0.7578556854681479,-0.42888567795369403,-0.23758414680269524,-0.49744538146700384,0.9862357104214631,-0.3650511531092117,long
2845,"{'window_k': 177, 'window_d': 27, 'window_ma': 207}","open_time
2022-01-01 00:00:00    100.000000
2022-01-01 01:00:00    100.000000
2022-01-01 02:00:00    100.000000
2022-01-01 03:00:00    100.000000
2022-01-01 04:00:00    100.000000
                          ...    
2023-05-01 19:00:00     58.398089
2023-05-01 20:00:00     58.398089
2023-05-01 21:00:00     58.398089
2023-05-01 22:00:00     58.398089
2023-05-01 23:00:00     58.398089
Freq: H, Length: 11664, dtype: float64",2022-01-01,2023-05-01 23:00:00,486 days,100.0,36.166728340345074,108.96326216580113,58.39808923849166,-41.60191076150834,-70.17976286600607,36.79698216735254,100.0,66.80832821863125,469 days 22:00:00,194,0.0,97,31.958762886597935,25.011215791834886,-14.512437051732041,7.657265065067633,-4.027200511688984,3 days 02:27:05.806451612,1 days 06:03:38.181818181,0.7578556854681479,-0.42888567795369403,-0.23758414680269524,-0.49744538146700384,0.9862357104214631,-0.3650511531092117,long
2846,"{'window_k': 177, 'window_d': 27, 'window_ma': 222}","open_time
2022-01-01 00:00:00    100.000000
2022-01-01 01:00:00    100.000000
2022-01-01 02:00:00    100.000000
2022-01-01 03:00:00    100.000000
2022-01-01 04:00:00    100.000000
                          ...    
2023-05-01 19:00:00     58.398089
2023-05-01 20:00:00     58.398089
2023-05-01 21:00:00     58.398089
2023-05-01 22:00:00     58.398089
2023-05-01 23:00:00     58.398089
Freq: H, Length: 11664, dtype: float64",2022-01-01,2023-05-01 23:00:00,486 days,100.0,36.166728340345074,108.96326216580113,58.39808923849166,-41.60191076150834,-70.17976286600607,36.79698216735254,100.0,66.80832821863125,469 days 22:00:00,194,0.0,97,31.958762886597935,25.011215791834886,-14.512437051732041,7.657265065067633,-4.027200511688984,3 days 02:27:05.806451612,1 days 06:03:38.181818181,0.7578556854681479,-0.42888567795369403,-0.23758414680269524,-0.49744538146700384,0.9862357104214631,-0.3650511531092117,long
2404,"{'window_k': 147, 'window_d': 102, 'window_ma': 72}","open_time
2022-01-01 00:00:00    100.000000
2022-01-01 01:00:00    100.000000
2022-01-01 02:00:00    100.000000
2022-01-01 03:00:00    100.000000
2022-01-01 04:00:00    100.000000
                          ...    
2023-05-01 19:00:00     61.776018
2023-05-01 20:00:00     61.776018
2023-05-01 21:00:00     61.776018
2023-05-01 22:00:00     61.776018
2023-05-01 23:00:00     61.776018
Freq: H, Length: 11664, dtype: float64",2022-01-01,2023-05-01 23:00:00,486 days,100.0,47.36440666229677,121.31364454324122,61.776018425646924,-38.223981574353076,-70.17976286600607,38.31447187928669,100.0,60.95706559585379,453 days 11:00:00,72,0.0,36,36.11111111111111,30.913134484563077,-21.607480797061108,11.542946689645305,-7.569623782034688,6 days 14:46:09.230769230,4 days 08:33:54.782608695,0.7328050210961686,-1.0617772659542517,-0.24286961684886973,-0.4979476987848598,0.9874507789655157,-0.3423020196298459,long
2841,"{'window_k': 177, 'window_d': 27, 'window_ma': 147}","open_time
2022-01-01 00:00:00    100.000000
2022-01-01 01:00:00    100.000000
2022-01-01 02:00:00    100.000000
2022-01-01 03:00:00    100.000000
2022-01-01 04:00:00    100.000000
                          ...    
2023-05-01 19:00:00     58.335559
2023-05-01 20:00:00     58.335559
2023-05-01 21:00:00     58.335559
2023-05-01 22:00:00     58.335559
2023-05-01 23:00:00     58.335559
Freq: H, Length: 11664, dtype: float64",2022-01-01,2023-05-01 23:00:00,486 days,100.0,36.12800232769014,108.96326216580113,58.33555869601095,-41.66444130398905,-70.17976286600607,36.78840877914952,100.0,66.84386864930961,469 days 22:00:00,194,0.0,97,31.958762886597935,25.01121579183489,-14.512437051732036,7.653697381456022,-4.027200511688984,3 days 02:25:09.677419354,1 days 06:03:38.181818181,0.7572317785042526,-0.4295303227215366,-0.2387372150921894,-0.4979842437627973,0.9861689208009672,-0.36682252153607575,long
3627,"{'window_k': 222, 'window_d': 42, 'window_ma': 177}","open_time
2022-01-01 00:00:00    100.000000
2022-01-01 01:00:00    100.000000
2022-01-01 02:00:00    100.000000
2022-01-01 03:00:00    100.000000
2022-01-01 04:00:00    100.000000
                          ...    
2023-05-01 19:00:00     61.955189
2023-05-01 20:00:00     61.812907
2023-05-01 21:00:00     62.124150
2023-05-01 22:00:00     62.399823
2023-05-01 23:00:00     62.399823
Freq: H, Length: 11664, dtype: float64",2022-01-01,2023-05-01 23:00:00,486 days,100.0,52.07282979902463,129.832822618689,62.39982268262769,-37.60017731737231,-70.17976286600607,41.46947873799726,100.0,59.89239951136292,430 days 01:00:00,127,0.0,64,38.095238095238095,23.943661971830995,-19.89556692242114,7.247350409123303,-5.144229438063798,4 days 00:27:30,2 days 13:21:32.307692307,0.7751810604735198,-0.5766432758366546,-0.1450083765698331,-0.49799154074138197,0.9924618361812482,-0.21747332012757883,long
4051,"{'window_k': 237, 'window_d': 207, 'window_ma': 57}","open_time
2022-01-01 00:00:00    100.000000
2022-01-01 01:00:00    100.000000
2022-01-01 02:00:00    100.000000
2022-01-01 03:00:00    100.000000
2022-01-01 04:00:00    100.000000
                          ...    
2023-05-01 19:00:00     61.319808
2023-05-01 20:00:00     61.319808
2023-05-01 21:00:00     61.319808
2023-05-01 22:00:00     61.319808
2023-05-01 23:00:00     61.319808
Freq: H, Length: 11664, dtype: float64",2022-01-01,2023-05-01 23:00:00,486 days,100.0,48.00687645160335,125.42275534018194,61.31980787180723,-38.68019212819277,-70.17976286600607,26.09739368998628,100.0,61.723950074773,424 days 03:00:00,38,0.0,19,42.10526315789473,26.94444444444446,-17.205840251932436,7.219311094297963,-8.732413600192855,6 days 21:45:00,6 days 12:10:54.545454545,0.5047255506899874,-2.0357995856943565,-0.5659123941145029,-0.4980249365044011,0.9657888885789326,-0.7845485036313433,long
2812,"{'window_k': 162, 'window_d': 237, 'window_ma': 192}","open_time
2022-01-01 00:00:00    100.000000
2022-01-01 01:00:00    100.000000
2022-01-01 02:00:00    100.000000
2022-01-01 03:00:00    100.000000
2022-01-01 04:00:00    100.000000
                          ...    
2023-05-01 19:00:00     65.889494
2023-05-01 20:00:00     65.889494
2023-05-01 21:00:00     65.889494
2023-05-01 22:00:00     65.889494
2023-05-01 23:00:00     65.889494
Freq: H, Length: 11664, dtype: float64",2022-01-01,2023-05-01 23:00:00,486 days,100.0,57.724057413502145,125.50637335700628,65.88949418618681,-34.11050581381319,-70.17976286600607,33.78772290809328,100.0,54.00707082077457,349 days 17:00:00,36,0.0,18,33.33333333333333,41.81765049678552,-22.041175822965965,15.306286707340174,-9.602671233748538,12 days 05:10:00,7 days 13:50:00,0.6476739531676908,-1.895028100767398,-0.3243666342585525,-0.4980569042367373,0.9827276678993422,-0.4525673544469041,long
3522,"{'window_k': 207, 'window_d': 192, 'window_ma': 42}","open_time
2022-01-01 00:00:00    100.000000
2022-01-01 01:00:00    100.000000
2022-01-01 02:00:00    100.000000
2022-01-01 03:00:00    100.000000
2022-01-01 04:00:00    100.000000
                          ...    
2023-05-01 19:00:00     66.210425
2023-05-01 20:00:00     66.210425
2023-05-01 21:00:00     66.210425
2023-05-01 22:00:00     66.210425
2023-05-01 23:00:00     66.210425
Freq: H, Length: 11664, dtype: float64",2022-01-01,2023-05-01 23:00:00,486 days,100.0,56.30470238554547,121.00477908666205,66.21042533730994,-33.78957466269006,-70.17976286600607,21.227709190672154,100.0,53.46902592564483,424 days 03:00:00,42,0.0,21,23.809523809523807,30.888681010289996,-25.65936522127849,16.429397134245534,-6.6912504893819325,5 days 11:11:59.999999999,4 days 17:45:00,0.6386964606808271,-1.6090273648900024,-0.4940747933117934,-0.4980705299727746,0.96789303528788,-0.6920398319475229,long
1079,"{'window_k': 72, 'window_d': 57, 'window_ma': 117}","open_time
2022-01-01 00:00:00    100.000000
2022-01-01 01:00:00    100.000000
2022-01-01 02:00:00    100.000000
2022-01-01 03:00:00    100.000000
2022-01-01 04:00:00    100.000000
                          ...    
2023-05-01 19:00:00     58.377491
2023-05-01 20:00:00     58.377491
2023-05-01 21:00:00     58.377491
2023-05-01 22:00:00     58.377491
2023-05-01 23:00:00     58.377491
Freq: H, Length: 11664, dtype: float64",2022-01-01,2023-05-01 23:00:00,486 days,100.0,49.14705734897425,147.75352573022926,58.37749076559981,-41.62250923440019,-70.17976286600607,42.51543209876543,100.0,66.73713394920422,391 days 18:00:00,130,0.0,65,33.84615384615385,22.998027613412226,-18.94652283681432,7.395279552786079,-4.638815031469075,4 days 05:46:21.818181818,2 days 15:15:20.930232558,0.7646253469230532,-0.6403462959138491,-0.20164918256178926,-0.49824108440482195,0.9892359587078206,-0.30985941057810845,long
136,"{'window_k': 12, 'window_d': 132, 'window_ma': 132}","open_time
2022-01-01 00:00:00    100.000000
2022-01-01 01:00:00    100.000000
2022-01-01 02:00:00    100.000000
2022-01-01 03:00:00    100.000000
2022-01-01 04:00:00    100.000000
                          ...    
2023-05-01 19:00:00     61.024616
2023-05-01 20:00:00     60.884471
2023-05-01 21:00:00     61.191039
2023-05-01 22:00:00     61.462571
2023-05-01 23:00:00     61.462571
Freq: H, Length: 11664, dtype: float64",2022-01-01,2023-05-01 23:00:00,486 days,100.0,55.46397505255213,143.79819392786123,61.46257095745242,-38.53742904254758,-70.17976286600607,36.762688614540465,100.0,61.4292964761598,275 days 07:00:00,143,0.0,72,30.985915492957744,31.785944551902002,-16.102564102564095,7.968457275591366,-4.082771099703319,4 days 08:08:10.909090909,1 days 14:08:34.285714285,0.8025384028741035,-0.528346688805124,-0.33957281845115855,-0.4984429326544611,0.9824899167078689,-0.47770239057009034,long
503,"{'window_k': 27, 'window_d': 237, 'window_ma': 117}","open_time
2022-01-01 00:00:00    100.000000
2022-01-01 01:00:00    100.000000
2022-01-01 02:00:00    100.000000
2022-01-01 03:00:00    100.000000
2022-01-01 04:00:00    100.000000
                          ...    
2023-05-01 19:00:00     58.177668
2023-05-01 20:00:00     58.044061
2023-05-01 21:00:00     58.336327
2023-05-01 22:00:00     58.595191
2023-05-01 23:00:00     58.595191
Freq: H, Length: 11664, dtype: float64",2022-01-01,2023-05-01 23:00:00,486 days,100.0,41.08925069562268,121.95332487473823,58.59519145602902,-41.40480854397098,-70.17976286600607,26.114540466392317,100.0,66.30739609778853,424 days 03:00:00,57,0.0,29,28.57142857142857,32.305005820721775,-22.081734025739436,11.98511691273949,-6.601243377862084,6 days 12:00:00,3 days 15:18:00,0.6152215068437319,-1.453691776454824,-0.6654849511635041,-0.4986521154990402,0.9618010085472763,-0.9152607687986177,long
615,"{'window_k': 42, 'window_d': 102, 'window_ma': 117}","open_time
2022-01-01 00:00:00    100.000000
2022-01-01 01:00:00    100.000000
2022-01-01 02:00:00    100.000000
2022-01-01 03:00:00    100.000000
2022-01-01 04:00:00    100.000000
                          ...    
2023-05-01 19:00:00     60.835475
2023-05-01 20:00:00     60.835475
2023-05-01 21:00:00     60.835475
2023-05-01 22:00:00     60.835475
2023-05-01 23:00:00     60.835475
Freq: H, Length: 11664, dtype: float64",2022-01-01,2023-05-01 23:00:00,486 days,100.0,53.74419012059869,143.19483943394326,60.83547470999732,-39.16452529000268,-70.17976286600607,43.5099451303155,100.0,62.467788411193936,275 days 07:00:00,96,0.0,48,37.5,28.204191033138404,-22.458836443468723,10.029130795168289,-7.102121482468683,5 days 23:06:40,3 days 11:45:31.034482758,0.7974137892452465,-0.8159276102083881,-0.16905772421177157,-0.49867813908276426,0.991196434525425,-0.253710586882566,long
2282,"{'window_k': 132, 'window_d': 222, 'window_ma': 162}","open_time
2022-01-01 00:00:00    100.000000
2022-01-01 01:00:00    100.000000
2022-01-01 02:00:00    100.000000
2022-01-01 03:00:00    100.000000
2022-01-01 04:00:00    100.000000
                          ...    
2023-05-01 19:00:00     61.598328
2023-05-01 20:00:00     61.598328
2023-05-01 21:00:00     61.598328
2023-05-01 22:00:00     61.598328
2023-05-01 23:00:00     61.598328
Freq: H, Length: 11664, dtype: float64",2022-01-01,2023-05-01 23:00:00,486 days,100.0,46.68132230629574,120.12396694214875,61.59832822353473,-38.40167177646527,-70.17976286600607,33.470507544581615,100.0,61.13904369410537,451 days 16:00:00,42,0.0,21,38.095238095238095,43.62237348327909,-22.865444792132315,11.360087898478975,-9.216902738083922,9 days 18:37:30,6 days 11:55:23.076923076,0.582329978403142,-1.8286510369745375,-0.3910465620026165,-0.4989272860538237,0.9794978379825584,-0.5466276021696049,long
1080,"{'window_k': 72, 'window_d': 57, 'window_ma': 132}","open_time
2022-01-01 00:00:00    100.000000
2022-01-01 01:00:00    100.000000
2022-01-01 02:00:00    100.000000
2022-01-01 03:00:00    100.000000
2022-01-01 04:00:00    100.000000
                          ...    
2023-05-01 19:00:00     58.834871
2023-05-01 20:00:00     58.834871
2023-05-01 21:00:00     58.834871
2023-05-01 22:00:00     58.834871
2023-05-01 23:00:00     58.834871
Freq: H, Length: 11664, dtype: float64",2022-01-01,2023-05-01 23:00:00,486 days,100.0,49.53211793180442,144.71232178855163,58.834870552526844,-41.165129447473156,-70.17976286600607,42.21536351165981,100.0,65.7720107592642,391 days 18:00:00,130,0.0,65,32.30769230769231,22.99802761341224,-18.946522836814324,7.624635117365941,-4.460579697780425,4 days 03:17:08.571428571,2 days 16:31:21.818181818,0.7592011904987894,-0.6333096838072791,-0.19215300317752762,-0.49958636506687504,0.9897387521588603,-0.2950251743151185,long
730,"{'window_k': 42, 'window_d': 207, 'window_ma': 162}","open_time
2022-01-01 00:00:00    100.000000
2022-01-01 01:00:00    100.000000
2022-01-01 02:00:00    100.000000
2022-01-01 03:00:00    100.000000
2022-01-01 04:00:00    100.000000
                          ...    
2023-05-01 19:00:00     57.541295
2023-05-01 20:00:00     57.409149
2023-05-01 21:00:00     57.698218
2023-05-01 22:00:00     57.954251
2023-05-01 23:00:00     57.954251
Freq: H, Length: 11664, dtype: float64",2022-01-01,2023-05-01 23:00:00,486 days,100.0,38.315540928375796,116.94095964897163,57.95425058244077,-42.04574941755923,-70.17976286600607,37.07133058984911,100.0,67.23514066979632,451 days 16:00:00,61,0.0,31,33.33333333333333,31.394239938966262,-31.793429477589612,13.597065192057316,-8.239275256619045,8 days 22:42:00,4 days 10:09:00,0.6553067348020917,-1.3786747464000313,-0.44160279059268875,-0.4999611532767834,0.9779838371663356,-0.5963436893228455,long
604,"{'window_k': 42, 'window_d': 87, 'window_ma': 192}","open_time
2022-01-01 00:00:00    100.000000
2022-01-01 01:00:00    100.000000
2022-01-01 02:00:00    100.000000
2022-01-01 03:00:00    100.000000
2022-01-01 04:00:00    100.000000
                          ...    
2023-05-01 19:00:00     60.962584
2023-05-01 20:00:00     60.962584
2023-05-01 21:00:00     60.962584
2023-05-01 22:00:00     60.962584
2023-05-01 23:00:00     60.962584
Freq: H, Length: 11664, dtype: float64",2022-01-01,2023-05-01 23:00:00,486 days,100.0,52.38369939088585,141.5687907761401,60.96258387394441,-39.03741612605559,-70.17976286600607,41.169410150891636,100.0,62.06463474662053,194 days 16:00:00,112,0.0,56,30.357142857142854,31.213114754098353,-16.69907354454993,9.956028146264497,-5.043709942415532,4 days 05:10:35.294117647,3 days 07:01:32.307692307,0.7825098214296765,-0.697096716536707,-0.172494572974979,-0.5001771421990495,0.9906594976640217,-0.26280927720558706,long
605,"{'window_k': 42, 'window_d': 87, 'window_ma': 207}","open_time
2022-01-01 00:00:00    100.000000
2022-01-01 01:00:00    100.000000
2022-01-01 02:00:00    100.000000
2022-01-01 03:00:00    100.000000
2022-01-01 04:00:00    100.000000
                          ...    
2023-05-01 19:00:00     60.962584
2023-05-01 20:00:00     60.962584
2023-05-01 21:00:00     60.962584
2023-05-01 22:00:00     60.962584
2023-05-01 23:00:00     60.962584
Freq: H, Length: 11664, dtype: float64",2022-01-01,2023-05-01 23:00:00,486 days,100.0,52.38369939088585,141.5687907761401,60.96258387394441,-39.03741612605559,-70.17976286600607,41.169410150891636,100.0,62.06463474662053,194 days 16:00:00,112,0.0,56,30.357142857142854,31.213114754098353,-16.69907354454993,9.956028146264497,-5.043709942415532,4 days 05:10:35.294117647,3 days 07:01:32.307692307,0.7825098214296765,-0.697096716536707,-0.172494572974979,-0.5001771421990495,0.9906594976640217,-0.26280927720558706,long
606,"{'window_k': 42, 'window_d': 87, 'window_ma': 222}","open_time
2022-01-01 00:00:00    100.000000
2022-01-01 01:00:00    100.000000
2022-01-01 02:00:00    100.000000
2022-01-01 03:00:00    100.000000
2022-01-01 04:00:00    100.000000
                          ...    
2023-05-01 19:00:00     60.962584
2023-05-01 20:00:00     60.962584
2023-05-01 21:00:00     60.962584
2023-05-01 22:00:00     60.962584
2023-05-01 23:00:00     60.962584
Freq: H, Length: 11664, dtype: float64",2022-01-01,2023-05-01 23:00:00,486 days,100.0,52.38369939088585,141.5687907761401,60.96258387394441,-39.03741612605559,-70.17976286600607,41.169410150891636,100.0,62.06463474662053,194 days 16:00:00,112,0.0,56,30.357142857142854,31.213114754098353,-16.69907354454993,9.956028146264497,-5.043709942415532,4 days 05:10:35.294117647,3 days 07:01:32.307692307,0.7825098214296765,-0.697096716536707,-0.172494572974979,-0.5001771421990495,0.9906594976640217,-0.26280927720558706,long
607,"{'window_k': 42, 'window_d': 87, 'window_ma': 237}","open_time
2022-01-01 00:00:00    100.000000
2022-01-01 01:00:00    100.000000
2022-01-01 02:00:00    100.000000
2022-01-01 03:00:00    100.000000
2022-01-01 04:00:00    100.000000
                          ...    
2023-05-01 19:00:00     60.962584
2023-05-01 20:00:00     60.962584
2023-05-01 21:00:00     60.962584
2023-05-01 22:00:00     60.962584
2023-05-01 23:00:00     60.962584
Freq: H, Length: 11664, dtype: float64",2022-01-01,2023-05-01 23:00:00,486 days,100.0,52.38369939088585,141.5687907761401,60.96258387394441,-39.03741612605559,-70.17976286600607,41.169410150891636,100.0,62.06463474662053,194 days 16:00:00,112,0.0,56,30.357142857142854,31.213114754098353,-16.69907354454993,9.956028146264497,-5.043709942415532,4 days 05:10:35.294117647,3 days 07:01:32.307692307,0.7825098214296765,-0.697096716536707,-0.172494572974979,-0.5001771421990495,0.9906594976640217,-0.26280927720558706,long
460,"{'window_k': 27, 'window_d': 192, 'window_ma': 192}","open_time
2022-01-01 00:00:00    100.000000
2022-01-01 01:00:00    100.000000
2022-01-01 02:00:00    100.000000
2022-01-01 03:00:00    100.000000
2022-01-01 04:00:00    100.000000
                          ...    
2023-05-01 19:00:00     58.367258
2023-05-01 20:00:00     58.233215
2023-05-01 21:00:00     58.526434
2023-05-01 22:00:00     58.786142
2023-05-01 23:00:00     58.786142
Freq: H, Length: 11664, dtype: float64",2022-01-01,2023-05-01 23:00:00,486 days,100.0,42.161126760174625,122.91025514755742,58.786141507134325,-41.213858492865675,-70.17976286600607,35.819615912208505,100.0,65.69763303350162,451 days 16:00:00,75,0.0,38,24.324324324324326,35.29865125240848,-12.953060011883535,15.419215907610123,-6.093840283894133,9 days 03:00:00,3 days 04:27:51.428571428,0.7042030437676238,-1.1107181365076264,-0.467205283668579,-0.5007877186784842,0.9768146969427548,-0.6532978929177364,long
463,"{'window_k': 27, 'window_d': 192, 'window_ma': 237}","open_time
2022-01-01 00:00:00    100.000000
2022-01-01 01:00:00    100.000000
2022-01-01 02:00:00    100.000000
2022-01-01 03:00:00    100.000000
2022-01-01 04:00:00    100.000000
                          ...    
2023-05-01 19:00:00     58.367258
2023-05-01 20:00:00     58.233215
2023-05-01 21:00:00     58.526434
2023-05-01 22:00:00     58.786142
2023-05-01 23:00:00     58.786142
Freq: H, Length: 11664, dtype: float64",2022-01-01,2023-05-01 23:00:00,486 days,100.0,42.161126760174625,122.91025514755742,58.786141507134325,-41.213858492865675,-70.17976286600607,35.819615912208505,100.0,65.69763303350162,451 days 16:00:00,75,0.0,38,24.324324324324326,35.29865125240848,-12.953060011883535,15.419215907610123,-6.093840283894133,9 days 03:00:00,3 days 04:27:51.428571428,0.7042030437676238,-1.1107181365076264,-0.467205283668579,-0.5007877186784842,0.9768146969427548,-0.6532978929177364,long
613,"{'window_k': 42, 'window_d': 102, 'window_ma': 87}","open_time
2022-01-01 00:00:00    100.00000
2022-01-01 01:00:00    100.00000
2022-01-01 02:00:00    100.00000
2022-01-01 03:00:00    100.00000
2022-01-01 04:00:00    100.00000
                         ...    
2023-05-01 19:00:00     61.56727
2023-05-01 20:00:00     61.56727
2023-05-01 21:00:00     61.56727
2023-05-01 22:00:00     61.56727
2023-05-01 23:00:00     61.56727
Freq: H, Length: 11664, dtype: float64",2022-01-01,2023-05-01 23:00:00,486 days,100.0,53.59858649863621,137.29917260661438,61.567270128042146,-38.432729871957854,-70.17976286600607,42.76406035665295,100.0,60.96219264758038,275 days 07:00:00,96,0.0,48,39.58333333333333,28.204191033138393,-22.458836443468712,9.204986410421803,-7.149018689622544,5 days 15:00:00,3 days 12:02:08.571428571,0.7921957893915336,-0.8006818723324565,-0.16280395609060852,-0.5008063791496427,0.9914377297073578,-0.24492078376044046,long
3000,"{'window_k': 177, 'window_d': 177, 'window_ma': 132}","open_time
2022-01-01 00:00:00    100.000000
2022-01-01 01:00:00    100.000000
2022-01-01 02:00:00    100.000000
2022-01-01 03:00:00    100.000000
2022-01-01 04:00:00    100.000000
                          ...    
2023-05-01 19:00:00     60.553225
2023-05-01 20:00:00     60.414162
2023-05-01 21:00:00     60.718362
2023-05-01 22:00:00     60.987796
2023-05-01 23:00:00     60.987796
Freq: H, Length: 11664, dtype: float64",2022-01-01,2023-05-01 23:00:00,486 days,100.0,46.22042438210265,121.39054181020984,60.98779633594203,-39.01220366405797,-70.17976286600607,36.411179698216735,100.0,61.92419632299955,451 days 16:00:00,47,0.0,24,34.78260869565217,43.46549192364171,-22.652724270776005,14.223926191776389,-9.5075524834731,9 days 09:15:00,6 days 17:44:00,0.636791026299436,-1.7555112561136479,-0.3895549851185885,-0.5009656368501173,0.9802367731268509,-0.5460747466067472,long
1082,"{'window_k': 72, 'window_d': 57, 'window_ma': 162}","open_time
2022-01-01 00:00:00    100.000000
2022-01-01 01:00:00    100.000000
2022-01-01 02:00:00    100.000000
2022-01-01 03:00:00    100.000000
2022-01-01 04:00:00    100.000000
                          ...    
2023-05-01 19:00:00     58.662538
2023-05-01 20:00:00     58.662538
2023-05-01 21:00:00     58.662538
2023-05-01 22:00:00     58.662538
2023-05-01 23:00:00     58.662538
Freq: H, Length: 11664, dtype: float64",2022-01-01,2023-05-01 23:00:00,486 days,100.0,49.38703425846048,144.71232178855163,58.662538346740135,-41.337461653259865,-70.17976286600607,42.249657064471876,100.0,65.87226737290345,391 days 18:00:00,130,0.0,65,33.84615384615385,22.998027613412226,-18.946522836814324,7.30264980607356,-4.583420236666341,3 days 23:10:54.545454545,2 days 17:54:25.116279069,0.7587854304302069,-0.6359609485116899,-0.1957615407456281,-0.5010690225605907,0.9895404019874265,-0.30051519077183786,long
732,"{'window_k': 42, 'window_d': 207, 'window_ma': 192}","open_time
2022-01-01 00:00:00    100.000000
2022-01-01 01:00:00    100.000000
2022-01-01 02:00:00    100.000000
2022-01-01 03:00:00    100.000000
2022-01-01 04:00:00    100.000000
                          ...    
2023-05-01 19:00:00     57.391356
2023-05-01 20:00:00     57.259554
2023-05-01 21:00:00     57.547870
2023-05-01 22:00:00     57.803236
2023-05-01 23:00:00     57.803236
Freq: H, Length: 11664, dtype: float64",2022-01-01,2023-05-01 23:00:00,486 days,100.0,38.215699740246045,116.94095964897163,57.80323558708585,-42.19676441291415,-70.17976286600607,38.1258573388203,100.0,67.32051810164693,451 days 16:00:00,61,0.0,31,33.33333333333333,31.39423993896625,-31.793429477589612,13.608060800756776,-8.239275256619045,9 days 11:00:00,4 days 10:09:00,0.6548532686412513,-1.383768121854973,-0.43911004170071183,-0.5012575259349709,0.9783678654473076,-0.5931310211227038,long
3565,"{'window_k': 207, 'window_d': 222, 'window_ma': 207}","open_time
2022-01-01 00:00:00    100.000000
2022-01-01 01:00:00    100.000000
2022-01-01 02:00:00    100.000000
2022-01-01 03:00:00    100.000000
2022-01-01 04:00:00    100.000000
                          ...    
2023-05-01 19:00:00     64.473783
2023-05-01 20:00:00     64.473783
2023-05-01 21:00:00     64.473783
2023-05-01 22:00:00     64.473783
2023-05-01 23:00:00     64.473783
Freq: H, Length: 11664, dtype: float64",2022-01-01,2023-05-01 23:00:00,486 days,100.0,53.14424815302158,120.81303351412895,64.47378338517386,-35.52621661482614,-70.17976286600607,35.96536351165981,100.0,56.011163193906214,349 days 17:00:00,36,0.0,18,33.33333333333333,41.9751280175567,-20.625566636446063,14.453580884726177,-9.389259262533772,12 days 05:10:00,8 days 11:00:00,0.6018742240591946,-1.9736787008236734,-0.31718629430411865,-0.5013535286866658,0.9835792806369537,-0.44246500449107895,long
2967,"{'window_k': 177, 'window_d': 147, 'window_ma': 117}","open_time
2022-01-01 00:00:00    100.000000
2022-01-01 01:00:00    100.000000
2022-01-01 02:00:00    100.000000
2022-01-01 03:00:00    100.000000
2022-01-01 04:00:00    100.000000
                          ...    
2023-05-01 19:00:00     56.578817
2023-05-01 20:00:00     56.448881
2023-05-01 21:00:00     56.733115
2023-05-01 22:00:00     56.984865
2023-05-01 23:00:00     56.984865
Freq: H, Length: 11664, dtype: float64",2022-01-01,2023-05-01 23:00:00,486 days,100.0,47.77308386351556,152.57446802296582,56.98486520460885,-43.01513479539115,-70.17976286600607,32.8360768175583,100.0,68.68867741598505,309 days 12:00:00,53,0.0,27,30.76923076923077,28.636106395019805,-21.425364758698095,12.311760212448279,-7.571688840535747,7 days 09:52:30,5 days 11:00:00,0.6694143827553128,-1.6331887943858656,-0.5028860732855029,-0.5015477743292902,0.9727389625947073,-0.7159081869574754,long
3716,"{'window_k': 222, 'window_d': 132, 'window_ma': 72}","open_time
2022-01-01 00:00:00    100.000000
2022-01-01 01:00:00    100.000000
2022-01-01 02:00:00    100.000000
2022-01-01 03:00:00    100.000000
2022-01-01 04:00:00    100.000000
                          ...    
2023-05-01 19:00:00     57.396369
2023-05-01 20:00:00     57.264556
2023-05-01 21:00:00     57.552897
2023-05-01 22:00:00     57.808285
2023-05-01 23:00:00     57.808285
Freq: H, Length: 11664, dtype: float64",2022-01-01,2023-05-01 23:00:00,486 days,100.0,39.901815636274186,121.91372799319186,57.80828518541616,-42.19171481458384,-70.17976286600607,31.404320987654323,100.0,67.27044911750835,453 days 11:00:00,53,0.0,27,38.46153846153847,34.371976001548276,-22.23682769197065,9.5776456348049,-8.307738769241137,6 days 04:18:00,5 days 13:30:00,0.5875413396663064,-1.6252931295174267,-0.39365727204844086,-0.5015659911567893,0.9774147736779052,-0.5602379937926152,long
1077,"{'window_k': 72, 'window_d': 57, 'window_ma': 87}","open_time
2022-01-01 00:00:00    100.000000
2022-01-01 01:00:00    100.000000
2022-01-01 02:00:00    100.000000
2022-01-01 03:00:00    100.000000
2022-01-01 04:00:00    100.000000
                          ...    
2023-05-01 19:00:00     58.894513
2023-05-01 20:00:00     58.894513
2023-05-01 21:00:00     58.894513
2023-05-01 22:00:00     58.894513
2023-05-01 23:00:00     58.894513
Freq: H, Length: 11664, dtype: float64",2022-01-01,2023-05-01 23:00:00,486 days,100.0,47.04401045941428,135.9837692675476,58.89451277458397,-41.10548722541603,-70.17976286600607,41.82098765432099,100.0,65.4046871087568,391 days 18:00:00,130,0.0,65,33.84615384615385,22.998027613412223,-18.946522836814324,7.00321797739904,-4.435411559566843,4 days 01:13:38.181818181,2 days 15:41:51.627906976,0.7391498915664295,-0.6323921111602469,-0.19712845727153994,-0.5016106758236051,0.9893790408921758,-0.30310485588067265,long
3776,"{'window_k': 222, 'window_d': 192, 'window_ma': 12}","open_time
2022-01-01 00:00:00    100.000000
2022-01-01 01:00:00    100.000000
2022-01-01 02:00:00    100.000000
2022-01-01 03:00:00    100.000000
2022-01-01 04:00:00    100.000000
                          ...    
2023-05-01 19:00:00     67.711628
2023-05-01 20:00:00     67.711628
2023-05-01 21:00:00     67.711628
2023-05-01 22:00:00     67.711628
2023-05-01 23:00:00     67.711628
Freq: H, Length: 11664, dtype: float64",2022-01-01,2023-05-01 23:00:00,486 days,100.0,59.55239911132859,120.44174912275993,67.71162844496729,-32.28837155503271,-70.17976286600607,13.554526748971194,100.0,50.55501971278251,352 days 15:00:00,36,0.0,18,44.44444444444444,18.215821956237146,-23.192131440706383,5.907907726409717,-7.701313444841667,3 days 03:37:30,4 days 01:36:00,0.5366929580963531,-1.7937984197240402,-0.6393793324369849,-0.5021361046591962,0.9485374584359856,-0.874259519014657,long
2210,"{'window_k': 132, 'window_d': 162, 'window_ma': 42}","open_time
2022-01-01 00:00:00    100.000000
2022-01-01 01:00:00    100.000000
2022-01-01 02:00:00    100.000000
2022-01-01 03:00:00    100.000000
2022-01-01 04:00:00    100.000000
                          ...    
2023-05-01 19:00:00     60.904596
2023-05-01 20:00:00     60.904596
2023-05-01 21:00:00     60.904596
2023-05-01 22:00:00     60.904596
2023-05-01 23:00:00     60.904596
Freq: H, Length: 11664, dtype: float64",2022-01-01,2023-05-01 23:00:00,486 days,100.0,50.09807922767125,131.1749689354746,60.90459551001037,-39.09540448998963,-70.17976286600607,25.934499314128946,100.0,61.80820195024047,376 days 12:00:00,54,0.0,27,37.03703703703704,31.503759398496246,-26.321913380736905,12.281838249621782,-8.77395492995372,5 days 05:54:00,4 days 07:52:56.470588235,0.7203836717170283,-1.4479779440736906,-0.508521241525609,-0.5030494063384843,0.9690866589621332,-0.7007087108323765,long
1031,"{'window_k': 72, 'window_d': 12, 'window_ma': 117}","open_time
2022-01-01 00:00:00    100.000000
2022-01-01 01:00:00    100.000000
2022-01-01 02:00:00    100.000000
2022-01-01 03:00:00    100.000000
2022-01-01 04:00:00    100.000000
                          ...    
2023-05-01 19:00:00     57.577540
2023-05-01 20:00:00     57.445311
2023-05-01 21:00:00     57.734562
2023-05-01 22:00:00     57.990756
2023-05-01 23:00:00     57.990756
Freq: H, Length: 11664, dtype: float64",2022-01-01,2023-05-01 23:00:00,486 days,100.0,33.25127124770531,100.0309652304698,57.990756319401335,-42.009243680598665,-70.17976286600607,41.718106995884774,100.0,66.75902189777445,480 days 01:00:00,467,0.0,234,32.18884120171674,39.06012176560122,-14.636025163692382,5.022275687835666,-2.524829261805635,1 days 06:39:12,0 days 16:11:23.544303797,0.8220504778095766,-0.18043905997270737,-0.18841043098848947,-0.5030564363967951,0.98966517911914,-0.2939087147523435,long
3972,"{'window_k': 237, 'window_d': 132, 'window_ma': 72}","open_time
2022-01-01 00:00:00    100.000000
2022-01-01 01:00:00    100.000000
2022-01-01 02:00:00    100.000000
2022-01-01 03:00:00    100.000000
2022-01-01 04:00:00    100.000000
                          ...    
2023-05-01 19:00:00     57.962802
2023-05-01 20:00:00     57.829688
2023-05-01 21:00:00     58.120875
2023-05-01 22:00:00     58.378783
2023-05-01 23:00:00     58.378783
Freq: H, Length: 11664, dtype: float64",2022-01-01,2023-05-01 23:00:00,486 days,100.0,41.09144986480249,121.07654112302573,58.37878327701714,-41.62121672298286,-70.17976286600607,31.704389574759944,100.0,66.06159254000367,453 days 11:00:00,53,0.0,27,38.46153846153847,32.62655205348615,-22.78272337619518,8.519954188053328,-7.7231606106792885,6 days 00:00:00,5 days 18:45:00,0.5641997008750229,-1.5947363044853016,-0.3876643801915201,-0.5033192631305791,0.9779871706162242,-0.554321207677225,long
3575,"{'window_k': 207, 'window_d': 237, 'window_ma': 117}","open_time
2022-01-01 00:00:00    100.00000
2022-01-01 01:00:00    100.00000
2022-01-01 02:00:00    100.00000
2022-01-01 03:00:00    100.00000
2022-01-01 04:00:00    100.00000
                         ...    
2023-05-01 19:00:00     65.99845
2023-05-01 20:00:00     65.99845
2023-05-01 21:00:00     65.99845
2023-05-01 22:00:00     65.99845
2023-05-01 23:00:00     65.99845
Freq: H, Length: 11664, dtype: float64",2022-01-01,2023-05-01 23:00:00,486 days,100.0,56.555551955493634,120.86372629889014,65.99844955709627,-34.001550442903735,-70.17976286600607,28.575102880658438,100.0,53.207174983473124,309 days 12:00:00,34,0.0,17,35.294117647058826,25.58011049723758,-23.423197492163,7.605318861475722,-7.0910363544399075,9 days 04:50:00,7 days 14:32:43.636363636,0.48883654610286664,-2.000091202523749,-0.41847876985911875,-0.5038385901598949,0.9759381047039074,-0.5837503816846864,long
599,"{'window_k': 42, 'window_d': 87, 'window_ma': 117}","open_time
2022-01-01 00:00:00    100.000000
2022-01-01 01:00:00    100.000000
2022-01-01 02:00:00    100.000000
2022-01-01 03:00:00    100.000000
2022-01-01 04:00:00    100.000000
                          ...    
2023-05-01 19:00:00     60.289015
2023-05-01 20:00:00     60.289015
2023-05-01 21:00:00     60.289015
2023-05-01 22:00:00     60.289015
2023-05-01 23:00:00     60.289015
Freq: H, Length: 11664, dtype: float64",2022-01-01,2023-05-01 23:00:00,486 days,100.0,52.74314060326709,142.540193299895,60.2890150000966,-39.7109849999034,-70.17976286600607,40.92935528120713,100.0,62.73944912781769,194 days 16:00:00,112,0.0,56,30.357142857142854,31.213114754098363,-16.69907354454993,9.997105254658102,-5.088405636253605,4 days 04:56:28.235294117,3 days 06:24:36.923076923,0.7812951084606774,-0.7091247321411318,-0.18472939604209407,-0.5039302660592166,0.98997027062001,-0.2814856138598021,long
1762,"{'window_k': 102, 'window_d': 222, 'window_ma': 42}","open_time
2022-01-01 00:00:00    100.000000
2022-01-01 01:00:00    100.000000
2022-01-01 02:00:00    100.000000
2022-01-01 03:00:00    100.000000
2022-01-01 04:00:00    100.000000
                          ...    
2023-05-01 19:00:00     59.757077
2023-05-01 20:00:00     59.757077
2023-05-01 21:00:00     59.757077
2023-05-01 22:00:00     59.757077
2023-05-01 23:00:00     59.757077
Freq: H, Length: 11664, dtype: float64",2022-01-01,2023-05-01 23:00:00,486 days,100.0,43.89562691174228,120.60989523908307,59.75707748391953,-40.24292251608047,-70.17976286600607,26.45747599451303,100.0,63.60528559888997,451 days 16:00:00,50,0.0,25,36.0,28.390530372545435,-24.20771711331034,9.897203127886932,-7.775545984043498,5 days 19:53:20,4 days 18:11:15,0.5825711651022807,-1.6097169006432197,-0.5919526742588054,-0.5042025308703616,0.9658857494287577,-0.8214555210770136,long
2680,"{'window_k': 162, 'window_d': 117, 'window_ma': 132}","open_time
2022-01-01 00:00:00    100.000000
2022-01-01 01:00:00    100.000000
2022-01-01 02:00:00    100.000000
2022-01-01 03:00:00    100.000000
2022-01-01 04:00:00    100.000000
                          ...    
2023-05-01 19:00:00     57.724842
2023-05-01 20:00:00     57.592275
2023-05-01 21:00:00     57.882266
2023-05-01 22:00:00     58.139115
2023-05-01 23:00:00     58.139115
Freq: H, Length: 11664, dtype: float64",2022-01-01,2023-05-01 23:00:00,486 days,100.0,46.26947278038625,137.50903960292933,58.139115312940916,-41.860884687059084,-70.17976286600607,40.063443072702334,100.0,66.35168646803596,391 days 18:00:00,65,0.0,33,31.25,40.0922947839463,-25.816993464052295,13.567662632133079,-7.507348813152342,8 days 01:42:00,5 days 00:40:54.545454545,0.7033619791880414,-1.3229111328823357,-0.3035423958406016,-0.5042220818135097,0.9846934273398475,-0.4275469515201554,long
930,"{'window_k': 57, 'window_d': 162, 'window_ma': 42}","open_time
2022-01-01 00:00:00    100.000000
2022-01-01 01:00:00    100.000000
2022-01-01 02:00:00    100.000000
2022-01-01 03:00:00    100.000000
2022-01-01 04:00:00    100.000000
                          ...    
2023-05-01 19:00:00     61.204407
2023-05-01 20:00:00     61.204407
2023-05-01 21:00:00     61.204407
2023-05-01 22:00:00     61.204407
2023-05-01 23:00:00     61.204407
Freq: H, Length: 11664, dtype: float64",2022-01-01,2023-05-01 23:00:00,486 days,100.0,51.32684203788157,132.1320049168836,61.20440697878757,-38.79559302121243,-70.17976286600607,27.74348422496571,100.0,61.15487533079648,451 days 16:00:00,72,0.0,36,36.11111111111111,30.054177359566577,-27.921728202980074,10.145357429573142,-6.808909292082296,5 days 02:13:50.769230769,2 days 23:36:31.304347826,0.7247708729272683,-1.0776553617003457,-0.45031866505770063,-0.5042603891790274,0.9739933669725838,-0.6232777103041405,long
2716,"{'window_k': 162, 'window_d': 147, 'window_ma': 192}","open_time
2022-01-01 00:00:00    100.000000
2022-01-01 01:00:00    100.000000
2022-01-01 02:00:00    100.000000
2022-01-01 03:00:00    100.000000
2022-01-01 04:00:00    100.000000
                          ...    
2023-05-01 19:00:00     58.455972
2023-05-01 20:00:00     58.321725
2023-05-01 21:00:00     58.615389
2023-05-01 22:00:00     58.875492
2023-05-01 23:00:00     58.875492
Freq: H, Length: 11664, dtype: float64",2022-01-01,2023-05-01 23:00:00,486 days,100.0,45.962658939421694,131.6186550976475,58.875492034747765,-41.124507965252235,-70.17976286600607,39.10322359396434,100.0,65.0789176463457,391 days 18:00:00,55,0.0,28,25.925925925925924,41.02564102564101,-14.220018034265102,18.03466211216222,-7.736739622146367,10 days 12:00:00,5 days 17:11:59.999999999,0.6812833505784794,-1.4929866074707698,-0.38366002850466246,-0.5043720598941026,0.9812446130863526,-0.5378932544737434,long
600,"{'window_k': 42, 'window_d': 87, 'window_ma': 132}","open_time
2022-01-01 00:00:00    100.000000
2022-01-01 01:00:00    100.000000
2022-01-01 02:00:00    100.000000
2022-01-01 03:00:00    100.000000
2022-01-01 04:00:00    100.000000
                          ...    
2023-05-01 19:00:00     60.471342
2023-05-01 20:00:00     60.471342
2023-05-01 21:00:00     60.471342
2023-05-01 22:00:00     60.471342
2023-05-01 23:00:00     60.471342
Freq: H, Length: 11664, dtype: float64",2022-01-01,2023-05-01 23:00:00,486 days,100.0,52.38369939088585,141.5687907761401,60.47134224716516,-39.52865775283484,-70.17976286600607,40.594993141289436,100.0,62.37032110955535,194 days 16:00:00,110,0.0,55,29.09090909090909,31.213114754098353,-16.69907354454993,10.520600274555667,-5.040917816211429,4 days 11:11:15,3 days 05:26:09.230769230,0.7795340867632414,-0.7187028682333616,-0.1815587602227082,-0.5044233678171586,0.9901239448936077,-0.2766259469913037,long
1085,"{'window_k': 72, 'window_d': 57, 'window_ma': 207}","open_time
2022-01-01 00:00:00    100.000000
2022-01-01 01:00:00    100.000000
2022-01-01 02:00:00    100.000000
2022-01-01 03:00:00    100.000000
2022-01-01 04:00:00    100.000000
                          ...    
2023-05-01 19:00:00     58.265743
2023-05-01 20:00:00     58.265743
2023-05-01 21:00:00     58.265743
2023-05-01 22:00:00     58.265743
2023-05-01 23:00:00     58.265743
Freq: H, Length: 11664, dtype: float64",2022-01-01,2023-05-01 23:00:00,486 days,100.0,49.052978992146535,144.71232178855163,58.26574331411039,-41.73425668588961,-70.17976286600607,42.79835390946502,100.0,66.10310830074238,391 days 18:00:00,130,0.0,65,32.30769230769231,22.998027613412233,-18.946522836814324,7.62463511736594,-4.482413039352756,4 days 03:17:08.571428571,2 days 18:04:05.454545454,0.7563223900238153,-0.6420654874752252,-0.20171030134124132,-0.5044719711939532,0.9892779460553791,-0.30967081599923524,long
1084,"{'window_k': 72, 'window_d': 57, 'window_ma': 192}","open_time
2022-01-01 00:00:00    100.000000
2022-01-01 01:00:00    100.000000
2022-01-01 02:00:00    100.000000
2022-01-01 03:00:00    100.000000
2022-01-01 04:00:00    100.000000
                          ...    
2023-05-01 19:00:00     58.265743
2023-05-01 20:00:00     58.265743
2023-05-01 21:00:00     58.265743
2023-05-01 22:00:00     58.265743
2023-05-01 23:00:00     58.265743
Freq: H, Length: 11664, dtype: float64",2022-01-01,2023-05-01 23:00:00,486 days,100.0,49.052978992146535,144.71232178855163,58.26574331411039,-41.73425668588961,-70.17976286600607,42.79835390946502,100.0,66.10310830074238,391 days 18:00:00,130,0.0,65,32.30769230769231,22.998027613412233,-18.946522836814324,7.62463511736594,-4.482413039352756,4 days 03:17:08.571428571,2 days 18:04:05.454545454,0.7563223900238153,-0.6420654874752252,-0.20171030134124132,-0.5044719711939532,0.9892779460553791,-0.30967081599923524,long
1086,"{'window_k': 72, 'window_d': 57, 'window_ma': 222}","open_time
2022-01-01 00:00:00    100.000000
2022-01-01 01:00:00    100.000000
2022-01-01 02:00:00    100.000000
2022-01-01 03:00:00    100.000000
2022-01-01 04:00:00    100.000000
                          ...    
2023-05-01 19:00:00     58.265743
2023-05-01 20:00:00     58.265743
2023-05-01 21:00:00     58.265743
2023-05-01 22:00:00     58.265743
2023-05-01 23:00:00     58.265743
Freq: H, Length: 11664, dtype: float64",2022-01-01,2023-05-01 23:00:00,486 days,100.0,49.052978992146535,144.71232178855163,58.26574331411039,-41.73425668588961,-70.17976286600607,42.79835390946502,100.0,66.10310830074238,391 days 18:00:00,130,0.0,65,32.30769230769231,22.998027613412233,-18.946522836814324,7.62463511736594,-4.482413039352756,4 days 03:17:08.571428571,2 days 18:04:05.454545454,0.7563223900238153,-0.6420654874752252,-0.20171030134124132,-0.5044719711939532,0.9892779460553791,-0.30967081599923524,long
2814,"{'window_k': 162, 'window_d': 237, 'window_ma': 222}","open_time
2022-01-01 00:00:00    100.000000
2022-01-01 01:00:00    100.000000
2022-01-01 02:00:00    100.000000
2022-01-01 03:00:00    100.000000
2022-01-01 04:00:00    100.000000
                          ...    
2023-05-01 19:00:00     62.953683
2023-05-01 20:00:00     62.953683
2023-05-01 21:00:00     62.953683
2023-05-01 22:00:00     62.953683
2023-05-01 23:00:00     62.953683
Freq: H, Length: 11664, dtype: float64",2022-01-01,2023-05-01 23:00:00,486 days,100.0,54.16249938021673,129.5528345300488,62.95368307057183,-37.04631692942817,-70.17976286600607,33.521947873799725,100.0,58.192733044637365,349 days 17:00:00,36,0.0,18,38.88888888888889,41.81765049678553,-22.04117582296597,11.761275290056766,-10.084624628227408,11 days 00:25:42.857142857,7 days 19:10:54.545454545,0.5877811374304276,-2.058128718301567,-0.3725873899047565,-0.5045068754240603,0.9803741889261852,-0.5195535784763188,long
59,"{'window_k': 12, 'window_d': 57, 'window_ma': 177}","open_time
2022-01-01 00:00:00    100.000000
2022-01-01 01:00:00    100.000000
2022-01-01 02:00:00    100.000000
2022-01-01 03:00:00    100.000000
2022-01-01 04:00:00    100.000000
                          ...    
2023-05-01 19:00:00     58.321312
2023-05-01 20:00:00     58.321312
2023-05-01 21:00:00     58.321312
2023-05-01 22:00:00     58.321312
2023-05-01 23:00:00     58.321312
Freq: H, Length: 11664, dtype: float64",2022-01-01,2023-05-01 23:00:00,486 days,100.0,34.18895242666524,100.54757622080692,58.3213117308133,-41.6786882691867,-70.17976286600607,36.274005486968456,100.0,65.99723860912889,481 days 09:00:00,252,0.0,126,33.33333333333333,21.481973749792317,-11.256530687635244,5.16713201539419,-3.004161235770155,2 days 03:52:51.428571428,1 days 00:25:42.857142857,0.7429719673235532,-0.33078324023164085,-0.22447265762199817,-0.504557931294654,0.9865577971007372,-0.3557031203581434,long
1036,"{'window_k': 72, 'window_d': 12, 'window_ma': 192}","open_time
2022-01-01 00:00:00    100.000000
2022-01-01 01:00:00    100.000000
2022-01-01 02:00:00    100.000000
2022-01-01 03:00:00    100.000000
2022-01-01 04:00:00    100.000000
                          ...    
2023-05-01 19:00:00     56.901576
2023-05-01 20:00:00     56.770899
2023-05-01 21:00:00     57.056754
2023-05-01 22:00:00     57.309941
2023-05-01 23:00:00     57.309941
Freq: H, Length: 11664, dtype: float64",2022-01-01,2023-05-01 23:00:00,486 days,100.0,32.316844284791806,100.0309652304698,57.309940618163914,-42.690059381836086,-70.17976286600607,41.615226337448554,100.0,67.6931596027947,480 days 01:00:00,467,0.0,234,32.61802575107296,39.0601217656012,-14.636025163692382,4.9690247183395355,-2.5540359888232085,1 days 06:17:22.105263157,0 days 16:11:50.828025477,0.8185342390938235,-0.183359350128117,-0.20002047758976454,-0.5047780088816254,0.9890323562923369,-0.31202572224874964,long
601,"{'window_k': 42, 'window_d': 87, 'window_ma': 147}","open_time
2022-01-01 00:00:00    100.000000
2022-01-01 01:00:00    100.000000
2022-01-01 02:00:00    100.000000
2022-01-01 03:00:00    100.000000
2022-01-01 04:00:00    100.000000
                          ...    
2023-05-01 19:00:00     60.531866
2023-05-01 20:00:00     60.531866
2023-05-01 21:00:00     60.531866
2023-05-01 22:00:00     60.531866
2023-05-01 23:00:00     60.531866
Freq: H, Length: 11664, dtype: float64",2022-01-01,2023-05-01 23:00:00,486 days,100.0,52.11168982475949,140.83367535275804,60.531865909502095,-39.468134090497905,-70.17976286600607,41.13511659807956,100.0,62.136045077969214,194 days 16:00:00,112,0.0,56,30.357142857142854,31.213114754098342,-16.699073544549922,9.924942766939605,-5.048508867456325,4 days 05:00:00,3 days 07:00:00,0.7790883071358315,-0.704788108758891,-0.17997679687177845,-0.5054961985246418,0.9902544630169369,-0.2742055446668319,long
2835,"{'window_k': 177, 'window_d': 27, 'window_ma': 57}","open_time
2022-01-01 00:00:00    100.000000
2022-01-01 01:00:00    100.000000
2022-01-01 02:00:00    100.000000
2022-01-01 03:00:00    100.000000
2022-01-01 04:00:00    100.000000
                          ...    
2023-05-01 19:00:00     55.777345
2023-05-01 20:00:00     55.777345
2023-05-01 21:00:00     55.777345
2023-05-01 22:00:00     55.777345
2023-05-01 23:00:00     55.777345
Freq: H, Length: 11664, dtype: float64",2022-01-01,2023-05-01 23:00:00,486 days,100.0,32.4867945466694,108.96326216580113,55.77734493954422,-44.22265506045578,-70.17976286600607,35.296639231824415,100.0,70.18555254225345,469 days 22:00:00,194,0.0,97,30.927835051546392,25.011215791834886,-14.512437051732041,7.415332962559021,-3.833157628741883,3 days 00:54:00,1 days 04:48:21.492537313,0.7193655888609106,-0.4559036604170703,-0.29787948778526,-0.5057538171037423,0.9823543399476649,-0.4576218713017087,long
1488,"{'window_k': 87, 'window_d': 207, 'window_ma': 12}","open_time
2022-01-01 00:00:00    100.000000
2022-01-01 01:00:00    100.000000
2022-01-01 02:00:00    100.000000
2022-01-01 03:00:00    100.000000
2022-01-01 04:00:00    100.000000
                          ...    
2023-05-01 19:00:00     63.717566
2023-05-01 20:00:00     63.571236
2023-05-01 21:00:00     63.891333
2023-05-01 22:00:00     63.891333
2023-05-01 23:00:00     63.891333
Freq: H, Length: 11664, dtype: float64",2022-01-01,2023-05-01 23:00:00,486 days,100.0,51.1476516020993,117.5454080155218,63.89133312458048,-36.10866687541952,-70.17976286600607,13.811728395061728,100.0,56.4868994326471,391 days 18:00:00,50,0.0,25,44.0,19.76127320954908,-27.58167068625302,5.502164414230195,-6.711794044848453,2 days 03:05:27.272727272,3 days 02:55:42.857142857,0.542500947962683,-1.444346675016782,-0.759408328875247,-0.5057790995196217,0.9377722152007679,-0.9853830046571975,long
462,"{'window_k': 27, 'window_d': 192, 'window_ma': 222}","open_time
2022-01-01 00:00:00    100.000000
2022-01-01 01:00:00    100.000000
2022-01-01 02:00:00    100.000000
2022-01-01 03:00:00    100.000000
2022-01-01 04:00:00    100.000000
                          ...    
2023-05-01 19:00:00     57.759743
2023-05-01 20:00:00     57.627096
2023-05-01 21:00:00     57.917262
2023-05-01 22:00:00     58.174267
2023-05-01 23:00:00     58.174267
Freq: H, Length: 11664, dtype: float64",2022-01-01,2023-05-01 23:00:00,486 days,100.0,41.72229335124114,122.91025514755742,58.174266899931226,-41.825733100068774,-70.17976286600607,35.80246913580247,100.0,66.05466866767765,451 days 16:00:00,75,0.0,38,24.324324324324326,35.2986512524085,-12.953060011883535,15.419215907610123,-6.1274970609719634,9 days 03:00:00,3 days 04:23:34.285714285,0.7006269727015444,-1.1272882822280392,-0.48181169443319166,-0.506031928901746,0.9760916930871288,-0.6736701474569714,long
2511,"{'window_k': 147, 'window_d': 192, 'window_ma': 237}","open_time
2022-01-01 00:00:00    100.000000
2022-01-01 01:00:00    100.000000
2022-01-01 02:00:00    100.000000
2022-01-01 03:00:00    100.000000
2022-01-01 04:00:00    100.000000
                          ...    
2023-05-01 19:00:00     58.733845
2023-05-01 20:00:00     58.598961
2023-05-01 21:00:00     58.894021
2023-05-01 22:00:00     59.155360
2023-05-01 23:00:00     59.155360
Freq: H, Length: 11664, dtype: float64",2022-01-01,2023-05-01 23:00:00,486 days,100.0,46.25045422135851,129.87676662516324,59.155360074288566,-40.844639925711434,-70.17976286600607,35.168038408779154,100.0,64.38897008050583,391 days 18:00:00,47,0.0,24,26.08695652173913,38.90595290332017,-24.75781594011448,15.233311826166268,-7.323678883458993,11 days 02:00:00,6 days 02:42:21.176470588,0.5708049230431805,-1.7879495463883899,-0.45350970461105156,-0.5060541741712141,0.976790783477309,-0.6365899839889597,long
2734,"{'window_k': 162, 'window_d': 162, 'window_ma': 222}","open_time
2022-01-01 00:00:00    100.000000
2022-01-01 01:00:00    100.000000
2022-01-01 02:00:00    100.000000
2022-01-01 03:00:00    100.000000
2022-01-01 04:00:00    100.000000
                          ...    
2023-05-01 19:00:00     58.208282
2023-05-01 20:00:00     58.074604
2023-05-01 21:00:00     58.367024
2023-05-01 22:00:00     58.626025
2023-05-01 23:00:00     58.626025
Freq: H, Length: 11664, dtype: float64",2022-01-01,2023-05-01 23:00:00,486 days,100.0,46.460671770377566,133.78455395889188,58.62602473442113,-41.37397526557887,-70.17976286600607,36.35116598079561,100.0,65.27202102519729,391 days 18:00:00,51,0.0,26,32.0,38.16119051127154,-21.593830334190237,13.542593950273899,-8.235701205786231,9 days 14:22:30,5 days 18:38:49.411764705,0.6285579075218675,-1.6405886582584404,-0.4179038795846483,-0.506156722753789,0.9792037853152017,-0.5873221539283565,long
1039,"{'window_k': 72, 'window_d': 12, 'window_ma': 237}","open_time
2022-01-01 00:00:00    100.000000
2022-01-01 01:00:00    100.000000
2022-01-01 02:00:00    100.000000
2022-01-01 03:00:00    100.000000
2022-01-01 04:00:00    100.000000
                          ...    
2023-05-01 19:00:00     56.933097
2023-05-01 20:00:00     56.802347
2023-05-01 21:00:00     57.088361
2023-05-01 22:00:00     57.341688
2023-05-01 23:00:00     57.341688
Freq: H, Length: 11664, dtype: float64",2022-01-01,2023-05-01 23:00:00,486 days,100.0,32.57745919384707,100.0309652304698,57.34168769905351,-42.65831230094649,-70.17976286600607,41.73525377229081,100.0,67.43262536876546,480 days 01:00:00,467,0.0,234,33.047210300429185,39.06012176560122,-14.636025163692393,4.897347834055652,-2.5664614510383004,1 days 06:13:14.805194805,0 days 16:13:50.769230769,0.8191607726416937,-0.1832231742326189,-0.199852772895118,-0.506322160949568,0.9890460885488969,-0.31192349909539807,long
3069,"{'window_k': 177, 'window_d': 237, 'window_ma': 207}","open_time
2022-01-01 00:00:00    100.000000
2022-01-01 01:00:00    100.000000
2022-01-01 02:00:00    100.000000
2022-01-01 03:00:00    100.000000
2022-01-01 04:00:00    100.000000
                          ...    
2023-05-01 19:00:00     65.468563
2023-05-01 20:00:00     65.468563
2023-05-01 21:00:00     65.468563
2023-05-01 22:00:00     65.468563
2023-05-01 23:00:00     65.468563
Freq: H, Length: 11664, dtype: float64",2022-01-01,2023-05-01 23:00:00,486 days,100.0,54.68347082165843,118.38126749809112,65.46856337697479,-34.531436623025215,-70.17976286600607,34.06207133058985,100.0,53.80732781684383,451 days 16:00:00,36,0.0,18,27.77777777777778,42.99636363636364,-19.446962828649134,15.76444359971153,-8.052658822358438,13 days 07:24:00,7 days 14:46:09.230769230,0.5823829634147729,-1.9184131457236222,-0.3174414299584874,-0.5064292999693006,0.9832025428944127,-0.44290683712300716,long
2239,"{'window_k': 132, 'window_d': 177, 'window_ma': 237}","open_time
2022-01-01 00:00:00    100.000000
2022-01-01 01:00:00    100.000000
2022-01-01 02:00:00    100.000000
2022-01-01 03:00:00    100.000000
2022-01-01 04:00:00    100.000000
                          ...    
2023-05-01 19:00:00     58.153426
2023-05-01 20:00:00     58.019875
2023-05-01 21:00:00     58.312019
2023-05-01 22:00:00     58.570776
2023-05-01 23:00:00     58.570776
Freq: H, Length: 11664, dtype: float64",2022-01-01,2023-05-01 23:00:00,486 days,100.0,48.090643550686025,138.5487022300238,58.57077558432661,-41.42922441567339,-70.17976286600607,37.697187928669415,100.0,65.28971922750736,391 days 18:00:00,53,0.0,27,26.923076923076923,43.68716735659374,-21.502192982456137,16.423455647717745,-7.680255113113607,10 days 20:08:34.285714285,5 days 13:47:22.105263157,0.6529033719667193,-1.5966420861458621,-0.42534223574426644,-0.5067455021208034,0.9789407222789506,-0.5972292763408473,long
3937,"{'window_k': 237, 'window_d': 102, 'window_ma': 27}","open_time
2022-01-01 00:00:00    100.000000
2022-01-01 01:00:00    100.000000
2022-01-01 02:00:00    100.000000
2022-01-01 03:00:00    100.000000
2022-01-01 04:00:00    100.000000
                          ...    
2023-05-01 19:00:00     63.687115
2023-05-01 20:00:00     63.540855
2023-05-01 21:00:00     63.860799
2023-05-01 22:00:00     64.144177
2023-05-01 23:00:00     64.144177
Freq: H, Length: 11664, dtype: float64",2022-01-01,2023-05-01 23:00:00,486 days,100.0,56.678575910784566,128.4598766397649,64.14417736909446,-35.855822630905536,-70.17976286600607,25.968792866941016,100.0,55.87838211169538,451 days 16:00:00,63,0.0,32,32.25806451612903,23.470461214772154,-19.187514344732605,9.563979518252413,-6.336691384027171,3 days 21:24:00,4 days 04:42:00,0.6776235975851296,-1.1522162524216664,-0.5076703811716781,-0.5074896042259027,0.9697858690076436,-0.7025909305250794,long
368,"{'window_k': 27, 'window_d': 117, 'window_ma': 12}","open_time
2022-01-01 00:00:00    100.000000
2022-01-01 01:00:00    100.000000
2022-01-01 02:00:00    100.000000
2022-01-01 03:00:00    100.000000
2022-01-01 04:00:00    100.000000
                          ...    
2023-05-01 19:00:00     65.421393
2023-05-01 20:00:00     65.421393
2023-05-01 21:00:00     65.421393
2023-05-01 22:00:00     65.421393
2023-05-01 23:00:00     65.421393
Freq: H, Length: 11664, dtype: float64",2022-01-01,2023-05-01 23:00:00,486 days,100.0,58.48503234693438,126.43132454364488,65.42139292338146,-34.57860707661854,-70.17976286600607,14.060356652949245,100.0,53.74165970495311,410 days 04:00:00,102,0.0,51,45.09803921568628,13.982183367454223,-19.628884417616824,3.605136039502811,-4.136659582654661,1 days 11:10:26.086956521,1 days 05:40:42.857142857,0.6866354641773009,-0.6780119034631091,-0.7175269766952382,-0.5077807004189523,0.9402406033902816,-0.9846447035989147,long
1029,"{'window_k': 72, 'window_d': 12, 'window_ma': 87}","open_time
2022-01-01 00:00:00    100.000000
2022-01-01 01:00:00    100.000000
2022-01-01 02:00:00    100.000000
2022-01-01 03:00:00    100.000000
2022-01-01 04:00:00    100.000000
                          ...    
2023-05-01 19:00:00     56.274763
2023-05-01 20:00:00     56.145526
2023-05-01 21:00:00     56.428232
2023-05-01 22:00:00     56.678630
2023-05-01 23:00:00     56.678630
Freq: H, Length: 11664, dtype: float64",2022-01-01,2023-05-01 23:00:00,486 days,100.0,31.752311664339015,100.0309652304698,56.678629611474186,-43.321370388525814,-70.17976286600607,41.838134430727024,100.0,68.25751746853369,480 days 01:00:00,467,0.0,234,32.18884120171674,39.06012176560122,-14.636025163692382,5.022275687835668,-2.5386643432280835,1 days 06:39:12,0 days 16:16:42.531645569,0.8143070135826885,-0.18606729489861407,-0.21110953666461546,-0.5085943654900995,0.988451225067437,-0.3293680975240251,long
2733,"{'window_k': 162, 'window_d': 162, 'window_ma': 207}","open_time
2022-01-01 00:00:00    100.000000
2022-01-01 01:00:00    100.000000
2022-01-01 02:00:00    100.000000
2022-01-01 03:00:00    100.000000
2022-01-01 04:00:00    100.000000
                          ...    
2023-05-01 19:00:00     59.714300
2023-05-01 20:00:00     59.577163
2023-05-01 21:00:00     59.877149
2023-05-01 22:00:00     60.142851
2023-05-01 23:00:00     60.142851
Freq: H, Length: 11664, dtype: float64",2022-01-01,2023-05-01 23:00:00,486 days,100.0,48.074592610356056,127.74500092638132,60.14285057440976,-39.85714942559024,-70.17976286600607,36.599794238683124,100.0,62.36675230989183,424 days 03:00:00,51,0.0,26,32.0,38.161190511271556,-21.593830334190237,13.610789756910188,-8.124532646697297,9 days 11:52:30,5 days 21:31:45.882352941,0.6438632118789108,-1.5795438218307947,-0.4017922990508131,-0.5089387557022046,0.9798510169428402,-0.5650885378808732,long
2510,"{'window_k': 147, 'window_d': 192, 'window_ma': 222}","open_time
2022-01-01 00:00:00    100.000000
2022-01-01 01:00:00    100.000000
2022-01-01 02:00:00    100.000000
2022-01-01 03:00:00    100.000000
2022-01-01 04:00:00    100.000000
                          ...    
2023-05-01 19:00:00     58.134213
2023-05-01 20:00:00     58.000705
2023-05-01 21:00:00     58.292753
2023-05-01 22:00:00     58.551424
2023-05-01 23:00:00     58.551424
Freq: H, Length: 11664, dtype: float64",2022-01-01,2023-05-01 23:00:00,486 days,100.0,45.4333506372161,129.87676662516324,58.5514240617264,-41.4485759382736,-70.17976286600607,34.353566529492454,100.0,65.01810768946758,391 days 18:00:00,47,0.0,24,26.08695652173913,38.90595290332018,-24.757815940114487,15.362381093339655,-7.396895206298197,11 days 02:30:00,5 days 20:56:28.235294117,0.5637567531203033,-1.8140841456642747,-0.46225857066010534,-0.5091178043058572,0.976288731521593,-0.647011438977486,long
451,"{'window_k': 27, 'window_d': 192, 'window_ma': 57}","open_time
2022-01-01 00:00:00    100.000000
2022-01-01 01:00:00    100.000000
2022-01-01 02:00:00    100.000000
2022-01-01 03:00:00    100.000000
2022-01-01 04:00:00    100.000000
                          ...    
2023-05-01 19:00:00     58.135341
2023-05-01 20:00:00     58.001831
2023-05-01 21:00:00     58.293884
2023-05-01 22:00:00     58.552560
2023-05-01 23:00:00     58.552560
Freq: H, Length: 11664, dtype: float64",2022-01-01,2023-05-01 23:00:00,486 days,100.0,43.016642448275796,122.91025514755742,58.5525603599702,-41.4474396400298,-70.17976286600607,28.609396433470508,100.0,65.00158396332914,451 days 16:00:00,77,0.0,39,26.31578947368421,32.08092485549134,-12.953060011883535,10.896827564348818,-5.243589435938735,6 days 00:48:00,2 days 17:06:25.714285714,0.6437268174388154,-1.0876478481171645,-0.6190820564943629,-0.5092322242691347,0.9654142997221381,-0.8644135491107909,long
595,"{'window_k': 42, 'window_d': 87, 'window_ma': 57}","open_time
2022-01-01 00:00:00    100.00000
2022-01-01 01:00:00    100.00000
2022-01-01 02:00:00    100.00000
2022-01-01 03:00:00    100.00000
2022-01-01 04:00:00    100.00000
                         ...    
2023-05-01 19:00:00     62.24788
2023-05-01 20:00:00     62.24788
2023-05-01 21:00:00     62.24788
2023-05-01 22:00:00     62.24788
2023-05-01 23:00:00     62.24788
Freq: H, Length: 11664, dtype: float64",2022-01-01,2023-05-01 23:00:00,486 days,100.0,52.68411369569321,133.10006365450693,62.247879606359604,-37.752120393640396,-70.17976286600607,34.987997256515776,100.0,58.80023626737761,194 days 16:00:00,112,0.0,56,33.92857142857143,31.213114754098363,-16.69907354454993,7.842526268386414,-4.807021844320271,3 days 09:50:31.578947368,2 days 20:16:12.972972973,0.7659225109098335,-0.6741450070292929,-0.19302946901731058,-0.5094244507812119,0.9884298938852983,-0.2969818551978326,long
871,"{'window_k': 57, 'window_d': 102, 'window_ma': 117}","open_time
2022-01-01 00:00:00    100.000000
2022-01-01 01:00:00    100.000000
2022-01-01 02:00:00    100.000000
2022-01-01 03:00:00    100.000000
2022-01-01 04:00:00    100.000000
                          ...    
2023-05-01 19:00:00     60.803585
2023-05-01 20:00:00     60.663947
2023-05-01 21:00:00     60.969405
2023-05-01 22:00:00     61.239953
2023-05-01 23:00:00     61.239953
Freq: H, Length: 11664, dtype: float64",2022-01-01,2023-05-01 23:00:00,486 days,100.0,56.46362422786649,142.82601617298198,61.23995335234299,-38.76004664765701,-70.17976286600607,42.60116598079561,100.0,60.466849289221045,397 days 07:00:00,93,0.0,47,41.30434782608695,34.78205778003041,-20.879243183082906,9.617489345605756,-7.5618899798204335,5 days 23:09:28.421052631,3 days 06:24:26.666666666,0.821050099356559,-0.8135817191283921,-0.17195386240646948,-0.509499278496627,0.9909451917205416,-0.25648742151270615,long
3299,"{'window_k': 192, 'window_d': 222, 'window_ma': 57}","open_time
2022-01-01 00:00:00    100.000000
2022-01-01 01:00:00    100.000000
2022-01-01 02:00:00    100.000000
2022-01-01 03:00:00    100.000000
2022-01-01 04:00:00    100.000000
                          ...    
2023-05-01 19:00:00     60.150182
2023-05-01 20:00:00     60.150182
2023-05-01 21:00:00     60.150182
2023-05-01 22:00:00     60.150182
2023-05-01 23:00:00     60.150182
Freq: H, Length: 11664, dtype: float64",2022-01-01,2023-05-01 23:00:00,486 days,100.0,45.745978758664926,121.2414378419099,60.15018247531626,-39.84981752468374,-70.17976286600607,26.817558299039778,100.0,62.26869330078848,424 days 03:00:00,38,0.0,19,36.84210526315789,26.40604831274204,-22.845735832316734,9.827683891368585,-8.820439701267587,6 days 10:00:00,7 days 02:50:00,0.5493318702845178,-2.097358817088617,-0.6065007304834743,-0.5096398553163171,0.9637024658247885,-0.8442495153625564,long
612,"{'window_k': 42, 'window_d': 102, 'window_ma': 72}","open_time
2022-01-01 00:00:00    100.000000
2022-01-01 01:00:00    100.000000
2022-01-01 02:00:00    100.000000
2022-01-01 03:00:00    100.000000
2022-01-01 04:00:00    100.000000
                          ...    
2023-05-01 19:00:00     60.459564
2023-05-01 20:00:00     60.459564
2023-05-01 21:00:00     60.459564
2023-05-01 22:00:00     60.459564
2023-05-01 23:00:00     60.459564
Freq: H, Length: 11664, dtype: float64",2022-01-01,2023-05-01 23:00:00,486 days,100.0,52.966996804546596,138.41765914683342,60.459564216303924,-39.540435783696076,-70.17976286600607,41.88100137174211,100.0,61.7339311103656,275 days 07:00:00,96,0.0,48,37.5,28.204191033138404,-22.458836443468712,9.946101486442597,-7.08198703166856,5 days 17:36:40,3 days 08:37:14.482758620,0.7881829153244879,-0.8237590788270013,-0.1800871626733752,-0.5097856698761458,0.9904615820930049,-0.2704710508944712,long
3325,"{'window_k': 192, 'window_d': 237, 'window_ma': 207}","open_time
2022-01-01 00:00:00    100.000000
2022-01-01 01:00:00    100.000000
2022-01-01 02:00:00    100.000000
2022-01-01 03:00:00    100.000000
2022-01-01 04:00:00    100.000000
                          ...    
2023-05-01 19:00:00     63.739027
2023-05-01 20:00:00     63.739027
2023-05-01 21:00:00     63.739027
2023-05-01 22:00:00     63.739027
2023-05-01 23:00:00     63.739027
Freq: H, Length: 11664, dtype: float64",2022-01-01,2023-05-01 23:00:00,486 days,100.0,52.25107166880693,119.52107132499364,63.73902736671333,-36.26097263328667,-70.17976286600607,36.65980795610425,100.0,56.28296241862715,424 days 03:00:00,36,0.0,18,33.33333333333333,41.08628996933858,-21.936441201929043,12.44352172425063,-8.581318541360565,12 days 02:49:59.999999999,8 days 18:55:00,0.5467468292154127,-2.014498479627037,-0.3329775074793293,-0.5098845675865128,0.9829907894449484,-0.46386237395855306,long
137,"{'window_k': 12, 'window_d': 132, 'window_ma': 147}","open_time
2022-01-01 00:00:00    100.000000
2022-01-01 01:00:00    100.000000
2022-01-01 02:00:00    100.000000
2022-01-01 03:00:00    100.000000
2022-01-01 04:00:00    100.000000
                          ...    
2023-05-01 19:00:00     60.495877
2023-05-01 20:00:00     60.356946
2023-05-01 21:00:00     60.660858
2023-05-01 22:00:00     60.930037
2023-05-01 23:00:00     60.930037
Freq: H, Length: 11664, dtype: float64",2022-01-01,2023-05-01 23:00:00,486 days,100.0,54.98341532516742,140.75399428302717,60.930037248577456,-39.069962751422544,-70.17976286600607,36.97702331961592,100.0,60.9365150841779,275 days 07:00:00,143,0.0,72,32.3943661971831,31.785944551901995,-16.102564102564095,7.5177921646722465,-4.148242258296021,4 days 05:13:02.608695652,1 days 14:41:15,0.797618923198136,-0.5359722249359162,-0.35001809432490844,-0.5098906983747176,0.9819966832407042,-0.4922034231633558,long
51,"{'window_k': 12, 'window_d': 57, 'window_ma': 57}","open_time
2022-01-01 00:00:00    100.000000
2022-01-01 01:00:00    100.000000
2022-01-01 02:00:00    100.000000
2022-01-01 03:00:00    100.000000
2022-01-01 04:00:00    100.000000
                          ...    
2023-05-01 19:00:00     57.907027
2023-05-01 20:00:00     57.907027
2023-05-01 21:00:00     57.907027
2023-05-01 22:00:00     57.907027
2023-05-01 23:00:00     57.907027
Freq: H, Length: 11664, dtype: float64",2022-01-01,2023-05-01 23:00:00,486 days,100.0,34.182329291031145,100.54757622080692,57.90702678123122,-42.09297321876878,-70.17976286600607,35.55384087791495,100.0,66.00382567555359,481 days 09:00:00,252,0.0,126,33.33333333333333,21.481973749792317,-11.256530687635244,5.118530508778616,-2.9885369355108375,2 days 02:31:25.714285714,1 days 00:06:25.714285714,0.7398777936488888,-0.3340712160219742,-0.23660681734916625,-0.50990360178595,0.9856591623499941,-0.3751453176523746,long
2839,"{'window_k': 177, 'window_d': 27, 'window_ma': 117}","open_time
2022-01-01 00:00:00    100.000000
2022-01-01 01:00:00    100.000000
2022-01-01 02:00:00    100.000000
2022-01-01 03:00:00    100.000000
2022-01-01 04:00:00    100.000000
                          ...    
2023-05-01 19:00:00     57.639437
2023-05-01 20:00:00     57.639437
2023-05-01 21:00:00     57.639437
2023-05-01 22:00:00     57.639437
2023-05-01 23:00:00     57.639437
Freq: H, Length: 11664, dtype: float64",2022-01-01,2023-05-01 23:00:00,486 days,100.0,36.56577464465895,108.96326216580113,57.63943736454967,-42.36056263545033,-70.17976286600607,36.74554183813443,100.0,66.44210725903234,469 days 22:00:00,194,0.0,97,31.958762886597935,25.011215791834896,-14.512437051732032,7.694027717935118,-4.062786343444256,3 days 02:23:13.548387096,1 days 06:00:00,0.7573658504979163,-0.43670683129330246,-0.25189588826829423,-0.510007463660549,0.9853994947707262,-0.3870409505807292,long
734,"{'window_k': 42, 'window_d': 207, 'window_ma': 222}","open_time
2022-01-01 00:00:00    100.000000
2022-01-01 01:00:00    100.000000
2022-01-01 02:00:00    100.000000
2022-01-01 03:00:00    100.000000
2022-01-01 04:00:00    100.000000
                          ...    
2023-05-01 19:00:00     56.372701
2023-05-01 20:00:00     56.243238
2023-05-01 21:00:00     56.526437
2023-05-01 22:00:00     56.777270
2023-05-01 23:00:00     56.777270
Freq: H, Length: 11664, dtype: float64",2022-01-01,2023-05-01 23:00:00,486 days,100.0,37.53739868682293,116.94095964897163,56.77726992751443,-43.22273007248557,-70.17976286600607,37.045610425240056,100.0,67.9005552891809,451 days 16:00:00,61,0.0,31,33.33333333333333,31.394239938966255,-31.793429477589612,13.38757036309875,-8.239275256619047,8 days 22:24:00,4 days 10:09:00,0.6432867238991399,-1.4183714954854758,-0.4670799847508307,-0.510011692219944,0.9767555112497422,-0.6303849499381202,long
724,"{'window_k': 42, 'window_d': 207, 'window_ma': 72}","open_time
2022-01-01 00:00:00    100.000000
2022-01-01 01:00:00    100.000000
2022-01-01 02:00:00    100.000000
2022-01-01 03:00:00    100.000000
2022-01-01 04:00:00    100.000000
                          ...    
2023-05-01 19:00:00     55.633138
2023-05-01 20:00:00     55.505374
2023-05-01 21:00:00     55.784858
2023-05-01 22:00:00     56.032400
2023-05-01 23:00:00     56.032400
Freq: H, Length: 11664, dtype: float64",2022-01-01,2023-05-01 23:00:00,486 days,100.0,37.06099578146541,120.12545966785352,56.032399896609945,-43.967600103390055,-70.17976286600607,31.790123456790127,100.0,69.14809243274578,453 days 11:00:00,61,0.0,31,33.33333333333333,32.42418462712189,-31.79342947758962,11.638967301374734,-7.568373609989579,7 days 09:42:00,3 days 21:51:00,0.6180699413019376,-1.4434941842861115,-0.5436811303782189,-0.5101401158388527,0.9705788236446132,-0.7290903286867488,long
3055,"{'window_k': 177, 'window_d': 222, 'window_ma': 237}","open_time
2022-01-01 00:00:00    100.000000
2022-01-01 01:00:00    100.000000
2022-01-01 02:00:00    100.000000
2022-01-01 03:00:00    100.000000
2022-01-01 04:00:00    100.000000
                          ...    
2023-05-01 19:00:00     63.459813
2023-05-01 20:00:00     63.459813
2023-05-01 21:00:00     63.459813
2023-05-01 22:00:00     63.459813
2023-05-01 23:00:00     63.459813
Freq: H, Length: 11664, dtype: float64",2022-01-01,2023-05-01 23:00:00,486 days,100.0,55.197009817831116,127.49549945658624,63.45981348356349,-36.54018651643651,-70.17976286600607,33.50480109739369,100.0,56.706699410494586,424 days 03:00:00,38,0.0,19,31.57894736842105,42.60780287474334,-22.657903531246532,14.619736049689811,-8.819511764515333,13 days 12:00:00,6 days 07:04:36.923076923,0.614068866223158,-1.923167711391395,-0.371688558222922,-0.5102134744173048,0.980215620368848,-0.5184998283512994,long
3139,"{'window_k': 192, 'window_d': 72, 'window_ma': 57}","open_time
2022-01-01 00:00:00    100.000000
2022-01-01 01:00:00    100.000000
2022-01-01 02:00:00    100.000000
2022-01-01 03:00:00    100.000000
2022-01-01 04:00:00    100.000000
                          ...    
2023-05-01 19:00:00     65.434411
2023-05-01 20:00:00     65.284138
2023-05-01 21:00:00     65.612860
2023-05-01 22:00:00     65.904013
2023-05-01 23:00:00     65.904013
Freq: H, Length: 11664, dtype: float64",2022-01-01,2023-05-01 23:00:00,486 days,100.0,58.33834758373564,123.32388477435593,65.9040133318898,-34.0959866681102,-70.17976286600607,28.240740740740737,100.0,52.695013062168336,355 days 14:00:00,75,0.0,38,40.54054054054054,27.612439391406124,-23.168488258846452,7.501399153409231,-6.316305409585418,4 days 11:20:00,2 days 23:40:54.545454545,0.7149396227379214,-0.9456278756096541,-0.18887732381979042,-0.5102284912119783,0.9873559180899235,-0.2919606049072453,long
2037,"{'window_k': 117, 'window_d': 237, 'window_ma': 87}","open_time
2022-01-01 00:00:00    100.000000
2022-01-01 01:00:00    100.000000
2022-01-01 02:00:00    100.000000
2022-01-01 03:00:00    100.000000
2022-01-01 04:00:00    100.000000
                          ...    
2023-05-01 19:00:00     60.344563
2023-05-01 20:00:00     60.344563
2023-05-01 21:00:00     60.344563
2023-05-01 22:00:00     60.344563
2023-05-01 23:00:00     60.344563
Freq: H, Length: 11664, dtype: float64",2022-01-01,2023-05-01 23:00:00,486 days,100.0,45.296862581240994,118.77425944841674,60.344563406942605,-39.655436593057395,-70.17976286600607,33.341906721536354,100.0,61.86306461383304,451 days 16:00:00,44,0.0,22,27.27272727272727,26.927333087421612,-22.227191413237918,15.81844309492724,-7.949173318448427,9 days 18:10:00,6 days 11:15:00,0.5881292653563066,-1.802519845138972,-0.49509068042086085,-0.5103043819528246,0.9741437578580036,-0.6865762481428024,long
3929,"{'window_k': 237, 'window_d': 87, 'window_ma': 147}","open_time
2022-01-01 00:00:00    100.000000
2022-01-01 01:00:00    100.000000
2022-01-01 02:00:00    100.000000
2022-01-01 03:00:00    100.000000
2022-01-01 04:00:00    100.000000
                          ...    
2023-05-01 19:00:00     56.661040
2023-05-01 20:00:00     56.530915
2023-05-01 21:00:00     56.815562
2023-05-01 22:00:00     57.067678
2023-05-01 23:00:00     57.067678
Freq: H, Length: 11664, dtype: float64",2022-01-01,2023-05-01 23:00:00,486 days,100.0,44.41235827388603,136.02052724970838,57.06767844000952,-42.93232155999048,-70.17976286600607,40.63786008230453,100.0,67.34878244343723,355 days 14:00:00,69,0.0,35,35.294117647058826,30.374716124148378,-20.949099799955544,13.530070853328699,-8.758103179242594,8 days 15:15:00,4 days 02:46:21.818181818,0.7433534728666461,-1.272522509210797,-0.23891200343784863,-0.5104639206478254,0.9871903971853351,-0.36053118966328085,long
471,"{'window_k': 27, 'window_d': 207, 'window_ma': 117}","open_time
2022-01-01 00:00:00    100.000000
2022-01-01 01:00:00    100.000000
2022-01-01 02:00:00    100.000000
2022-01-01 03:00:00    100.000000
2022-01-01 04:00:00    100.000000
                          ...    
2023-05-01 19:00:00     60.018818
2023-05-01 20:00:00     59.880983
2023-05-01 21:00:00     60.182498
2023-05-01 22:00:00     60.449555
2023-05-01 23:00:00     60.449555
Freq: H, Length: 11664, dtype: float64",2022-01-01,2023-05-01 23:00:00,486 days,100.0,50.121933554834825,130.7370899741966,60.44955468142902,-39.55044531857098,-70.17976286600607,33.17901234567901,100.0,61.6620397740784,451 days 16:00:00,71,0.0,36,34.285714285714285,34.36707626292178,-14.320871909058944,9.053136647097453,-6.205313726161584,6 days 06:50:00,3 days 14:52:10.434782608,0.6870499260834027,-1.1275513721924222,-0.49022294523013277,-0.5105182134300864,0.974455039155648,-0.6798814171273708,long
1315,"{'window_k': 87, 'window_d': 42, 'window_ma': 57}","open_time
2022-01-01 00:00:00    100.000000
2022-01-01 01:00:00    100.000000
2022-01-01 02:00:00    100.000000
2022-01-01 03:00:00    100.000000
2022-01-01 04:00:00    100.000000
                          ...    
2023-05-01 19:00:00     67.146531
2023-05-01 20:00:00     67.146531
2023-05-01 21:00:00     67.146531
2023-05-01 22:00:00     67.146531
2023-05-01 23:00:00     67.146531
Freq: H, Length: 11664, dtype: float64",2022-01-01,2023-05-01 23:00:00,486 days,100.0,53.4125588669596,108.17880660749985,67.14653130297327,-32.85346869702673,-70.17976286600607,39.51474622770919,100.0,50.62567193890952,430 days 01:00:00,136,0.0,68,41.17647058823529,22.196851339983155,-14.600313876373198,6.573776863770202,-5.116663007006647,3 days 12:06:25.714285714,2 days 08:21:00,0.7945516073426258,-0.4831392455445114,-0.07767857565789592,-0.5106827706457864,0.9956441001473852,-0.11977433606402131,long
1454,"{'window_k': 87, 'window_d': 162, 'window_ma': 222}","open_time
2022-01-01 00:00:00    100.000000
2022-01-01 01:00:00    100.000000
2022-01-01 02:00:00    100.000000
2022-01-01 03:00:00    100.000000
2022-01-01 04:00:00    100.000000
                          ...    
2023-05-01 19:00:00     57.136116
2023-05-01 20:00:00     57.004900
2023-05-01 21:00:00     57.291934
2023-05-01 22:00:00     57.546164
2023-05-01 23:00:00     57.546164
Freq: H, Length: 11664, dtype: float64",2022-01-01,2023-05-01 23:00:00,486 days,100.0,42.699666107194005,127.46631585905423,57.54616392179772,-42.45383607820228,-70.17976286600607,40.5778463648834,100.0,66.50121577655925,451 days 16:00:00,65,0.0,33,28.125,38.6752778612196,-20.13651877133105,18.293880405831622,-8.170447360166747,10 days 07:13:20,4 days 10:10:26.086956521,0.7151892134491028,-1.3230944557228863,-0.3683928964698667,-0.5107626512947201,0.9822916028253764,-0.5102996306586904,long
1037,"{'window_k': 72, 'window_d': 12, 'window_ma': 207}","open_time
2022-01-01 00:00:00    100.000000
2022-01-01 01:00:00    100.000000
2022-01-01 02:00:00    100.000000
2022-01-01 03:00:00    100.000000
2022-01-01 04:00:00    100.000000
                          ...    
2023-05-01 19:00:00     56.737144
2023-05-01 20:00:00     56.606845
2023-05-01 21:00:00     56.891874
2023-05-01 22:00:00     57.144329
2023-05-01 23:00:00     57.144329
Freq: H, Length: 11664, dtype: float64",2022-01-01,2023-05-01 23:00:00,486 days,100.0,32.89204820722789,100.0309652304698,57.144328576264634,-42.855671423735366,-70.17976286600607,41.718106995884774,100.0,67.11813373844278,480 days 01:00:00,467,0.0,234,32.61802575107296,39.06012176560121,-14.63602516369239,4.966533021120636,-2.554551332633732,1 days 06:17:22.105263157,0 days 16:16:25.987261146,0.8190867548071723,-0.1840697262470823,-0.20329684495572853,-0.5112320362992326,0.9888571274481361,-0.31726899886617227,long
2302,"{'window_k': 132, 'window_d': 237, 'window_ma': 222}","open_time
2022-01-01 00:00:00    100.000000
2022-01-01 01:00:00    100.000000
2022-01-01 02:00:00    100.000000
2022-01-01 03:00:00    100.000000
2022-01-01 04:00:00    100.000000
                          ...    
2023-05-01 19:00:00     59.695296
2023-05-01 20:00:00     59.695296
2023-05-01 21:00:00     59.695296
2023-05-01 22:00:00     59.695296
2023-05-01 23:00:00     59.695296
Freq: H, Length: 11664, dtype: float64",2022-01-01,2023-05-01 23:00:00,486 days,100.0,44.470478825383395,119.45143561559401,59.69529586310742,-40.30470413689258,-70.17976286600607,34.02777777777778,100.0,62.77108048454638,451 days 16:00:00,40,0.0,20,40.0,42.211496270293964,-21.736694677871146,11.367985599476595,-10.221903096008479,9 days 18:00:00,7 days 06:45:00,0.555876134370038,-2.0152352068446273,-0.43699999321450483,-0.5117435990342862,0.9773711571128123,-0.6086658496571771,long
3717,"{'window_k': 222, 'window_d': 132, 'window_ma': 87}","open_time
2022-01-01 00:00:00    100.000000
2022-01-01 01:00:00    100.000000
2022-01-01 02:00:00    100.000000
2022-01-01 03:00:00    100.000000
2022-01-01 04:00:00    100.000000
                          ...    
2023-05-01 19:00:00     59.234412
2023-05-01 20:00:00     59.234412
2023-05-01 21:00:00     59.234412
2023-05-01 22:00:00     59.234412
2023-05-01 23:00:00     59.234412
Freq: H, Length: 11664, dtype: float64",2022-01-01,2023-05-01 23:00:00,486 days,100.0,45.11330470282826,123.69554810914313,59.23441211465732,-40.76558788534268,-70.17976286600607,36.84842249657064,100.0,63.52875637608041,451 days 16:00:00,54,0.0,27,29.629629629629626,33.19140700599961,-22.236827691970653,14.081257477129785,-7.53248784685052,8 days 18:37:30,5 days 17:31:34.736842105,0.6523342903713594,-1.509836588346027,-0.3372040360586178,-0.5118415575832348,0.9820599600473943,-0.48028857831202687,long
1735,"{'window_k': 102, 'window_d': 192, 'window_ma': 117}","open_time
2022-01-01 00:00:00    100.000000
2022-01-01 01:00:00    100.000000
2022-01-01 02:00:00    100.000000
2022-01-01 03:00:00    100.000000
2022-01-01 04:00:00    100.000000
                          ...    
2023-05-01 19:00:00     53.452559
2023-05-01 20:00:00     53.329803
2023-05-01 21:00:00     53.598332
2023-05-01 22:00:00     53.836172
2023-05-01 23:00:00     53.836172
Freq: H, Length: 11664, dtype: float64",2022-01-01,2023-05-01 23:00:00,486 days,100.0,34.96949718092915,127.87947817879477,53.8361717532391,-46.1638282467609,-70.17976286600607,31.661522633744855,100.0,72.65433228306067,409 days 07:00:00,51,0.0,26,32.0,30.65721402567541,-23.765936580581894,11.463659038348105,-8.05296807598032,8 days 01:15:00,5 days 04:17:38.823529411,0.5613355502235388,-1.849622029500091,-0.6591959198164007,-0.5118755549198991,0.9646557627508852,-0.9107927659961361,long
3479,"{'window_k': 207, 'window_d': 147, 'window_ma': 117}","open_time
2022-01-01 00:00:00    100.000000
2022-01-01 01:00:00    100.000000
2022-01-01 02:00:00    100.000000
2022-01-01 03:00:00    100.000000
2022-01-01 04:00:00    100.000000
                          ...    
2023-05-01 19:00:00     56.783459
2023-05-01 20:00:00     56.653054
2023-05-01 21:00:00     56.938316
2023-05-01 22:00:00     57.190977
2023-05-01 23:00:00     57.190977
Freq: H, Length: 11664, dtype: float64",2022-01-01,2023-05-01 23:00:00,486 days,100.0,46.70104598179983,141.23748586564574,57.19097677395598,-42.80902322604402,-70.17976286600607,32.458847736625515,100.0,66.93438310971854,309 days 12:00:00,47,0.0,24,30.434782608695656,38.245964084890275,-23.14540059347181,13.722433423606766,-8.22014235385263,7 days 23:25:42.857142857,6 days 06:30:00,0.6401536631013142,-1.8545289850019255,-0.4629686260647248,-0.5120338927512548,0.9742525057284944,-0.677885075503203,long
2730,"{'window_k': 162, 'window_d': 162, 'window_ma': 162}","open_time
2022-01-01 00:00:00    100.000000
2022-01-01 01:00:00    100.000000
2022-01-01 02:00:00    100.000000
2022-01-01 03:00:00    100.000000
2022-01-01 04:00:00    100.000000
                          ...    
2023-05-01 19:00:00     58.513863
2023-05-01 20:00:00     58.379483
2023-05-01 21:00:00     58.673438
2023-05-01 22:00:00     58.933799
2023-05-01 23:00:00     58.933799
Freq: H, Length: 11664, dtype: float64",2022-01-01,2023-05-01 23:00:00,486 days,100.0,47.5192263260615,131.97593573439795,58.93379860936163,-41.06620139063837,-70.17976286600607,35.699588477366255,100.0,63.99402204528095,391 days 18:00:00,51,0.0,26,32.0,38.161190511271556,-21.59383033419024,13.333554711012779,-8.133699009799361,9 days 12:52:30,5 days 14:52:56.470588235,0.6259579914879879,-1.6282022620373775,-0.4189563381102171,-0.5121420603128093,0.9788948598816453,-0.5889554921879199,long
3907,"{'window_k': 237, 'window_d': 72, 'window_ma': 57}","open_time
2022-01-01 00:00:00    100.000000
2022-01-01 01:00:00    100.000000
2022-01-01 02:00:00    100.000000
2022-01-01 03:00:00    100.000000
2022-01-01 04:00:00    100.000000
                          ...    
2023-05-01 19:00:00     66.330636
2023-05-01 20:00:00     66.178305
2023-05-01 21:00:00     66.511529
2023-05-01 22:00:00     66.806670
2023-05-01 23:00:00     66.806670
Freq: H, Length: 11664, dtype: float64",2022-01-01,2023-05-01 23:00:00,486 days,100.0,57.91294976329583,118.24267442381026,66.8066704592773,-33.1933295407227,-70.17976286600607,27.80349794238683,100.0,51.021955444172505,286 days 02:00:00,71,0.0,36,37.142857142857146,27.24014336917562,-19.86931000110754,10.242357135423962,-7.006196879752063,4 days 15:55:23.076923076,3 days 04:49:05.454545454,0.7553226159312666,-0.9478368046838601,-0.1553886736950051,-0.5122439925179195,0.989585843327548,-0.23810962858377738,long
1235,"{'window_k': 72, 'window_d': 207, 'window_ma': 57}","open_time
2022-01-01 00:00:00    100.000000
2022-01-01 01:00:00    100.000000
2022-01-01 02:00:00    100.000000
2022-01-01 03:00:00    100.000000
2022-01-01 04:00:00    100.000000
                          ...    
2023-05-01 19:00:00     52.077637
2023-05-01 20:00:00     51.958039
2023-05-01 21:00:00     52.219661
2023-05-01 22:00:00     52.451382
2023-05-01 23:00:00     52.451382
Freq: H, Length: 11664, dtype: float64",2022-01-01,2023-05-01 23:00:00,486 days,100.0,31.22988994133548,124.55012853470436,52.45138247090844,-47.54861752909156,-70.17976286600607,22.31652949245542,100.0,74.92584687888649,451 days 16:00:00,53,0.0,27,34.61538461538461,32.15731636784267,-38.4896176171384,10.211176724183556,-7.885246283134878,5 days 03:26:40,3 days 13:45:52.941176470,0.5048906629814849,-1.8316679439292747,-0.8406810391573193,-0.5126038723943921,0.9459131449701758,-1.1078041154312435,long
2255,"{'window_k': 132, 'window_d': 192, 'window_ma': 237}","open_time
2022-01-01 00:00:00    100.000000
2022-01-01 01:00:00    100.000000
2022-01-01 02:00:00    100.000000
2022-01-01 03:00:00    100.000000
2022-01-01 04:00:00    100.000000
                          ...    
2023-05-01 19:00:00     55.997557
2023-05-01 20:00:00     55.868956
2023-05-01 21:00:00     56.150270
2023-05-01 22:00:00     56.399434
2023-05-01 23:00:00     56.399434
Freq: H, Length: 11664, dtype: float64",2022-01-01,2023-05-01 23:00:00,486 days,100.0,39.09719424864863,122.84612540277851,56.39943381130723,-43.60056618869277,-70.17976286600607,37.78292181069959,100.0,68.17384828340354,451 days 16:00:00,51,0.0,26,28.000000000000004,39.47136563876653,-24.35996044390727,15.299614072513831,-8.003721347595713,11 days 00:34:17.142857142,5 days 21:00:00,0.5629931705432606,-1.7809953417948252,-0.4787664818368753,-0.512763474855247,0.97638911418451,-0.6712037898679825,long
2473,"{'window_k': 147, 'window_d': 162, 'window_ma': 147}","open_time
2022-01-01 00:00:00    100.000000
2022-01-01 01:00:00    100.000000
2022-01-01 02:00:00    100.000000
2022-01-01 03:00:00    100.000000
2022-01-01 04:00:00    100.000000
                          ...    
2023-05-01 19:00:00     55.295034
2023-05-01 20:00:00     55.168047
2023-05-01 21:00:00     55.445832
2023-05-01 22:00:00     55.691870
2023-05-01 23:00:00     55.691870
Freq: H, Length: 11664, dtype: float64",2022-01-01,2023-05-01 23:00:00,486 days,100.0,41.238250342261175,134.4635699617709,55.691869790022366,-44.308130209977634,-70.17976286600607,36.831275720164605,100.0,69.33128403924903,391 days 18:00:00,51,0.0,26,28.000000000000004,30.71225071225074,-20.9652076318743,13.54100522556191,-7.995731815487858,9 days 08:00:00,6 days 13:24:42.352941176,0.6092582071087489,-1.7656583749056431,-0.5083498093099642,-0.5130564491220634,0.9748179602871303,-0.7131667396382615,long
2229,"{'window_k': 132, 'window_d': 177, 'window_ma': 87}","open_time
2022-01-01 00:00:00    100.000000
2022-01-01 01:00:00    100.000000
2022-01-01 02:00:00    100.000000
2022-01-01 03:00:00    100.000000
2022-01-01 04:00:00    100.000000
                          ...    
2023-05-01 19:00:00     57.750552
2023-05-01 20:00:00     57.750552
2023-05-01 21:00:00     57.750552
2023-05-01 22:00:00     57.750552
2023-05-01 23:00:00     57.750552
Freq: H, Length: 11664, dtype: float64",2022-01-01,2023-05-01 23:00:00,486 days,100.0,47.30301485862261,138.5487022300238,57.75055165469966,-42.24944834530034,-70.17976286600607,34.73936899862826,100.0,65.85820430126559,391 days 18:00:00,52,0.0,26,30.76923076923077,31.461318051575937,-21.502192982456133,13.442441099203853,-7.973852808357111,8 days 16:45:00,5 days 12:20:00,0.6644772243182192,-1.6249787825115507,-0.5123738709553612,-0.5130761522819965,0.9738773370113716,-0.7130732027517825,long
1081,"{'window_k': 72, 'window_d': 57, 'window_ma': 147}","open_time
2022-01-01 00:00:00    100.0000
2022-01-01 01:00:00    100.0000
2022-01-01 02:00:00    100.0000
2022-01-01 03:00:00    100.0000
2022-01-01 04:00:00    100.0000
                         ...   
2023-05-01 19:00:00     56.9867
2023-05-01 20:00:00     56.9867
2023-05-01 21:00:00     56.9867
2023-05-01 22:00:00     56.9867
2023-05-01 23:00:00     56.9867
Freq: H, Length: 11664, dtype: float64",2022-01-01,2023-05-01 23:00:00,486 days,100.0,47.97617319058983,145.98459278876126,56.986699885520814,-43.013300114479186,-70.17976286600607,42.55829903978052,100.0,67.13613931847517,391 days 18:00:00,130,0.0,65,33.84615384615385,22.99802761341224,-18.94652283681432,7.28718821261528,-4.640482080176513,4 days 06:24:32.727272727,2 days 15:02:47.441860465,0.7509202324382497,-0.6617430786842937,-0.2256767853753405,-0.5131225692698715,0.9879701374887455,-0.3463589568714985,long
1211,"{'window_k': 72, 'window_d': 177, 'window_ma': 177}","open_time
2022-01-01 00:00:00    100.000000
2022-01-01 01:00:00    100.000000
2022-01-01 02:00:00    100.000000
2022-01-01 03:00:00    100.000000
2022-01-01 04:00:00    100.000000
                          ...    
2023-05-01 19:00:00     51.597874
2023-05-01 20:00:00     51.479377
2023-05-01 21:00:00     51.738589
2023-05-01 22:00:00     51.968176
2023-05-01 23:00:00     51.968176
Freq: H, Length: 11664, dtype: float64",2022-01-01,2023-05-01 23:00:00,486 days,100.0,31.7501401214344,130.47576301615797,51.968176058131725,-48.031823941868275,-70.17976286600607,38.168724279835395,100.0,75.66587127947855,451 days 16:00:00,57,0.0,29,28.57142857142857,48.69070776597339,-29.68258311670543,18.883802335661812,-9.072369014632162,10 days 21:45:00,4 days 18:57:00,0.6204165899279752,-1.6910881553102737,-0.5351741608771613,-0.513228995467469,0.97364969749196,-0.7383775286940295,long
3504,"{'window_k': 207, 'window_d': 177, 'window_ma': 12}","open_time
2022-01-01 00:00:00    100.000000
2022-01-01 01:00:00    100.000000
2022-01-01 02:00:00    100.000000
2022-01-01 03:00:00    100.000000
2022-01-01 04:00:00    100.000000
                          ...    
2023-05-01 19:00:00     67.780615
2023-05-01 20:00:00     67.624954
2023-05-01 21:00:00     67.965462
2023-05-01 22:00:00     67.965462
2023-05-01 23:00:00     67.965462
Freq: H, Length: 11664, dtype: float64",2022-01-01,2023-05-01 23:00:00,486 days,100.0,60.996090665859484,119.69070554027117,67.9654620177657,-32.0345379822343,-70.17976286600607,14.257544581618657,100.0,49.03857372171917,391 days 18:00:00,48,0.0,24,37.5,19.017134249670498,-25.04409171075838,5.9551931253226,-5.520745249484181,2 days 12:13:20,3 days 02:44:00,0.5714470511780874,-1.3347724159264294,-0.5781630831709426,-0.5133821371271012,0.9520190156178652,-0.817203053675627,long
2405,"{'window_k': 147, 'window_d': 102, 'window_ma': 87}","open_time
2022-01-01 00:00:00    100.000000
2022-01-01 01:00:00    100.000000
2022-01-01 02:00:00    100.000000
2022-01-01 03:00:00    100.000000
2022-01-01 04:00:00    100.000000
                          ...    
2023-05-01 19:00:00     61.604921
2023-05-01 20:00:00     61.604921
2023-05-01 21:00:00     61.604921
2023-05-01 22:00:00     61.604921
2023-05-01 23:00:00     61.604921
Freq: H, Length: 11664, dtype: float64",2022-01-01,2023-05-01 23:00:00,486 days,100.0,49.968702238926596,123.0866941886313,61.60492075493847,-38.39507924506153,-70.17976286600607,40.99794238683128,100.0,59.4036523863829,451 days 16:00:00,72,0.0,36,30.555555555555557,32.967032967032964,-21.60748079706111,13.82971426918054,-7.006479488045436,7 days 15:43:38.181818181,4 days 14:26:24,0.7453183438536918,-1.0665299790294864,-0.23655370469355544,-0.5134086878908832,0.9881189319012458,-0.3336870555075024,long
477,"{'window_k': 27, 'window_d': 207, 'window_ma': 207}","open_time
2022-01-01 00:00:00    100.000000
2022-01-01 01:00:00    100.000000
2022-01-01 02:00:00    100.000000
2022-01-01 03:00:00    100.000000
2022-01-01 04:00:00    100.000000
                          ...    
2023-05-01 19:00:00     60.353085
2023-05-01 20:00:00     60.214481
2023-05-01 21:00:00     60.517676
2023-05-01 22:00:00     60.786220
2023-05-01 23:00:00     60.786220
Freq: H, Length: 11664, dtype: float64",2022-01-01,2023-05-01 23:00:00,486 days,100.0,48.54453180447997,123.68160950038539,60.78621996761124,-39.21378003238876,-70.17976286600607,36.574074074074076,100.0,60.75040420271317,451 days 16:00:00,71,0.0,36,25.71428571428571,34.36707626292176,-14.32087190905894,14.337567783872595,-6.102292778219579,8 days 13:46:40,3 days 18:27:41.538461538,0.6988296771612039,-1.1179186558667573,-0.42768345041296935,-0.5134647145505639,0.9787979273944382,-0.5946926570072246,long
2676,"{'window_k': 162, 'window_d': 117, 'window_ma': 72}","open_time
2022-01-01 00:00:00    100.000000
2022-01-01 01:00:00    100.000000
2022-01-01 02:00:00    100.000000
2022-01-01 03:00:00    100.000000
2022-01-01 04:00:00    100.000000
                          ...    
2023-05-01 19:00:00     57.288711
2023-05-01 20:00:00     57.288711
2023-05-01 21:00:00     57.288711
2023-05-01 22:00:00     57.288711
2023-05-01 23:00:00     57.288711
Freq: H, Length: 11664, dtype: float64",2022-01-01,2023-05-01 23:00:00,486 days,100.0,45.776122335123,136.95387181418684,57.288711196402566,-42.711288803597434,-70.17976286600607,35.459533607681756,100.0,66.57551792531277,391 days 18:00:00,66,0.0,33,39.39393939393939,37.92476576702559,-25.816993464052292,10.404042432449078,-8.251848896603361,5 days 19:18:27.692307692,4 days 20:15:00,0.6963009446420927,-1.294281478896893,-0.3454368701715211,-0.5135271110745148,0.9815922739025101,-0.4863037202109245,long
3398,"{'window_k': 207, 'window_d': 72, 'window_ma': 102}","open_time
2022-01-01 00:00:00    100.000000
2022-01-01 01:00:00    100.000000
2022-01-01 02:00:00    100.000000
2022-01-01 03:00:00    100.000000
2022-01-01 04:00:00    100.000000
                          ...    
2023-05-01 19:00:00     60.088602
2023-05-01 20:00:00     59.950606
2023-05-01 21:00:00     60.252472
2023-05-01 22:00:00     60.519839
2023-05-01 23:00:00     60.519839
Freq: H, Length: 11664, dtype: float64",2022-01-01,2023-05-01 23:00:00,486 days,100.0,52.69801371434932,135.67760493515672,60.51983888403819,-39.48016111596181,-70.17976286600607,32.70747599451303,100.0,61.15938681292698,355 days 14:00:00,71,0.0,36,40.0,19.342359767891686,-22.063666300768382,8.174244153473447,-7.0619370159930845,5 days 10:00:00,3 days 18:08:34.285714285,0.7027947794780629,-1.1220904921414805,-0.24464619909071972,-0.5137358568468943,0.985102169286267,-0.37311642943425366,long
1455,"{'window_k': 87, 'window_d': 162, 'window_ma': 237}","open_time
2022-01-01 00:00:00    100.000000
2022-01-01 01:00:00    100.000000
2022-01-01 02:00:00    100.000000
2022-01-01 03:00:00    100.000000
2022-01-01 04:00:00    100.000000
                          ...    
2023-05-01 19:00:00     56.707879
2023-05-01 20:00:00     56.577647
2023-05-01 21:00:00     56.862530
2023-05-01 22:00:00     57.114854
2023-05-01 23:00:00     57.114854
Freq: H, Length: 11664, dtype: float64",2022-01-01,2023-05-01 23:00:00,486 days,100.0,42.37963099973071,127.46631585905423,57.11485392727504,-42.88514607272496,-70.17976286600607,41.58093278463649,100.0,66.7522900351243,451 days 16:00:00,65,0.0,33,28.125,38.675277861219584,-20.136518771331055,18.293880405831622,-8.204613136972897,10 days 07:13:20,4 days 15:15:39.130434782,0.7134067338201958,-1.336599784618289,-0.37633517883307527,-0.5144151212595325,0.9820302290137033,-0.5213529453828452,long
3409,"{'window_k': 207, 'window_d': 87, 'window_ma': 27}","open_time
2022-01-01 00:00:00    100.000000
2022-01-01 01:00:00    100.000000
2022-01-01 02:00:00    100.000000
2022-01-01 03:00:00    100.000000
2022-01-01 04:00:00    100.000000
                          ...    
2023-05-01 19:00:00     61.182770
2023-05-01 20:00:00     61.042261
2023-05-01 21:00:00     61.349624
2023-05-01 22:00:00     61.621860
2023-05-01 23:00:00     61.621860
Freq: H, Length: 11664, dtype: float64",2022-01-01,2023-05-01 23:00:00,486 days,100.0,55.363718293030715,135.86023473524034,61.621859687741804,-38.378140312258196,-70.17976286600607,26.080246913580247,100.0,59.249504904123285,430 days 01:00:00,67,0.0,34,39.39393939393939,19.175399597755884,-17.213687150838002,7.270415072580122,-6.5594311493800905,4 days 07:00:00,3 days 08:39:00,0.6679664540737501,-1.1661673290725512,-0.49064683785170904,-0.5145021792226824,0.9709259881531855,-0.6841858817169139,long
3053,"{'window_k': 177, 'window_d': 222, 'window_ma': 207}","open_time
2022-01-01 00:00:00    100.000000
2022-01-01 01:00:00    100.000000
2022-01-01 02:00:00    100.000000
2022-01-01 03:00:00    100.000000
2022-01-01 04:00:00    100.000000
                          ...    
2023-05-01 19:00:00     62.592808
2023-05-01 20:00:00     62.592808
2023-05-01 21:00:00     62.592808
2023-05-01 22:00:00     62.592808
2023-05-01 23:00:00     62.592808
Freq: H, Length: 11664, dtype: float64",2022-01-01,2023-05-01 23:00:00,486 days,100.0,54.032691423870794,127.49549945658624,62.5928082028624,-37.4071917971376,-70.17976286600607,33.684842249657066,100.0,57.61992254301528,424 days 03:00:00,38,0.0,19,36.84210526315789,42.60780287474332,-22.657903531246536,12.635609516338885,-9.689810724073565,12 days 07:08:34.285714285,6 days 11:15:00,0.6070185795520086,-1.9687995682703985,-0.38241652763145956,-0.5148041596317992,0.9796894374777356,-0.5315132087206048,long
2837,"{'window_k': 177, 'window_d': 27, 'window_ma': 87}","open_time
2022-01-01 00:00:00    100.000000
2022-01-01 01:00:00    100.000000
2022-01-01 02:00:00    100.000000
2022-01-01 03:00:00    100.000000
2022-01-01 04:00:00    100.000000
                          ...    
2023-05-01 19:00:00     56.112427
2023-05-01 20:00:00     56.112427
2023-05-01 21:00:00     56.112427
2023-05-01 22:00:00     56.112427
2023-05-01 23:00:00     56.112427
Freq: H, Length: 11664, dtype: float64",2022-01-01,2023-05-01 23:00:00,486 days,100.0,34.59027348361234,108.96326216580113,56.11242664804563,-43.88757335195437,-70.17976286600607,36.539780521262,100.0,68.25510470586045,469 days 22:00:00,194,0.0,97,31.958762886597935,25.011215791834886,-14.512437051732041,7.5301217730942875,-4.029636802679579,3 days 01:34:50.322580645,1 days 06:00:54.545454545,0.7368589721629126,-0.45244920981396164,-0.28269523363107596,-0.5157973488958382,0.9835636411404303,-0.43425546974979595,long
2764,"{'window_k': 162, 'window_d': 192, 'window_ma': 192}","open_time
2022-01-01 00:00:00    100.000000
2022-01-01 01:00:00    100.000000
2022-01-01 02:00:00    100.000000
2022-01-01 03:00:00    100.000000
2022-01-01 04:00:00    100.000000
                          ...    
2023-05-01 19:00:00     62.723353
2023-05-01 20:00:00     62.579306
2023-05-01 21:00:00     62.894408
2023-05-01 22:00:00     63.173499
2023-05-01 23:00:00     63.173499
Freq: H, Length: 11664, dtype: float64",2022-01-01,2023-05-01 23:00:00,486 days,100.0,52.42791146973802,120.59738643434972,63.173498609610576,-36.826501390389424,-70.17976286600607,34.19924554183814,100.0,56.52649446239989,451 days 16:00:00,43,0.0,22,33.33333333333333,39.28728552573693,-24.14402474044622,13.364292871635561,-8.638154345759345,10 days 07:17:08.571428571,6 days 16:42:51.428571428,0.6274944170100424,-1.7442112915365486,-0.3647687158832463,-0.51610252602786,0.9809070117520302,-0.5084127233606457,long
1136,"{'window_k': 72, 'window_d': 117, 'window_ma': 12}","open_time
2022-01-01 00:00:00    100.000000
2022-01-01 01:00:00    100.000000
2022-01-01 02:00:00    100.000000
2022-01-01 03:00:00    100.000000
2022-01-01 04:00:00    100.000000
                          ...    
2023-05-01 19:00:00     70.906304
2023-05-01 20:00:00     70.906304
2023-05-01 21:00:00     70.906304
2023-05-01 22:00:00     70.906304
2023-05-01 23:00:00     70.906304
Freq: H, Length: 11664, dtype: float64",2022-01-01,2023-05-01 23:00:00,486 days,100.0,64.42468828288165,115.23656792454943,70.90630370535328,-29.09369629464672,-70.17976286600607,18.03840877914952,100.0,44.09353780384765,391 days 18:00:00,78,0.0,39,48.717948717948715,16.325032469365855,-20.031796502384733,3.8813788737738752,-5.018722672494045,1 days 20:15:47.368421052,2 days 15:09:00,0.6821714232913232,-0.745992212683249,-0.4992213575584278,-0.5161038012456118,0.9641055912602926,-0.6714826678136434,long
3989,"{'window_k': 237, 'window_d': 147, 'window_ma': 87}","open_time
2022-01-01 00:00:00    100.000000
2022-01-01 01:00:00    100.000000
2022-01-01 02:00:00    100.000000
2022-01-01 03:00:00    100.000000
2022-01-01 04:00:00    100.000000
                          ...    
2023-05-01 19:00:00     60.905134
2023-05-01 20:00:00     60.765263
2023-05-01 21:00:00     61.071231
2023-05-01 22:00:00     61.342231
2023-05-01 23:00:00     61.342231
Freq: H, Length: 11664, dtype: float64",2022-01-01,2023-05-01 23:00:00,486 days,100.0,50.85110833578312,125.60199116810588,61.34223139745787,-38.65776860254213,-70.17976286600607,34.84224965706447,100.0,59.514090610455426,349 days 17:00:00,49,0.0,25,33.33333333333333,31.461318051575937,-22.868473231989412,12.941261814402164,-8.378002809238094,9 days 11:00:00,5 days 19:00:00,0.6641354937633881,-1.6267672584765935,-0.34839453475505017,-0.5161978532827107,0.9812561624786229,-0.50513959859032,long
2745,"{'window_k': 162, 'window_d': 177, 'window_ma': 147}","open_time
2022-01-01 00:00:00    100.000000
2022-01-01 01:00:00    100.000000
2022-01-01 02:00:00    100.000000
2022-01-01 03:00:00    100.000000
2022-01-01 04:00:00    100.000000
                          ...    
2023-05-01 19:00:00     56.960328
2023-05-01 20:00:00     56.829517
2023-05-01 21:00:00     57.115667
2023-05-01 22:00:00     57.369115
2023-05-01 23:00:00     57.369115
Freq: H, Length: 11664, dtype: float64",2022-01-01,2023-05-01 23:00:00,486 days,100.0,44.15421617693809,130.2091529693852,57.369115069709075,-42.630884930290925,-70.17976286600607,35.73388203017833,100.0,66.08977543435857,391 days 18:00:00,47,0.0,24,30.434782608695656,36.036384749370995,-21.019941157240932,12.319888866771809,-7.940101869254209,9 days 08:42:51.428571428,6 days 16:37:30,0.5722051269683853,-1.8847977996417766,-0.48593041321594405,-0.5162519612524077,0.9755910405341925,-0.683158115954228,long
2715,"{'window_k': 162, 'window_d': 147, 'window_ma': 177}","open_time
2022-01-01 00:00:00    100.000000
2022-01-01 01:00:00    100.000000
2022-01-01 02:00:00    100.000000
2022-01-01 03:00:00    100.000000
2022-01-01 04:00:00    100.000000
                          ...    
2023-05-01 19:00:00     56.957126
2023-05-01 20:00:00     56.826322
2023-05-01 21:00:00     57.112457
2023-05-01 22:00:00     57.365890
2023-05-01 23:00:00     57.365890
Freq: H, Length: 11664, dtype: float64",2022-01-01,2023-05-01 23:00:00,486 days,100.0,44.78414953802849,131.4492425955234,57.36589005619274,-42.63410994380726,-70.17976286600607,38.67455418381344,100.0,65.93046209035089,451 days 16:00:00,55,0.0,28,25.925925925925924,41.025641025641036,-14.220018034265111,17.02530793938473,-7.582699218105968,10 days 15:25:42.857142857,5 days 13:30:00,0.654233205013604,-1.5496706841070895,-0.4249236004084448,-0.5175416123041818,0.9791472510188856,-0.5953463824449498,long
3318,"{'window_k': 192, 'window_d': 237, 'window_ma': 102}","open_time
2022-01-01 00:00:00    100.000000
2022-01-01 01:00:00    100.000000
2022-01-01 02:00:00    100.000000
2022-01-01 03:00:00    100.000000
2022-01-01 04:00:00    100.000000
                          ...    
2023-05-01 19:00:00     60.798754
2023-05-01 20:00:00     60.798754
2023-05-01 21:00:00     60.798754
2023-05-01 22:00:00     60.798754
2023-05-01 23:00:00     60.798754
Freq: H, Length: 11664, dtype: float64",2022-01-01,2023-05-01 23:00:00,486 days,100.0,53.271201121350245,133.5387659648924,60.798753577581806,-39.201246422418194,-70.17976286600607,32.37311385459534,100.0,60.10806245180119,349 days 17:00:00,36,0.0,18,33.33333333333333,41.086289969338594,-21.93644120192904,12.995058672337706,-9.180273222492417,9 days 16:10:00,8 days 06:35:00,0.5611872943309698,-2.1778470234676783,-0.43740980436380145,-0.5187745672823189,0.9762084847461554,-0.6084808325822926,long
3722,"{'window_k': 222, 'window_d': 132, 'window_ma': 162}","open_time
2022-01-01 00:00:00    100.000000
2022-01-01 01:00:00    100.000000
2022-01-01 02:00:00    100.000000
2022-01-01 03:00:00    100.000000
2022-01-01 04:00:00    100.000000
                          ...    
2023-05-01 19:00:00     57.102444
2023-05-01 20:00:00     56.971306
2023-05-01 21:00:00     57.258171
2023-05-01 22:00:00     57.512251
2023-05-01 23:00:00     57.512251
Freq: H, Length: 11664, dtype: float64",2022-01-01,2023-05-01 23:00:00,486 days,100.0,42.66977815006146,123.69554810914313,57.512250874400344,-42.487749125599656,-70.17976286600607,37.86008230452675,100.0,65.50419250948978,451 days 16:00:00,53,0.0,27,30.76923076923077,37.68180468981895,-22.236827691970646,15.140969801373513,-8.450033176675618,10 days 03:37:30,5 days 14:36:40,0.6315838493482209,-1.636666083584525,-0.3308480968947035,-0.5189830502631226,0.9826782999782084,-0.4724392463834144,long
1027,"{'window_k': 72, 'window_d': 12, 'window_ma': 57}","open_time
2022-01-01 00:00:00    100.000000
2022-01-01 01:00:00    100.000000
2022-01-01 02:00:00    100.000000
2022-01-01 03:00:00    100.000000
2022-01-01 04:00:00    100.000000
                          ...    
2023-05-01 19:00:00     55.702266
2023-05-01 20:00:00     55.574343
2023-05-01 21:00:00     55.854174
2023-05-01 22:00:00     56.102024
2023-05-01 23:00:00     56.102024
Freq: H, Length: 11664, dtype: float64",2022-01-01,2023-05-01 23:00:00,486 days,100.0,32.16829255201084,100.0309652304698,56.102023910547786,-43.897976089452214,-70.17976286600607,41.760973936899866,100.0,67.84166535042864,480 days 01:00:00,467,0.0,234,32.18884120171674,39.060121765601224,-14.636025163692398,5.0324405850572616,-2.5495803912006423,1 days 06:36:48,0 days 16:14:25.822784810,0.8139711512052611,-0.1885405867878983,-0.22193129462713732,-0.5190736936536344,0.9878520733415632,-0.34635985522467494,long
2587,"{'window_k': 162, 'window_d': 27, 'window_ma': 177}","open_time
2022-01-01 00:00:00    100.000000
2022-01-01 01:00:00    100.000000
2022-01-01 02:00:00    100.000000
2022-01-01 03:00:00    100.000000
2022-01-01 04:00:00    100.000000
                          ...    
2023-05-01 19:00:00     55.379703
2023-05-01 20:00:00     55.379703
2023-05-01 21:00:00     55.379703
2023-05-01 22:00:00     55.379703
2023-05-01 23:00:00     55.379703
Freq: H, Length: 11664, dtype: float64",2022-01-01,2023-05-01 23:00:00,486 days,100.0,32.67899796514695,105.49295897451046,55.37970327251106,-44.62029672748894,-70.17976286600607,37.96296296296296,100.0,69.02257905852944,469 days 22:00:00,198,0.0,99,35.35353535353536,24.304620906235982,-14.461569764484475,6.08348462393946,-3.918827292593398,2 days 22:18:51.428571428,1 days 06:44:03.750000,0.7085563192618609,-0.450710067954434,-0.31126532923507716,-0.5192833984147192,0.982339878978289,-0.4776275786511569,long
1529,"{'window_k': 87, 'window_d': 237, 'window_ma': 147}","open_time
2022-01-01 00:00:00    100.000000
2022-01-01 01:00:00    100.000000
2022-01-01 02:00:00    100.000000
2022-01-01 03:00:00    100.000000
2022-01-01 04:00:00    100.000000
                          ...    
2023-05-01 19:00:00     55.352068
2023-05-01 20:00:00     55.352068
2023-05-01 21:00:00     55.352068
2023-05-01 22:00:00     55.352068
2023-05-01 23:00:00     55.352068
Freq: H, Length: 11664, dtype: float64",2022-01-01,2023-05-01 23:00:00,486 days,100.0,37.21794778346582,120.24725722779033,55.35206834998624,-44.64793165001376,-70.17976286600607,34.1820987654321,100.0,69.04881770986093,451 days 16:00:00,50,0.0,25,40.0,28.642567318332723,-14.593154334904693,7.528388264190122,-8.17174199576398,8 days 05:30:00,5 days 14:08:00,0.4902481588889216,-1.78591726600055,-0.6116994182684529,-0.5194343141603059,0.9687947830638973,-0.8496606916829799,long
4089,"{'window_k': 237, 'window_d': 237, 'window_ma': 147}","open_time
2022-01-01 00:00:00    100.000000
2022-01-01 01:00:00    100.000000
2022-01-01 02:00:00    100.000000
2022-01-01 03:00:00    100.000000
2022-01-01 04:00:00    100.000000
                          ...    
2023-05-01 19:00:00     61.212983
2023-05-01 20:00:00     61.212983
2023-05-01 21:00:00     61.212983
2023-05-01 22:00:00     61.212983
2023-05-01 23:00:00     61.212983
Freq: H, Length: 11664, dtype: float64",2022-01-01,2023-05-01 23:00:00,486 days,100.0,47.79198593368163,117.35378715244485,61.21298251337183,-38.78701748662817,-70.17976286600607,29.989711934156375,100.0,59.27529303200168,451 days 16:00:00,34,0.0,17,29.411764705882355,31.298413869420855,-21.494147349093407,11.733824533709067,-7.9276494277428045,8 days 06:12:00,8 days 16:55:00,0.471818583739193,-2.2815892639193054,-0.5133501825616785,-0.5201273910263158,0.9715217178723333,-0.7115304301072426,long
1028,"{'window_k': 72, 'window_d': 12, 'window_ma': 72}","open_time
2022-01-01 00:00:00    100.000000
2022-01-01 01:00:00    100.000000
2022-01-01 02:00:00    100.000000
2022-01-01 03:00:00    100.000000
2022-01-01 04:00:00    100.000000
                          ...    
2023-05-01 19:00:00     55.322778
2023-05-01 20:00:00     55.195727
2023-05-01 21:00:00     55.473651
2023-05-01 22:00:00     55.719812
2023-05-01 23:00:00     55.719812
Freq: H, Length: 11664, dtype: float64",2022-01-01,2023-05-01 23:00:00,486 days,100.0,31.752311664339015,100.0309652304698,55.71981212785666,-44.28018787214334,-70.17976286600607,41.82098765432099,100.0,68.25751746853369,480 days 01:00:00,467,0.0,234,32.18884120171674,39.06012176560122,-14.636025163692382,5.022275687835666,-2.549414738152207,1 days 06:39:12,0 days 16:15:56.962025316,0.810832105847827,-0.19018004560802537,-0.2279928136521586,-0.5207717392501652,0.9875336788003982,-0.3555185396381511,long
2254,"{'window_k': 132, 'window_d': 192, 'window_ma': 222}","open_time
2022-01-01 00:00:00    100.000000
2022-01-01 01:00:00    100.000000
2022-01-01 02:00:00    100.000000
2022-01-01 03:00:00    100.000000
2022-01-01 04:00:00    100.000000
                          ...    
2023-05-01 19:00:00     54.987540
2023-05-01 20:00:00     54.861259
2023-05-01 21:00:00     55.137499
2023-05-01 22:00:00     55.382169
2023-05-01 23:00:00     55.382169
Freq: H, Length: 11664, dtype: float64",2022-01-01,2023-05-01 23:00:00,486 days,100.0,38.33201436265661,122.84612540277851,55.382168868492485,-44.617831131507515,-70.17976286600607,36.73696844993141,100.0,68.79672497852373,451 days 16:00:00,51,0.0,26,28.000000000000004,39.47136563876652,-24.35996044390727,15.315780468472614,-8.085939150557692,10 days 22:25:42.857142857,5 days 15:03:19.999999999,0.5522950050811362,-1.821019070655065,-0.5036261762687931,-0.5209569815914282,0.9750525500283093,-0.7025320040866003,long
1467,"{'window_k': 87, 'window_d': 177, 'window_ma': 177}","open_time
2022-01-01 00:00:00    100.000000
2022-01-01 01:00:00    100.000000
2022-01-01 02:00:00    100.000000
2022-01-01 03:00:00    100.000000
2022-01-01 04:00:00    100.000000
                          ...    
2023-05-01 19:00:00     51.705312
2023-05-01 20:00:00     51.586568
2023-05-01 21:00:00     51.846320
2023-05-01 22:00:00     52.076385
2023-05-01 23:00:00     52.076385
Freq: H, Length: 11664, dtype: float64",2022-01-01,2023-05-01 23:00:00,486 days,100.0,32.651092111667836,127.23655652252353,52.0763848347463,-47.9236151652537,-70.17976286600607,37.39711934156379,100.0,74.3382774541781,451 days 16:00:00,55,0.0,28,29.629629629629626,54.44513521914829,-34.20814479638009,18.55484823268524,-9.282834848641567,9 days 20:45:00,5 days 07:06:18.947368421,0.6104457229903486,-1.7482864275944383,-0.5282989019716473,-0.5211082850098532,0.9734990662811025,-0.7237551515600591,long
496,"{'window_k': 27, 'window_d': 237, 'window_ma': 12}","open_time
2022-01-01 00:00:00    100.000000
2022-01-01 01:00:00    100.000000
2022-01-01 02:00:00    100.000000
2022-01-01 03:00:00    100.000000
2022-01-01 04:00:00    100.000000
                          ...    
2023-05-01 19:00:00     74.797556
2023-05-01 20:00:00     74.625780
2023-05-01 21:00:00     75.001539
2023-05-01 22:00:00     75.001539
2023-05-01 23:00:00     75.001539
Freq: H, Length: 11664, dtype: float64",2022-01-01,2023-05-01 23:00:00,486 days,100.0,73.7315958641616,117.56101905310925,75.00153908112705,-24.99846091887295,-70.17976286600607,11.04252400548697,100.0,37.282275657331034,410 days 04:00:00,62,0.0,31,35.483870967741936,17.218618413565487,-22.08173402573944,4.851307625206576,-3.741198235656509,2 days 04:54:32.727272727,1 days 11:17:59.999999999,0.6677467477864915,-0.8064019651249339,-0.5948876607893938,-0.5211554953049701,0.948300796192046,-0.8133866196647959,long
2005,"{'window_k': 117, 'window_d': 207, 'window_ma': 87}","open_time
2022-01-01 00:00:00    100.000000
2022-01-01 01:00:00    100.000000
2022-01-01 02:00:00    100.000000
2022-01-01 03:00:00    100.000000
2022-01-01 04:00:00    100.000000
                          ...    
2023-05-01 19:00:00     55.375700
2023-05-01 20:00:00     55.248528
2023-05-01 21:00:00     55.526718
2023-05-01 22:00:00     55.773115
2023-05-01 23:00:00     55.773115
Freq: H, Length: 11664, dtype: float64",2022-01-01,2023-05-01 23:00:00,486 days,100.0,39.044568252630114,122.31316560648862,55.77311452712454,-44.22688547287546,-70.17976286600607,34.996570644718794,100.0,68.07819660375233,391 days 18:00:00,47,0.0,24,34.78260869565217,28.707686553207417,-26.480990274093713,13.597260718332619,-9.759923830393411,9 days 04:37:30,6 days 09:56:00,0.6079312055174331,-1.9153053568264053,-0.5645581849615494,-0.5214633630103312,0.9713980581939773,-0.7815081439856391,long
2251,"{'window_k': 132, 'window_d': 192, 'window_ma': 177}","open_time
2022-01-01 00:00:00    100.000000
2022-01-01 01:00:00    100.000000
2022-01-01 02:00:00    100.000000
2022-01-01 03:00:00    100.000000
2022-01-01 04:00:00    100.000000
                          ...    
2023-05-01 19:00:00     54.602096
2023-05-01 20:00:00     54.476700
2023-05-01 21:00:00     54.751004
2023-05-01 22:00:00     54.993959
2023-05-01 23:00:00     54.993959
Freq: H, Length: 11664, dtype: float64",2022-01-01,2023-05-01 23:00:00,486 days,100.0,37.64132789486714,122.84612540277851,54.993958737132495,-45.006041262867505,-70.17976286600607,37.997256515775035,100.0,69.35896205806115,451 days 16:00:00,51,0.0,26,28.000000000000004,39.47136563876651,-24.359960443907262,15.515718583930067,-8.202507684021636,10 days 20:42:51.428571428,5 days 23:53:20,0.5556294647914587,-1.83629298444527,-0.515424241168874,-0.5216081023293063,0.9746420305387911,-0.7206364748764184,long
1453,"{'window_k': 87, 'window_d': 162, 'window_ma': 207}","open_time
2022-01-01 00:00:00    100.000000
2022-01-01 01:00:00    100.000000
2022-01-01 02:00:00    100.000000
2022-01-01 03:00:00    100.000000
2022-01-01 04:00:00    100.000000
                          ...    
2023-05-01 19:00:00     55.625948
2023-05-01 20:00:00     55.498200
2023-05-01 21:00:00     55.777648
2023-05-01 22:00:00     56.025158
2023-05-01 23:00:00     56.025158
Freq: H, Length: 11664, dtype: float64",2022-01-01,2023-05-01 23:00:00,486 days,100.0,41.257850170775164,127.46631585905423,56.02515794718015,-43.97484205281985,-70.17976286600607,40.646433470507546,100.0,67.63235063889664,451 days 16:00:00,65,0.0,33,25.0,38.675277861219584,-20.13651877133106,20.063703870264387,-7.790179417487318,10 days 15:07:30,4 days 13:45:00,0.6945869583558341,-1.370720724995441,-0.4144088468323603,-0.5216660120519674,0.9799880108278799,-0.5738147674308198,long
3544,"{'window_k': 207, 'window_d': 207, 'window_ma': 132}","open_time
2022-01-01 00:00:00    100.000000
2022-01-01 01:00:00    100.000000
2022-01-01 02:00:00    100.000000
2022-01-01 03:00:00    100.000000
2022-01-01 04:00:00    100.000000
                          ...    
2023-05-01 19:00:00     64.377066
2023-05-01 20:00:00     64.377066
2023-05-01 21:00:00     64.377066
2023-05-01 22:00:00     64.377066
2023-05-01 23:00:00     64.377066
Freq: H, Length: 11664, dtype: float64",2022-01-01,2023-05-01 23:00:00,486 days,100.0,56.10013034988042,121.90755890691852,64.37706629655202,-35.622933703447984,-70.17976286600607,30.907064471879288,100.0,53.98141768000194,424 days 03:00:00,40,0.0,20,35.0,39.92373129950132,-23.306505700871906,14.684341908884308,-9.683165566731846,9 days 20:34:17.142857142,6 days 05:55:23.076923076,0.6635596758236779,-1.7811466851724003,-0.3675908244946973,-0.5217060880096602,0.9795364926229098,-0.5142989352631552,long
453,"{'window_k': 27, 'window_d': 192, 'window_ma': 87}","open_time
2022-01-01 00:00:00    100.000000
2022-01-01 01:00:00    100.000000
2022-01-01 02:00:00    100.000000
2022-01-01 03:00:00    100.000000
2022-01-01 04:00:00    100.000000
                          ...    
2023-05-01 19:00:00     56.227692
2023-05-01 20:00:00     56.227692
2023-05-01 21:00:00     56.227692
2023-05-01 22:00:00     56.227692
2023-05-01 23:00:00     56.227692
Freq: H, Length: 11664, dtype: float64",2022-01-01,2023-05-01 23:00:00,486 days,100.0,40.26173444324839,122.91025514755742,56.227692203304365,-43.772307796695635,-70.17976286600607,33.39334705075446,100.0,67.2429819668725,451 days 16:00:00,76,0.0,38,23.684210526315788,37.92916270864433,-12.953060011883535,15.046715658702315,-5.8966009322361685,8 days 07:53:20,3 days 00:16:33.103448275,0.6668146151439213,-1.1519028367551494,-0.5726024384173616,-0.5220747945232852,0.9706000971356831,-0.8008576356657786,long
1749,"{'window_k': 102, 'window_d': 207, 'window_ma': 87}","open_time
2022-01-01 00:00:00    100.000000
2022-01-01 01:00:00    100.000000
2022-01-01 02:00:00    100.000000
2022-01-01 03:00:00    100.000000
2022-01-01 04:00:00    100.000000
                          ...    
2023-05-01 19:00:00     52.020655
2023-05-01 20:00:00     51.901187
2023-05-01 21:00:00     52.162522
2023-05-01 22:00:00     52.393991
2023-05-01 23:00:00     52.393991
Freq: H, Length: 11664, dtype: float64",2022-01-01,2023-05-01 23:00:00,486 days,100.0,35.183473473686846,133.23738003173392,52.39399061874666,-47.60600938125334,-70.17976286600607,33.65912208504801,100.0,73.59339138513008,391 days 18:00:00,49,0.0,25,37.5,30.020782165123773,-36.75500969618617,13.503809714706646,-10.596639450449223,8 days 14:00:00,5 days 17:00:00,0.5995221781293075,-2.019361768736702,-0.6143692669950341,-0.522572753222715,0.9674758474884667,-0.8322943677839718,long
2237,"{'window_k': 132, 'window_d': 177, 'window_ma': 207}","open_time
2022-01-01 00:00:00    100.000000
2022-01-01 01:00:00    100.000000
2022-01-01 02:00:00    100.000000
2022-01-01 03:00:00    100.000000
2022-01-01 04:00:00    100.000000
                          ...    
2023-05-01 19:00:00     58.845412
2023-05-01 20:00:00     58.710271
2023-05-01 21:00:00     59.005892
2023-05-01 22:00:00     59.267727
2023-05-01 23:00:00     59.267727
Freq: H, Length: 11664, dtype: float64",2022-01-01,2023-05-01 23:00:00,486 days,100.0,48.29623675308975,127.50237649287253,59.26772725691126,-40.73227274308874,-70.17976286600607,36.702674897119344,100.0,62.121304652082664,424 days 03:00:00,53,0.0,27,26.923076923076923,43.68716735659374,-21.50219298245614,16.52340206951866,-7.644638315636549,10 days 17:51:25.714285714,5 days 08:31:34.736842105,0.6580079101738152,-1.569874453858338,-0.42602618611026605,-0.5229792711247618,0.9785595990476273,-0.5969812961045706,long
1344,"{'window_k': 87, 'window_d': 72, 'window_ma': 12}","open_time
2022-01-01 00:00:00    100.000000
2022-01-01 01:00:00    100.000000
2022-01-01 02:00:00    100.000000
2022-01-01 03:00:00    100.000000
2022-01-01 04:00:00    100.000000
                          ...    
2023-05-01 19:00:00     52.175729
2023-05-01 20:00:00     52.175729
2023-05-01 21:00:00     52.175729
2023-05-01 22:00:00     52.175729
2023-05-01 23:00:00     52.175729
Freq: H, Length: 11664, dtype: float64",2022-01-01,2023-05-01 23:00:00,486 days,100.0,46.22651033118529,177.09313011939926,52.17572901685036,-47.82427098314964,-70.17976286600607,20.421810699588477,100.0,73.89706178889121,355 days 14:00:00,108,0.0,54,46.2962962962963,18.697781619129923,-17.183166525985776,3.8332604281238734,-5.141009912183783,1 days 20:21:36,1 days 19:53:47.586206896,0.6847695886450516,-0.8856346478361041,-0.6931850838132148,-0.523032200767486,0.9457799576540051,-1.0662193319793776,long
2241,"{'window_k': 132, 'window_d': 192, 'window_ma': 27}","open_time
2022-01-01 00:00:00    100.000000
2022-01-01 01:00:00    100.000000
2022-01-01 02:00:00    100.000000
2022-01-01 03:00:00    100.000000
2022-01-01 04:00:00    100.000000
                          ...    
2023-05-01 19:00:00     57.820019
2023-05-01 20:00:00     57.687233
2023-05-01 21:00:00     57.977702
2023-05-01 22:00:00     58.234975
2023-05-01 23:00:00     58.234975
Freq: H, Length: 11664, dtype: float64",2022-01-01,2023-05-01 23:00:00,486 days,100.0,44.53390074035135,122.84612540277851,58.2349749035468,-41.7650250964532,-70.17976286600607,23.456790123456788,100.0,63.74822519282802,451 days 16:00:00,49,0.0,25,33.33333333333333,18.89657823913878,-14.278327670261486,7.759585875994171,-6.778282071529129,4 days 07:30:00,4 days 22:11:15,0.5037372848151942,-1.7799760297356424,-0.7826756198346743,-0.5235220468254425,0.9524215980945704,-1.079358820635682,long
142,"{'window_k': 12, 'window_d': 132, 'window_ma': 222}","open_time
2022-01-01 00:00:00    100.000000
2022-01-01 01:00:00    100.000000
2022-01-01 02:00:00    100.000000
2022-01-01 03:00:00    100.000000
2022-01-01 04:00:00    100.000000
                          ...    
2023-05-01 19:00:00     59.509087
2023-05-01 20:00:00     59.372422
2023-05-01 21:00:00     59.671377
2023-05-01 22:00:00     59.936165
2023-05-01 23:00:00     59.936165
Freq: H, Length: 11664, dtype: float64",2022-01-01,2023-05-01 23:00:00,486 days,100.0,54.08654272583808,138.4580583181178,59.936165177132224,-40.063834822867776,-70.17976286600607,37.07133058984911,100.0,60.93651508417792,275 days 07:00:00,143,0.0,72,32.3943661971831,31.785944551902002,-16.10256410256409,7.443021177524314,-4.148242258296021,4 days 05:41:44.347826086,1 days 14:41:15,0.7888862615595783,-0.5502038261733349,-0.3710230738380249,-0.5237763813019518,0.980947273273826,-0.5216725767588138,long
138,"{'window_k': 12, 'window_d': 132, 'window_ma': 162}","open_time
2022-01-01 00:00:00    100.000000
2022-01-01 01:00:00    100.000000
2022-01-01 02:00:00    100.000000
2022-01-01 03:00:00    100.000000
2022-01-01 04:00:00    100.000000
                          ...    
2023-05-01 19:00:00     59.509087
2023-05-01 20:00:00     59.372422
2023-05-01 21:00:00     59.671377
2023-05-01 22:00:00     59.936165
2023-05-01 23:00:00     59.936165
Freq: H, Length: 11664, dtype: float64",2022-01-01,2023-05-01 23:00:00,486 days,100.0,54.08654272583808,138.4580583181178,59.936165177132224,-40.063834822867776,-70.17976286600607,37.07133058984911,100.0,60.93651508417792,275 days 07:00:00,143,0.0,72,32.3943661971831,31.785944551902002,-16.10256410256409,7.443021177524314,-4.148242258296021,4 days 05:41:44.347826086,1 days 14:41:15,0.7888862615595783,-0.5502038261733349,-0.3710230738380249,-0.5237763813019518,0.980947273273826,-0.5216725767588138,long
143,"{'window_k': 12, 'window_d': 132, 'window_ma': 237}","open_time
2022-01-01 00:00:00    100.000000
2022-01-01 01:00:00    100.000000
2022-01-01 02:00:00    100.000000
2022-01-01 03:00:00    100.000000
2022-01-01 04:00:00    100.000000
                          ...    
2023-05-01 19:00:00     59.509087
2023-05-01 20:00:00     59.372422
2023-05-01 21:00:00     59.671377
2023-05-01 22:00:00     59.936165
2023-05-01 23:00:00     59.936165
Freq: H, Length: 11664, dtype: float64",2022-01-01,2023-05-01 23:00:00,486 days,100.0,54.08654272583808,138.4580583181178,59.936165177132224,-40.063834822867776,-70.17976286600607,37.07133058984911,100.0,60.93651508417792,275 days 07:00:00,143,0.0,72,32.3943661971831,31.785944551902002,-16.10256410256409,7.443021177524314,-4.148242258296021,4 days 05:41:44.347826086,1 days 14:41:15,0.7888862615595783,-0.5502038261733349,-0.3710230738380249,-0.5237763813019518,0.980947273273826,-0.5216725767588138,long
140,"{'window_k': 12, 'window_d': 132, 'window_ma': 192}","open_time
2022-01-01 00:00:00    100.000000
2022-01-01 01:00:00    100.000000
2022-01-01 02:00:00    100.000000
2022-01-01 03:00:00    100.000000
2022-01-01 04:00:00    100.000000
                          ...    
2023-05-01 19:00:00     59.509087
2023-05-01 20:00:00     59.372422
2023-05-01 21:00:00     59.671377
2023-05-01 22:00:00     59.936165
2023-05-01 23:00:00     59.936165
Freq: H, Length: 11664, dtype: float64",2022-01-01,2023-05-01 23:00:00,486 days,100.0,54.08654272583808,138.4580583181178,59.936165177132224,-40.063834822867776,-70.17976286600607,37.07133058984911,100.0,60.93651508417792,275 days 07:00:00,143,0.0,72,32.3943661971831,31.785944551902002,-16.10256410256409,7.443021177524314,-4.148242258296021,4 days 05:41:44.347826086,1 days 14:41:15,0.7888862615595783,-0.5502038261733349,-0.3710230738380249,-0.5237763813019518,0.980947273273826,-0.5216725767588138,long
139,"{'window_k': 12, 'window_d': 132, 'window_ma': 177}","open_time
2022-01-01 00:00:00    100.000000
2022-01-01 01:00:00    100.000000
2022-01-01 02:00:00    100.000000
2022-01-01 03:00:00    100.000000
2022-01-01 04:00:00    100.000000
                          ...    
2023-05-01 19:00:00     59.509087
2023-05-01 20:00:00     59.372422
2023-05-01 21:00:00     59.671377
2023-05-01 22:00:00     59.936165
2023-05-01 23:00:00     59.936165
Freq: H, Length: 11664, dtype: float64",2022-01-01,2023-05-01 23:00:00,486 days,100.0,54.08654272583808,138.4580583181178,59.936165177132224,-40.063834822867776,-70.17976286600607,37.07133058984911,100.0,60.93651508417792,275 days 07:00:00,143,0.0,72,32.3943661971831,31.785944551902002,-16.10256410256409,7.443021177524314,-4.148242258296021,4 days 05:41:44.347826086,1 days 14:41:15,0.7888862615595783,-0.5502038261733349,-0.3710230738380249,-0.5237763813019518,0.980947273273826,-0.5216725767588138,long
141,"{'window_k': 12, 'window_d': 132, 'window_ma': 207}","open_time
2022-01-01 00:00:00    100.000000
2022-01-01 01:00:00    100.000000
2022-01-01 02:00:00    100.000000
2022-01-01 03:00:00    100.000000
2022-01-01 04:00:00    100.000000
                          ...    
2023-05-01 19:00:00     59.509087
2023-05-01 20:00:00     59.372422
2023-05-01 21:00:00     59.671377
2023-05-01 22:00:00     59.936165
2023-05-01 23:00:00     59.936165
Freq: H, Length: 11664, dtype: float64",2022-01-01,2023-05-01 23:00:00,486 days,100.0,54.08654272583808,138.4580583181178,59.936165177132224,-40.063834822867776,-70.17976286600607,37.07133058984911,100.0,60.93651508417792,275 days 07:00:00,143,0.0,72,32.3943661971831,31.785944551902002,-16.10256410256409,7.443021177524314,-4.148242258296021,4 days 05:41:44.347826086,1 days 14:41:15,0.7888862615595783,-0.5502038261733349,-0.3710230738380249,-0.5237763813019518,0.980947273273826,-0.5216725767588138,long
3669,"{'window_k': 222, 'window_d': 87, 'window_ma': 87}","open_time
2022-01-01 00:00:00    100.000000
2022-01-01 01:00:00    100.000000
2022-01-01 02:00:00    100.000000
2022-01-01 03:00:00    100.000000
2022-01-01 04:00:00    100.000000
                          ...    
2023-05-01 19:00:00     59.613892
2023-05-01 20:00:00     59.613892
2023-05-01 21:00:00     59.613892
2023-05-01 22:00:00     59.613892
2023-05-01 23:00:00     59.613892
Freq: H, Length: 11664, dtype: float64",2022-01-01,2023-05-01 23:00:00,486 days,100.0,43.913719086419306,113.90400857754061,59.61389151919907,-40.38610848080093,-70.17976286600607,38.74314128943759,100.0,61.446730773724376,309 days 12:00:00,68,0.0,34,35.294117647058826,30.365599545368454,-21.52395915161037,12.622483185661851,-8.082617862950823,8 days 09:55:00,3 days 23:16:21.818181818,0.7189852157653679,-1.1878267200235562,-0.21427660515451807,-0.5239046351605625,0.9881308707454175,-0.32553807543571683,long
497,"{'window_k': 27, 'window_d': 237, 'window_ma': 27}","open_time
2022-01-01 00:00:00    100.000000
2022-01-01 01:00:00    100.000000
2022-01-01 02:00:00    100.000000
2022-01-01 03:00:00    100.000000
2022-01-01 04:00:00    100.000000
                          ...    
2023-05-01 19:00:00     58.889324
2023-05-01 20:00:00     58.754083
2023-05-01 21:00:00     59.049924
2023-05-01 22:00:00     59.311955
2023-05-01 23:00:00     59.311955
Freq: H, Length: 11664, dtype: float64",2022-01-01,2023-05-01 23:00:00,486 days,100.0,46.44151226546357,121.95332487473823,59.31195485629394,-40.68804514370606,-70.17976286600607,16.5380658436214,100.0,61.91861737827568,424 days 03:00:00,57,0.0,29,35.714285714285715,20.00388048117967,-22.08173402573943,6.631137622119231,-5.908473940251242,3 days 14:54:00,2 days 08:00:00,0.5266256567579424,-1.4277866434854976,-0.8853007086886514,-0.5240802032408328,0.9374200169894117,-1.2110362487131243,long
1273,"{'window_k': 72, 'window_d': 237, 'window_ma': 147}","open_time
2022-01-01 00:00:00    100.000000
2022-01-01 01:00:00    100.000000
2022-01-01 02:00:00    100.000000
2022-01-01 03:00:00    100.000000
2022-01-01 04:00:00    100.000000
                          ...    
2023-05-01 19:00:00     55.207646
2023-05-01 20:00:00     55.207646
2023-05-01 21:00:00     55.207646
2023-05-01 22:00:00     55.207646
2023-05-01 23:00:00     55.207646
Freq: H, Length: 11664, dtype: float64",2022-01-01,2023-05-01 23:00:00,486 days,100.0,38.58390098830291,123.08773550999659,55.20764635293327,-44.79235364706673,-70.17976286600607,34.25068587105624,100.0,68.65333428352062,430 days 01:00:00,48,0.0,24,41.66666666666667,31.60525828550268,-26.827921360724538,8.473588664633336,-9.161580412881834,8 days 06:54:00,5 days 23:17:08.571428571,0.5281493894367985,-1.8663480686277811,-0.612610824243961,-0.5242577010435018,0.9689375369488915,-0.8469975779298602,long
1032,"{'window_k': 72, 'window_d': 12, 'window_ma': 132}","open_time
2022-01-01 00:00:00    100.000000
2022-01-01 01:00:00    100.000000
2022-01-01 02:00:00    100.000000
2022-01-01 03:00:00    100.000000
2022-01-01 04:00:00    100.000000
                          ...    
2023-05-01 19:00:00     54.818405
2023-05-01 20:00:00     54.692512
2023-05-01 21:00:00     54.967902
2023-05-01 22:00:00     55.211819
2023-05-01 23:00:00     55.211819
Freq: H, Length: 11664, dtype: float64",2022-01-01,2023-05-01 23:00:00,486 days,100.0,31.374735160836963,100.0309652304698,55.211819381608706,-44.788180618391294,-70.17976286600607,41.615226337448554,100.0,68.63497709079378,480 days 01:00:00,467,0.0,234,32.18884120171674,39.0601217656012,-14.636025163692395,5.006167322468651,-2.5475617763650082,1 days 06:16:00,0 days 16:17:50.886075949,0.8070644337237651,-0.1923590291614159,-0.2379422669329074,-0.5243449785103835,0.9869558650293317,-0.3710601479379779,long
1955,"{'window_k': 117, 'window_d': 162, 'window_ma': 57}","open_time
2022-01-01 00:00:00    100.000000
2022-01-01 01:00:00    100.000000
2022-01-01 02:00:00    100.000000
2022-01-01 03:00:00    100.000000
2022-01-01 04:00:00    100.000000
                          ...    
2023-05-01 19:00:00     54.176286
2023-05-01 20:00:00     54.051868
2023-05-01 21:00:00     54.324033
2023-05-01 22:00:00     54.565093
2023-05-01 23:00:00     54.565093
Freq: H, Length: 11664, dtype: float64",2022-01-01,2023-05-01 23:00:00,486 days,100.0,40.4033666044013,133.15774405954767,54.56509274077892,-45.43490725922108,-70.17976286600607,24.01406035665295,100.0,69.65751643679616,451 days 16:00:00,53,0.0,27,34.61538461538461,29.676495848840545,-35.7243557209722,10.859815121449191,-7.935413986092323,5 days 09:26:40,3 days 21:10:35.294117647,0.5994922094776157,-1.7223735567891647,-0.7173457181255655,-0.5247438680391173,0.9549835923493404,-0.9646452504770286,long
3310,"{'window_k': 192, 'window_d': 222, 'window_ma': 222}","open_time
2022-01-01 00:00:00    100.000000
2022-01-01 01:00:00    100.000000
2022-01-01 02:00:00    100.000000
2022-01-01 03:00:00    100.000000
2022-01-01 04:00:00    100.000000
                          ...    
2023-05-01 19:00:00     60.007262
2023-05-01 20:00:00     60.007262
2023-05-01 21:00:00     60.007262
2023-05-01 22:00:00     60.007262
2023-05-01 23:00:00     60.007262
Freq: H, Length: 11664, dtype: float64",2022-01-01,2023-05-01 23:00:00,486 days,100.0,47.77620561970478,121.57418695510671,60.00726208420499,-39.99273791579501,-70.17976286600607,35.35665294924554,100.0,60.70201511004393,349 days 17:00:00,38,0.0,19,31.57894736842105,42.01668374067028,-22.845735832316727,13.963114670615681,-8.921660824921755,11 days 00:30:00,8 days 03:09:13.846153846,0.5476111717146139,-2.104880942936579,-0.40727498387730404,-0.5248007448642924,0.9790743624558448,-0.56716421352412,long
1038,"{'window_k': 72, 'window_d': 12, 'window_ma': 222}","open_time
2022-01-01 00:00:00    100.000000
2022-01-01 01:00:00    100.000000
2022-01-01 02:00:00    100.000000
2022-01-01 03:00:00    100.000000
2022-01-01 04:00:00    100.000000
                          ...    
2023-05-01 19:00:00     55.016647
2023-05-01 20:00:00     54.890299
2023-05-01 21:00:00     55.166685
2023-05-01 22:00:00     55.411484
2023-05-01 23:00:00     55.411484
Freq: H, Length: 11664, dtype: float64",2022-01-01,2023-05-01 23:00:00,486 days,100.0,31.77234466854369,100.0309652304698,55.41148438036632,-44.58851561963368,-70.17976286600607,41.72668038408779,100.0,68.23749066567467,480 days 01:00:00,465,0.0,233,32.327586206896555,39.060121765601224,-14.636025163692384,5.022275687835665,-2.5690274170769274,1 days 06:39:12,0 days 16:17:57.707006369,0.8096218585932559,-0.19232802850742492,-0.23373559139957736,-0.5248526757538222,0.9872103302172538,-0.3645036698056417,long
1015,"{'window_k': 57, 'window_d': 237, 'window_ma': 117}","open_time
2022-01-01 00:00:00    100.000000
2022-01-01 01:00:00    100.000000
2022-01-01 02:00:00    100.000000
2022-01-01 03:00:00    100.000000
2022-01-01 04:00:00    100.000000
                          ...    
2023-05-01 19:00:00     54.744681
2023-05-01 20:00:00     54.744681
2023-05-01 21:00:00     55.020334
2023-05-01 22:00:00     55.264484
2023-05-01 23:00:00     55.264484
Freq: H, Length: 11664, dtype: float64",2022-01-01,2023-05-01 23:00:00,486 days,100.0,39.946276556479695,126.55976741141153,55.26448401705045,-44.73551598294955,-70.17976286600607,29.106652949245543,100.0,68.4368284064357,430 days 01:00:00,53,0.0,27,30.76923076923077,26.488592097940995,-22.72123893805309,9.130342412322886,-6.6965911062674754,7 days 10:07:30,4 days 13:13:20,0.511805475118382,-1.740589182301675,-0.6825924101938838,-0.5251931631561401,0.9629445737978198,-0.9444948202350472,long
2270,"{'window_k': 132, 'window_d': 207, 'window_ma': 222}","open_time
2022-01-01 00:00:00    100.000000
2022-01-01 01:00:00    100.000000
2022-01-01 02:00:00    100.000000
2022-01-01 03:00:00    100.000000
2022-01-01 04:00:00    100.000000
                          ...    
2023-05-01 19:00:00     55.534847
2023-05-01 20:00:00     55.534847
2023-05-01 21:00:00     55.534847
2023-05-01 22:00:00     55.534847
2023-05-01 23:00:00     55.534847
Freq: H, Length: 11664, dtype: float64",2022-01-01,2023-05-01 23:00:00,486 days,100.0,39.23694953609877,122.55480607082632,55.534847105704635,-44.465152894295365,-70.17976286600607,34.96227709190672,100.0,67.98416088764147,451 days 16:00:00,45,0.0,23,36.36363636363637,40.366300366300365,-25.733259546209187,12.883997799967279,-9.979931062870758,9 days 15:52:30,6 days 14:38:34.285714285,0.5441388847476454,-2.0211433133770615,-0.5198746543984561,-0.5252302854354813,0.9737063093483914,-0.7241550388246728,long
1841,"{'window_k': 117, 'window_d': 57, 'window_ma': 27}","open_time
2022-01-01 00:00:00    100.000000
2022-01-01 01:00:00    100.000000
2022-01-01 02:00:00    100.000000
2022-01-01 03:00:00    100.000000
2022-01-01 04:00:00    100.000000
                          ...    
2023-05-01 19:00:00     64.928117
2023-05-01 20:00:00     64.779007
2023-05-01 21:00:00     65.105185
2023-05-01 22:00:00     65.394086
2023-05-01 23:00:00     65.394086
Freq: H, Length: 11664, dtype: float64",2022-01-01,2023-05-01 23:00:00,486 days,100.0,61.14557313483215,127.32902514094458,65.39408558798414,-34.60591441201586,-70.17976286600607,28.25788751714678,100.0,51.978291621138105,430 days 01:00:00,109,0.0,55,29.629629629629626,28.4412955465587,-20.093245394587207,8.578978197474603,-4.283113046595388,3 days 11:52:30,1 days 23:45:47.368421052,0.7541683317871947,-0.6553470793641529,-0.3759973141921119,-0.5254457528540791,0.9782656606715515,-0.5247792797018437,long
1352,"{'window_k': 87, 'window_d': 72, 'window_ma': 132}","open_time
2022-01-01 00:00:00    100.000000
2022-01-01 01:00:00    100.000000
2022-01-01 02:00:00    100.000000
2022-01-01 03:00:00    100.000000
2022-01-01 04:00:00    100.000000
                          ...    
2023-05-01 19:00:00     60.067584
2023-05-01 20:00:00     60.067584
2023-05-01 21:00:00     60.067584
2023-05-01 22:00:00     60.067584
2023-05-01 23:00:00     60.067584
Freq: H, Length: 11664, dtype: float64",2022-01-01,2023-05-01 23:00:00,486 days,100.0,51.567005771083,130.6086522125038,60.06758449179114,-39.93241550820886,-70.17976286600607,42.08676268861454,100.0,60.51792519290217,275 days 07:00:00,112,0.0,56,35.714285714285715,25.389863547758296,-17.183166525985776,9.14785156264454,-5.895805745986623,5 days 06:00:00,2 days 18:21:40,0.7939402836211206,-0.7130788483608725,-0.19145790846009195,-0.5255471423409616,0.9899239109710525,-0.28773365499990033,long
1452,"{'window_k': 87, 'window_d': 162, 'window_ma': 192}","open_time
2022-01-01 00:00:00    100.000000
2022-01-01 01:00:00    100.000000
2022-01-01 02:00:00    100.000000
2022-01-01 03:00:00    100.000000
2022-01-01 04:00:00    100.000000
                          ...    
2023-05-01 19:00:00     55.389199
2023-05-01 20:00:00     55.261996
2023-05-01 21:00:00     55.540254
2023-05-01 22:00:00     55.786711
2023-05-01 23:00:00     55.786711
Freq: H, Length: 11664, dtype: float64",2022-01-01,2023-05-01 23:00:00,486 days,100.0,41.394139076994115,127.46631585905423,55.786710527112646,-44.213289472887354,-70.17976286600607,42.009602194787384,100.0,67.52542913159455,451 days 16:00:00,65,0.0,33,28.125,38.6752778612196,-20.136518771331055,18.293880405831626,-8.295428478140582,10 days 07:13:20,4 days 17:26:05.217391304,0.7055490607432091,-1.3781870737310769,-0.40100237163463426,-0.5255572234432575,0.980991610229091,-0.5553225968737269,long
723,"{'window_k': 42, 'window_d': 207, 'window_ma': 57}","open_time
2022-01-01 00:00:00    100.000000
2022-01-01 01:00:00    100.000000
2022-01-01 02:00:00    100.000000
2022-01-01 03:00:00    100.000000
2022-01-01 04:00:00    100.000000
                          ...    
2023-05-01 19:00:00     54.072387
2023-05-01 20:00:00     53.948207
2023-05-01 21:00:00     54.219850
2023-05-01 22:00:00     54.460448
2023-05-01 23:00:00     54.460448
Freq: H, Length: 11664, dtype: float64",2022-01-01,2023-05-01 23:00:00,486 days,100.0,35.41746918259555,116.94095964897163,54.460447509409136,-45.539552490590864,-70.17976286600607,24.25411522633745,100.0,69.71337563082243,451 days 16:00:00,61,0.0,31,36.666666666666664,30.74575624642381,-31.79342947758962,9.182743319516659,-7.4162581816698765,4 days 11:49:05.454545454,3 days 11:37:53.684210526,0.549735502641044,-1.4965123874552053,-0.7698679683074972,-0.5256345928011975,0.9522700382593825,-1.0202877073773702,long
1035,"{'window_k': 72, 'window_d': 12, 'window_ma': 177}","open_time
2022-01-01 00:00:00    100.000000
2022-01-01 01:00:00    100.000000
2022-01-01 02:00:00    100.000000
2022-01-01 03:00:00    100.000000
2022-01-01 04:00:00    100.000000
                          ...    
2023-05-01 19:00:00     54.936786
2023-05-01 20:00:00     54.810621
2023-05-01 21:00:00     55.086606
2023-05-01 22:00:00     55.331050
2023-05-01 23:00:00     55.331050
Freq: H, Length: 11664, dtype: float64",2022-01-01,2023-05-01 23:00:00,486 days,100.0,31.752311664339015,100.0309652304698,55.33105022351702,-44.66894977648298,-70.17976286600607,41.85528120713306,100.0,68.25751746853369,480 days 01:00:00,467,0.0,234,32.18884120171674,39.06012176560122,-14.636025163692382,5.02116995183014,-2.553166811287808,1 days 06:37:36,0 days 16:18:13.670886075,0.8092025047290814,-0.1918476005130867,-0.23498315543534004,-0.5257240082818532,0.9871586520429618,-0.3664024460576843,long
945,"{'window_k': 57, 'window_d': 177, 'window_ma': 27}","open_time
2022-01-01 00:00:00    100.000000
2022-01-01 01:00:00    100.000000
2022-01-01 02:00:00    100.000000
2022-01-01 03:00:00    100.000000
2022-01-01 04:00:00    100.000000
                          ...    
2023-05-01 19:00:00     62.246855
2023-05-01 20:00:00     62.103902
2023-05-01 21:00:00     62.416611
2023-05-01 22:00:00     62.693581
2023-05-01 23:00:00     62.693581
Freq: H, Length: 11664, dtype: float64",2022-01-01,2023-05-01 23:00:00,486 days,100.0,52.81661608691601,120.75125043547504,62.69358118763326,-37.30641881236674,-70.17976286600607,24.108367626886146,100.0,56.25998414389982,451 days 16:00:00,63,0.0,32,35.483870967741936,22.375660211267608,-26.766441214563248,8.314563931276309,-6.183121427760199,3 days 07:16:21.818181818,3 days 21:45:00,0.6577780002992494,-1.1996861274735466,-0.5474085656615447,-0.5257368276471123,0.9665371131018538,-0.7575237138735577,long
2213,"{'window_k': 132, 'window_d': 162, 'window_ma': 87}","open_time
2022-01-01 00:00:00    100.000000
2022-01-01 01:00:00    100.000000
2022-01-01 02:00:00    100.000000
2022-01-01 03:00:00    100.000000
2022-01-01 04:00:00    100.000000
                          ...    
2023-05-01 19:00:00     55.224588
2023-05-01 20:00:00     55.224588
2023-05-01 21:00:00     55.224588
2023-05-01 22:00:00     55.224588
2023-05-01 23:00:00     55.224588
Freq: H, Length: 11664, dtype: float64",2022-01-01,2023-05-01 23:00:00,486 days,100.0,43.361360786628644,137.07381968532513,55.224588302959575,-44.775411697040425,-70.17976286600607,35.68244170096022,100.0,68.3664168065269,391 days 18:00:00,54,0.0,27,33.33333333333333,29.36090225563911,-26.321913380736923,14.275626699219846,-9.028236772969334,8 days 18:46:40,5 days 05:50:00,0.6825445548107908,-1.658348581371869,-0.5017024258942345,-0.5262421129233535,0.974218936982547,-0.6930647184853028,long
3267,"{'window_k': 192, 'window_d': 192, 'window_ma': 57}","open_time
2022-01-01 00:00:00    100.00000
2022-01-01 01:00:00    100.00000
2022-01-01 02:00:00    100.00000
2022-01-01 03:00:00    100.00000
2022-01-01 04:00:00    100.00000
                         ...    
2023-05-01 19:00:00     60.08429
2023-05-01 20:00:00     60.08429
2023-05-01 21:00:00     60.08429
2023-05-01 22:00:00     60.08429
2023-05-01 23:00:00     60.08429
Freq: H, Length: 11664, dtype: float64",2022-01-01,2023-05-01 23:00:00,486 days,100.0,47.82977807109578,120.77040961725244,60.08428968612808,-39.91571031387192,-70.17976286600607,23.722565157750342,100.0,60.39611174402844,424 days 03:00:00,40,0.0,20,30.0,28.202730503085828,-14.332247557003248,11.001001128253957,-7.536340962912072,5 days 20:30:00,5 days 17:25:42.857142857,0.5332700857468821,-1.9957855156935942,-0.7210672381175856,-0.526371294468522,0.9553470031808071,-1.0000245623770816,long
727,"{'window_k': 42, 'window_d': 207, 'window_ma': 117}","open_time
2022-01-01 00:00:00    100.000000
2022-01-01 01:00:00    100.000000
2022-01-01 02:00:00    100.000000
2022-01-01 03:00:00    100.000000
2022-01-01 04:00:00    100.000000
                          ...    
2023-05-01 19:00:00     53.212878
2023-05-01 20:00:00     53.090673
2023-05-01 21:00:00     53.357997
2023-05-01 22:00:00     53.594771
2023-05-01 23:00:00     53.594771
Freq: H, Length: 11664, dtype: float64",2022-01-01,2023-05-01 23:00:00,486 days,100.0,36.59340519411359,126.3674588593679,53.594770594773166,-46.405229405226834,-70.17976286600607,32.82750342935528,100.0,71.0420661106767,451 days 16:00:00,61,0.0,31,33.33333333333333,31.39423993896625,-31.793429477589612,10.551027748232885,-7.307351550057999,7 days 15:06:00,4 days 01:12:00,0.5860407230711973,-1.5257096041855998,-0.6253189648305948,-0.5264713802302966,0.9667374684137374,-0.837217299453252,long
2811,"{'window_k': 162, 'window_d': 237, 'window_ma': 177}","open_time
2022-01-01 00:00:00    100.000000
2022-01-01 01:00:00    100.000000
2022-01-01 02:00:00    100.000000
2022-01-01 03:00:00    100.000000
2022-01-01 04:00:00    100.000000
                          ...    
2023-05-01 19:00:00     64.207703
2023-05-01 20:00:00     64.207703
2023-05-01 21:00:00     64.207703
2023-05-01 22:00:00     64.207703
2023-05-01 23:00:00     64.207703
Freq: H, Length: 11664, dtype: float64",2022-01-01,2023-05-01 23:00:00,486 days,100.0,59.545050338447,128.76051629766877,64.20770300915896,-35.79229699084104,-70.17976286600607,34.3278463648834,100.0,53.755194487733604,349 days 17:00:00,36,0.0,18,33.33333333333333,41.81765049678551,-22.041175822965968,13.926716244263579,-9.196074710279103,12 days 04:10:00,7 days 19:35:00,0.6197610134262043,-1.9884609439356136,-0.3577469262610137,-0.5265429372576491,0.9810967694543734,-0.499209272387524,long
2735,"{'window_k': 162, 'window_d': 162, 'window_ma': 237}","open_time
2022-01-01 00:00:00    100.000000
2022-01-01 01:00:00    100.000000
2022-01-01 02:00:00    100.000000
2022-01-01 03:00:00    100.000000
2022-01-01 04:00:00    100.000000
                          ...    
2023-05-01 19:00:00     56.323791
2023-05-01 20:00:00     56.194441
2023-05-01 21:00:00     56.477394
2023-05-01 22:00:00     56.728009
2023-05-01 23:00:00     56.728009
Freq: H, Length: 11664, dtype: float64",2022-01-01,2023-05-01 23:00:00,486 days,100.0,45.689219661952414,133.78455395889188,56.72800891859706,-43.27199108140294,-70.17976286600607,37.68004115226338,100.0,65.84865867550644,391 days 18:00:00,51,0.0,26,32.0,38.16119051127154,-21.59383033419023,13.557402183651652,-8.429479519160255,9 days 14:07:30,6 days 03:52:56.470588235,0.6173154708301958,-1.7169745306239417,-0.45966221464132623,-0.5265510014995524,0.9773393223180088,-0.6457151088304668,long
1465,"{'window_k': 87, 'window_d': 177, 'window_ma': 147}","open_time
2022-01-01 00:00:00    100.000000
2022-01-01 01:00:00    100.000000
2022-01-01 02:00:00    100.000000
2022-01-01 03:00:00    100.000000
2022-01-01 04:00:00    100.000000
                          ...    
2023-05-01 19:00:00     47.890213
2023-05-01 20:00:00     47.780231
2023-05-01 21:00:00     48.020816
2023-05-01 22:00:00     48.233906
2023-05-01 23:00:00     48.233906
Freq: H, Length: 11664, dtype: float64",2022-01-01,2023-05-01 23:00:00,486 days,100.0,30.114684064238894,151.02997569355136,48.2339057636265,-51.7660942363735,-70.17976286600607,36.84842249657064,100.0,80.06045890827437,391 days 18:00:00,55,0.0,28,33.33333333333333,29.197355996222857,-34.2081447963801,14.424158034498038,-9.640161520393221,9 days 04:06:40,5 days 05:46:40,0.6223495827156609,-1.8925677555437366,-0.6390971353872433,-0.5266681168027764,0.9680808001142246,-0.872804064492553,long
1536,"{'window_k': 102, 'window_d': 12, 'window_ma': 12}","open_time
2022-01-01 00:00:00    100.000000
2022-01-01 01:00:00    100.000000
2022-01-01 02:00:00    100.000000
2022-01-01 03:00:00    100.000000
2022-01-01 04:00:00    100.000000
                          ...    
2023-05-01 19:00:00     59.759369
2023-05-01 20:00:00     59.622129
2023-05-01 21:00:00     59.922341
2023-05-01 22:00:00     59.922341
2023-05-01 23:00:00     59.922341
Freq: H, Length: 11664, dtype: float64",2022-01-01,2023-05-01 23:00:00,486 days,100.0,39.57625278953772,100.41296625222026,59.92234137802157,-40.07765862197843,-70.17976286600607,30.572702331961594,100.0,60.58651161630967,480 days 01:00:00,458,0.0,229,35.80786026200873,35.12278697886922,-16.33320749968543,3.8745119250771496,-2.3401634113306766,0 days 21:27:48.292682926,0 days 12:07:23.835616438,0.8106305324563707,-0.1750116097029618,-0.26151510699281083,-0.5269968526754859,0.9832138512434381,-0.40932999620539195,long
2445,"{'window_k': 147, 'window_d': 132, 'window_ma': 207}","open_time
2022-01-01 00:00:00    100.000000
2022-01-01 01:00:00    100.000000
2022-01-01 02:00:00    100.000000
2022-01-01 03:00:00    100.000000
2022-01-01 04:00:00    100.000000
                          ...    
2023-05-01 19:00:00     59.476464
2023-05-01 20:00:00     59.339873
2023-05-01 21:00:00     59.638664
2023-05-01 22:00:00     59.903308
2023-05-01 23:00:00     59.903308
Freq: H, Length: 11664, dtype: float64",2022-01-01,2023-05-01 23:00:00,486 days,100.0,50.089580205442346,127.14449729375102,59.90330770319633,-40.09669229680367,-70.17976286600607,37.81721536351166,100.0,60.60420917020356,451 days 16:00:00,63,0.0,32,35.483870967741936,33.1316187594554,-13.416733616435211,10.317834038797763,-7.312067816413949,7 days 14:10:54.545454545,4 days 20:51:00,0.6621734992829887,-1.2895863204973481,-0.3675252482572317,-0.5271109183609679,0.9818407379445382,-0.5088333686372305,long
3345,"{'window_k': 207, 'window_d': 27, 'window_ma': 27}","open_time
2022-01-01 00:00:00    100.000000
2022-01-01 01:00:00    100.000000
2022-01-01 02:00:00    100.000000
2022-01-01 03:00:00    100.000000
2022-01-01 04:00:00    100.000000
                          ...    
2023-05-01 19:00:00     57.664709
2023-05-01 20:00:00     57.664709
2023-05-01 21:00:00     57.664709
2023-05-01 22:00:00     57.664709
2023-05-01 23:00:00     57.664709
Freq: H, Length: 11664, dtype: float64",2022-01-01,2023-05-01 23:00:00,486 days,100.0,42.59315543548522,119.09918640190976,57.66470873412848,-42.33529126587152,-70.17976286600607,29.809670781893004,100.0,64.23724063760503,453 days 11:00:00,194,0.0,97,37.11340206185567,24.72466960352423,-14.131233595800532,5.051375840596308,-3.610060905171217,2 days 02:41:40,1 days 03:04:55.081967213,0.7142579766507559,-0.43644630171001597,-0.519256018086726,-0.5271739790382761,0.9703135238952126,-0.7266897247267747,long
2552,"{'window_k': 147, 'window_d': 237, 'window_ma': 132}","open_time
2022-01-01 00:00:00    100.000000
2022-01-01 01:00:00    100.000000
2022-01-01 02:00:00    100.000000
2022-01-01 03:00:00    100.000000
2022-01-01 04:00:00    100.000000
                          ...    
2023-05-01 19:00:00     64.355156
2023-05-01 20:00:00     64.355156
2023-05-01 21:00:00     64.355156
2023-05-01 22:00:00     64.355156
2023-05-01 23:00:00     64.355156
Freq: H, Length: 11664, dtype: float64",2022-01-01,2023-05-01 23:00:00,486 days,100.0,55.30941765794775,118.78639288997854,64.35515558810205,-35.64484441189795,-70.17976286600607,30.272633744855966,100.0,53.437918003642025,451 days 16:00:00,36,0.0,18,27.77777777777778,43.35040234089247,-22.360524561013555,18.960271940846564,-9.106335080526895,11 days 06:48:00,6 days 23:27:41.538461538,0.6319034353550169,-1.9802691339943301,-0.4067202136410041,-0.5273558297734461,0.9772207384223711,-0.5676911945758497,long
1532,"{'window_k': 87, 'window_d': 237, 'window_ma': 192}","open_time
2022-01-01 00:00:00    100.000000
2022-01-01 01:00:00    100.000000
2022-01-01 02:00:00    100.000000
2022-01-01 03:00:00    100.000000
2022-01-01 04:00:00    100.000000
                          ...    
2023-05-01 19:00:00     57.143247
2023-05-01 20:00:00     57.143247
2023-05-01 21:00:00     57.143247
2023-05-01 22:00:00     57.143247
2023-05-01 23:00:00     57.143247
Freq: H, Length: 11664, dtype: float64",2022-01-01,2023-05-01 23:00:00,486 days,100.0,36.976048416076914,105.71495218101236,57.14324685660285,-42.85675314339715,-70.17976286600607,37.165637860082306,100.0,65.02287741400669,469 days 22:00:00,50,0.0,25,36.0,41.10275689223058,-18.628411476557034,12.358181592306511,-9.145858462301208,9 days 13:13:20,5 days 22:00:00,0.5561130673702874,-1.714270125735886,-0.5049643297646841,-0.5277200179766104,0.9749792705365253,-0.7057299915217745,long
3681,"{'window_k': 222, 'window_d': 102, 'window_ma': 27}","open_time
2022-01-01 00:00:00    100.000000
2022-01-01 01:00:00    100.000000
2022-01-01 02:00:00    100.000000
2022-01-01 03:00:00    100.000000
2022-01-01 04:00:00    100.000000
                          ...    
2023-05-01 19:00:00     61.296592
2023-05-01 20:00:00     61.155822
2023-05-01 21:00:00     61.463757
2023-05-01 22:00:00     61.736499
2023-05-01 23:00:00     61.736499
Freq: H, Length: 11664, dtype: float64",2022-01-01,2023-05-01 23:00:00,486 days,100.0,54.91150023587365,129.4106941480817,61.73649880434897,-38.26350119565103,-70.17976286600607,26.080246913580247,100.0,57.56803516327662,451 days 16:00:00,61,0.0,31,43.333333333333336,24.83314794215796,-19.501600365797888,6.798329131827605,-7.250794722217776,3 days 02:41:32.307692307,4 days 21:42:21.176470588,0.6384751476425303,-1.271344244485404,-0.5638850138868626,-0.5278431843062815,0.9666645310935763,-0.7781947211870104,long
1962,"{'window_k': 117, 'window_d': 162, 'window_ma': 162}","open_time
2022-01-01 00:00:00    100.000000
2022-01-01 01:00:00    100.000000
2022-01-01 02:00:00    100.000000
2022-01-01 03:00:00    100.000000
2022-01-01 04:00:00    100.000000
                          ...    
2023-05-01 19:00:00     54.102104
2023-05-01 20:00:00     53.977856
2023-05-01 21:00:00     54.249648
2023-05-01 22:00:00     54.490378
2023-05-01 23:00:00     54.490378
Freq: H, Length: 11664, dtype: float64",2022-01-01,2023-05-01 23:00:00,486 days,100.0,42.33212216533478,138.2075319499432,54.490378132628074,-45.509621867371926,-70.17976286600607,36.60836762688614,100.0,69.37061130599822,391 days 18:00:00,53,0.0,27,26.923076923076923,41.10787172011661,-35.7243557209722,18.5025474423998,-8.323437253372322,10 days 22:51:25.714285714,5 days 05:09:28.421052631,0.6532063017051158,-1.7252815956863436,-0.46106899401080137,-0.5278548419797447,0.9764250189066788,-0.6345733719487602,long
2181,"{'window_k': 132, 'window_d': 132, 'window_ma': 87}","open_time
2022-01-01 00:00:00    100.000000
2022-01-01 01:00:00    100.000000
2022-01-01 02:00:00    100.000000
2022-01-01 03:00:00    100.000000
2022-01-01 04:00:00    100.000000
                          ...    
2023-05-01 19:00:00     60.552164
2023-05-01 20:00:00     60.552164
2023-05-01 21:00:00     60.552164
2023-05-01 22:00:00     60.552164
2023-05-01 23:00:00     60.552164
Freq: H, Length: 11664, dtype: float64",2022-01-01,2023-05-01 23:00:00,486 days,100.0,52.231615347634836,128.65678247399867,60.55216358094875,-39.44783641905125,-70.17976286600607,38.73456790123457,100.0,59.402361583081905,451 days 16:00:00,64,0.0,32,34.375,40.01928640308582,-17.430635252818476,11.030954335892789,-7.157312731653431,6 days 17:00:00,5 days 10:48:34.285714285,0.6974517220115326,-1.2327448880953513,-0.34817766050921223,-0.5284682439685348,0.9830142871261662,-0.4833496929752961,long
2732,"{'window_k': 162, 'window_d': 162, 'window_ma': 192}","open_time
2022-01-01 00:00:00    100.000000
2022-01-01 01:00:00    100.000000
2022-01-01 02:00:00    100.000000
2022-01-01 03:00:00    100.000000
2022-01-01 04:00:00    100.000000
                          ...    
2023-05-01 19:00:00     56.469240
2023-05-01 20:00:00     56.339557
2023-05-01 21:00:00     56.623240
2023-05-01 22:00:00     56.874503
2023-05-01 23:00:00     56.874503
Freq: H, Length: 11664, dtype: float64",2022-01-01,2023-05-01 23:00:00,486 days,100.0,45.85878444707038,132.34131203673044,56.874502722943895,-43.125497277056105,-70.17976286600607,38.14300411522634,100.0,65.34809596390991,391 days 18:00:00,51,0.0,26,32.0,38.161190511271535,-21.59383033419023,14.259768782759338,-8.70104190781073,9 days 06:30:00,6 days 10:38:49.411764705,0.6347864414638218,-1.7110788700357196,-0.45638467801696353,-0.5286461426891768,0.9776360420623771,-0.6418215503081454,long
616,"{'window_k': 42, 'window_d': 102, 'window_ma': 132}","open_time
2022-01-01 00:00:00    100.000000
2022-01-01 01:00:00    100.000000
2022-01-01 02:00:00    100.000000
2022-01-01 03:00:00    100.000000
2022-01-01 04:00:00    100.000000
                          ...    
2023-05-01 19:00:00     57.799956
2023-05-01 20:00:00     57.799956
2023-05-01 21:00:00     57.799956
2023-05-01 22:00:00     57.799956
2023-05-01 23:00:00     57.799956
Freq: H, Length: 11664, dtype: float64",2022-01-01,2023-05-01 23:00:00,486 days,100.0,51.0625068724425,141.1294934899298,57.79995639522975,-42.20004360477025,-70.17976286600607,43.46707818930041,100.0,63.818684805181405,275 days 07:00:00,96,0.0,48,37.5,28.20419103313841,-22.458836443468723,9.946960743615149,-7.2227465969723195,6 days 00:36:40,3 days 10:39:18.620689655,0.7802507440880005,-0.8791675750993804,-0.21911298453147615,-0.5288065609414528,0.9886441337694332,-0.32802502114313387,long
2515,"{'window_k': 147, 'window_d': 207, 'window_ma': 57}","open_time
2022-01-01 00:00:00    100.000000
2022-01-01 01:00:00    100.000000
2022-01-01 02:00:00    100.000000
2022-01-01 03:00:00    100.000000
2022-01-01 04:00:00    100.000000
                          ...    
2023-05-01 19:00:00     58.991946
2023-05-01 20:00:00     58.991946
2023-05-01 21:00:00     58.991946
2023-05-01 22:00:00     58.991946
2023-05-01 23:00:00     58.991946
Freq: H, Length: 11664, dtype: float64",2022-01-01,2023-05-01 23:00:00,486 days,100.0,45.93663174104117,120.44124501527784,58.99194607980659,-41.00805392019341,-70.17976286600607,22.307956104252398,100.0,61.85971696389044,451 days 16:00:00,42,0.0,21,33.33333333333333,27.62986408490039,-14.447767350727034,7.731398607896292,-6.921383422605218,7 days 14:42:51.428571428,3 days 22:30:00,0.46442578307216625,-1.9527644723901614,-0.8058655479414131,-0.5290069697755208,0.9497416925221327,-1.1032171393951145,long
2012,"{'window_k': 117, 'window_d': 207, 'window_ma': 192}","open_time
2022-01-01 00:00:00    100.000000
2022-01-01 01:00:00    100.000000
2022-01-01 02:00:00    100.000000
2022-01-01 03:00:00    100.000000
2022-01-01 04:00:00    100.000000
                          ...    
2023-05-01 19:00:00     53.988372
2023-05-01 20:00:00     53.864386
2023-05-01 21:00:00     54.135606
2023-05-01 22:00:00     54.375830
2023-05-01 23:00:00     54.375830
Freq: H, Length: 11664, dtype: float64",2022-01-01,2023-05-01 23:00:00,486 days,100.0,37.84210358833463,123.32071236242297,54.37583002826933,-45.62416997173067,-70.17976286600607,38.96604938271605,100.0,69.31407314845718,391 days 18:00:00,47,0.0,24,34.78260869565217,40.76349275998243,-26.480990274093713,14.33510564767284,-10.06396741095966,10 days 07:37:30,7 days 02:24:00,0.5736349906545328,-1.9762473274904568,-0.5141673396295326,-0.5297294641847885,0.9750299351784912,-0.7180504455938567,long
2234,"{'window_k': 132, 'window_d': 177, 'window_ma': 162}","open_time
2022-01-01 00:00:00    100.000000
2022-01-01 01:00:00    100.000000
2022-01-01 02:00:00    100.000000
2022-01-01 03:00:00    100.000000
2022-01-01 04:00:00    100.000000
                          ...    
2023-05-01 19:00:00     55.749572
2023-05-01 20:00:00     55.621541
2023-05-01 21:00:00     55.901609
2023-05-01 22:00:00     56.149669
2023-05-01 23:00:00     56.149669
Freq: H, Length: 11664, dtype: float64",2022-01-01,2023-05-01 23:00:00,486 days,100.0,45.99927762722702,136.86312033685192,56.149669413120165,-43.850330586879835,-70.17976286600607,35.84533607681756,100.0,66.39030477018781,391 days 18:00:00,53,0.0,27,26.923076923076923,43.68716735659375,-21.502192982456155,16.242423149654492,-7.82124764097856,10 days 18:51:25.714285714,5 days 02:53:41.052631578,0.6258396140306876,-1.6896288487424331,-0.48802202910439774,-0.5297988441110268,0.9753578871593775,-0.683195427268009,long
3506,"{'window_k': 207, 'window_d': 177, 'window_ma': 42}","open_time
2022-01-01 00:00:00    100.000000
2022-01-01 01:00:00    100.000000
2022-01-01 02:00:00    100.000000
2022-01-01 03:00:00    100.000000
2022-01-01 04:00:00    100.000000
                          ...    
2023-05-01 19:00:00     61.254018
2023-05-01 20:00:00     61.113346
2023-05-01 21:00:00     61.421067
2023-05-01 22:00:00     61.693619
2023-05-01 23:00:00     61.693619
Freq: H, Length: 11664, dtype: float64",2022-01-01,2023-05-01 23:00:00,486 days,100.0,51.36946048342563,120.60989523908307,61.69361936646521,-38.30638063353479,-70.17976286600607,23.088134430727024,100.0,57.40858543853573,451 days 16:00:00,47,0.0,24,39.130434782608695,31.726605159103748,-25.044091710758376,8.961141948419217,-8.037530224442703,4 days 10:06:40,5 days 03:38:34.285714285,0.5942956770192382,-1.6712287376372323,-0.520391514451207,-0.5299418245679536,0.9662887733341291,-0.7428995475096731,long
2506,"{'window_k': 147, 'window_d': 192, 'window_ma': 162}","open_time
2022-01-01 00:00:00    100.000000
2022-01-01 01:00:00    100.000000
2022-01-01 02:00:00    100.000000
2022-01-01 03:00:00    100.000000
2022-01-01 04:00:00    100.000000
                          ...    
2023-05-01 19:00:00     55.153790
2023-05-01 20:00:00     55.027127
2023-05-01 21:00:00     55.304202
2023-05-01 22:00:00     55.549611
2023-05-01 23:00:00     55.549611
Freq: H, Length: 11664, dtype: float64",2022-01-01,2023-05-01 23:00:00,486 days,100.0,42.942299736042635,131.49028891286645,55.54961121549523,-44.45038878450477,-70.17976286600607,33.69341563786008,100.0,67.34184699791874,391 days 18:00:00,47,0.0,24,26.08695652173913,38.90595290332017,-24.757815940114487,15.6665351343493,-7.802342619681927,10 days 23:49:59.999999999,5 days 17:21:10.588235294,0.5517566844072361,-1.9439839598923205,-0.5467298983273879,-0.5300493728412281,0.9716318737329395,-0.7656561167631262,long
2756,"{'window_k': 162, 'window_d': 192, 'window_ma': 72}","open_time
2022-01-01 00:00:00    100.000000
2022-01-01 01:00:00    100.000000
2022-01-01 02:00:00    100.000000
2022-01-01 03:00:00    100.000000
2022-01-01 04:00:00    100.000000
                          ...    
2023-05-01 19:00:00     58.464794
2023-05-01 20:00:00     58.330527
2023-05-01 21:00:00     58.624236
2023-05-01 22:00:00     58.884378
2023-05-01 23:00:00     58.884378
Freq: H, Length: 11664, dtype: float64",2022-01-01,2023-05-01 23:00:00,486 days,100.0,45.30120644076994,118.86019498029454,58.88437798858537,-41.11562201141463,-70.17976286600607,26.64609053497942,100.0,61.88698289761321,453 days 11:00:00,43,0.0,22,42.857142857142854,33.08414797776497,-24.14402474044621,6.910585108789352,-8.54403219494365,5 days 08:06:40,6 days 18:15:00,0.4927794135584844,-1.9490954846959936,-0.566359413103684,-0.5302629385751602,0.9671791028918402,-0.7854987342048335,long
1333,"{'window_k': 87, 'window_d': 57, 'window_ma': 87}","open_time
2022-01-01 00:00:00    100.000000
2022-01-01 01:00:00    100.000000
2022-01-01 02:00:00    100.000000
2022-01-01 03:00:00    100.000000
2022-01-01 04:00:00    100.000000
                          ...    
2023-05-01 19:00:00     57.643705
2023-05-01 20:00:00     57.643705
2023-05-01 21:00:00     57.643705
2023-05-01 22:00:00     57.643705
2023-05-01 23:00:00     57.643705
Freq: H, Length: 11664, dtype: float64",2022-01-01,2023-05-01 23:00:00,486 days,100.0,51.252170789554334,141.8817173009639,57.64370501322088,-42.35629498677912,-70.17976286600607,41.906721536351164,100.0,63.87683222015376,194 days 16:00:00,120,0.0,60,33.33333333333333,22.785464890728065,-17.655078391274728,8.000973700999461,-5.054791643124417,4 days 08:00:00,2 days 23:23:04.615384615,0.7692872559116889,-0.7059382497796518,-0.21756450602634284,-0.5304316618441517,0.9886027722738233,-0.32755855053952687,long
2238,"{'window_k': 132, 'window_d': 177, 'window_ma': 222}","open_time
2022-01-01 00:00:00    100.000000
2022-01-01 01:00:00    100.000000
2022-01-01 02:00:00    100.000000
2022-01-01 03:00:00    100.000000
2022-01-01 04:00:00    100.000000
                          ...    
2023-05-01 19:00:00     55.372324
2023-05-01 20:00:00     55.245159
2023-05-01 21:00:00     55.523332
2023-05-01 22:00:00     55.769714
2023-05-01 23:00:00     55.769714
Freq: H, Length: 11664, dtype: float64",2022-01-01,2023-05-01 23:00:00,486 days,100.0,45.88433259379389,138.5487022300238,55.76971364630947,-44.23028635369053,-70.17976286600607,36.49691358024691,100.0,66.88216356035224,391 days 18:00:00,53,0.0,27,26.923076923076923,43.68716735659372,-21.502192982456133,16.536369665783987,-7.9467742811798425,10 days 20:34:17.142857142,5 days 06:15:47.368421052,0.6311654450184124,-1.7042217059685245,-0.4911145536434733,-0.5308326955932383,0.9755540463409419,-0.6858153324393264,long
2619,"{'window_k': 162, 'window_d': 57, 'window_ma': 177}","open_time
2022-01-01 00:00:00    100.000000
2022-01-01 01:00:00    100.000000
2022-01-01 02:00:00    100.000000
2022-01-01 03:00:00    100.000000
2022-01-01 04:00:00    100.000000
                          ...    
2023-05-01 19:00:00     66.134257
2023-05-01 20:00:00     65.982377
2023-05-01 21:00:00     66.314615
2023-05-01 22:00:00     66.608882
2023-05-01 23:00:00     66.608882
Freq: H, Length: 11664, dtype: float64",2022-01-01,2023-05-01 23:00:00,486 days,100.0,55.92763051751504,110.80353183001098,66.60888216914567,-33.39111783085433,-70.17976286600607,36.2997256515775,100.0,49.52540808598385,439 days 04:00:00,101,0.0,51,36.0,21.473927265730218,-20.093245394587214,7.940585289716815,-5.158213197855139,4 days 06:16:40,2 days 22:43:07.500000,0.7704257817387073,-0.6351681518769041,-0.11944802984826523,-0.5310403115559756,0.9930283409747797,-0.1821581038750675,long
3752,"{'window_k': 222, 'window_d': 162, 'window_ma': 132}","open_time
2022-01-01 00:00:00    100.000000
2022-01-01 01:00:00    100.000000
2022-01-01 02:00:00    100.000000
2022-01-01 03:00:00    100.000000
2022-01-01 04:00:00    100.000000
                          ...    
2023-05-01 19:00:00     58.323294
2023-05-01 20:00:00     58.189352
2023-05-01 21:00:00     58.482350
2023-05-01 22:00:00     58.741862
2023-05-01 23:00:00     58.741862
Freq: H, Length: 11664, dtype: float64",2022-01-01,2023-05-01 23:00:00,486 days,100.0,45.867828093525766,120.59738643434972,58.74186237362728,-41.25813762637272,-70.17976286600607,35.871056241426615,100.0,61.9661508017049,451 days 16:00:00,47,0.0,24,30.434782608695656,37.795738427626766,-23.320420586607646,15.81502687422611,-8.908239625063018,10 days 06:34:17.142857142,6 days 08:41:15,0.6182020481496492,-1.82586163796703,-0.3634164446639653,-0.5315568028369481,0.9805041991606087,-0.523723265616808,long
2228,"{'window_k': 132, 'window_d': 177, 'window_ma': 72}","open_time
2022-01-01 00:00:00    100.000000
2022-01-01 01:00:00    100.000000
2022-01-01 02:00:00    100.000000
2022-01-01 03:00:00    100.000000
2022-01-01 04:00:00    100.000000
                          ...    
2023-05-01 19:00:00     55.280842
2023-05-01 20:00:00     55.153888
2023-05-01 21:00:00     55.431601
2023-05-01 22:00:00     55.677576
2023-05-01 23:00:00     55.677576
Freq: H, Length: 11664, dtype: float64",2022-01-01,2023-05-01 23:00:00,486 days,100.0,44.42818193281649,134.38714993811126,55.677575802636724,-44.322424197363276,-70.17976286600607,29.903978052126202,100.0,66.94015614344316,391 days 18:00:00,53,0.0,27,30.76923076923077,32.62655205348614,-21.50219298245614,9.776568756623032,-6.83612303535916,7 days 00:00:00,4 days 21:13:20,0.5561955640395955,-1.7077604189327267,-0.5966036702399203,-0.5315685568438016,0.9674032848096076,-0.8265565527404953,long
1358,"{'window_k': 87, 'window_d': 72, 'window_ma': 222}","open_time
2022-01-01 00:00:00    100.000000
2022-01-01 01:00:00    100.000000
2022-01-01 02:00:00    100.000000
2022-01-01 03:00:00    100.000000
2022-01-01 04:00:00    100.000000
                          ...    
2023-05-01 19:00:00     59.300158
2023-05-01 20:00:00     59.300158
2023-05-01 21:00:00     59.300158
2023-05-01 22:00:00     59.300158
2023-05-01 23:00:00     59.300158
Freq: H, Length: 11664, dtype: float64",2022-01-01,2023-05-01 23:00:00,486 days,100.0,50.908182919472154,130.6086522125038,59.30015778720539,-40.69984221279461,-70.17976286600607,42.70404663923183,100.0,61.0223503136353,275 days 07:00:00,112,0.0,56,35.714285714285715,25.389863547758296,-17.183166525985776,9.14785156264454,-5.930746346964958,5 days 06:00:00,2 days 20:21:40,0.7904165793784433,-0.7267828966570455,-0.2045682953956094,-0.5319430035327136,0.9892856916952535,-0.3074138779727598,long
1356,"{'window_k': 87, 'window_d': 72, 'window_ma': 192}","open_time
2022-01-01 00:00:00    100.000000
2022-01-01 01:00:00    100.000000
2022-01-01 02:00:00    100.000000
2022-01-01 03:00:00    100.000000
2022-01-01 04:00:00    100.000000
                          ...    
2023-05-01 19:00:00     59.300158
2023-05-01 20:00:00     59.300158
2023-05-01 21:00:00     59.300158
2023-05-01 22:00:00     59.300158
2023-05-01 23:00:00     59.300158
Freq: H, Length: 11664, dtype: float64",2022-01-01,2023-05-01 23:00:00,486 days,100.0,50.908182919472154,130.6086522125038,59.30015778720539,-40.69984221279461,-70.17976286600607,42.70404663923183,100.0,61.0223503136353,275 days 07:00:00,112,0.0,56,35.714285714285715,25.389863547758296,-17.183166525985776,9.14785156264454,-5.930746346964958,5 days 06:00:00,2 days 20:21:40,0.7904165793784433,-0.7267828966570455,-0.2045682953956094,-0.5319430035327136,0.9892856916952535,-0.3074138779727598,long
1359,"{'window_k': 87, 'window_d': 72, 'window_ma': 237}","open_time
2022-01-01 00:00:00    100.000000
2022-01-01 01:00:00    100.000000
2022-01-01 02:00:00    100.000000
2022-01-01 03:00:00    100.000000
2022-01-01 04:00:00    100.000000
                          ...    
2023-05-01 19:00:00     59.300158
2023-05-01 20:00:00     59.300158
2023-05-01 21:00:00     59.300158
2023-05-01 22:00:00     59.300158
2023-05-01 23:00:00     59.300158
Freq: H, Length: 11664, dtype: float64",2022-01-01,2023-05-01 23:00:00,486 days,100.0,50.908182919472154,130.6086522125038,59.30015778720539,-40.69984221279461,-70.17976286600607,42.70404663923183,100.0,61.0223503136353,275 days 07:00:00,112,0.0,56,35.714285714285715,25.389863547758296,-17.183166525985776,9.14785156264454,-5.930746346964958,5 days 06:00:00,2 days 20:21:40,0.7904165793784433,-0.7267828966570455,-0.2045682953956094,-0.5319430035327136,0.9892856916952535,-0.3074138779727598,long
1357,"{'window_k': 87, 'window_d': 72, 'window_ma': 207}","open_time
2022-01-01 00:00:00    100.000000
2022-01-01 01:00:00    100.000000
2022-01-01 02:00:00    100.000000
2022-01-01 03:00:00    100.000000
2022-01-01 04:00:00    100.000000
                          ...    
2023-05-01 19:00:00     59.300158
2023-05-01 20:00:00     59.300158
2023-05-01 21:00:00     59.300158
2023-05-01 22:00:00     59.300158
2023-05-01 23:00:00     59.300158
Freq: H, Length: 11664, dtype: float64",2022-01-01,2023-05-01 23:00:00,486 days,100.0,50.908182919472154,130.6086522125038,59.30015778720539,-40.69984221279461,-70.17976286600607,42.70404663923183,100.0,61.0223503136353,275 days 07:00:00,112,0.0,56,35.714285714285715,25.389863547758296,-17.183166525985776,9.14785156264454,-5.930746346964958,5 days 06:00:00,2 days 20:21:40,0.7904165793784433,-0.7267828966570455,-0.2045682953956094,-0.5319430035327136,0.9892856916952535,-0.3074138779727598,long
1354,"{'window_k': 87, 'window_d': 72, 'window_ma': 162}","open_time
2022-01-01 00:00:00    100.000000
2022-01-01 01:00:00    100.000000
2022-01-01 02:00:00    100.000000
2022-01-01 03:00:00    100.000000
2022-01-01 04:00:00    100.000000
                          ...    
2023-05-01 19:00:00     59.300158
2023-05-01 20:00:00     59.300158
2023-05-01 21:00:00     59.300158
2023-05-01 22:00:00     59.300158
2023-05-01 23:00:00     59.300158
Freq: H, Length: 11664, dtype: float64",2022-01-01,2023-05-01 23:00:00,486 days,100.0,50.908182919472154,130.6086522125038,59.30015778720539,-40.69984221279461,-70.17976286600607,42.70404663923183,100.0,61.0223503136353,275 days 07:00:00,112,0.0,56,35.714285714285715,25.389863547758296,-17.183166525985776,9.14785156264454,-5.930746346964958,5 days 06:00:00,2 days 20:21:40,0.7904165793784433,-0.7267828966570455,-0.2045682953956094,-0.5319430035327136,0.9892856916952535,-0.3074138779727598,long
475,"{'window_k': 27, 'window_d': 207, 'window_ma': 177}","open_time
2022-01-01 00:00:00    100.000000
2022-01-01 01:00:00    100.000000
2022-01-01 02:00:00    100.000000
2022-01-01 03:00:00    100.000000
2022-01-01 04:00:00    100.000000
                          ...    
2023-05-01 19:00:00     58.510273
2023-05-01 20:00:00     58.375901
2023-05-01 21:00:00     58.669838
2023-05-01 22:00:00     58.930183
2023-05-01 23:00:00     58.930183
Freq: H, Length: 11664, dtype: float64",2022-01-01,2023-05-01 23:00:00,486 days,100.0,47.47295759568921,123.68160950038539,58.9301827209294,-41.0698172790706,-70.17976286600607,36.24828532235939,100.0,61.616801570211386,451 days 16:00:00,71,0.0,36,28.57142857142857,34.36707626292178,-14.320871909058939,11.939411872955844,-6.12453047927054,8 days 01:12:00,3 days 17:21:36,0.6622301636930602,-1.1710238645739084,-0.47303680927100117,-0.5319511435407851,0.9765134642239304,-0.6547100747116771,long
3836,"{'window_k': 222, 'window_d': 237, 'window_ma': 192}","open_time
2022-01-01 00:00:00    100.00000
2022-01-01 01:00:00    100.00000
2022-01-01 02:00:00    100.00000
2022-01-01 03:00:00    100.00000
2022-01-01 04:00:00    100.00000
                         ...    
2023-05-01 19:00:00     63.14715
2023-05-01 20:00:00     63.14715
2023-05-01 21:00:00     63.14715
2023-05-01 22:00:00     63.14715
2023-05-01 23:00:00     63.14715
Freq: H, Length: 11664, dtype: float64",2022-01-01,2023-05-01 23:00:00,486 days,100.0,51.68833684462781,114.43521701517534,63.14714965968663,-36.85285034031337,-70.17976286600607,33.43621399176955,100.0,54.8317920017809,424 days 03:00:00,38,0.0,19,36.84210526315789,38.59496964440588,-22.803691063076723,13.036745967786997,-9.962752103885526,10 days 13:25:42.857142857,7 days 09:10:00,0.609529357138978,-1.9396237021217568,-0.4137786305911758,-0.5324585020059617,0.9779417095963389,-0.5732487296287794,long
2250,"{'window_k': 132, 'window_d': 192, 'window_ma': 162}","open_time
2022-01-01 00:00:00    100.000000
2022-01-01 01:00:00    100.000000
2022-01-01 02:00:00    100.000000
2022-01-01 03:00:00    100.000000
2022-01-01 04:00:00    100.000000
                          ...    
2023-05-01 19:00:00     53.303696
2023-05-01 20:00:00     53.181282
2023-05-01 21:00:00     53.449063
2023-05-01 22:00:00     53.686240
2023-05-01 23:00:00     53.686240
Freq: H, Length: 11664, dtype: float64",2022-01-01,2023-05-01 23:00:00,486 days,100.0,36.746243120505824,122.84612540277851,53.686240388700554,-46.313759611299446,-70.17976286600607,36.3940329218107,100.0,70.0875847732071,451 days 16:00:00,51,0.0,26,28.000000000000004,39.471365638766514,-24.359960443907262,15.810020447087242,-8.415503059884664,10 days 23:08:34.285714285,5 days 12:33:19.999999999,0.5516667332294135,-1.8877444425662748,-0.5489878879903226,-0.532496514107077,0.9725780439901789,-0.7678058643927561,long
799,"{'window_k': 57, 'window_d': 27, 'window_ma': 237}","open_time
2022-01-01 00:00:00    100.000000
2022-01-01 01:00:00    100.000000
2022-01-01 02:00:00    100.000000
2022-01-01 03:00:00    100.000000
2022-01-01 04:00:00    100.000000
                          ...    
2023-05-01 19:00:00     47.460571
2023-05-01 20:00:00     47.460571
2023-05-01 21:00:00     47.460571
2023-05-01 22:00:00     47.460571
2023-05-01 23:00:00     47.460571
Freq: H, Length: 11664, dtype: float64",2022-01-01,2023-05-01 23:00:00,486 days,100.0,19.931598297712434,101.8232648596086,47.46057083334018,-52.53942916665982,-70.17976286600607,40.012002743484224,100.0,80.4253003228745,481 days 09:00:00,234,0.0,117,39.31623931623932,26.307237813884797,-14.919252771730884,5.262531151204016,-4.122124065263238,2 days 02:35:13.043478260,1 days 08:57:27.887323943,0.604694497660268,-0.4490549501423916,-0.4272172837026121,-0.5329553360401158,0.976746337098571,-0.6570214659019417,long
3538,"{'window_k': 207, 'window_d': 207, 'window_ma': 42}","open_time
2022-01-01 00:00:00    100.000000
2022-01-01 01:00:00    100.000000
2022-01-01 02:00:00    100.000000
2022-01-01 03:00:00    100.000000
2022-01-01 04:00:00    100.000000
                          ...    
2023-05-01 19:00:00     62.023479
2023-05-01 20:00:00     62.023479
2023-05-01 21:00:00     62.023479
2023-05-01 22:00:00     62.023479
2023-05-01 23:00:00     62.023479
Freq: H, Length: 11664, dtype: float64",2022-01-01,2023-05-01 23:00:00,486 days,100.0,53.86477610323572,123.93843674552994,62.0234788758922,-37.9765211241078,-70.17976286600607,21.930727023319616,100.0,56.53908705187985,424 days 03:00:00,40,0.0,20,45.0,29.77184195882026,-23.306505700871895,8.593486454283278,-9.926367595652223,4 days 14:53:20,5 days 21:49:05.454545454,0.5829171702840016,-1.8988260562053907,-0.5700226025102973,-0.5331534050317013,0.9636299372093651,-0.7905510217065873,long
3557,"{'window_k': 207, 'window_d': 222, 'window_ma': 87}","open_time
2022-01-01 00:00:00    100.000000
2022-01-01 01:00:00    100.000000
2022-01-01 02:00:00    100.000000
2022-01-01 03:00:00    100.000000
2022-01-01 04:00:00    100.000000
                          ...    
2023-05-01 19:00:00     59.787089
2023-05-01 20:00:00     59.787089
2023-05-01 21:00:00     59.787089
2023-05-01 22:00:00     59.787089
2023-05-01 23:00:00     59.787089
Freq: H, Length: 11664, dtype: float64",2022-01-01,2023-05-01 23:00:00,486 days,100.0,48.74812077092571,122.17506771366745,59.787088902614705,-40.212911097385295,-70.17976286600607,32.407407407407405,100.0,60.099780026172745,349 days 17:00:00,36,0.0,18,33.33333333333333,26.97416974169743,-20.625566636446067,12.828869183199231,-9.458517254993994,9 days 23:50:00,8 days 03:05:00,0.5435291184427796,-2.2340506165214054,-0.5048892779970595,-0.5331854027372905,0.9727794820540774,-0.6981526046023574,long
1491,"{'window_k': 87, 'window_d': 207, 'window_ma': 57}","open_time
2022-01-01 00:00:00    100.000000
2022-01-01 01:00:00    100.000000
2022-01-01 02:00:00    100.000000
2022-01-01 03:00:00    100.000000
2022-01-01 04:00:00    100.000000
                          ...    
2023-05-01 19:00:00     50.915044
2023-05-01 20:00:00     50.798115
2023-05-01 21:00:00     51.053896
2023-05-01 22:00:00     51.280445
2023-05-01 23:00:00     51.280445
Freq: H, Length: 11664, dtype: float64",2022-01-01,2023-05-01 23:00:00,486 days,100.0,31.781125210311913,122.0274950152167,51.28044511263221,-48.71955488736779,-70.17976286600607,20.893347050754457,100.0,73.9557669307652,451 days 16:00:00,49,0.0,25,29.166666666666668,29.878741947707464,-38.48961761713839,11.788869678998125,-7.57767838262275,5 days 22:08:34.285714285,3 days 11:14:07.058823529,0.469901665773132,-2.047338024417366,-0.9075995475455971,-0.5333302658146021,0.9393393873901916,-1.1933690710296068,long
1957,"{'window_k': 117, 'window_d': 162, 'window_ma': 87}","open_time
2022-01-01 00:00:00    100.000000
2022-01-01 01:00:00    100.000000
2022-01-01 02:00:00    100.000000
2022-01-01 03:00:00    100.000000
2022-01-01 04:00:00    100.000000
                          ...    
2023-05-01 19:00:00     53.889808
2023-05-01 20:00:00     53.889808
2023-05-01 21:00:00     53.889808
2023-05-01 22:00:00     53.889808
2023-05-01 23:00:00     53.889808
Freq: H, Length: 11664, dtype: float64",2022-01-01,2023-05-01 23:00:00,486 days,100.0,41.980779917353345,138.2075319499432,53.8898084013489,-46.1101915986511,-70.17976286600607,35.32235939643347,100.0,69.62482483765197,391 days 18:00:00,54,0.0,27,29.629629629629626,29.824561403508774,-35.7243557209722,16.19302695707795,-8.488588284165957,9 days 10:45:00,5 days 01:22:06.315789473,0.6678285286226899,-1.707784874024115,-0.5232976678520515,-0.5334733014659496,0.9728718543952157,-0.7161748066643563,long
3830,"{'window_k': 222, 'window_d': 237, 'window_ma': 102}","open_time
2022-01-01 00:00:00    100.000000
2022-01-01 01:00:00    100.000000
2022-01-01 02:00:00    100.000000
2022-01-01 03:00:00    100.000000
2022-01-01 04:00:00    100.000000
                          ...    
2023-05-01 19:00:00     62.101316
2023-05-01 20:00:00     62.101316
2023-05-01 21:00:00     62.101316
2023-05-01 22:00:00     62.101316
2023-05-01 23:00:00     62.101316
Freq: H, Length: 11664, dtype: float64",2022-01-01,2023-05-01 23:00:00,486 days,100.0,51.06360737429443,117.02942775958776,62.101315558118884,-37.898684441881116,-70.17976286600607,32.150205761316876,100.0,56.3668657090302,349 days 17:00:00,38,0.0,19,36.84210526315789,38.59496964440592,-22.803691063076723,11.553326187896094,-9.311928546682802,9 days 08:08:34.285714285,7 days 13:45:00,0.5616066935316277,-1.9946676022042698,-0.42850400391290133,-0.5336145071662327,0.9767084650036156,-0.5956651654871619,long
146,"{'window_k': 12, 'window_d': 147, 'window_ma': 42}","open_time
2022-01-01 00:00:00    100.000000
2022-01-01 01:00:00    100.000000
2022-01-01 02:00:00    100.000000
2022-01-01 03:00:00    100.000000
2022-01-01 04:00:00    100.000000
                          ...    
2023-05-01 19:00:00     65.830739
2023-05-01 20:00:00     65.830739
2023-05-01 21:00:00     65.830739
2023-05-01 22:00:00     65.830739
2023-05-01 23:00:00     65.830739
Freq: H, Length: 11664, dtype: float64",2022-01-01,2023-05-01 23:00:00,486 days,100.0,59.743359065643176,120.65651943859487,65.83073947580097,-34.16926052419903,-70.17976286600607,25.54869684499314,100.0,50.48476506398142,451 days 16:00:00,134,0.0,67,25.37313432835821,29.28714572001145,-9.30397727272727,7.3617048803931855,-3.1242835968404465,3 days 18:38:49.411764705,1 days 04:22:02.448979591,0.7517190724949661,-0.5099889630477468,-0.4085765822947074,-0.5337760060980704,0.9753419203789582,-0.5737833432436825,long
2347,"{'window_k': 147, 'window_d': 42, 'window_ma': 177}","open_time
2022-01-01 00:00:00    100.000000
2022-01-01 01:00:00    100.000000
2022-01-01 02:00:00    100.000000
2022-01-01 03:00:00    100.000000
2022-01-01 04:00:00    100.000000
                          ...    
2023-05-01 19:00:00     58.601326
2023-05-01 20:00:00     58.601326
2023-05-01 21:00:00     58.601326
2023-05-01 22:00:00     58.601326
2023-05-01 23:00:00     58.601326
Freq: H, Length: 11664, dtype: float64",2022-01-01,2023-05-01 23:00:00,486 days,100.0,42.40786522798393,111.20264585425781,58.601326211306564,-41.398673788693436,-70.17976286600607,37.81721536351166,100.0,61.864337937099364,355 days 14:00:00,120,0.0,60,26.666666666666668,21.85314685314685,-15.93768723786698,9.70618357127206,-4.364764897486659,4 days 12:26:15,2 days 12:49:05.454545454,0.6949725189267685,-0.6899778964782239,-0.21712291987115384,-0.5343799240832705,0.9876994153732,-0.33512087946002134,long
2673,"{'window_k': 162, 'window_d': 117, 'window_ma': 27}","open_time
2022-01-01 00:00:00    100.000000
2022-01-01 01:00:00    100.000000
2022-01-01 02:00:00    100.000000
2022-01-01 03:00:00    100.000000
2022-01-01 04:00:00    100.000000
                          ...    
2023-05-01 19:00:00     58.871965
2023-05-01 20:00:00     58.736764
2023-05-01 21:00:00     59.032518
2023-05-01 22:00:00     59.294471
2023-05-01 23:00:00     59.294471
Freq: H, Length: 11664, dtype: float64",2022-01-01,2023-05-01 23:00:00,486 days,100.0,51.290745265087516,130.65168539325842,59.29447128381279,-40.70552871618721,-70.17976286600607,25.891632373113854,100.0,60.742377635080935,451 days 16:00:00,65,0.0,33,37.5,24.220388756817208,-14.280742459396755,7.029102470865023,-6.2470480134957,3 days 10:20:00,4 days 01:33:00,0.6113067670594672,-1.287099543361938,-0.4301434783905712,-0.5344749045470069,0.9727620306089212,-0.6101156152548798,long
1788,"{'window_k': 102, 'window_d': 237, 'window_ma': 192}","open_time
2022-01-01 00:00:00    100.000000
2022-01-01 01:00:00    100.000000
2022-01-01 02:00:00    100.000000
2022-01-01 03:00:00    100.000000
2022-01-01 04:00:00    100.000000
                          ...    
2023-05-01 19:00:00     60.083686
2023-05-01 20:00:00     60.083686
2023-05-01 21:00:00     60.083686
2023-05-01 22:00:00     60.083686
2023-05-01 23:00:00     60.083686
Freq: H, Length: 11664, dtype: float64",2022-01-01,2023-05-01 23:00:00,486 days,100.0,48.96718671268313,120.84360643577357,60.083685927819474,-39.916314072180526,-70.17976286600607,36.07681755829904,100.0,59.47887674247093,430 days 01:00:00,44,0.0,22,36.36363636363637,42.49708624708625,-22.362539114885998,11.980240866914992,-9.102776225848356,10 days 01:37:30,6 days 18:30:00,0.597262659065677,-1.8143779123718407,-0.426597507701829,-0.5344972201542951,0.9784079912078364,-0.5987437076840494,long
1759,"{'window_k': 102, 'window_d': 207, 'window_ma': 237}","open_time
2022-01-01 00:00:00    100.000000
2022-01-01 01:00:00    100.000000
2022-01-01 02:00:00    100.000000
2022-01-01 03:00:00    100.000000
2022-01-01 04:00:00    100.000000
                          ...    
2023-05-01 19:00:00     50.913102
2023-05-01 20:00:00     50.796178
2023-05-01 21:00:00     51.051949
2023-05-01 22:00:00     51.278489
2023-05-01 23:00:00     51.278489
Freq: H, Length: 11664, dtype: float64",2022-01-01,2023-05-01 23:00:00,486 days,100.0,34.93361426265536,133.23738003173392,51.278489227142394,-48.721510772857606,-70.17976286600607,36.73696844993141,100.0,73.78092074886565,391 days 18:00:00,49,0.0,25,33.33333333333333,41.830448811968324,-36.755009696186164,14.95407637188022,-9.824838801710342,10 days 17:37:30,5 days 17:56:15,0.5604539440703048,-2.0650792560582802,-0.5685654836946876,-0.5346176640358349,0.9710547451075067,-0.7809889338201231,long
130,"{'window_k': 12, 'window_d': 132, 'window_ma': 42}","open_time
2022-01-01 00:00:00    100.000000
2022-01-01 01:00:00    100.000000
2022-01-01 02:00:00    100.000000
2022-01-01 03:00:00    100.000000
2022-01-01 04:00:00    100.000000
                          ...    
2023-05-01 19:00:00     56.365266
2023-05-01 20:00:00     56.365266
2023-05-01 21:00:00     56.365266
2023-05-01 22:00:00     56.365266
2023-05-01 23:00:00     56.365266
Freq: H, Length: 11664, dtype: float64",2022-01-01,2023-05-01 23:00:00,486 days,100.0,51.225456106962284,148.09697721563177,56.36526574302621,-43.63473425697379,-70.17976286600607,28.146433470507542,100.0,65.41086991101976,430 days 01:00:00,144,0.0,72,34.72222222222222,29.94186046511627,-16.102564102564088,5.437145998864662,-3.7787709221281043,2 days 19:19:11.999999999,1 days 10:02:33.191489361,0.7571137878175447,-0.6060379757913039,-0.6171192991515904,-0.534875251416946,0.9638058795236866,-0.8610430645600147,long
1445,"{'window_k': 87, 'window_d': 162, 'window_ma': 87}","open_time
2022-01-01 00:00:00    100.000000
2022-01-01 01:00:00    100.000000
2022-01-01 02:00:00    100.000000
2022-01-01 03:00:00    100.000000
2022-01-01 04:00:00    100.000000
                          ...    
2023-05-01 19:00:00     55.376893
2023-05-01 20:00:00     55.376893
2023-05-01 21:00:00     55.376893
2023-05-01 22:00:00     55.376893
2023-05-01 23:00:00     55.376893
Freq: H, Length: 11664, dtype: float64",2022-01-01,2023-05-01 23:00:00,486 days,100.0,42.07731295248443,127.46631585905423,55.376893104407216,-44.623106895592784,-70.17976286600607,38.98319615912209,100.0,66.989464888111,451 days 16:00:00,66,0.0,33,27.27272727272727,41.245136186770424,-20.13651877133106,17.555853342908982,-7.795261034107143,9 days 04:53:20,4 days 10:37:30,0.7062548774188876,-1.3522153604725085,-0.45941273308824415,-0.5350800240469284,0.9776143010399833,-0.6329275832316191,long
1755,"{'window_k': 102, 'window_d': 207, 'window_ma': 177}","open_time
2022-01-01 00:00:00    100.000000
2022-01-01 01:00:00    100.000000
2022-01-01 02:00:00    100.000000
2022-01-01 03:00:00    100.000000
2022-01-01 04:00:00    100.000000
                          ...    
2023-05-01 19:00:00     50.721555
2023-05-01 20:00:00     50.605071
2023-05-01 21:00:00     50.859880
2023-05-01 22:00:00     51.085568
2023-05-01 23:00:00     51.085568
Freq: H, Length: 11664, dtype: float64",2022-01-01,2023-05-01 23:00:00,486 days,100.0,34.41990404116488,132.44652834237473,51.085567973684086,-48.914432026315914,-70.17976286600607,36.814128943758575,100.0,74.01222631355856,391 days 18:00:00,49,0.0,25,33.33333333333333,41.830448811968324,-36.755009696186164,15.01266024359482,-9.864950417032334,10 days 13:45:00,5 days 20:26:15,0.5567535646527162,-2.0729859023658754,-0.5738805205714834,-0.535259746687963,0.9707435368301396,-0.7855667191666232,long
1993,"{'window_k': 117, 'window_d': 192, 'window_ma': 147}","open_time
2022-01-01 00:00:00    100.000000
2022-01-01 01:00:00    100.000000
2022-01-01 02:00:00    100.000000
2022-01-01 03:00:00    100.000000
2022-01-01 04:00:00    100.000000
                          ...    
2023-05-01 19:00:00     49.926499
2023-05-01 20:00:00     49.811841
2023-05-01 21:00:00     50.062656
2023-05-01 22:00:00     50.284806
2023-05-01 23:00:00     50.284806
Freq: H, Length: 11664, dtype: float64",2022-01-01,2023-05-01 23:00:00,486 days,100.0,31.366191721587207,126.84389665797292,50.28480632706462,-49.71519367293538,-70.17976286600607,36.36831275720165,100.0,75.27181634433363,391 days 18:00:00,51,0.0,26,32.0,38.350634371395614,-24.919951418792095,13.008965737194028,-9.03545616534092,9 days 09:00:00,5 days 22:10:35.294117647,0.5445300638953978,-2.013832560694139,-0.6666528369456405,-0.5357652510449692,0.9668734577148169,-0.9244827739043461,long
3839,"{'window_k': 222, 'window_d': 237, 'window_ma': 237}","open_time
2022-01-01 00:00:00    100.000000
2022-01-01 01:00:00    100.000000
2022-01-01 02:00:00    100.000000
2022-01-01 03:00:00    100.000000
2022-01-01 04:00:00    100.000000
                          ...    
2023-05-01 19:00:00     65.586997
2023-05-01 20:00:00     65.586997
2023-05-01 21:00:00     65.586997
2023-05-01 22:00:00     65.586997
2023-05-01 23:00:00     65.586997
Freq: H, Length: 11664, dtype: float64",2022-01-01,2023-05-01 23:00:00,486 days,100.0,54.70435874876823,110.79680541286545,65.58699743786784,-34.413002562132164,-70.17976286600607,34.61934156378601,100.0,50.626411524301865,451 days 16:00:00,38,0.0,19,36.84210526315789,38.5949696444059,-22.803691063076723,11.143148534810457,-8.705415847002495,11 days 19:08:34.285714285,7 days 03:20:00,0.5874105850608754,-1.81121066116485,-0.3404238883838434,-0.5362969268199946,0.9821642387805819,-0.47341188212595525,long
1579,"{'window_k': 102, 'window_d': 42, 'window_ma': 177}","open_time
2022-01-01 00:00:00    100.000000
2022-01-01 01:00:00    100.000000
2022-01-01 02:00:00    100.000000
2022-01-01 03:00:00    100.000000
2022-01-01 04:00:00    100.000000
                          ...    
2023-05-01 19:00:00     59.415645
2023-05-01 20:00:00     59.415645
2023-05-01 21:00:00     59.415645
2023-05-01 22:00:00     59.415645
2023-05-01 23:00:00     59.415645
Freq: H, Length: 11664, dtype: float64",2022-01-01,2023-05-01 23:00:00,486 days,100.0,46.90894225004387,118.26088032194926,59.41564513319054,-40.58435486680946,-70.17976286600607,42.68689986282579,100.0,60.33435391116604,355 days 14:00:00,132,0.0,66,36.36363636363637,19.56014013234722,-14.864040970613331,6.919955729809803,-4.782201231368644,4 days 02:17:30,2 days 14:22:51.428571428,0.7348705700374983,-0.6149144676789311,-0.1813453349331577,-0.5363718770625009,0.9903600123582642,-0.2776086976097169,long
1975,"{'window_k': 117, 'window_d': 177, 'window_ma': 117}","open_time
2022-01-01 00:00:00    100.000000
2022-01-01 01:00:00    100.000000
2022-01-01 02:00:00    100.000000
2022-01-01 03:00:00    100.000000
2022-01-01 04:00:00    100.000000
                          ...    
2023-05-01 19:00:00     49.749988
2023-05-01 20:00:00     49.635735
2023-05-01 21:00:00     49.885663
2023-05-01 22:00:00     50.107028
2023-05-01 23:00:00     50.107028
Freq: H, Length: 11664, dtype: float64",2022-01-01,2023-05-01 23:00:00,486 days,100.0,33.5438785696997,136.702904726826,50.10702805160387,-49.89297194839613,-70.17976286600607,31.910150891632373,100.0,75.46220496431252,409 days 07:00:00,53,0.0,27,34.61538461538461,30.236550934757723,-21.938408404086914,11.539386873054589,-9.002796116918876,7 days 13:33:20,5 days 00:31:45.882352941,0.5966343887677359,-1.9129182400146907,-0.6926312712740765,-0.5365140725286675,0.9621945178877578,-0.9621807355854529,long
230,"{'window_k': 12, 'window_d': 222, 'window_ma': 102}","open_time
2022-01-01 00:00:00    100.000000
2022-01-01 01:00:00    100.000000
2022-01-01 02:00:00    100.000000
2022-01-01 03:00:00    100.000000
2022-01-01 04:00:00    100.000000
                          ...    
2023-05-01 19:00:00     54.803082
2023-05-01 20:00:00     54.677224
2023-05-01 21:00:00     54.952537
2023-05-01 22:00:00     55.196386
2023-05-01 23:00:00     55.196386
Freq: H, Length: 11664, dtype: float64",2022-01-01,2023-05-01 23:00:00,486 days,100.0,43.16883656349476,131.0985388269389,55.19638636222581,-44.80361363777419,-70.17976286600607,35.21947873799726,100.0,67.07145865257793,391 days 18:00:00,105,0.0,53,28.846153846153843,33.32683687390372,-17.670157068062835,10.382744153355464,-5.140603480523763,6 days 11:11:59.999999999,1 days 22:11:21.081081081,0.6908620995095685,-0.8626668519332106,-0.5598659962252284,-0.5367684669680074,0.9720395238870522,-0.7620179788517761,long
2547,"{'window_k': 147, 'window_d': 237, 'window_ma': 57}","open_time
2022-01-01 00:00:00    100.000000
2022-01-01 01:00:00    100.000000
2022-01-01 02:00:00    100.000000
2022-01-01 03:00:00    100.000000
2022-01-01 04:00:00    100.000000
                          ...    
2023-05-01 19:00:00     57.801214
2023-05-01 20:00:00     57.801214
2023-05-01 21:00:00     57.801214
2023-05-01 22:00:00     57.801214
2023-05-01 23:00:00     57.801214
Freq: H, Length: 11664, dtype: float64",2022-01-01,2023-05-01 23:00:00,486 days,100.0,44.570313186695024,119.93809034415352,57.80121373052659,-42.19878626947341,-70.17976286600607,23.09670781893004,100.0,62.838900420372056,424 days 03:00:00,36,0.0,18,33.33333333333333,26.42936185909258,-22.360524561013545,8.397389048488362,-7.816787377717907,7 days 04:30:00,5 days 18:15:00,0.43961670853683793,-2.3443770149707452,-0.7554740739554933,-0.537034490259718,0.9520197863988366,-1.0402421590894517,long
2361,"{'window_k': 147, 'window_d': 57, 'window_ma': 147}","open_time
2022-01-01 00:00:00    100.000000
2022-01-01 01:00:00    100.000000
2022-01-01 02:00:00    100.000000
2022-01-01 03:00:00    100.000000
2022-01-01 04:00:00    100.000000
                          ...    
2023-05-01 19:00:00     60.997095
2023-05-01 20:00:00     60.857013
2023-05-01 21:00:00     61.163443
2023-05-01 22:00:00     61.434853
2023-05-01 23:00:00     61.434853
Freq: H, Length: 11664, dtype: float64",2022-01-01,2023-05-01 23:00:00,486 days,100.0,54.405267130883466,126.63342604175936,61.43485257808338,-38.56514742191662,-70.17976286600607,36.702674897119344,100.0,57.03719876224269,355 days 14:00:00,95,0.0,48,34.04255319148936,24.051876596580872,-20.09324539458721,8.541365715732882,-5.384615277584704,4 days 15:22:30,3 days 04:21:17.419354838,0.7420108020151674,-0.7920342603074659,-0.20462671553745262,-0.5372371002695602,0.9880382288694434,-0.31220358989659686,long
459,"{'window_k': 27, 'window_d': 192, 'window_ma': 177}","open_time
2022-01-01 00:00:00    100.000000
2022-01-01 01:00:00    100.000000
2022-01-01 02:00:00    100.000000
2022-01-01 03:00:00    100.000000
2022-01-01 04:00:00    100.000000
                          ...    
2023-05-01 19:00:00     54.042627
2023-05-01 20:00:00     53.918516
2023-05-01 21:00:00     54.190009
2023-05-01 22:00:00     54.430474
2023-05-01 23:00:00     54.430474
Freq: H, Length: 11664, dtype: float64",2022-01-01,2023-05-01 23:00:00,486 days,100.0,39.03726391846625,122.91025514755742,54.430474162043005,-45.569525837956995,-70.17976286600607,34.64506172839506,100.0,68.23921334179897,451 days 16:00:00,75,0.0,38,24.324324324324326,35.29865125240849,-12.953060011883535,14.058297587993431,-5.971940001503163,8 days 13:40:00,3 days 03:51:25.714285714,0.6411510860170945,-1.228673746641073,-0.5958113891220418,-0.5373735960872702,0.9700878759865268,-0.8288269306361609,long
2507,"{'window_k': 147, 'window_d': 192, 'window_ma': 177}","open_time
2022-01-01 00:00:00    100.000000
2022-01-01 01:00:00    100.000000
2022-01-01 02:00:00    100.000000
2022-01-01 03:00:00    100.000000
2022-01-01 04:00:00    100.000000
                          ...    
2023-05-01 19:00:00     54.788183
2023-05-01 20:00:00     54.662360
2023-05-01 21:00:00     54.937598
2023-05-01 22:00:00     55.181381
2023-05-01 23:00:00     55.181381
Freq: H, Length: 11664, dtype: float64",2022-01-01,2023-05-01 23:00:00,486 days,100.0,42.65764132220078,129.19366959825237,55.181380722127805,-44.818619277872195,-70.17976286600607,35.4338134430727,100.0,66.98163195236168,391 days 18:00:00,47,0.0,24,30.434782608695656,38.90595290332017,-24.75781594011448,13.196042958713122,-8.226990176164076,9 days 22:00:00,6 days 09:26:15,0.5430851124904016,-1.9599186883820017,-0.5521688822626905,-0.5376833945575945,0.9718828299718267,-0.7724490549663399,long
2260,"{'window_k': 132, 'window_d': 207, 'window_ma': 72}","open_time
2022-01-01 00:00:00    100.000000
2022-01-01 01:00:00    100.000000
2022-01-01 02:00:00    100.000000
2022-01-01 03:00:00    100.000000
2022-01-01 04:00:00    100.000000
                          ...    
2023-05-01 19:00:00     53.612844
2023-05-01 20:00:00     53.612844
2023-05-01 21:00:00     53.612844
2023-05-01 22:00:00     53.612844
2023-05-01 23:00:00     53.612844
Freq: H, Length: 11664, dtype: float64",2022-01-01,2023-05-01 23:00:00,486 days,100.0,36.845743206258,120.78941821247894,53.61284404239857,-46.38715595760143,-70.17976286600607,28.03497942386831,100.0,69.49588486183187,453 days 11:00:00,45,0.0,23,40.909090909090914,29.848513184963508,-25.73325954620918,7.930485519772275,-9.170603799711012,5 days 18:26:40,6 days 11:32:18.461538461,0.4611843245605672,-2.1085070889818844,-0.6916319359021499,-0.5379564755400299,0.961278234694282,-0.9538529345680099,long
3223,"{'window_k': 192, 'window_d': 147, 'window_ma': 117}","open_time
2022-01-01 00:00:00    100.000000
2022-01-01 01:00:00    100.000000
2022-01-01 02:00:00    100.000000
2022-01-01 03:00:00    100.000000
2022-01-01 04:00:00    100.000000
                          ...    
2023-05-01 19:00:00     53.579316
2023-05-01 20:00:00     53.456268
2023-05-01 21:00:00     53.725434
2023-05-01 22:00:00     53.963838
2023-05-01 23:00:00     53.963838
Freq: H, Length: 11664, dtype: float64",2022-01-01,2023-05-01 23:00:00,486 days,100.0,47.435354553061806,152.35516686152778,53.96383768078657,-46.03616231921343,-70.17976286600607,33.06755829903978,100.0,68.86528003597361,309 days 12:00:00,51,0.0,26,24.0,29.221148379761217,-22.659773402265984,14.719471086929294,-7.0239710344333695,7 days 11:00:00,6 days 00:09:28.421052631,0.6221364796338809,-1.8439074344897652,-0.5674466383309625,-0.5384156812394106,0.9694622320834131,-0.8118896778340918,long
3748,"{'window_k': 222, 'window_d': 162, 'window_ma': 72}","open_time
2022-01-01 00:00:00    100.000000
2022-01-01 01:00:00    100.000000
2022-01-01 02:00:00    100.000000
2022-01-01 03:00:00    100.000000
2022-01-01 04:00:00    100.000000
                          ...    
2023-05-01 19:00:00     57.656366
2023-05-01 20:00:00     57.523956
2023-05-01 21:00:00     57.813603
2023-05-01 22:00:00     58.070148
2023-05-01 23:00:00     58.070148
Freq: H, Length: 11664, dtype: float64",2022-01-01,2023-05-01 23:00:00,486 days,100.0,44.93211222656143,118.86019498029454,58.070147897468665,-41.929852102531335,-70.17976286600607,28.309327846364884,100.0,62.1975109211199,453 days 11:00:00,47,0.0,24,39.130434782608695,33.23738246018039,-23.32042058660764,6.546932562011229,-7.312478850087602,6 days 08:53:20,5 days 16:30:00,0.4613994418335276,-1.8547003563918651,-0.4477836191539633,-0.5388524113004912,0.9733261066715937,-0.6441455590805262,long
3264,"{'window_k': 192, 'window_d': 192, 'window_ma': 12}","open_time
2022-01-01 00:00:00    100.000000
2022-01-01 01:00:00    100.000000
2022-01-01 02:00:00    100.000000
2022-01-01 03:00:00    100.000000
2022-01-01 04:00:00    100.000000
                          ...    
2023-05-01 19:00:00     66.021966
2023-05-01 20:00:00     66.021966
2023-05-01 21:00:00     66.021966
2023-05-01 22:00:00     66.021966
2023-05-01 23:00:00     66.021966
Freq: H, Length: 11664, dtype: float64",2022-01-01,2023-05-01 23:00:00,486 days,100.0,59.43957714685731,118.03513419061511,66.02196649948662,-33.97803350051338,-70.17976286600607,13.391632373113854,100.0,49.64247081647042,391 days 18:00:00,40,0.0,20,40.0,18.215821956237143,-25.16401645724452,6.786729290628579,-7.165856069900786,2 days 07:00:00,3 days 21:30:00,0.5609864877922595,-1.698901675025669,-0.7109005438628964,-0.5396234602917811,0.9423279470233866,-0.9721909588433658,long
4003,"{'window_k': 237, 'window_d': 162, 'window_ma': 57}","open_time
2022-01-01 00:00:00    100.000000
2022-01-01 01:00:00    100.000000
2022-01-01 02:00:00    100.000000
2022-01-01 03:00:00    100.000000
2022-01-01 04:00:00    100.000000
                          ...    
2023-05-01 19:00:00     58.913846
2023-05-01 20:00:00     58.778548
2023-05-01 21:00:00     59.074513
2023-05-01 22:00:00     59.336653
2023-05-01 23:00:00     59.336653
Freq: H, Length: 11664, dtype: float64",2022-01-01,2023-05-01 23:00:00,486 days,100.0,49.4829896266211,123.89314558144237,59.336652602212816,-40.663347397787184,-70.17976286600607,25.248628257887518,100.0,60.059945694015035,424 days 03:00:00,47,0.0,24,34.78260869565217,31.776239907727792,-17.065959832806612,8.854734886548005,-7.338266347274717,5 days 03:07:30,5 days 10:08:00,0.5575694160465346,-1.7598831553991485,-0.5472853171082566,-0.539947170873088,0.964478895343604,-0.7927297758173969,long
2443,"{'window_k': 147, 'window_d': 132, 'window_ma': 177}","open_time
2022-01-01 00:00:00    100.000000
2022-01-01 01:00:00    100.000000
2022-01-01 02:00:00    100.000000
2022-01-01 03:00:00    100.000000
2022-01-01 04:00:00    100.000000
                          ...    
2023-05-01 19:00:00     57.809086
2023-05-01 20:00:00     57.676325
2023-05-01 21:00:00     57.966740
2023-05-01 22:00:00     58.223964
2023-05-01 23:00:00     58.223964
Freq: H, Length: 11664, dtype: float64",2022-01-01,2023-05-01 23:00:00,486 days,100.0,48.53857346056803,127.14449729375102,58.223963858371796,-41.776036141628204,-70.17976286600607,38.86316872427983,100.0,61.82408637911722,451 days 16:00:00,63,0.0,32,35.483870967741936,33.13161875945539,-13.416733616435222,10.345397434608126,-7.4565316794442795,7 days 14:16:21.818181818,5 days 02:54:00,0.6499698983853266,-1.3438667848671102,-0.3923072834081875,-0.5399685582433509,0.9809131308716575,-0.5427951861611409,long
2001,"{'window_k': 117, 'window_d': 207, 'window_ma': 27}","open_time
2022-01-01 00:00:00    100.000000
2022-01-01 01:00:00    100.000000
2022-01-01 02:00:00    100.000000
2022-01-01 03:00:00    100.000000
2022-01-01 04:00:00    100.000000
                          ...    
2023-05-01 19:00:00     56.367270
2023-05-01 20:00:00     56.237820
2023-05-01 21:00:00     56.520992
2023-05-01 22:00:00     56.771800
2023-05-01 23:00:00     56.771800
Freq: H, Length: 11664, dtype: float64",2022-01-01,2023-05-01 23:00:00,486 days,100.0,43.304143734073534,120.59738643434972,56.771800443225985,-43.228199556774015,-70.17976286600607,23.679698216735254,100.0,64.09197163020838,451 days 16:00:00,47,0.0,24,30.434782608695656,15.67233962969889,-12.875375375375384,8.994571796334476,-6.886796232232088,4 days 16:17:08.571428571,5 days 03:00:00,0.5063842218733912,-1.8717480942563856,-0.8306896765869163,-0.5403922782489514,0.9497995261424697,-1.1437271389261372,long
3725,"{'window_k': 222, 'window_d': 132, 'window_ma': 207}","open_time
2022-01-01 00:00:00    100.000000
2022-01-01 01:00:00    100.000000
2022-01-01 02:00:00    100.000000
2022-01-01 03:00:00    100.000000
2022-01-01 04:00:00    100.000000
                          ...    
2023-05-01 19:00:00     54.280359
2023-05-01 20:00:00     54.155702
2023-05-01 21:00:00     54.428390
2023-05-01 22:00:00     54.669913
2023-05-01 23:00:00     54.669913
Freq: H, Length: 11664, dtype: float64",2022-01-01,2023-05-01 23:00:00,486 days,100.0,40.25536834993996,123.69554810914313,54.669912762510165,-45.330087237489835,-70.17976286600607,39.79766803840878,100.0,67.45608959635273,451 days 16:00:00,53,0.0,27,30.76923076923077,37.68180468981895,-22.236827691970646,14.77064105287815,-8.593264338389266,10 days 03:22:30,6 days 03:16:40,0.5999884422852282,-1.7458621449423175,-0.38223072862487123,-0.5405121864750297,0.9804201217557273,-0.5451622718224508,long
2218,"{'window_k': 132, 'window_d': 162, 'window_ma': 162}","open_time
2022-01-01 00:00:00    100.000000
2022-01-01 01:00:00    100.000000
2022-01-01 02:00:00    100.000000
2022-01-01 03:00:00    100.000000
2022-01-01 04:00:00    100.000000
                          ...    
2023-05-01 19:00:00     53.482652
2023-05-01 20:00:00     53.359827
2023-05-01 21:00:00     53.628507
2023-05-01 22:00:00     53.866481
2023-05-01 23:00:00     53.866481
Freq: H, Length: 11664, dtype: float64",2022-01-01,2023-05-01 23:00:00,486 days,100.0,42.909083640678695,137.07381968532513,53.866480652680444,-46.133519347319556,-70.17976286600607,36.95130315500686,100.0,68.69636832242412,391 days 18:00:00,53,0.0,27,30.76923076923077,36.662208351909655,-26.321913380736916,16.094466432243962,-9.154870254099261,10 days 11:00:00,5 days 05:13:20,0.6523044523699062,-1.7731851182158196,-0.4831649324398984,-0.5409808737802771,0.9755461535461436,-0.6701751261852065,long
1585,"{'window_k': 102, 'window_d': 57, 'window_ma': 27}","open_time
2022-01-01 00:00:00    100.000000
2022-01-01 01:00:00    100.000000
2022-01-01 02:00:00    100.000000
2022-01-01 03:00:00    100.000000
2022-01-01 04:00:00    100.000000
                          ...    
2023-05-01 19:00:00     65.164913
2023-05-01 20:00:00     65.164913
2023-05-01 21:00:00     65.164913
2023-05-01 22:00:00     65.164913
2023-05-01 23:00:00     65.164913
Freq: H, Length: 11664, dtype: float64",2022-01-01,2023-05-01 23:00:00,486 days,100.0,63.31219464956448,128.74860726814646,65.16491335811531,-34.835086641884686,-70.17976286600607,29.94684499314129,100.0,50.82494794083223,430 days 01:00:00,114,0.0,57,35.08771929824561,20.26054831810229,-20.093245394587207,6.682452947232166,-4.344514153187787,3 days 09:03:00,2 days 02:35:40.540540540,0.7712281566033786,-0.6111418709102563,-0.3131195173876159,-0.541135212988657,0.9822064964467109,-0.44178934077192394,long
2266,"{'window_k': 132, 'window_d': 207, 'window_ma': 162}","open_time
2022-01-01 00:00:00    100.000000
2022-01-01 01:00:00    100.000000
2022-01-01 02:00:00    100.000000
2022-01-01 03:00:00    100.000000
2022-01-01 04:00:00    100.000000
                          ...    
2023-05-01 19:00:00     54.662602
2023-05-01 20:00:00     54.662602
2023-05-01 21:00:00     54.662602
2023-05-01 22:00:00     54.662602
2023-05-01 23:00:00     54.662602
Freq: H, Length: 11664, dtype: float64",2022-01-01,2023-05-01 23:00:00,486 days,100.0,40.01896972407594,122.55480607082632,54.66260217637978,-45.33739782362022,-70.17976286600607,33.90775034293553,100.0,67.34606254368487,451 days 16:00:00,45,0.0,23,36.36363636363637,40.36630036630038,-25.73325954620919,12.566242926760046,-9.932369449100324,9 days 23:45:00,6 days 01:21:25.714285714,0.5397465804989371,-2.0607908101645562,-0.5518837307226122,-0.5414900055148659,0.9715244459560848,-0.7707530823294981,long
3959,"{'window_k': 237, 'window_d': 117, 'window_ma': 117}","open_time
2022-01-01 00:00:00    100.000000
2022-01-01 01:00:00    100.000000
2022-01-01 02:00:00    100.000000
2022-01-01 03:00:00    100.000000
2022-01-01 04:00:00    100.000000
                          ...    
2023-05-01 19:00:00     54.046416
2023-05-01 20:00:00     53.922296
2023-05-01 21:00:00     54.193808
2023-05-01 22:00:00     54.434290
2023-05-01 23:00:00     54.434290
Freq: H, Length: 11664, dtype: float64",2022-01-01,2023-05-01 23:00:00,486 days,100.0,43.01169488847164,133.1773859992989,54.43429026956461,-45.56570973043539,-70.17976286600607,34.25925925925926,100.0,67.70345463253193,309 days 12:00:00,59,0.0,30,34.48275862068966,28.176691729323295,-25.376746232537673,11.39710230432582,-8.054617250902027,7 days 12:00:00,4 days 16:53:41.052631578,0.6546296576650626,-1.546353909880907,-0.3759991658820173,-0.5415767494715383,0.9776609694891999,-0.5765485337192054,long
3300,"{'window_k': 192, 'window_d': 222, 'window_ma': 72}","open_time
2022-01-01 00:00:00    100.000000
2022-01-01 01:00:00    100.000000
2022-01-01 02:00:00    100.000000
2022-01-01 03:00:00    100.000000
2022-01-01 04:00:00    100.000000
                          ...    
2023-05-01 19:00:00     55.447914
2023-05-01 20:00:00     55.447914
2023-05-01 21:00:00     55.447914
2023-05-01 22:00:00     55.447914
2023-05-01 23:00:00     55.447914
Freq: H, Length: 11664, dtype: float64",2022-01-01,2023-05-01 23:00:00,486 days,100.0,40.29099993544277,118.70396047347813,55.44791362626885,-44.55208637373115,-70.17976286600607,28.412208504801097,100.0,66.05757737590825,349 days 17:00:00,38,0.0,19,26.31578947368421,28.028766365480372,-22.845735832316723,11.75793068493585,-7.504365233183886,7 days 21:00:00,7 days 01:12:51.428571428,0.41413247746387544,-2.344846651249007,-0.6233043741122442,-0.5416932024886824,0.9647887637442262,-0.8642009348438099,long
1099,"{'window_k': 72, 'window_d': 72, 'window_ma': 177}","open_time
2022-01-01 00:00:00    100.000000
2022-01-01 01:00:00    100.000000
2022-01-01 02:00:00    100.000000
2022-01-01 03:00:00    100.000000
2022-01-01 04:00:00    100.000000
                          ...    
2023-05-01 19:00:00     64.443914
2023-05-01 20:00:00     64.443914
2023-05-01 21:00:00     64.443914
2023-05-01 22:00:00     64.443914
2023-05-01 23:00:00     64.443914
Freq: H, Length: 11664, dtype: float64",2022-01-01,2023-05-01 23:00:00,486 days,100.0,56.327970943239734,117.04409214021256,64.44391394283721,-35.55608605716279,-70.17976286600607,40.46639231824417,100.0,51.87457144290389,439 days 04:00:00,110,0.0,55,30.909090909090907,21.20338331410994,-17.72516043372426,9.302298796131435,-4.858072860211251,4 days 22:35:17.647058823,2 days 23:09:28.421052631,0.7735298207907497,-0.6464742919484139,-0.11841332967515081,-0.5418149608784297,0.9935898879019746,-0.17884460318421258,long
1479,"{'window_k': 87, 'window_d': 192, 'window_ma': 117}","open_time
2022-01-01 00:00:00    100.000000
2022-01-01 01:00:00    100.000000
2022-01-01 02:00:00    100.000000
2022-01-01 03:00:00    100.000000
2022-01-01 04:00:00    100.000000
                          ...    
2023-05-01 19:00:00     51.431091
2023-05-01 20:00:00     51.312978
2023-05-01 21:00:00     51.571351
2023-05-01 22:00:00     51.800197
2023-05-01 23:00:00     51.800197
Freq: H, Length: 11664, dtype: float64",2022-01-01,2023-05-01 23:00:00,486 days,100.0,34.828433522810506,124.07131082979426,51.80019650036014,-48.19980349963986,-70.17976286600607,30.984224965706446,100.0,71.92869706149114,409 days 07:00:00,51,0.0,26,28.000000000000004,30.410697230181484,-24.515778019586502,12.587685372416892,-7.609241904417428,8 days 20:08:34.285714285,4 days 20:03:20,0.5404326125047382,-1.9152949277894114,-0.7696365480656707,-0.5419598403528604,0.9588321000139974,-1.0522923846118484,long
2776,"{'window_k': 162, 'window_d': 207, 'window_ma': 132}","open_time
2022-01-01 00:00:00    100.000000
2022-01-01 01:00:00    100.000000
2022-01-01 02:00:00    100.000000
2022-01-01 03:00:00    100.000000
2022-01-01 04:00:00    100.000000
                          ...    
2023-05-01 19:00:00     61.006207
2023-05-01 20:00:00     61.006207
2023-05-01 21:00:00     61.006207
2023-05-01 22:00:00     61.006207
2023-05-01 23:00:00     61.006207
Freq: H, Length: 11664, dtype: float64",2022-01-01,2023-05-01 23:00:00,486 days,100.0,51.239115647562734,119.71584474415731,61.00620744194001,-38.99379255805999,-70.17976286600607,31.90157750342936,100.0,57.19938680041478,451 days 16:00:00,42,0.0,21,28.57142857142857,40.825285338015796,-26.23132263420033,16.336046137187246,-8.41653110544361,9 days 16:10:00,6 days 11:11:59.999999999,0.612384189718305,-1.8568472646695238,-0.45063990078010807,-0.5420732270068541,0.975619223330751,-0.627645807447406,long
2442,"{'window_k': 147, 'window_d': 132, 'window_ma': 162}","open_time
2022-01-01 00:00:00    100.000000
2022-01-01 01:00:00    100.000000
2022-01-01 02:00:00    100.000000
2022-01-01 03:00:00    100.000000
2022-01-01 04:00:00    100.000000
                          ...    
2023-05-01 19:00:00     57.486395
2023-05-01 20:00:00     57.354375
2023-05-01 21:00:00     57.643169
2023-05-01 22:00:00     57.898957
2023-05-01 23:00:00     57.898957
Freq: H, Length: 11664, dtype: float64",2022-01-01,2023-05-01 23:00:00,486 days,100.0,48.24779459872832,127.14449729375102,57.89895705371572,-42.10104294628428,-70.17976286600607,37.234224965706446,100.0,62.05278590448315,451 days 16:00:00,63,0.0,32,35.483870967741936,33.13161875945538,-13.416733616435215,10.445496523931292,-7.5220202746562155,6 days 21:49:05.454545454,5 days 02:27:00,0.6451904355744849,-1.354371792721476,-0.39853327552888096,-0.5424822066404332,0.9803209943245837,-0.5514160914165122,long
622,"{'window_k': 42, 'window_d': 102, 'window_ma': 222}","open_time
2022-01-01 00:00:00    100.000000
2022-01-01 01:00:00    100.000000
2022-01-01 02:00:00    100.000000
2022-01-01 03:00:00    100.000000
2022-01-01 04:00:00    100.000000
                          ...    
2023-05-01 19:00:00     57.763387
2023-05-01 20:00:00     57.763387
2023-05-01 21:00:00     57.763387
2023-05-01 22:00:00     57.763387
2023-05-01 23:00:00     57.763387
Freq: H, Length: 11664, dtype: float64",2022-01-01,2023-05-01 23:00:00,486 days,100.0,51.0302000363771,135.21488052314035,57.76338682921701,-42.23661317078299,-70.17976286600607,43.97290809327846,100.0,62.259922991505434,275 days 07:00:00,96,0.0,48,39.58333333333333,28.20419103313841,-22.458836443468723,9.227591400819172,-7.387428755098842,6 days 00:00:00,3 days 10:57:51.428571428,0.7733823927245869,-0.8799294410579779,-0.2193459271404552,-0.5425516314601124,0.9886830591269625,-0.3285357497903113,long
2471,"{'window_k': 147, 'window_d': 162, 'window_ma': 117}","open_time
2022-01-01 00:00:00    100.000000
2022-01-01 01:00:00    100.000000
2022-01-01 02:00:00    100.000000
2022-01-01 03:00:00    100.000000
2022-01-01 04:00:00    100.000000
                          ...    
2023-05-01 19:00:00     52.894752
2023-05-01 20:00:00     52.773278
2023-05-01 21:00:00     53.039004
2023-05-01 22:00:00     53.274362
2023-05-01 23:00:00     53.274362
Freq: H, Length: 11664, dtype: float64",2022-01-01,2023-05-01 23:00:00,486 days,100.0,40.819964799158655,133.5335490235246,53.274361731725605,-46.725638268274395,-70.17976286600607,32.34739368998628,100.0,69.43092945731009,309 days 12:00:00,51,0.0,26,32.0,30.712250712250714,-20.965207631874293,10.334280720643715,-8.12064455656603,7 days 08:07:30,6 days 00:30:00,0.568749817712117,-1.8626480953804485,-0.6512479490163156,-0.5427391854552295,0.9655113151877335,-0.9102991702682584,long
82,"{'window_k': 12, 'window_d': 87, 'window_ma': 42}","open_time
2022-01-01 00:00:00    100.00000
2022-01-01 01:00:00    100.00000
2022-01-01 02:00:00    100.00000
2022-01-01 03:00:00    100.00000
2022-01-01 04:00:00    100.00000
                         ...    
2023-05-01 19:00:00     58.67893
2023-05-01 20:00:00     58.67893
2023-05-01 21:00:00     58.67893
2023-05-01 22:00:00     58.67893
2023-05-01 23:00:00     58.67893
Freq: H, Length: 11664, dtype: float64",2022-01-01,2023-05-01 23:00:00,486 days,100.0,55.27878667108506,140.94332095198004,58.678930156984705,-41.321069843015295,-70.17976286600607,29.989711934156375,100.0,60.779420906423255,195 days 10:00:00,150,0.0,75,28.000000000000004,23.86131883072739,-17.22511385816526,8.132122314259808,-3.7973970921366504,3 days 08:51:25.714285714,1 days 09:20:00,0.7888461375646786,-0.5509475979068719,-0.3928570318566589,-0.5428234360461616,0.9752285342658691,-0.5936613340319086,long
3308,"{'window_k': 192, 'window_d': 222, 'window_ma': 192}","open_time
2022-01-01 00:00:00    100.000000
2022-01-01 01:00:00    100.000000
2022-01-01 02:00:00    100.000000
2022-01-01 03:00:00    100.000000
2022-01-01 04:00:00    100.000000
                          ...    
2023-05-01 19:00:00     60.766127
2023-05-01 20:00:00     60.766127
2023-05-01 21:00:00     60.766127
2023-05-01 22:00:00     60.766127
2023-05-01 23:00:00     60.766127
Freq: H, Length: 11664, dtype: float64",2022-01-01,2023-05-01 23:00:00,486 days,100.0,50.79190789926401,119.41431795593643,60.76612675806122,-39.23387324193878,-70.17976286600607,35.99108367626886,100.0,57.465814176482496,349 days 17:00:00,38,0.0,19,31.57894736842105,42.01668374067029,-22.84573583231673,15.367431223929445,-9.423495394071477,12 days 06:00:00,7 days 19:13:50.769230769,0.5933139244642895,-2.0649406969441464,-0.40305610940144687,-0.5431102273021413,0.9792057626583109,-0.5611663643178779,long
2865,"{'window_k': 177, 'window_d': 57, 'window_ma': 27}","open_time
2022-01-01 00:00:00    100.000000
2022-01-01 01:00:00    100.000000
2022-01-01 02:00:00    100.000000
2022-01-01 03:00:00    100.000000
2022-01-01 04:00:00    100.000000
                          ...    
2023-05-01 19:00:00     69.018790
2023-05-01 20:00:00     68.860285
2023-05-01 21:00:00     69.207014
2023-05-01 22:00:00     69.514116
2023-05-01 23:00:00     69.514116
Freq: H, Length: 11664, dtype: float64",2022-01-01,2023-05-01 23:00:00,486 days,100.0,63.05506571810794,112.59627329192546,69.51411641885858,-30.485883581141422,-70.17976286600607,24.63991769547325,100.0,43.998976276393535,469 days 22:00:00,97,0.0,49,37.5,20.00388048117967,-17.404292985173704,5.83646120495156,-4.454284683265975,3 days 06:53:20,1 days 20:18:00,0.7072398516672472,-0.693942592597276,-0.35874402944694417,-0.5431641010815095,0.9780285866377193,-0.5017222471164781,long
3013,"{'window_k': 177, 'window_d': 192, 'window_ma': 87}","open_time
2022-01-01 00:00:00    100.000000
2022-01-01 01:00:00    100.000000
2022-01-01 02:00:00    100.000000
2022-01-01 03:00:00    100.000000
2022-01-01 04:00:00    100.000000
                          ...    
2023-05-01 19:00:00     60.206992
2023-05-01 20:00:00     60.206992
2023-05-01 21:00:00     60.206992
2023-05-01 22:00:00     60.474157
2023-05-01 23:00:00     60.474157
Freq: H, Length: 11664, dtype: float64",2022-01-01,2023-05-01 23:00:00,486 days,100.0,50.80296655676404,120.60989523908307,60.4741574340267,-39.5258425659733,-70.17976286600607,30.95850480109739,100.0,57.87827652444426,451 days 16:00:00,43,0.0,22,38.095238095238095,30.390299355816623,-24.325817860300614,10.026074105094757,-8.898561604231501,9 days 02:22:30,5 days 23:09:13.846153846,0.5810121542178845,-1.89490513627374,-0.49985328457609546,-0.5435312343594874,0.9727508228038203,-0.6946590334024884,long
465,"{'window_k': 27, 'window_d': 207, 'window_ma': 27}","open_time
2022-01-01 00:00:00    100.000000
2022-01-01 01:00:00    100.000000
2022-01-01 02:00:00    100.000000
2022-01-01 03:00:00    100.000000
2022-01-01 04:00:00    100.000000
                          ...    
2023-05-01 19:00:00     62.163239
2023-05-01 20:00:00     62.020479
2023-05-01 21:00:00     62.332767
2023-05-01 22:00:00     62.609366
2023-05-01 23:00:00     62.609366
Freq: H, Length: 11664, dtype: float64",2022-01-01,2023-05-01 23:00:00,486 days,100.0,56.22346463595066,123.68160950038539,62.60936551595623,-37.39063448404377,-70.17976286600607,20.181755829903977,100.0,54.541774752878304,451 days 16:00:00,71,0.0,36,40.0,20.63584942461479,-10.669077757685356,5.019705192774454,-5.167658785767936,2 days 17:47:08.571428571,2 days 17:17:08.571428571,0.5985109980302377,-1.0657545492350236,-0.6286516732388113,-0.5436017231037249,0.9588255224960952,-0.8727903030368059,long
2236,"{'window_k': 132, 'window_d': 177, 'window_ma': 192}","open_time
2022-01-01 00:00:00    100.000000
2022-01-01 01:00:00    100.000000
2022-01-01 02:00:00    100.000000
2022-01-01 03:00:00    100.000000
2022-01-01 04:00:00    100.000000
                          ...    
2023-05-01 19:00:00     53.914879
2023-05-01 20:00:00     53.791061
2023-05-01 21:00:00     54.061912
2023-05-01 22:00:00     54.301809
2023-05-01 23:00:00     54.301809
Freq: H, Length: 11664, dtype: float64",2022-01-01,2023-05-01 23:00:00,486 days,100.0,44.48546211825575,137.43492246815083,54.301809082137915,-45.698190917862085,-70.17976286600607,38.2716049382716,100.0,67.63161697234207,391 days 18:00:00,53,0.0,27,26.923076923076923,43.68716735659374,-21.502192982456144,17.26664798270365,-8.31866981452672,10 days 12:34:17.142857142,5 days 20:06:18.947368421,0.6377085828748554,-1.760599115124037,-0.5216361047097217,-0.5438642006711765,0.9743888045423444,-0.7307504767400085,long
4032,"{'window_k': 237, 'window_d': 192, 'window_ma': 12}","open_time
2022-01-01 00:00:00    100.000000
2022-01-01 01:00:00    100.000000
2022-01-01 02:00:00    100.000000
2022-01-01 03:00:00    100.000000
2022-01-01 04:00:00    100.000000
                          ...    
2023-05-01 19:00:00     66.239653
2023-05-01 20:00:00     66.239653
2023-05-01 21:00:00     66.239653
2023-05-01 22:00:00     66.239653
2023-05-01 23:00:00     66.239653
Freq: H, Length: 11664, dtype: float64",2022-01-01,2023-05-01 23:00:00,486 days,100.0,60.03189214941317,117.47329371374364,66.2396526887316,-33.760347311268404,-70.17976286600607,13.880315500685873,100.0,48.8974129765208,426 days 23:00:00,38,0.0,19,42.10526315789473,18.21582195623713,-24.463283056258945,5.881794451982493,-7.195198066296475,3 days 02:07:30,3 days 21:16:21.818181818,0.5265974017717487,-1.7768603848036,-0.6645942784227615,-0.5441397011317839,0.9473297243522238,-0.9108500709356366,long
3973,"{'window_k': 237, 'window_d': 132, 'window_ma': 87}","open_time
2022-01-01 00:00:00    100.000000
2022-01-01 01:00:00    100.000000
2022-01-01 02:00:00    100.000000
2022-01-01 03:00:00    100.000000
2022-01-01 04:00:00    100.000000
                          ...    
2023-05-01 19:00:00     56.404531
2023-05-01 20:00:00     56.404531
2023-05-01 21:00:00     56.404531
2023-05-01 22:00:00     56.404531
2023-05-01 23:00:00     56.404531
Freq: H, Length: 11664, dtype: float64",2022-01-01,2023-05-01 23:00:00,486 days,100.0,43.96478577978672,122.84612540277851,56.40453102977579,-43.59546897022421,-70.17976286600607,37.21707818930041,100.0,64.21149984532411,451 days 16:00:00,54,0.0,27,29.629629629629626,31.461318051575947,-22.782723376195175,12.851266806041378,-7.362700307681551,8 days 03:22:30,6 days 02:12:37.894736842,0.6094248276888402,-1.6146469988971939,-0.4025213606185682,-0.5443362112843472,0.9788554430306358,-0.5753271080939082,long
3520,"{'window_k': 207, 'window_d': 192, 'window_ma': 12}","open_time
2022-01-01 00:00:00    100.000000
2022-01-01 01:00:00    100.000000
2022-01-01 02:00:00    100.000000
2022-01-01 03:00:00    100.000000
2022-01-01 04:00:00    100.000000
                          ...    
2023-05-01 19:00:00     64.743094
2023-05-01 20:00:00     64.743094
2023-05-01 21:00:00     64.743094
2023-05-01 22:00:00     64.743094
2023-05-01 23:00:00     64.743094
Freq: H, Length: 11664, dtype: float64",2022-01-01,2023-05-01 23:00:00,486 days,100.0,58.054302122497155,118.7675359197291,64.74309375762014,-35.256906242379856,-70.17976286600607,13.72599451303155,100.0,51.11938487825994,391 days 18:00:00,38,0.0,19,31.57894736842105,18.260056127221695,-25.659365221278495,8.17516415987192,-6.408420576691723,3 days 06:20:00,3 days 15:00:00,0.5168709016433339,-1.8556266443357825,-0.7361353247944329,-0.5449184607998313,0.941532469022731,-1.0073327530159988,long
3658,"{'window_k': 222, 'window_d': 72, 'window_ma': 162}","open_time
2022-01-01 00:00:00    100.000000
2022-01-01 01:00:00    100.000000
2022-01-01 02:00:00    100.000000
2022-01-01 03:00:00    100.000000
2022-01-01 04:00:00    100.000000
                          ...    
2023-05-01 19:00:00     55.931361
2023-05-01 20:00:00     55.802913
2023-05-01 21:00:00     56.083894
2023-05-01 22:00:00     56.332763
2023-05-01 23:00:00     56.332763
Freq: H, Length: 11664, dtype: float64",2022-01-01,2023-05-01 23:00:00,486 days,100.0,49.22994613137318,137.664395985517,56.332763458808735,-43.667236541191265,-70.17976286600607,34.336419753086425,100.0,64.2391587316793,355 days 14:00:00,71,0.0,36,42.857142857142854,23.114119922630554,-21.995165897604934,8.025411894170949,-7.981065268328017,5 days 22:24:00,3 days 16:27:00,0.6865408827015254,-1.240983524376447,-0.29621153129023603,-0.5450696052721407,0.9825095684352355,-0.44808803821116744,long
2509,"{'window_k': 147, 'window_d': 192, 'window_ma': 207}","open_time
2022-01-01 00:00:00    100.000000
2022-01-01 01:00:00    100.000000
2022-01-01 02:00:00    100.000000
2022-01-01 03:00:00    100.000000
2022-01-01 04:00:00    100.000000
                          ...    
2023-05-01 19:00:00     55.984610
2023-05-01 20:00:00     55.856039
2023-05-01 21:00:00     56.137288
2023-05-01 22:00:00     56.386394
2023-05-01 23:00:00     56.386394
Freq: H, Length: 11664, dtype: float64",2022-01-01,2023-05-01 23:00:00,486 days,100.0,43.753381835882806,122.0274950152167,56.386394093261735,-43.613605906738265,-70.17976286600607,34.53360768175583,100.0,64.14465294856146,451 days 16:00:00,47,0.0,24,30.434782608695656,38.90595290332016,-24.757815940114483,13.305713359879048,-8.135925828005666,10 days 03:25:42.857142857,6 days 00:30:00,0.5583880411013591,-1.9077731946184113,-0.5360649444911231,-0.5451483813708593,0.9723009027797616,-0.7508501230456051,long
1463,"{'window_k': 87, 'window_d': 177, 'window_ma': 117}","open_time
2022-01-01 00:00:00    100.000000
2022-01-01 01:00:00    100.000000
2022-01-01 02:00:00    100.000000
2022-01-01 03:00:00    100.000000
2022-01-01 04:00:00    100.000000
                          ...    
2023-05-01 19:00:00     47.402457
2023-05-01 20:00:00     47.293596
2023-05-01 21:00:00     47.531731
2023-05-01 22:00:00     47.742650
2023-05-01 23:00:00     47.742650
Freq: H, Length: 11664, dtype: float64",2022-01-01,2023-05-01 23:00:00,486 days,100.0,30.913924924055383,141.49914019101973,47.74265009790274,-52.25734990209726,-70.17976286600607,32.458847736625515,100.0,78.15257048041248,409 days 07:00:00,55,0.0,28,29.629629629629626,29.19735599622286,-34.20814479638009,14.780913192844135,-8.680824811353167,8 days 12:45:00,4 days 14:15:47.368421052,0.6133990272517774,-1.911013924931094,-0.735845820887521,-0.5451930632023664,0.9606296513372871,-0.9988738189953668,long
3523,"{'window_k': 207, 'window_d': 192, 'window_ma': 57}","open_time
2022-01-01 00:00:00    100.000000
2022-01-01 01:00:00    100.000000
2022-01-01 02:00:00    100.000000
2022-01-01 03:00:00    100.000000
2022-01-01 04:00:00    100.000000
                          ...    
2023-05-01 19:00:00     57.640217
2023-05-01 20:00:00     57.640217
2023-05-01 21:00:00     57.640217
2023-05-01 22:00:00     57.640217
2023-05-01 23:00:00     57.640217
Freq: H, Length: 11664, dtype: float64",2022-01-01,2023-05-01 23:00:00,486 days,100.0,46.05228320069085,121.36918674733047,57.64021731723182,-42.35978268276818,-70.17976286600607,23.508230452674898,100.0,62.056033796647505,424 days 03:00:00,40,0.0,20,30.0,28.250701590271287,-16.349964434508696,10.646321819469014,-7.655016021201785,5 days 19:50:00,5 days 15:55:42.857142857,0.5040794498220246,-2.1179891341384094,-0.79953475794765,-0.5460435777241985,0.9503621888340955,-1.1063907894631042,long
1745,"{'window_k': 102, 'window_d': 207, 'window_ma': 27}","open_time
2022-01-01 00:00:00    100.000000
2022-01-01 01:00:00    100.000000
2022-01-01 02:00:00    100.000000
2022-01-01 03:00:00    100.000000
2022-01-01 04:00:00    100.000000
                          ...    
2023-05-01 19:00:00     53.410077
2023-05-01 20:00:00     53.287418
2023-05-01 21:00:00     53.555733
2023-05-01 22:00:00     53.793384
2023-05-01 23:00:00     53.793384
Freq: H, Length: 11664, dtype: float64",2022-01-01,2023-05-01 23:00:00,486 days,100.0,38.66459695915473,121.44759517468275,53.793384151216976,-46.206615848783024,-70.17976286600607,20.104595336076816,100.0,68.16355490321405,451 days 16:00:00,47,0.0,24,39.130434782608695,17.64553014553014,-36.755009696186164,7.564193578353345,-8.173328500025892,3 days 18:13:20,4 days 12:17:08.571428571,0.4908235608605001,-2.0473140546145716,-0.8919136190415982,-0.5461492085754649,0.9398354288471552,-1.18437621256245,long
2267,"{'window_k': 132, 'window_d': 207, 'window_ma': 177}","open_time
2022-01-01 00:00:00    100.000000
2022-01-01 01:00:00    100.000000
2022-01-01 02:00:00    100.000000
2022-01-01 03:00:00    100.000000
2022-01-01 04:00:00    100.000000
                          ...    
2023-05-01 19:00:00     53.964363
2023-05-01 20:00:00     53.964363
2023-05-01 21:00:00     53.964363
2023-05-01 22:00:00     53.964363
2023-05-01 23:00:00     53.964363
Freq: H, Length: 11664, dtype: float64",2022-01-01,2023-05-01 23:00:00,486 days,100.0,39.41021206939203,122.55480607082632,53.96436344404938,-46.03563655595062,-70.17976286600607,35.82818930041152,100.0,67.84278533587964,451 days 16:00:00,45,0.0,23,31.818181818181817,40.36630036630037,-25.733259546209187,14.01147010217472,-9.212767038537764,10 days 17:25:42.857142857,6 days 14:20:00,0.5242736042828159,-2.092528934361392,-0.5643057946092335,-0.546523643899567,0.9715095155409221,-0.7871088340515825,long
3280,"{'window_k': 192, 'window_d': 207, 'window_ma': 12}","open_time
2022-01-01 00:00:00    100.000000
2022-01-01 01:00:00    100.000000
2022-01-01 02:00:00    100.000000
2022-01-01 03:00:00    100.000000
2022-01-01 04:00:00    100.000000
                          ...    
2023-05-01 19:00:00     65.454937
2023-05-01 20:00:00     65.454937
2023-05-01 21:00:00     65.454937
2023-05-01 22:00:00     65.454937
2023-05-01 23:00:00     65.454937
Freq: H, Length: 11664, dtype: float64",2022-01-01,2023-05-01 23:00:00,486 days,100.0,59.68767483418351,119.02585313201043,65.45493745170734,-34.54506254829266,-70.17976286600607,14.111796982167352,100.0,49.85318461193092,374 days 12:00:00,38,0.0,19,42.10526315789473,18.215821956237132,-23.655913978494624,6.340370069569856,-7.6017753712886895,3 days 05:30:00,3 days 21:16:21.818181818,0.5394200118583498,-1.818161186752246,-0.7082078217611774,-0.5468252341232437,0.9443790620523331,-0.9672520925962074,long
2875,"{'window_k': 177, 'window_d': 57, 'window_ma': 177}","open_time
2022-01-01 00:00:00    100.000000
2022-01-01 01:00:00    100.000000
2022-01-01 02:00:00    100.000000
2022-01-01 03:00:00    100.000000
2022-01-01 04:00:00    100.000000
                          ...    
2023-05-01 19:00:00     62.920620
2023-05-01 20:00:00     62.776120
2023-05-01 21:00:00     63.092213
2023-05-01 22:00:00     63.372182
2023-05-01 23:00:00     63.372182
Freq: H, Length: 11664, dtype: float64",2022-01-01,2023-05-01 23:00:00,486 days,100.0,52.932672158269405,112.59627329192546,63.37218152239976,-36.62781847760024,-70.17976286600607,36.2997256515775,100.0,52.988966143637604,469 days 22:00:00,99,0.0,50,34.69387755102041,21.84710904152114,-17.4042929851737,7.847690473329773,-5.257354553898374,5 days 02:00:00,2 days 15:35:37.500000,0.69857407773796,-0.8000351158591672,-0.1783204619311735,-0.5474014865295737,0.9896004304014602,-0.27188221104687105,long
4008,"{'window_k': 237, 'window_d': 162, 'window_ma': 132}","open_time
2022-01-01 00:00:00    100.000000
2022-01-01 01:00:00    100.000000
2022-01-01 02:00:00    100.000000
2022-01-01 03:00:00    100.000000
2022-01-01 04:00:00    100.000000
                          ...    
2023-05-01 19:00:00     58.335016
2023-05-01 20:00:00     58.201047
2023-05-01 21:00:00     58.494104
2023-05-01 22:00:00     58.753668
2023-05-01 23:00:00     58.753668
Freq: H, Length: 11664, dtype: float64",2022-01-01,2023-05-01 23:00:00,486 days,100.0,48.85330118524966,122.55480607082632,58.75366839510379,-41.24633160489621,-70.17976286600607,35.399519890260635,100.0,60.13758843776671,451 days 16:00:00,47,0.0,24,26.08695652173913,34.503437180049715,-23.434903047091417,18.498990825007947,-8.339534808899288,10 days 20:00:00,6 days 06:38:49.411764705,0.647315098958408,-1.7853097642796971,-0.369493515453175,-0.547551168337762,0.9799801124341095,-0.5329596459218258,long
3931,"{'window_k': 237, 'window_d': 87, 'window_ma': 177}","open_time
2022-01-01 00:00:00    100.000000
2022-01-01 01:00:00    100.000000
2022-01-01 02:00:00    100.000000
2022-01-01 03:00:00    100.000000
2022-01-01 04:00:00    100.000000
                          ...    
2023-05-01 19:00:00     55.519741
2023-05-01 20:00:00     55.392237
2023-05-01 21:00:00     55.671151
2023-05-01 22:00:00     55.918189
2023-05-01 23:00:00     55.918189
Freq: H, Length: 11664, dtype: float64",2022-01-01,2023-05-01 23:00:00,486 days,100.0,44.01826182100828,124.12567506313948,55.91818882205287,-44.08181117794713,-70.17976286600607,38.95747599451303,100.0,64.53734346369731,430 days 01:00:00,69,0.0,35,29.411764705882355,30.374716124148378,-20.94909979995554,16.88238916475879,-8.272658372889772,9 days 12:18:00,3 days 18:52:30,0.7295549393051305,-1.3061334858090814,-0.2749596422633856,-0.5481217768661791,0.9849338227261784,-0.4138931501116395,long
2497,"{'window_k': 147, 'window_d': 192, 'window_ma': 27}","open_time
2022-01-01 00:00:00    100.000000
2022-01-01 01:00:00    100.000000
2022-01-01 02:00:00    100.000000
2022-01-01 03:00:00    100.000000
2022-01-01 04:00:00    100.000000
                          ...    
2023-05-01 19:00:00     58.502969
2023-05-01 20:00:00     58.368615
2023-05-01 21:00:00     58.662515
2023-05-01 22:00:00     58.922827
2023-05-01 23:00:00     58.922827
Freq: H, Length: 11664, dtype: float64",2022-01-01,2023-05-01 23:00:00,486 days,100.0,50.861023060912586,126.52490468618593,58.922827079588345,-41.077172920411655,-70.17976286600607,22.13648834019204,100.0,59.8015717245068,351 days 13:00:00,47,0.0,24,30.434782608695656,18.691230090193812,-14.32895319651557,8.459453403887226,-6.473712572564813,3 days 23:34:17.142857142,4 days 22:48:45,0.5529079389746262,-1.7980121300206027,-0.8088707994550046,-0.5482034817839808,0.9494009025382504,-1.125530669914624,long
792,"{'window_k': 57, 'window_d': 27, 'window_ma': 132}","open_time
2022-01-01 00:00:00    100.000000
2022-01-01 01:00:00    100.000000
2022-01-01 02:00:00    100.000000
2022-01-01 03:00:00    100.000000
2022-01-01 04:00:00    100.000000
                          ...    
2023-05-01 19:00:00     45.583913
2023-05-01 20:00:00     45.583913
2023-05-01 21:00:00     45.583913
2023-05-01 22:00:00     45.583913
2023-05-01 23:00:00     45.583913
Freq: H, Length: 11664, dtype: float64",2022-01-01,2023-05-01 23:00:00,486 days,100.0,19.155781742233994,101.8232648596086,45.583912701014626,-54.416087298985374,-70.17976286600607,40.14060356652949,100.0,81.1872249739335,481 days 09:00:00,234,0.0,117,38.46153846153847,26.307237813884793,-14.919252771730884,5.275510431665722,-4.058302323336043,2 days 02:53:20,1 days 09:13:20,0.5863741294025886,-0.46509476323919097,-0.4694361968852306,-0.5489578650094384,0.9745193166608296,-0.7219798277405591,long
3043,"{'window_k': 177, 'window_d': 222, 'window_ma': 57}","open_time
2022-01-01 00:00:00    100.000000
2022-01-01 01:00:00    100.000000
2022-01-01 02:00:00    100.000000
2022-01-01 03:00:00    100.000000
2022-01-01 04:00:00    100.000000
                          ...    
2023-05-01 19:00:00     54.912146
2023-05-01 20:00:00     54.912146
2023-05-01 21:00:00     54.912146
2023-05-01 22:00:00     54.912146
2023-05-01 23:00:00     54.912146
Freq: H, Length: 11664, dtype: float64",2022-01-01,2023-05-01 23:00:00,486 days,100.0,42.66158348554416,125.40795099642847,54.91214618363374,-45.08785381636626,-70.17976286600607,24.23696844993141,100.0,65.98175542573124,424 days 03:00:00,38,0.0,19,36.84210526315789,25.802899614608204,-22.657903531246525,8.064204748573085,-8.692548989470234,6 days 12:17:08.571428571,6 days 00:24:59.999999999,0.44890649828941237,-2.3730449377034875,-0.8146220414329701,-0.5493869677547947,0.9492815048100613,-1.1254853114829355,long
2304,"{'window_k': 147, 'window_d': 12, 'window_ma': 12}","open_time
2022-01-01 00:00:00    100.000000
2022-01-01 01:00:00    100.000000
2022-01-01 02:00:00    100.000000
2022-01-01 03:00:00    100.000000
2022-01-01 04:00:00    100.000000
                          ...    
2023-05-01 19:00:00     59.425991
2023-05-01 20:00:00     59.289517
2023-05-01 21:00:00     59.588054
2023-05-01 22:00:00     59.588054
2023-05-01 23:00:00     59.588054
Freq: H, Length: 11664, dtype: float64",2022-01-01,2023-05-01 23:00:00,486 days,100.0,42.922774621152385,103.74420897118003,59.588053861297844,-40.411946138702156,-70.17976286600607,29.723936899862824,100.0,58.62634160806387,469 days 22:00:00,458,0.0,229,34.49781659388647,35.12278697886922,-14.131233595800532,3.730464693491844,-2.164583724874482,0 days 21:15:56.962025316,0 days 11:55:58.389261744,0.8096793920851689,-0.17647138051835043,-0.2839431618753734,-0.5494850843206495,0.9814739765307361,-0.44810637203850906,long
2753,"{'window_k': 162, 'window_d': 192, 'window_ma': 27}","open_time
2022-01-01 00:00:00    100.000000
2022-01-01 01:00:00    100.000000
2022-01-01 02:00:00    100.000000
2022-01-01 03:00:00    100.000000
2022-01-01 04:00:00    100.000000
                          ...    
2023-05-01 19:00:00     61.534516
2023-05-01 20:00:00     61.393199
2023-05-01 21:00:00     61.702329
2023-05-01 22:00:00     61.976130
2023-05-01 23:00:00     61.976130
Freq: H, Length: 11664, dtype: float64",2022-01-01,2023-05-01 23:00:00,486 days,100.0,54.36465592184666,120.59738643434972,61.976129853853145,-38.023870146146855,-70.17976286600607,20.28463648834019,100.0,54.92053556944912,451 days 16:00:00,43,0.0,22,28.57142857142857,18.554724937703647,-13.756940160394826,7.072343791838902,-5.579050433741947,4 days 19:40:00,4 days 14:56:00,0.46429422854445107,-1.801407615238692,-0.7442850513061323,-0.549595182184452,0.9510505545551518,-1.0295971164828333,long
4040,"{'window_k': 237, 'window_d': 192, 'window_ma': 132}","open_time
2022-01-01 00:00:00    100.000000
2022-01-01 01:00:00    100.000000
2022-01-01 02:00:00    100.000000
2022-01-01 03:00:00    100.000000
2022-01-01 04:00:00    100.000000
                          ...    
2023-05-01 19:00:00     61.497471
2023-05-01 20:00:00     61.497471
2023-05-01 21:00:00     61.497471
2023-05-01 22:00:00     61.497471
2023-05-01 23:00:00     61.497471
Freq: H, Length: 11664, dtype: float64",2022-01-01,2023-05-01 23:00:00,486 days,100.0,53.03224718562124,119.56197624800781,61.49747112749225,-38.50252887250775,-70.17976286600607,30.69272976680384,100.0,55.64455452324051,451 days 16:00:00,38,0.0,19,31.57894736842105,37.60633616896453,-24.463283056258934,15.447310092518936,-9.338507109796936,10 days 08:40:00,6 days 16:36:55.384615384,0.6127725997849724,-2.026448888026725,-0.4321125379893098,-0.5497287767090533,0.9759425842843319,-0.6039972716922597,long
2256,"{'window_k': 132, 'window_d': 207, 'window_ma': 12}","open_time
2022-01-01 00:00:00    100.000000
2022-01-01 01:00:00    100.000000
2022-01-01 02:00:00    100.000000
2022-01-01 03:00:00    100.000000
2022-01-01 04:00:00    100.000000
                          ...    
2023-05-01 19:00:00     63.274524
2023-05-01 20:00:00     63.274524
2023-05-01 21:00:00     63.274524
2023-05-01 22:00:00     63.274524
2023-05-01 23:00:00     63.274524
Freq: H, Length: 11664, dtype: float64",2022-01-01,2023-05-01 23:00:00,486 days,100.0,54.21702456842122,115.06930048401625,63.27452437884614,-36.72547562115386,-70.17976286600607,12.7400548696845,100.0,52.88315446398993,391 days 18:00:00,41,0.0,21,30.0,18.215821956237146,-25.733259546209187,5.898923262836869,-5.2537627045243225,3 days 12:20:00,2 days 21:51:25.714285714,0.3877128402286069,-1.836273781057693,-0.8727056075357076,-0.5500507488739798,0.929310947832724,-1.1848947619606898,long
2996,"{'window_k': 177, 'window_d': 177, 'window_ma': 72}","open_time
2022-01-01 00:00:00    100.000000
2022-01-01 01:00:00    100.000000
2022-01-01 02:00:00    100.000000
2022-01-01 03:00:00    100.000000
2022-01-01 04:00:00    100.000000
                          ...    
2023-05-01 19:00:00     54.770007
2023-05-01 20:00:00     54.644226
2023-05-01 21:00:00     54.919373
2023-05-01 22:00:00     55.163074
2023-05-01 23:00:00     55.163074
Freq: H, Length: 11664, dtype: float64",2022-01-01,2023-05-01 23:00:00,486 days,100.0,41.30124394499522,119.64192504436788,55.16307447072251,-44.83692552927749,-70.17976286600607,28.75514403292181,100.0,65.47928836009692,453 days 11:00:00,47,0.0,24,34.78260869565217,33.033148112665245,-22.652724270775998,8.237333842140044,-7.643056483628051,5 days 12:45:00,6 days 07:32:00,0.4671851952531926,-2.00309378547034,-0.6244865919715346,-0.5502633700050509,0.9651462354109984,-0.8669722775561127,long
3061,"{'window_k': 177, 'window_d': 237, 'window_ma': 87}","open_time
2022-01-01 00:00:00    100.000000
2022-01-01 01:00:00    100.000000
2022-01-01 02:00:00    100.000000
2022-01-01 03:00:00    100.000000
2022-01-01 04:00:00    100.000000
                          ...    
2023-05-01 19:00:00     60.517569
2023-05-01 20:00:00     60.517569
2023-05-01 21:00:00     60.517569
2023-05-01 22:00:00     60.517569
2023-05-01 23:00:00     60.517569
Freq: H, Length: 11664, dtype: float64",2022-01-01,2023-05-01 23:00:00,486 days,100.0,50.83679315540896,118.38126749809112,60.517569400806266,-39.482430599193734,-70.17976286600607,30.469821673525377,100.0,57.056725080064965,451 days 16:00:00,34,0.0,17,35.294117647058826,27.515286270150067,-19.446962828649138,12.333593343232408,-9.986835179342538,10 days 02:50:00,7 days 22:38:10.909090909,0.5394101514990528,-2.3224959175996314,-0.5168117298011403,-0.5507098665262776,0.971462320669364,-0.7145082508653965,long
3292,"{'window_k': 192, 'window_d': 207, 'window_ma': 192}","open_time
2022-01-01 00:00:00    100.000000
2022-01-01 01:00:00    100.000000
2022-01-01 02:00:00    100.000000
2022-01-01 03:00:00    100.000000
2022-01-01 04:00:00    100.000000
                          ...    
2023-05-01 19:00:00     58.644502
2023-05-01 20:00:00     58.644502
2023-05-01 21:00:00     58.644502
2023-05-01 22:00:00     58.644502
2023-05-01 23:00:00     58.644502
Freq: H, Length: 11664, dtype: float64",2022-01-01,2023-05-01 23:00:00,486 days,100.0,49.894635426926484,124.55328685608863,58.644501780479544,-41.355498219520456,-70.17976286600607,34.65363511659808,100.0,59.94113307938975,424 days 03:00:00,40,0.0,20,35.0,41.16602545131697,-23.655913978494617,13.118363000203997,-9.681952496663595,11 days 14:00:00,6 days 17:13:50.769230769,0.5800718329456269,-2.067774910976024,-0.46147051722971705,-0.550907552519428,0.9758459966745926,-0.6409807588582209,long
1789,"{'window_k': 102, 'window_d': 237, 'window_ma': 207}","open_time
2022-01-01 00:00:00    100.000000
2022-01-01 01:00:00    100.000000
2022-01-01 02:00:00    100.000000
2022-01-01 03:00:00    100.000000
2022-01-01 04:00:00    100.000000
                          ...    
2023-05-01 19:00:00     58.911713
2023-05-01 20:00:00     58.911713
2023-05-01 21:00:00     58.911713
2023-05-01 22:00:00     58.911713
2023-05-01 23:00:00     58.911713
Freq: H, Length: 11664, dtype: float64",2022-01-01,2023-05-01 23:00:00,486 days,100.0,48.55467132596058,119.8639315534481,58.91171316851756,-41.08828683148244,-70.17976286600607,35.84533607681756,100.0,59.49184154341731,451 days 16:00:00,44,0.0,22,27.27272727272727,42.49708624708626,-22.362539114885994,14.287601770703759,-7.557629158686127,11 days 07:10:00,6 days 15:37:30,0.5551938184250816,-1.8676494014310205,-0.45228480444077646,-0.5512176282936153,0.9770679517496089,-0.6347602006813235,long
3740,"{'window_k': 222, 'window_d': 147, 'window_ma': 192}","open_time
2022-01-01 00:00:00    100.000000
2022-01-01 01:00:00    100.000000
2022-01-01 02:00:00    100.000000
2022-01-01 03:00:00    100.000000
2022-01-01 04:00:00    100.000000
                          ...    
2023-05-01 19:00:00     59.232849
2023-05-01 20:00:00     59.096818
2023-05-01 21:00:00     59.394386
2023-05-01 22:00:00     59.657945
2023-05-01 23:00:00     59.657945
Freq: H, Length: 11664, dtype: float64",2022-01-01,2023-05-01 23:00:00,486 days,100.0,51.84924512364584,124.40355194179949,59.65794494205612,-40.34205505794388,-70.17976286600607,38.2716049382716,100.0,58.32173252745806,451 days 16:00:00,47,0.0,24,34.78260869565217,34.694477085781436,-23.788642841482133,12.606300179325364,-8.89411957758171,10 days 10:00:00,6 days 18:12:00,0.6397324909367532,-1.754741690871712,-0.32012537762874477,-0.5513313165686026,0.9834548018389974,-0.4619070275049724,long
1089,"{'window_k': 72, 'window_d': 72, 'window_ma': 27}","open_time
2022-01-01 00:00:00    100.000000
2022-01-01 01:00:00    100.000000
2022-01-01 02:00:00    100.000000
2022-01-01 03:00:00    100.000000
2022-01-01 04:00:00    100.000000
                          ...    
2023-05-01 19:00:00     65.167107
2023-05-01 20:00:00     65.167107
2023-05-01 21:00:00     65.167107
2023-05-01 22:00:00     65.167107
2023-05-01 23:00:00     65.167107
Freq: H, Length: 11664, dtype: float64",2022-01-01,2023-05-01 23:00:00,486 days,100.0,58.67533249653559,117.04409214021256,65.16710714569146,-34.83289285430854,-70.17976286600607,29.50102880658436,100.0,49.869035315130915,439 days 04:00:00,110,0.0,55,36.36363636363637,18.89657823913877,-17.725160433724266,6.054913412809319,-4.295785729057959,3 days 07:42:00,2 days 04:46:17.142857142,0.728918823476418,-0.6333253246237915,-0.35225935525126567,-0.5514711862526845,0.9801587435884221,-0.4915842212388972,long
3306,"{'window_k': 192, 'window_d': 222, 'window_ma': 162}","open_time
2022-01-01 00:00:00    100.00000
2022-01-01 01:00:00    100.00000
2022-01-01 02:00:00    100.00000
2022-01-01 03:00:00    100.00000
2022-01-01 04:00:00    100.00000
                         ...    
2023-05-01 19:00:00     59.67698
2023-05-01 20:00:00     59.67698
2023-05-01 21:00:00     59.67698
2023-05-01 22:00:00     59.67698
2023-05-01 23:00:00     59.67698
Freq: H, Length: 11664, dtype: float64",2022-01-01,2023-05-01 23:00:00,486 days,100.0,51.313947231759236,122.97861830753729,59.67697956317357,-40.32302043682643,-70.17976286600607,31.28429355281207,100.0,58.274090294756355,349 days 17:00:00,38,0.0,19,26.31578947368421,42.01668374067029,-22.845735832316727,15.47174479990489,-7.937370773671157,9 days 22:48:00,7 days 07:21:25.714285714,0.5405942272509139,-2.1222642335171806,-0.450925080964787,-0.5515030881107277,0.9753392489529686,-0.6303978845878038,long
1787,"{'window_k': 102, 'window_d': 237, 'window_ma': 177}","open_time
2022-01-01 00:00:00    100.000000
2022-01-01 01:00:00    100.000000
2022-01-01 02:00:00    100.000000
2022-01-01 03:00:00    100.000000
2022-01-01 04:00:00    100.000000
                          ...    
2023-05-01 19:00:00     58.623411
2023-05-01 20:00:00     58.623411
2023-05-01 21:00:00     58.623411
2023-05-01 22:00:00     58.623411
2023-05-01 23:00:00     58.623411
Freq: H, Length: 11664, dtype: float64",2022-01-01,2023-05-01 23:00:00,486 days,100.0,48.11564935069577,119.8639315534481,58.62341084912604,-41.37658915087396,-70.17976286600607,35.699588477366255,100.0,59.858108500937426,451 days 16:00:00,44,0.0,22,27.27272727272727,42.49708624708626,-22.362539114885998,14.113792625107838,-7.523871724771898,11 days 04:40:00,6 days 15:30:00,0.5467553669771681,-1.8807540523124535,-0.46949310847438,-0.5519739151237159,0.9761082277471551,-0.6586949660333798,long
1245,"{'window_k': 72, 'window_d': 207, 'window_ma': 207}","open_time
2022-01-01 00:00:00    100.000000
2022-01-01 01:00:00    100.000000
2022-01-01 02:00:00    100.000000
2022-01-01 03:00:00    100.000000
2022-01-01 04:00:00    100.000000
                          ...    
2023-05-01 19:00:00     48.186402
2023-05-01 20:00:00     48.075740
2023-05-01 21:00:00     48.317813
2023-05-01 22:00:00     48.532221
2023-05-01 23:00:00     48.532221
Freq: H, Length: 11664, dtype: float64",2022-01-01,2023-05-01 23:00:00,486 days,100.0,30.016046064413693,124.55012853470436,48.53222051487556,-51.467779485124446,-70.17976286600607,35.85390946502058,100.0,75.90042947563069,451 days 16:00:00,53,0.0,27,34.61538461538461,38.076923076923066,-38.48961761713841,14.800603013199723,-10.201439358054227,9 days 13:00:00,5 days 02:45:52.941176470,0.5606037163603902,-1.9821901253673326,-0.676574552366605,-0.5519976594177407,0.9652427294586803,-0.9115143133512271,long
733,"{'window_k': 42, 'window_d': 207, 'window_ma': 207}","open_time
2022-01-01 00:00:00    100.000000
2022-01-01 01:00:00    100.000000
2022-01-01 02:00:00    100.000000
2022-01-01 03:00:00    100.000000
2022-01-01 04:00:00    100.000000
                          ...    
2023-05-01 19:00:00     51.166931
2023-05-01 20:00:00     51.049424
2023-05-01 21:00:00     51.306470
2023-05-01 22:00:00     51.534140
2023-05-01 23:00:00     51.534140
Freq: H, Length: 11664, dtype: float64",2022-01-01,2023-05-01 23:00:00,486 days,100.0,33.89033876567247,116.94095964897163,51.53413998981416,-48.46586001018584,-70.17976286600607,37.122770919067214,100.0,71.01927428387536,451 days 16:00:00,61,0.0,31,30.0,31.39423993896623,-31.79342947758961,14.133650631815565,-7.995932934568377,9 days 15:06:40,4 days 08:34:17.142857142,0.5840295494058868,-1.5952097575997328,-0.6126318021415087,-0.5522161105133001,0.9694966720286282,-0.8245611310416676,long
3742,"{'window_k': 222, 'window_d': 147, 'window_ma': 222}","open_time
2022-01-01 00:00:00    100.000000
2022-01-01 01:00:00    100.000000
2022-01-01 02:00:00    100.000000
2022-01-01 03:00:00    100.000000
2022-01-01 04:00:00    100.000000
                          ...    
2023-05-01 19:00:00     58.889900
2023-05-01 20:00:00     58.754657
2023-05-01 21:00:00     59.050501
2023-05-01 22:00:00     59.312534
2023-05-01 23:00:00     59.312534
Freq: H, Length: 11664, dtype: float64",2022-01-01,2023-05-01 23:00:00,486 days,100.0,51.31826642510324,124.40355194179949,59.31253434360133,-40.68746565639867,-70.17976286600607,36.574074074074076,100.0,58.74855209189541,451 days 16:00:00,47,0.0,24,39.130434782608695,34.694477085781436,-23.788642841482126,10.199317563790283,-8.999549886737247,9 days 22:53:20,6 days 04:55:42.857142857,0.6020152285699242,-1.7697552625588582,-0.3299014486479902,-0.5523510753502353,0.9827739503895642,-0.47464122679349136,long
3760,"{'window_k': 222, 'window_d': 177, 'window_ma': 12}","open_time
2022-01-01 00:00:00    100.00000
2022-01-01 01:00:00    100.00000
2022-01-01 02:00:00    100.00000
2022-01-01 03:00:00    100.00000
2022-01-01 04:00:00    100.00000
                         ...    
2023-05-01 19:00:00     60.99789
2023-05-01 20:00:00     60.99789
2023-05-01 21:00:00     60.99789
2023-05-01 22:00:00     60.99789
2023-05-01 23:00:00     60.99789
Freq: H, Length: 11664, dtype: float64",2022-01-01,2023-05-01 23:00:00,486 days,100.0,53.902654989118204,122.90979006206173,60.99789012117745,-39.00210987882255,-70.17976286600607,13.383058984910837,100.0,56.14453904615674,391 days 18:00:00,42,0.0,21,19.047619047619047,18.215821956237118,-24.541797049620016,11.206631505566437,-5.016954512547091,4 days 05:15:00,2 days 20:00:00,0.45559329169558593,-1.857243327562978,-0.917146145696397,-0.5523835664127056,0.9257950967830598,-1.2201849419735915,long
1756,"{'window_k': 102, 'window_d': 207, 'window_ma': 192}","open_time
2022-01-01 00:00:00    100.000000
2022-01-01 01:00:00    100.000000
2022-01-01 02:00:00    100.000000
2022-01-01 03:00:00    100.000000
2022-01-01 04:00:00    100.000000
                          ...    
2023-05-01 19:00:00     48.877697
2023-05-01 20:00:00     48.765447
2023-05-01 21:00:00     49.010993
2023-05-01 22:00:00     49.228477
2023-05-01 23:00:00     49.228477
Freq: H, Length: 11664, dtype: float64",2022-01-01,2023-05-01 23:00:00,486 days,100.0,33.16865246991837,130.83020399094062,49.228476881313654,-50.771523118686346,-70.17976286600607,37.60288065843621,100.0,74.64755732383085,391 days 18:00:00,49,0.0,25,33.33333333333333,41.83044881196834,-36.75500969618617,15.966167427253508,-10.469223168044214,10 days 08:15:00,6 days 04:56:15,0.5537293961135032,-2.1490965545886964,-0.6096000028767621,-0.5528907066419291,0.9692934446126297,-0.8344791530235126,long
2186,"{'window_k': 132, 'window_d': 132, 'window_ma': 162}","open_time
2022-01-01 00:00:00    100.000000
2022-01-01 01:00:00    100.000000
2022-01-01 02:00:00    100.000000
2022-01-01 03:00:00    100.000000
2022-01-01 04:00:00    100.000000
                          ...    
2023-05-01 19:00:00     54.699870
2023-05-01 20:00:00     54.574250
2023-05-01 21:00:00     54.849045
2023-05-01 22:00:00     55.092434
2023-05-01 23:00:00     55.092434
Freq: H, Length: 11664, dtype: float64",2022-01-01,2023-05-01 23:00:00,486 days,100.0,44.67473240025299,128.65678247399867,55.092434400885494,-44.907565599114506,-70.17976286600607,37.84293552812071,100.0,65.27603788841705,451 days 16:00:00,63,0.0,32,32.25806451612903,32.67667722826835,-17.43063525281847,11.103959774635186,-7.253328103599747,7 days 00:24:00,5 days 06:28:34.285714285,0.6190821532619827,-1.4577487642794615,-0.45555600800983337,-0.5529193677808599,0.9777489887538942,-0.6299227415901718,long
869,"{'window_k': 57, 'window_d': 102, 'window_ma': 87}","open_time
2022-01-01 00:00:00    100.000000
2022-01-01 01:00:00    100.000000
2022-01-01 02:00:00    100.000000
2022-01-01 03:00:00    100.000000
2022-01-01 04:00:00    100.000000
                          ...    
2023-05-01 19:00:00     57.363443
2023-05-01 20:00:00     57.363443
2023-05-01 21:00:00     57.363443
2023-05-01 22:00:00     57.363443
2023-05-01 23:00:00     57.363443
Freq: H, Length: 11664, dtype: float64",2022-01-01,2023-05-01 23:00:00,486 days,100.0,52.98762418569034,138.39406375323145,57.36344281904755,-42.63655718095245,-70.17976286600607,41.88100137174211,100.0,61.71250214881192,439 days 04:00:00,94,0.0,47,40.42553191489361,34.78205778003041,-20.879243183082913,9.118060128895026,-7.28719914198873,5 days 20:03:09.473684210,3 days 07:25:42.857142857,0.7816919784723184,-0.9071607910840944,-0.24546862313433054,-0.5529490321417866,0.986971334129306,-0.36627347470026456,long
1757,"{'window_k': 102, 'window_d': 207, 'window_ma': 207}","open_time
2022-01-01 00:00:00    100.000000
2022-01-01 01:00:00    100.000000
2022-01-01 02:00:00    100.000000
2022-01-01 03:00:00    100.000000
2022-01-01 04:00:00    100.000000
                          ...    
2023-05-01 19:00:00     50.785281
2023-05-01 20:00:00     50.668651
2023-05-01 21:00:00     50.923780
2023-05-01 22:00:00     51.149751
2023-05-01 23:00:00     51.149751
Freq: H, Length: 11664, dtype: float64",2022-01-01,2023-05-01 23:00:00,486 days,100.0,34.583363562061976,121.44759517468275,51.1497513738378,-48.8502486261622,-70.17976286600607,36.06824417009602,100.0,71.5240441670999,451 days 16:00:00,49,0.0,25,33.33333333333333,41.83044881196834,-36.755009696186164,14.802279702574172,-9.763330605226823,10 days 14:07:30,5 days 14:48:45,0.5514926091994579,-2.0703554226507728,-0.5842481710500783,-0.5530838924163686,0.9698716960305077,-0.7998670328637693,long
3738,"{'window_k': 222, 'window_d': 147, 'window_ma': 162}","open_time
2022-01-01 00:00:00    100.000000
2022-01-01 01:00:00    100.000000
2022-01-01 02:00:00    100.000000
2022-01-01 03:00:00    100.000000
2022-01-01 04:00:00    100.000000
                          ...    
2023-05-01 19:00:00     58.799271
2023-05-01 20:00:00     58.664237
2023-05-01 21:00:00     58.959625
2023-05-01 22:00:00     59.221256
2023-05-01 23:00:00     59.221256
Freq: H, Length: 11664, dtype: float64",2022-01-01,2023-05-01 23:00:00,486 days,100.0,51.299455702854324,124.40355194179949,59.22125561543597,-40.77874438456403,-70.17976286600607,35.639574759945134,100.0,58.76367281952361,451 days 16:00:00,47,0.0,24,39.130434782608695,34.69447708578143,-23.788642841482122,10.361364901613044,-9.09632077255858,10 days 01:26:40,5 days 19:30:00,0.6054470675400793,-1.7737227717637083,-0.33724876666314507,-0.5535378114035944,0.9820696770089334,-0.48625900081900375,long
3741,"{'window_k': 222, 'window_d': 147, 'window_ma': 207}","open_time
2022-01-01 00:00:00    100.000000
2022-01-01 01:00:00    100.000000
2022-01-01 02:00:00    100.000000
2022-01-01 03:00:00    100.000000
2022-01-01 04:00:00    100.000000
                          ...    
2023-05-01 19:00:00     59.120465
2023-05-01 20:00:00     58.984693
2023-05-01 21:00:00     59.281695
2023-05-01 22:00:00     59.544755
2023-05-01 23:00:00     59.544755
Freq: H, Length: 11664, dtype: float64",2022-01-01,2023-05-01 23:00:00,486 days,100.0,51.9313883983654,124.40355194179949,59.54475471639256,-40.45524528360744,-70.17976286600607,37.7400548696845,100.0,58.25570284145842,451 days 16:00:00,47,0.0,24,34.78260869565217,34.69447708578145,-23.788642841482133,11.806504674175848,-8.537328160891237,10 days 08:45:00,6 days 14:44:00,0.6170437876995557,-1.759661602347753,-0.3219780132066045,-0.5536161204996278,0.9832612797495611,-0.46403811222148506,long
1331,"{'window_k': 87, 'window_d': 57, 'window_ma': 57}","open_time
2022-01-01 00:00:00    100.000000
2022-01-01 01:00:00    100.000000
2022-01-01 02:00:00    100.000000
2022-01-01 03:00:00    100.000000
2022-01-01 04:00:00    100.000000
                          ...    
2023-05-01 19:00:00     59.753604
2023-05-01 20:00:00     59.753604
2023-05-01 21:00:00     59.753604
2023-05-01 22:00:00     59.753604
2023-05-01 23:00:00     59.753604
Freq: H, Length: 11664, dtype: float64",2022-01-01,2023-05-01 23:00:00,486 days,100.0,54.117129598933204,128.63903629581853,59.75360423173412,-40.24639576826588,-70.17976286600607,37.31138545953361,100.0,57.93102066274395,194 days 16:00:00,120,0.0,60,33.33333333333333,17.936117936117945,-17.655078391274724,7.189538625680797,-4.613381918742932,3 days 17:42:00,2 days 16:58:27.692307692,0.7538061331749748,-0.6707732628044312,-0.22069776292684723,-0.5536396719575046,0.9875273981165724,-0.3344960370469739,long
931,"{'window_k': 57, 'window_d': 162, 'window_ma': 57}","open_time
2022-01-01 00:00:00    100.000000
2022-01-01 01:00:00    100.000000
2022-01-01 02:00:00    100.000000
2022-01-01 03:00:00    100.000000
2022-01-01 04:00:00    100.000000
                          ...    
2023-05-01 19:00:00     54.631287
2023-05-01 20:00:00     54.505824
2023-05-01 21:00:00     54.780274
2023-05-01 22:00:00     55.023359
2023-05-01 23:00:00     55.023359
Freq: H, Length: 11664, dtype: float64",2022-01-01,2023-05-01 23:00:00,486 days,100.0,42.39930943655314,122.18554997232289,55.02335887994375,-44.97664112005625,-70.17976286600607,28.969478737997257,100.0,65.29924410361347,451 days 16:00:00,73,0.0,37,38.88888888888889,30.0256629597947,-27.921728202980074,8.56865614778273,-7.171962219036655,4 days 13:38:34.285714285,3 days 08:13:38.181818181,0.6130817876079846,-1.257846031604804,-0.6290054590471249,-0.5536445942242127,0.9645872342228814,-0.8611656527778959,long
747,"{'window_k': 42, 'window_d': 222, 'window_ma': 177}","open_time
2022-01-01 00:00:00    100.000000
2022-01-01 01:00:00    100.000000
2022-01-01 02:00:00    100.000000
2022-01-01 03:00:00    100.000000
2022-01-01 04:00:00    100.000000
                          ...    
2023-05-01 19:00:00     47.742952
2023-05-01 20:00:00     47.633308
2023-05-01 21:00:00     47.873153
2023-05-01 22:00:00     48.085588
2023-05-01 23:00:00     48.085588
Freq: H, Length: 11664, dtype: float64",2022-01-01,2023-05-01 23:00:00,486 days,100.0,31.12264823282314,131.8317719525916,48.08558796214738,-51.91441203785262,-70.17976286600607,34.919410150891636,100.0,76.39214904581935,391 days 18:00:00,59,0.0,30,37.93103448275862,29.674231897483388,-42.60418428917836,10.043520723265603,-8.617060235058064,7 days 18:32:43.636363636,4 days 13:50:00,0.512552376513847,-1.7920425467869128,-0.6974054648455159,-0.5537074920975312,0.9643770586033379,-0.9299523608177659,long
3788,"{'window_k': 222, 'window_d': 192, 'window_ma': 192}","open_time
2022-01-01 00:00:00    100.000000
2022-01-01 01:00:00    100.000000
2022-01-01 02:00:00    100.000000
2022-01-01 03:00:00    100.000000
2022-01-01 04:00:00    100.000000
                          ...    
2023-05-01 19:00:00     56.770139
2023-05-01 20:00:00     56.770139
2023-05-01 21:00:00     56.770139
2023-05-01 22:00:00     56.770139
2023-05-01 23:00:00     56.770139
Freq: H, Length: 11664, dtype: float64",2022-01-01,2023-05-01 23:00:00,486 days,100.0,46.80486542373703,124.9834007731775,56.77013865632992,-43.22986134367008,-70.17976286600607,34.516460905349795,100.0,62.55113468333329,424 days 03:00:00,38,0.0,19,31.57894736842105,38.82805563776267,-23.19213144070638,15.421780060761378,-9.98864224352915,12 days 08:00:00,7 days 05:04:36.923076923,0.5624487744970562,-2.275255860193162,-0.5046544285566,-0.5537268622069869,0.9735526606846859,-0.6997923939733455,long
2047,"{'window_k': 117, 'window_d': 237, 'window_ma': 237}","open_time
2022-01-01 00:00:00    100.000000
2022-01-01 01:00:00    100.000000
2022-01-01 02:00:00    100.000000
2022-01-01 03:00:00    100.000000
2022-01-01 04:00:00    100.000000
                          ...    
2023-05-01 19:00:00     59.486966
2023-05-01 20:00:00     59.486966
2023-05-01 21:00:00     59.486966
2023-05-01 22:00:00     59.486966
2023-05-01 23:00:00     59.486966
Freq: H, Length: 11664, dtype: float64",2022-01-01,2023-05-01 23:00:00,486 days,100.0,49.533837014419895,118.77425944841674,59.48696629937281,-40.51303370062719,-70.17976286600607,36.8741426611797,100.0,58.29581489756014,451 days 16:00:00,44,0.0,22,27.27272727272727,43.707832208858896,-22.22719141323793,13.842809075880444,-7.331166113157335,11 days 04:40:00,7 days 00:03:45,0.5508528147056774,-1.8415015318466899,-0.430380131350708,-0.5540823583945681,0.9784001876772647,-0.6043840003179477,long
2004,"{'window_k': 117, 'window_d': 207, 'window_ma': 72}","open_time
2022-01-01 00:00:00    100.000000
2022-01-01 01:00:00    100.000000
2022-01-01 02:00:00    100.000000
2022-01-01 03:00:00    100.000000
2022-01-01 04:00:00    100.000000
                          ...    
2023-05-01 19:00:00     50.393794
2023-05-01 20:00:00     50.278062
2023-05-01 21:00:00     50.531225
2023-05-01 22:00:00     50.755454
2023-05-01 23:00:00     50.755454
Freq: H, Length: 11664, dtype: float64",2022-01-01,2023-05-01 23:00:00,486 days,100.0,34.30348608570353,122.58711699238485,50.75545446734161,-49.24454553265839,-70.17976286600607,30.09259259259259,100.0,72.01705454266089,391 days 18:00:00,47,0.0,24,43.47826086956522,29.848513184963515,-26.480990274093713,7.432701209721966,-9.69439429986391,5 days 05:42:00,7 days 04:41:32.307692307,0.4463355552189254,-2.1341484717511046,-0.7325476496170242,-0.5541611566750773,0.9602945933261218,-1.0085420765937343,long
3294,"{'window_k': 192, 'window_d': 207, 'window_ma': 222}","open_time
2022-01-01 00:00:00    100.000000
2022-01-01 01:00:00    100.000000
2022-01-01 02:00:00    100.000000
2022-01-01 03:00:00    100.000000
2022-01-01 04:00:00    100.000000
                          ...    
2023-05-01 19:00:00     56.178922
2023-05-01 20:00:00     56.178922
2023-05-01 21:00:00     56.178922
2023-05-01 22:00:00     56.178922
2023-05-01 23:00:00     56.178922
Freq: H, Length: 11664, dtype: float64",2022-01-01,2023-05-01 23:00:00,486 days,100.0,45.29103311425758,123.65141686805939,56.17892249843571,-43.82107750156429,-70.17976286600607,33.85631001371742,100.0,63.37200635348581,424 days 03:00:00,40,0.0,20,35.0,41.16602545131697,-23.655913978494617,11.823444746759552,-9.35902115337377,10 days 13:34:17.142857142,6 days 23:13:50.769230769,0.5202908853495116,-2.191053875078214,-0.5085121454782408,-0.5546320129128353,0.9734279173612798,-0.7064718406023227,long
2408,"{'window_k': 147, 'window_d': 102, 'window_ma': 132}","open_time
2022-01-01 00:00:00    100.000000
2022-01-01 01:00:00    100.000000
2022-01-01 02:00:00    100.000000
2022-01-01 03:00:00    100.000000
2022-01-01 04:00:00    100.000000
                          ...    
2023-05-01 19:00:00     56.240164
2023-05-01 20:00:00     56.111006
2023-05-01 21:00:00     56.393539
2023-05-01 22:00:00     56.643782
2023-05-01 23:00:00     56.643782
Freq: H, Length: 11664, dtype: float64",2022-01-01,2023-05-01 23:00:00,486 days,100.0,46.49008385971557,124.44358892985369,56.64378200246153,-43.35621799753847,-70.17976286600607,42.129629629629626,100.0,62.641640072016024,391 days 18:00:00,71,0.0,36,28.57142857142857,31.05703819989535,-21.60748079706111,15.166463263538441,-7.3361546377406714,7 days 22:24:00,4 days 20:28:48,0.7058151583747277,-1.2382878076700363,-0.32258453844682256,-0.5546715644012589,0.9840738929035306,-0.4543128307811759,long
1247,"{'window_k': 72, 'window_d': 207, 'window_ma': 237}","open_time
2022-01-01 00:00:00    100.000000
2022-01-01 01:00:00    100.000000
2022-01-01 02:00:00    100.000000
2022-01-01 03:00:00    100.000000
2022-01-01 04:00:00    100.000000
                          ...    
2023-05-01 19:00:00     48.008829
2023-05-01 20:00:00     47.898575
2023-05-01 21:00:00     48.139756
2023-05-01 22:00:00     48.353374
2023-05-01 23:00:00     48.353374
Freq: H, Length: 11664, dtype: float64",2022-01-01,2023-05-01 23:00:00,486 days,100.0,30.13246755982609,124.55012853470436,48.35337369693637,-51.64662630306363,-70.17976286600607,36.40260631001372,100.0,75.8069558704389,451 days 16:00:00,53,0.0,27,34.61538461538461,38.07692307692307,-38.489617617138414,14.711170907073623,-10.16911513159162,9 days 14:26:40,5 days 05:45:52.941176470,0.558849143632466,-1.989059046193129,-0.6685335636693165,-0.5548005545673516,0.9660475707693608,-0.9040145815704121,long
3311,"{'window_k': 192, 'window_d': 222, 'window_ma': 237}","open_time
2022-01-01 00:00:00    100.000000
2022-01-01 01:00:00    100.000000
2022-01-01 02:00:00    100.000000
2022-01-01 03:00:00    100.000000
2022-01-01 04:00:00    100.000000
                          ...    
2023-05-01 19:00:00     60.931752
2023-05-01 20:00:00     60.931752
2023-05-01 21:00:00     60.931752
2023-05-01 22:00:00     60.931752
2023-05-01 23:00:00     60.931752
Freq: H, Length: 11664, dtype: float64",2022-01-01,2023-05-01 23:00:00,486 days,100.0,51.896971666371556,117.92266543878726,60.93175244999358,-39.06824755000642,-70.17976286600607,36.25685871056241,100.0,55.990672808094835,349 days 17:00:00,38,0.0,19,31.57894736842105,42.01668374067028,-22.845735832316734,13.6927137001183,-8.739075317157646,12 days 03:49:59.999999999,7 days 22:36:55.384615384,0.5616720478959962,-2.056223555263496,-0.39431148001593214,-0.5549050118776411,0.9797496284537662,-0.5507178523529198,long
1791,"{'window_k': 102, 'window_d': 237, 'window_ma': 237}","open_time
2022-01-01 00:00:00    100.000000
2022-01-01 01:00:00    100.000000
2022-01-01 02:00:00    100.000000
2022-01-01 03:00:00    100.000000
2022-01-01 04:00:00    100.000000
                          ...    
2023-05-01 19:00:00     58.807679
2023-05-01 20:00:00     58.807679
2023-05-01 21:00:00     58.807679
2023-05-01 22:00:00     58.807679
2023-05-01 23:00:00     58.807679
Freq: H, Length: 11664, dtype: float64",2022-01-01,2023-05-01 23:00:00,486 days,100.0,48.83689057602875,119.8639315534481,58.80767947816157,-41.19232052183843,-70.17976286600607,35.365226337448554,100.0,59.25639185775241,451 days 16:00:00,44,0.0,22,27.27272727272727,42.49708624708625,-22.362539114885994,14.094894229753404,-7.526935590076376,11 days 14:40:00,6 days 09:18:45,0.54965391908205,-1.8723782055381117,-0.4653416135354711,-0.5549123808048028,0.9762800732455464,-0.6554831385945874,long
2731,"{'window_k': 162, 'window_d': 162, 'window_ma': 177}","open_time
2022-01-01 00:00:00    100.000000
2022-01-01 01:00:00    100.000000
2022-01-01 02:00:00    100.000000
2022-01-01 03:00:00    100.000000
2022-01-01 04:00:00    100.000000
                          ...    
2023-05-01 19:00:00     53.956268
2023-05-01 20:00:00     53.832355
2023-05-01 21:00:00     54.103415
2023-05-01 22:00:00     54.343496
2023-05-01 23:00:00     54.343496
Freq: H, Length: 11664, dtype: float64",2022-01-01,2023-05-01 23:00:00,486 days,100.0,43.81799461283027,129.67083407572915,54.343495667612764,-45.656504332387236,-70.17976286600607,37.714334705075444,100.0,66.20828814346942,391 days 18:00:00,51,0.0,26,32.0,38.16119051127154,-21.59383033419024,13.067132151170174,-8.480189354300977,9 days 10:45:00,6 days 05:42:21.176470588,0.5872486509435335,-1.8129395501590646,-0.5229065932993922,-0.5550055979515599,0.9742948947569634,-0.7345162803519234,long
3293,"{'window_k': 192, 'window_d': 207, 'window_ma': 207}","open_time
2022-01-01 00:00:00    100.000000
2022-01-01 01:00:00    100.000000
2022-01-01 02:00:00    100.000000
2022-01-01 03:00:00    100.000000
2022-01-01 04:00:00    100.000000
                          ...    
2023-05-01 19:00:00     59.048713
2023-05-01 20:00:00     59.048713
2023-05-01 21:00:00     59.048713
2023-05-01 22:00:00     59.048713
2023-05-01 23:00:00     59.048713
Freq: H, Length: 11664, dtype: float64",2022-01-01,2023-05-01 23:00:00,486 days,100.0,50.80632342142012,123.4945699136195,59.04871291198388,-40.95128708801612,-70.17976286600607,34.867969821673526,100.0,58.859467702136605,424 days 03:00:00,40,0.0,20,35.0,41.16602545131697,-23.65591397849462,12.263184339390378,-9.216201723831013,11 days 12:08:34.285714285,6 days 20:09:13.846153846,0.567612023514229,-2.0475643544008073,-0.44327775320177976,-0.5551461516939209,0.9768602385104436,-0.6163736299285822,long
461,"{'window_k': 27, 'window_d': 192, 'window_ma': 207}","open_time
2022-01-01 00:00:00    100.000000
2022-01-01 01:00:00    100.000000
2022-01-01 02:00:00    100.000000
2022-01-01 03:00:00    100.000000
2022-01-01 04:00:00    100.000000
                          ...    
2023-05-01 19:00:00     51.836698
2023-05-01 20:00:00     51.717653
2023-05-01 21:00:00     51.978064
2023-05-01 22:00:00     52.208714
2023-05-01 23:00:00     52.208714
Freq: H, Length: 11664, dtype: float64",2022-01-01,2023-05-01 23:00:00,486 days,100.0,37.443828813368945,122.91025514755742,52.20871424316038,-47.79128575683962,-70.17976286600607,34.936556927297666,100.0,69.53563494891739,451 days 16:00:00,75,0.0,38,21.62162162162162,35.29865125240848,-12.953060011883535,16.259305927454456,-6.002320683588259,9 days 05:37:30,3 days 05:06:12.413793103,0.6334480275151237,-1.2888411161940279,-0.6529379306264571,-0.5554190548257706,0.9673056841374301,-0.9101425920824426,long
1531,"{'window_k': 87, 'window_d': 237, 'window_ma': 177}","open_time
2022-01-01 00:00:00    100.000000
2022-01-01 01:00:00    100.000000
2022-01-01 02:00:00    100.000000
2022-01-01 03:00:00    100.000000
2022-01-01 04:00:00    100.000000
                          ...    
2023-05-01 19:00:00     53.970553
2023-05-01 20:00:00     53.970553
2023-05-01 21:00:00     53.970553
2023-05-01 22:00:00     53.970553
2023-05-01 23:00:00     53.970553
Freq: H, Length: 11664, dtype: float64",2022-01-01,2023-05-01 23:00:00,486 days,100.0,35.16077678743194,105.71495218101236,53.97055280221802,-46.02944719778198,-70.17976286600607,36.634087791495205,100.0,66.74001542636347,469 days 22:00:00,50,0.0,25,32.0,41.102756892230595,-18.628411476557034,12.586664352269752,-8.394251591847981,9 days 23:37:30,5 days 18:35:17.647058823,0.49744461950738084,-1.8411778879112808,-0.5965625177379826,-0.5554728462040763,0.9702579824125132,-0.8328083338363913,long
2514,"{'window_k': 147, 'window_d': 207, 'window_ma': 42}","open_time
2022-01-01 00:00:00    100.000000
2022-01-01 01:00:00    100.000000
2022-01-01 02:00:00    100.000000
2022-01-01 03:00:00    100.000000
2022-01-01 04:00:00    100.000000
                          ...    
2023-05-01 19:00:00     58.715154
2023-05-01 20:00:00     58.715154
2023-05-01 21:00:00     58.715154
2023-05-01 22:00:00     58.715154
2023-05-01 23:00:00     58.715154
Freq: H, Length: 11664, dtype: float64",2022-01-01,2023-05-01 23:00:00,486 days,100.0,48.976333158922166,120.44124501527784,58.715154441338456,-41.284845558661544,-70.17976286600607,22.479423868312757,100.0,59.33591258317733,451 days 16:00:00,42,0.0,21,28.57142857142857,30.25507354310186,-25.916897506925203,12.139900955561924,-7.345549102406242,7 days 04:10:00,4 days 09:56:00,0.5298983023056076,-1.965945026602932,-0.7176212421178269,-0.555505564280204,0.9552837198866961,-0.9914380279286986,long
2269,"{'window_k': 132, 'window_d': 207, 'window_ma': 207}","open_time
2022-01-01 00:00:00    100.000000
2022-01-01 01:00:00    100.000000
2022-01-01 02:00:00    100.000000
2022-01-01 03:00:00    100.000000
2022-01-01 04:00:00    100.000000
                          ...    
2023-05-01 19:00:00     52.967864
2023-05-01 20:00:00     52.967864
2023-05-01 21:00:00     52.967864
2023-05-01 22:00:00     52.967864
2023-05-01 23:00:00     52.967864
Freq: H, Length: 11664, dtype: float64",2022-01-01,2023-05-01 23:00:00,486 days,100.0,38.85518126708099,122.55480607082632,52.967863658528984,-47.032136341471016,-70.17976286600607,36.051097393689986,100.0,68.29566908650978,451 days 16:00:00,45,0.0,23,31.818181818181817,40.366300366300365,-25.733259546209197,13.728064001612978,-9.221034018479456,10 days 14:42:51.428571428,6 days 17:20:00,0.5074638066994991,-2.1378243791577733,-0.5783961342216688,-0.5557063997043196,0.970936798762278,-0.8069316413424107,long
3794,"{'window_k': 222, 'window_d': 207, 'window_ma': 42}","open_time
2022-01-01 00:00:00    100.000000
2022-01-01 01:00:00    100.000000
2022-01-01 02:00:00    100.000000
2022-01-01 03:00:00    100.000000
2022-01-01 04:00:00    100.000000
                          ...    
2023-05-01 19:00:00     59.911206
2023-05-01 20:00:00     59.911206
2023-05-01 21:00:00     59.911206
2023-05-01 22:00:00     59.911206
2023-05-01 23:00:00     59.911206
Freq: H, Length: 11664, dtype: float64",2022-01-01,2023-05-01 23:00:00,486 days,100.0,51.37869859917721,120.80995504287634,59.91120633060582,-40.08879366939418,-70.17976286600607,21.55349794238683,100.0,57.471469482012026,424 days 03:00:00,38,0.0,19,36.84210526315789,29.55555555555555,-23.34767736952443,10.388253519529949,-9.037482958408184,4 days 16:42:51.428571428,5 days 23:45:00,0.5475953941992704,-2.1099365089154847,-0.6246987516746908,-0.5557261963755469,0.959952520925699,-0.8646086313567041,long
3295,"{'window_k': 192, 'window_d': 207, 'window_ma': 237}","open_time
2022-01-01 00:00:00    100.000000
2022-01-01 01:00:00    100.000000
2022-01-01 02:00:00    100.000000
2022-01-01 03:00:00    100.000000
2022-01-01 04:00:00    100.000000
                          ...    
2023-05-01 19:00:00     59.297553
2023-05-01 20:00:00     59.297553
2023-05-01 21:00:00     59.297553
2023-05-01 22:00:00     59.297553
2023-05-01 23:00:00     59.297553
Freq: H, Length: 11664, dtype: float64",2022-01-01,2023-05-01 23:00:00,486 days,100.0,51.407762593747925,123.4945699136195,59.297553285497955,-40.702446714502045,-70.17976286600607,34.74794238683128,100.0,58.372451007598144,424 days 03:00:00,40,0.0,20,30.0,41.16602545131697,-23.655913978494617,13.569100156658523,-8.254799202860177,12 days 09:00:00,6 days 18:12:51.428571428,0.5525745380033169,-2.0351223357251036,-0.4462586550530886,-0.5561294685979975,0.9766836639978514,-0.6227756373756544,long
3463,"{'window_k': 207, 'window_d': 132, 'window_ma': 117}","open_time
2022-01-01 00:00:00    100.000000
2022-01-01 01:00:00    100.000000
2022-01-01 02:00:00    100.000000
2022-01-01 03:00:00    100.000000
2022-01-01 04:00:00    100.000000
                          ...    
2023-05-01 19:00:00     54.395406
2023-05-01 20:00:00     54.270485
2023-05-01 21:00:00     54.543750
2023-05-01 22:00:00     54.785785
2023-05-01 23:00:00     54.785785
Freq: H, Length: 11664, dtype: float64",2022-01-01,2023-05-01 23:00:00,486 days,100.0,44.42828869004081,128.31604502317367,54.785785279317295,-45.214214720682705,-70.17976286600607,33.753429355281206,100.0,65.37588991149383,451 days 16:00:00,53,0.0,27,34.61538461538461,30.083937428462416,-15.168253506795548,9.212033276177895,-7.458033419034654,6 days 16:46:40,5 days 23:28:14.117647058,0.5875108287302969,-1.71108114723613,-0.4707060968457947,-0.5561641075502475,0.9737705786648372,-0.6748044484063973,long
1237,"{'window_k': 72, 'window_d': 207, 'window_ma': 87}","open_time
2022-01-01 00:00:00    100.000000
2022-01-01 01:00:00    100.000000
2022-01-01 02:00:00    100.000000
2022-01-01 03:00:00    100.000000
2022-01-01 04:00:00    100.000000
                          ...    
2023-05-01 19:00:00     47.926487
2023-05-01 20:00:00     47.926487
2023-05-01 21:00:00     47.926487
2023-05-01 22:00:00     47.926487
2023-05-01 23:00:00     47.926487
Freq: H, Length: 11664, dtype: float64",2022-01-01,2023-05-01 23:00:00,486 days,100.0,29.513534097768588,124.55012853470436,47.92648695407093,-52.07351304592906,-70.17976286600607,33.401920438957475,100.0,76.30389109590922,451 days 16:00:00,52,0.0,26,38.46153846153847,32.677848467322164,-38.4896176171384,13.335583820872218,-10.940094856982356,8 days 01:12:00,5 days 02:45:00,0.575294202323352,-2.0028274248434252,-0.757472525560188,-0.5562278295263157,0.9602482713071117,-1.0084762312524738,long
1457,"{'window_k': 87, 'window_d': 177, 'window_ma': 27}","open_time
2022-01-01 00:00:00    100.000000
2022-01-01 01:00:00    100.000000
2022-01-01 02:00:00    100.000000
2022-01-01 03:00:00    100.000000
2022-01-01 04:00:00    100.000000
                          ...    
2023-05-01 19:00:00     49.941081
2023-05-01 20:00:00     49.826389
2023-05-01 21:00:00     50.077278
2023-05-01 22:00:00     50.299493
2023-05-01 23:00:00     50.299493
Freq: H, Length: 11664, dtype: float64",2022-01-01,2023-05-01 23:00:00,486 days,100.0,35.02605167480614,127.23655652252353,50.299492763547995,-49.700507236452005,-70.17976286600607,22.367969821673526,100.0,72.47170732052483,451 days 16:00:00,55,0.0,28,40.74074074074074,24.018033248802478,-34.2081447963801,7.342313342441839,-8.14245166334699,3 days 02:49:05.454545454,4 days 12:18:45,0.5051809274123951,-1.8150069855753463,-0.9388536927234135,-0.5562851565210768,0.9402384747976877,-1.2572301862586133,long
872,"{'window_k': 57, 'window_d': 102, 'window_ma': 132}","open_time
2022-01-01 00:00:00    100.000000
2022-01-01 01:00:00    100.000000
2022-01-01 02:00:00    100.000000
2022-01-01 03:00:00    100.000000
2022-01-01 04:00:00    100.000000
                          ...    
2023-05-01 19:00:00     56.202625
2023-05-01 20:00:00     56.073554
2023-05-01 21:00:00     56.355898
2023-05-01 22:00:00     56.605974
2023-05-01 23:00:00     56.605974
Freq: H, Length: 11664, dtype: float64",2022-01-01,2023-05-01 23:00:00,486 days,100.0,52.19106624141617,139.12333868044672,56.605974301875555,-43.394025698124445,-70.17976286600607,42.61831275720165,100.0,62.48575779129758,397 days 07:00:00,93,0.0,47,41.30434782608695,34.7820577800304,-20.87924318308292,9.301286142812348,-7.63520399972226,6 days 01:12:37.894736842,3 days 05:02:13.333333333,0.7903686390762282,-0.9165169193311655,-0.2510165201934806,-0.556578835245747,0.9868724611544428,-0.3732915926725172,long
4052,"{'window_k': 237, 'window_d': 207, 'window_ma': 72}","open_time
2022-01-01 00:00:00    100.000000
2022-01-01 01:00:00    100.000000
2022-01-01 02:00:00    100.000000
2022-01-01 03:00:00    100.000000
2022-01-01 04:00:00    100.000000
                          ...    
2023-05-01 19:00:00     54.799192
2023-05-01 20:00:00     54.799192
2023-05-01 21:00:00     54.799192
2023-05-01 22:00:00     54.799192
2023-05-01 23:00:00     54.799192
Freq: H, Length: 11664, dtype: float64",2022-01-01,2023-05-01 23:00:00,486 days,100.0,41.39059822901092,119.25905317250167,54.79919153595419,-45.20080846404581,-70.17976286600607,27.357681755829905,100.0,65.29353778354948,424 days 03:00:00,38,0.0,19,26.31578947368421,28.57407407407406,-17.20584025193243,11.908233292781869,-7.663160168371457,7 days 17:48:00,6 days 17:34:17.142857142,0.41948830198841647,-2.378989919160305,-0.6493560187780555,-0.5566864547742293,0.9627471008287055,-0.8993284443130454,long
2301,"{'window_k': 132, 'window_d': 237, 'window_ma': 207}","open_time
2022-01-01 00:00:00    100.000000
2022-01-01 01:00:00    100.000000
2022-01-01 02:00:00    100.000000
2022-01-01 03:00:00    100.000000
2022-01-01 04:00:00    100.000000
                          ...    
2023-05-01 19:00:00     59.660612
2023-05-01 20:00:00     59.660612
2023-05-01 21:00:00     59.660612
2023-05-01 22:00:00     59.660612
2023-05-01 23:00:00     59.660612
Freq: H, Length: 11664, dtype: float64",2022-01-01,2023-05-01 23:00:00,486 days,100.0,50.468931287170776,119.45143561559401,59.660611692196866,-40.339388307803134,-70.17976286600607,35.01371742112483,100.0,57.749414205799454,451 days 16:00:00,40,0.0,20,35.0,42.211496270293985,-21.736694677871146,11.422697555516708,-8.714908685908359,11 days 06:00:00,7 days 00:46:09.230769230,0.5458127824106082,-2.016969415390158,-0.43339252147847285,-0.5567557760098941,0.977628329881091,-0.6049780061703838,long
794,"{'window_k': 57, 'window_d': 27, 'window_ma': 162}","open_time
2022-01-01 00:00:00    100.000000
2022-01-01 01:00:00    100.000000
2022-01-01 02:00:00    100.000000
2022-01-01 03:00:00    100.000000
2022-01-01 04:00:00    100.000000
                          ...    
2023-05-01 19:00:00     44.617384
2023-05-01 20:00:00     44.617384
2023-05-01 21:00:00     44.617384
2023-05-01 22:00:00     44.617384
2023-05-01 23:00:00     44.617384
Freq: H, Length: 11664, dtype: float64",2022-01-01,2023-05-01 23:00:00,486 days,100.0,18.697275685229375,101.8232648596086,44.61738406256473,-55.38261593743526,-70.17976286600607,40.14917695473251,100.0,81.63752094277402,481 days 09:00:00,234,0.0,117,39.31623931623932,26.307237813884782,-14.919252771730884,5.175231003668787,-4.15344339726893,2 days 01:54:46.956521739,1 days 09:37:10.985915492,0.5824420674445441,-0.473355691772951,-0.48917300004252945,-0.5567712564915144,0.9734362762945072,-0.7502007369783457,long
3660,"{'window_k': 222, 'window_d': 72, 'window_ma': 192}","open_time
2022-01-01 00:00:00    100.000000
2022-01-01 01:00:00    100.000000
2022-01-01 02:00:00    100.000000
2022-01-01 03:00:00    100.000000
2022-01-01 04:00:00    100.000000
                          ...    
2023-05-01 19:00:00     54.465832
2023-05-01 20:00:00     54.340749
2023-05-01 21:00:00     54.614368
2023-05-01 22:00:00     54.856716
2023-05-01 23:00:00     54.856716
Freq: H, Length: 11664, dtype: float64",2022-01-01,2023-05-01 23:00:00,486 days,100.0,47.94000909360415,137.664395985517,54.856716383081974,-45.143283616918026,-70.17976286600607,35.56241426611797,100.0,65.17617445643121,355 days 14:00:00,71,0.0,36,40.0,23.11411992263056,-21.995165897604927,8.553349731024747,-7.6945493841222765,5 days 21:55:42.857142857,4 days 02:08:34.285714285,0.6771839634161613,-1.2833305904631782,-0.3225811121342756,-0.556919038534726,0.9812342310371985,-0.48780843891413267,long
3657,"{'window_k': 222, 'window_d': 72, 'window_ma': 147}","open_time
2022-01-01 00:00:00    100.000000
2022-01-01 01:00:00    100.000000
2022-01-01 02:00:00    100.000000
2022-01-01 03:00:00    100.000000
2022-01-01 04:00:00    100.000000
                          ...    
2023-05-01 19:00:00     54.465832
2023-05-01 20:00:00     54.340749
2023-05-01 21:00:00     54.614368
2023-05-01 22:00:00     54.856716
2023-05-01 23:00:00     54.856716
Freq: H, Length: 11664, dtype: float64",2022-01-01,2023-05-01 23:00:00,486 days,100.0,47.94000909360415,137.664395985517,54.856716383081974,-45.143283616918026,-70.17976286600607,35.56241426611797,100.0,65.17617445643121,355 days 14:00:00,71,0.0,36,40.0,23.11411992263056,-21.995165897604927,8.553349731024747,-7.6945493841222765,5 days 21:55:42.857142857,4 days 02:08:34.285714285,0.6771839634161613,-1.2833305904631782,-0.3225811121342756,-0.556919038534726,0.9812342310371985,-0.48780843891413267,long
3727,"{'window_k': 222, 'window_d': 132, 'window_ma': 237}","open_time
2022-01-01 00:00:00    100.000000
2022-01-01 01:00:00    100.000000
2022-01-01 02:00:00    100.000000
2022-01-01 03:00:00    100.000000
2022-01-01 04:00:00    100.000000
                          ...    
2023-05-01 19:00:00     52.502349
2023-05-01 20:00:00     52.381776
2023-05-01 21:00:00     52.645531
2023-05-01 22:00:00     52.879143
2023-05-01 23:00:00     52.879143
Freq: H, Length: 11664, dtype: float64",2022-01-01,2023-05-01 23:00:00,486 days,100.0,39.232359112710206,123.69554810914313,52.87914251041184,-47.12085748958816,-70.17976286600607,39.91769547325103,100.0,68.28312763682214,451 days 16:00:00,53,0.0,27,30.76923076923077,37.68180468981896,-22.236827691970642,14.887658807277452,-8.795878232886501,10 days 06:45:00,6 days 02:33:19.999999999,0.5919407624520104,-1.8146593993955547,-0.42108988879210657,-0.5569518014443204,0.9784633717773191,-0.6004323222603463,long
2189,"{'window_k': 132, 'window_d': 132, 'window_ma': 207}","open_time
2022-01-01 00:00:00    100.000000
2022-01-01 01:00:00    100.000000
2022-01-01 02:00:00    100.000000
2022-01-01 03:00:00    100.000000
2022-01-01 04:00:00    100.000000
                          ...    
2023-05-01 19:00:00     54.772049
2023-05-01 20:00:00     54.646263
2023-05-01 21:00:00     54.921420
2023-05-01 22:00:00     55.165131
2023-05-01 23:00:00     55.165131
Freq: H, Length: 11664, dtype: float64",2022-01-01,2023-05-01 23:00:00,486 days,100.0,45.4463158481793,128.65678247399867,55.165131090192496,-44.834868909807504,-70.17976286600607,38.26303155006859,100.0,64.67631556279288,451 days 16:00:00,63,0.0,32,32.25806451612903,32.67667722826836,-17.430635252818476,10.758224160542994,-7.107649241693211,7 days 04:00:00,5 days 07:05:42.857142857,0.6165795736126681,-1.4554157408476467,-0.46753481589867485,-0.5570673347823093,0.9771456497665583,-0.6466351758049391,long
3052,"{'window_k': 177, 'window_d': 222, 'window_ma': 192}","open_time
2022-01-01 00:00:00    100.000000
2022-01-01 01:00:00    100.000000
2022-01-01 02:00:00    100.000000
2022-01-01 03:00:00    100.000000
2022-01-01 04:00:00    100.000000
                          ...    
2023-05-01 19:00:00     58.562226
2023-05-01 20:00:00     58.562226
2023-05-01 21:00:00     58.562226
2023-05-01 22:00:00     58.562226
2023-05-01 23:00:00     58.562226
Freq: H, Length: 11664, dtype: float64",2022-01-01,2023-05-01 23:00:00,486 days,100.0,49.98836841191559,123.12106103874896,58.56222620793853,-41.43777379206147,-70.17976286600607,33.37620027434842,100.0,59.3990110301412,424 days 03:00:00,38,0.0,19,36.84210526315789,42.607802874743335,-22.65790353124653,13.28100195912916,-10.564009243100436,11 days 17:25:42.857142857,6 days 16:15:00,0.577721787302007,-2.180935462740078,-0.48694327458107844,-0.5571238754212036,0.9740643540699242,-0.6752280041157083,long
2533,"{'window_k': 147, 'window_d': 222, 'window_ma': 87}","open_time
2022-01-01 00:00:00    100.000000
2022-01-01 01:00:00    100.000000
2022-01-01 02:00:00    100.000000
2022-01-01 03:00:00    100.000000
2022-01-01 04:00:00    100.000000
                          ...    
2023-05-01 19:00:00     58.930323
2023-05-01 20:00:00     58.930323
2023-05-01 21:00:00     58.930323
2023-05-01 22:00:00     58.930323
2023-05-01 23:00:00     58.930323
Freq: H, Length: 11664, dtype: float64",2022-01-01,2023-05-01 23:00:00,486 days,100.0,49.344989870959715,119.8639315534481,58.93032270354773,-41.06967729645227,-70.17976286600607,29.58676268861454,100.0,58.83249512055554,451 days 16:00:00,40,0.0,20,35.0,26.903927715286763,-22.908277404921705,11.979875747522408,-9.27996554182592,7 days 18:08:34.285714285,6 days 21:13:50.769230769,0.5687230822243577,-2.0534838648226135,-0.5825129247007369,-0.557124223006349,0.9677291725149941,-0.8011963623492165,long
3837,"{'window_k': 222, 'window_d': 237, 'window_ma': 207}","open_time
2022-01-01 00:00:00    100.000000
2022-01-01 01:00:00    100.000000
2022-01-01 02:00:00    100.000000
2022-01-01 03:00:00    100.000000
2022-01-01 04:00:00    100.000000
                          ...    
2023-05-01 19:00:00     62.585947
2023-05-01 20:00:00     62.585947
2023-05-01 21:00:00     62.585947
2023-05-01 22:00:00     62.585947
2023-05-01 23:00:00     62.585947
Freq: H, Length: 11664, dtype: float64",2022-01-01,2023-05-01 23:00:00,486 days,100.0,51.807950634040026,110.79680541286545,62.5859468401405,-37.4140531598595,-70.17976286600607,34.01063100137174,100.0,53.24057364200483,451 days 16:00:00,38,0.0,19,31.57894736842105,38.5949696444059,-22.803691063076723,12.761745822581485,-8.276219515538024,11 days 10:40:00,7 days 10:23:04.615384615,0.5477167156391541,-1.9691606926241851,-0.4123616173232725,-0.557258581036611,0.97820263547864,-0.5711591125836908,long
3256,"{'window_k': 192, 'window_d': 177, 'window_ma': 132}","open_time
2022-01-01 00:00:00    100.000000
2022-01-01 01:00:00    100.000000
2022-01-01 02:00:00    100.000000
2022-01-01 03:00:00    100.000000
2022-01-01 04:00:00    100.000000
                          ...    
2023-05-01 19:00:00     54.586353
2023-05-01 20:00:00     54.460993
2023-05-01 21:00:00     54.735218
2023-05-01 22:00:00     54.978102
2023-05-01 23:00:00     54.978102
Freq: H, Length: 11664, dtype: float64",2022-01-01,2023-05-01 23:00:00,486 days,100.0,42.764304596538075,121.93791946308724,54.97810234981568,-45.02189765018432,-70.17976286600607,35.08230452674897,100.0,64.92944542203414,451 days 16:00:00,47,0.0,24,30.434782608695656,43.688464364437905,-23.751657092355284,15.808638821770055,-9.760624434223246,9 days 01:42:51.428571428,6 days 08:32:00,0.5780008331265367,-1.9687153136723068,-0.5124375121495238,-0.5574053044598215,0.9730034475290539,-0.7165159459884156,long
3290,"{'window_k': 192, 'window_d': 207, 'window_ma': 162}","open_time
2022-01-01 00:00:00    100.000000
2022-01-01 01:00:00    100.000000
2022-01-01 02:00:00    100.000000
2022-01-01 03:00:00    100.000000
2022-01-01 04:00:00    100.000000
                          ...    
2023-05-01 19:00:00     57.381627
2023-05-01 20:00:00     57.381627
2023-05-01 21:00:00     57.381627
2023-05-01 22:00:00     57.381627
2023-05-01 23:00:00     57.381627
Freq: H, Length: 11664, dtype: float64",2022-01-01,2023-05-01 23:00:00,486 days,100.0,48.54548626469242,125.07984448885105,57.38162676942494,-42.61837323057506,-70.17976286600607,30.18689986282579,100.0,61.18840212579614,424 days 03:00:00,40,0.0,20,25.0,41.16602545131696,-23.655913978494613,15.702754985752348,-7.758932527197458,9 days 12:36:00,6 days 14:32:00,0.5293782227431645,-2.1309186615287534,-0.5172539026643537,-0.5574289319309371,0.9713225748082034,-0.7217379964419169,long
2300,"{'window_k': 132, 'window_d': 237, 'window_ma': 192}","open_time
2022-01-01 00:00:00    100.000000
2022-01-01 01:00:00    100.000000
2022-01-01 02:00:00    100.000000
2022-01-01 03:00:00    100.000000
2022-01-01 04:00:00    100.000000
                          ...    
2023-05-01 19:00:00     59.000436
2023-05-01 20:00:00     59.000436
2023-05-01 21:00:00     59.000436
2023-05-01 22:00:00     59.000436
2023-05-01 23:00:00     59.000436
Freq: H, Length: 11664, dtype: float64",2022-01-01,2023-05-01 23:00:00,486 days,100.0,49.352692322686174,119.45143561559401,59.00043630530845,-40.99956369469155,-70.17976286600607,34.85939643347051,100.0,58.68388515521254,451 days 16:00:00,40,0.0,20,35.0,42.211496270293964,-21.736694677871142,13.117551643934663,-9.601017272314195,10 days 18:25:42.857142857,7 days 05:36:55.384615384,0.5782143255508272,-2.0499781847345773,-0.45762193742044455,-0.5575116519226506,0.9763251040861742,-0.6381404231972145,long
1533,"{'window_k': 87, 'window_d': 237, 'window_ma': 207}","open_time
2022-01-01 00:00:00    100.000000
2022-01-01 01:00:00    100.000000
2022-01-01 02:00:00    100.000000
2022-01-01 03:00:00    100.000000
2022-01-01 04:00:00    100.000000
                          ...    
2023-05-01 19:00:00     53.844638
2023-05-01 20:00:00     53.844638
2023-05-01 21:00:00     53.844638
2023-05-01 22:00:00     53.844638
2023-05-01 23:00:00     53.844638
Freq: H, Length: 11664, dtype: float64",2022-01-01,2023-05-01 23:00:00,486 days,100.0,35.23536900989098,105.71495218101236,53.84463784693447,-46.15536215306553,-70.17976286600607,36.80555555555556,100.0,66.6694556607673,469 days 22:00:00,50,0.0,25,32.0,41.10275689223057,-18.628411476557034,12.556308687065023,-8.40162247530655,9 days 20:30:00,5 days 21:14:07.058823529,0.4968134244610808,-1.8462144861226213,-0.5880173550999569,-0.5577150480866149,0.9707875759229327,-0.821120638666658,long
2045,"{'window_k': 117, 'window_d': 237, 'window_ma': 207}","open_time
2022-01-01 00:00:00    100.0000
2022-01-01 01:00:00    100.0000
2022-01-01 02:00:00    100.0000
2022-01-01 03:00:00    100.0000
2022-01-01 04:00:00    100.0000
                         ...   
2023-05-01 19:00:00     58.6569
2023-05-01 20:00:00     58.6569
2023-05-01 21:00:00     58.6569
2023-05-01 22:00:00     58.6569
2023-05-01 23:00:00     58.6569
Freq: H, Length: 11664, dtype: float64",2022-01-01,2023-05-01 23:00:00,486 days,100.0,48.47464769469264,118.77425944841674,58.65690011865966,-41.34309988134034,-70.17976286600607,37.26851851851852,100.0,59.187581619277516,451 days 16:00:00,44,0.0,22,27.27272727272727,43.70783220885891,-22.227191413237925,13.969480434078898,-7.449288515294474,11 days 02:30:00,7 days 03:45:00,0.5444333020756447,-1.8792318127881993,-0.4395474100884046,-0.5577418033920698,0.9780422666795966,-0.6150522568194923,long
1451,"{'window_k': 87, 'window_d': 162, 'window_ma': 177}","open_time
2022-01-01 00:00:00    100.000000
2022-01-01 01:00:00    100.000000
2022-01-01 02:00:00    100.000000
2022-01-01 03:00:00    100.000000
2022-01-01 04:00:00    100.000000
                          ...    
2023-05-01 19:00:00     51.464926
2023-05-01 20:00:00     51.346734
2023-05-01 21:00:00     51.605278
2023-05-01 22:00:00     51.834274
2023-05-01 23:00:00     51.834274
Freq: H, Length: 11664, dtype: float64",2022-01-01,2023-05-01 23:00:00,486 days,100.0,38.461402546308115,127.46631585905423,51.83427359913712,-48.16572640086288,-70.17976286600607,39.934842249657066,100.0,69.82622249093887,451 days 16:00:00,65,0.0,33,25.0,38.67527786121959,-20.136518771331065,19.145649842683596,-7.8239684775660905,10 days 12:00:00,4 days 11:20:00,0.6509161541776411,-1.5019471565682765,-0.5148840816103877,-0.5578465992979178,0.9750063764069331,-0.7099989191120217,long
4035,"{'window_k': 237, 'window_d': 192, 'window_ma': 57}","open_time
2022-01-01 00:00:00    100.00000
2022-01-01 01:00:00    100.00000
2022-01-01 02:00:00    100.00000
2022-01-01 03:00:00    100.00000
2022-01-01 04:00:00    100.00000
                         ...    
2023-05-01 19:00:00     53.51004
2023-05-01 20:00:00     53.51004
2023-05-01 21:00:00     53.51004
2023-05-01 22:00:00     53.51004
2023-05-01 23:00:00     53.51004
Freq: H, Length: 11664, dtype: float64",2022-01-01,2023-05-01 23:00:00,486 days,100.0,41.524548568115776,126.50722742389205,53.510039957284064,-46.489960042715936,-70.17976286600607,25.65157750342936,100.0,67.1761452577108,424 days 03:00:00,38,0.0,19,42.10526315789473,28.20273050308584,-24.463283056258938,7.831384291724408,-10.115200415507418,5 days 18:22:30,7 days 03:21:49.090909091,0.4663083759899637,-2.4468400022482077,-0.8010573840714554,-0.557875933246922,0.9514933756776652,-1.1092661924543563,long
1786,"{'window_k': 102, 'window_d': 237, 'window_ma': 162}","open_time
2022-01-01 00:00:00    100.000000
2022-01-01 01:00:00    100.000000
2022-01-01 02:00:00    100.000000
2022-01-01 03:00:00    100.000000
2022-01-01 04:00:00    100.000000
                          ...    
2023-05-01 19:00:00     57.315874
2023-05-01 20:00:00     57.315874
2023-05-01 21:00:00     57.315874
2023-05-01 22:00:00     57.315874
2023-05-01 23:00:00     57.315874
Freq: H, Length: 11664, dtype: float64",2022-01-01,2023-05-01 23:00:00,486 days,100.0,47.04247733069795,121.35448113804308,57.315873590685015,-42.684126409314985,-70.17976286600607,33.6076817558299,100.0,61.23548393966085,430 days 01:00:00,44,0.0,22,27.27272727272727,42.49708624708626,-22.362539114885998,14.448809633663656,-7.739090304730172,11 days 07:30:00,5 days 23:11:15,0.5426901640196393,-1.940187564059772,-0.5039759208559617,-0.5579265145440048,0.9737535396268711,-0.706858957330738,long
3663,"{'window_k': 222, 'window_d': 72, 'window_ma': 237}","open_time
2022-01-01 00:00:00    100.000000
2022-01-01 01:00:00    100.000000
2022-01-01 02:00:00    100.000000
2022-01-01 03:00:00    100.000000
2022-01-01 04:00:00    100.000000
                          ...    
2023-05-01 19:00:00     54.330643
2023-05-01 20:00:00     54.205870
2023-05-01 21:00:00     54.478810
2023-05-01 22:00:00     54.720557
2023-05-01 23:00:00     54.720557
Freq: H, Length: 11664, dtype: float64",2022-01-01,2023-05-01 23:00:00,486 days,100.0,47.82101751015077,137.664395985517,54.72055688564148,-45.27944311435852,-70.17976286600607,35.5281207133059,100.0,65.26261044636277,355 days 14:00:00,71,0.0,36,40.0,23.114119922630557,-21.99516589760492,8.532537210212222,-7.694549384122277,5 days 21:38:34.285714285,4 days 02:08:34.285714285,0.6756120153099565,-1.2872369396110273,-0.32570320190414764,-0.5580015506101219,0.9810396102991475,-0.4925464469761939,long
1956,"{'window_k': 117, 'window_d': 162, 'window_ma': 72}","open_time
2022-01-01 00:00:00    100.000000
2022-01-01 01:00:00    100.000000
2022-01-01 02:00:00    100.000000
2022-01-01 03:00:00    100.000000
2022-01-01 04:00:00    100.000000
                          ...    
2023-05-01 19:00:00     49.802954
2023-05-01 20:00:00     49.688580
2023-05-01 21:00:00     49.938774
2023-05-01 22:00:00     50.160375
2023-05-01 23:00:00     50.160375
Freq: H, Length: 11664, dtype: float64",2022-01-01,2023-05-01 23:00:00,486 days,100.0,38.05083530046789,137.90598184185131,50.160374743796154,-49.839625256203846,-70.17976286600607,31.404320987654323,100.0,72.40813285089833,391 days 18:00:00,53,0.0,27,38.46153846153847,30.97528768156951,-35.7243557209722,10.499635102017098,-9.262193757294314,6 days 11:54:00,5 days 08:15:00,0.5979009255496424,-1.8938138090149397,-0.6449068293238899,-0.5584863668855979,0.9647133770443227,-0.8788077939247296,long
2410,"{'window_k': 147, 'window_d': 102, 'window_ma': 162}","open_time
2022-01-01 00:00:00    100.000000
2022-01-01 01:00:00    100.000000
2022-01-01 02:00:00    100.000000
2022-01-01 03:00:00    100.000000
2022-01-01 04:00:00    100.000000
                          ...    
2023-05-01 19:00:00     55.211942
2023-05-01 20:00:00     55.085146
2023-05-01 21:00:00     55.362513
2023-05-01 22:00:00     55.608181
2023-05-01 23:00:00     55.608181
Freq: H, Length: 11664, dtype: float64",2022-01-01,2023-05-01 23:00:00,486 days,100.0,44.53828529522411,123.0866941886313,55.6081811818448,-44.3918188181552,-70.17976286600607,40.44067215363511,100.0,63.81551589405038,451 days 16:00:00,71,0.0,36,31.428571428571427,30.913134484563052,-21.60748079706111,13.58597856103428,-7.608123162076015,7 days 22:16:21.818181818,4 days 09:15:00,0.6890085442829644,-1.267884835947927,-0.346274106165264,-0.558541112570032,0.982676212539246,-0.4868134562149877,long
932,"{'window_k': 57, 'window_d': 162, 'window_ma': 72}","open_time
2022-01-01 00:00:00    100.000000
2022-01-01 01:00:00    100.000000
2022-01-01 02:00:00    100.000000
2022-01-01 03:00:00    100.000000
2022-01-01 04:00:00    100.000000
                          ...    
2023-05-01 19:00:00     52.405654
2023-05-01 20:00:00     52.405654
2023-05-01 21:00:00     52.405654
2023-05-01 22:00:00     52.405654
2023-05-01 23:00:00     52.405654
Freq: H, Length: 11664, dtype: float64",2022-01-01,2023-05-01 23:00:00,486 days,100.0,41.26603604344848,132.34387537040692,52.40565371064787,-47.59434628935213,-70.17976286600607,34.38786008230453,100.0,68.81908140595687,391 days 18:00:00,74,0.0,37,40.54054054054054,40.06273167949816,-27.921728202980074,9.740883816648022,-8.31875272841302,5 days 18:39:59.999999999,3 days 15:46:21.818181818,0.67121486123587,-1.2863336834960046,-0.5243880415018957,-0.5586766335757745,0.9731006208874404,-0.7241331366918682,long
3726,"{'window_k': 222, 'window_d': 132, 'window_ma': 222}","open_time
2022-01-01 00:00:00    100.000000
2022-01-01 01:00:00    100.000000
2022-01-01 02:00:00    100.000000
2022-01-01 03:00:00    100.000000
2022-01-01 04:00:00    100.000000
                          ...    
2023-05-01 19:00:00     52.832268
2023-05-01 20:00:00     52.710936
2023-05-01 21:00:00     52.976349
2023-05-01 22:00:00     53.211429
2023-05-01 23:00:00     53.211429
Freq: H, Length: 11664, dtype: float64",2022-01-01,2023-05-01 23:00:00,486 days,100.0,40.1422505462653,123.69554810914313,53.211428553517756,-46.788571446482244,-70.17976286600607,38.528806584362144,100.0,67.54753816132035,451 days 16:00:00,53,0.0,27,30.76923076923077,37.68180468981897,-22.236827691970635,14.887658807277454,-8.758900541604179,10 days 06:45:00,5 days 17:33:19.999999999,0.5947186722181262,-1.8018937375625894,-0.4177073505573869,-0.5586907022057124,0.9784741855232181,-0.5945783770822664,long
3724,"{'window_k': 222, 'window_d': 132, 'window_ma': 192}","open_time
2022-01-01 00:00:00    100.000000
2022-01-01 01:00:00    100.000000
2022-01-01 02:00:00    100.000000
2022-01-01 03:00:00    100.000000
2022-01-01 04:00:00    100.000000
                          ...    
2023-05-01 19:00:00     52.281782
2023-05-01 20:00:00     52.161715
2023-05-01 21:00:00     52.424362
2023-05-01 22:00:00     52.656992
2023-05-01 23:00:00     52.656992
Freq: H, Length: 11664, dtype: float64",2022-01-01,2023-05-01 23:00:00,486 days,100.0,39.06754025119609,123.69554810914313,52.65699221755356,-47.34300778244644,-70.17976286600607,40.22633744855967,100.0,68.41637322571647,451 days 16:00:00,53,0.0,27,30.76923076923077,37.68180468981897,-22.23682769197064,15.75389780269529,-9.089918488433765,9 days 21:15:00,6 days 08:46:40,0.606752698879365,-1.8231939002377024,-0.4260752077652498,-0.5587264350133743,0.9783006225223256,-0.6082496530514069,long
2685,"{'window_k': 162, 'window_d': 117, 'window_ma': 207}","open_time
2022-01-01 00:00:00    100.000000
2022-01-01 01:00:00    100.000000
2022-01-01 02:00:00    100.000000
2022-01-01 03:00:00    100.000000
2022-01-01 04:00:00    100.000000
                          ...    
2023-05-01 19:00:00     52.334715
2023-05-01 20:00:00     52.214526
2023-05-01 21:00:00     52.477439
2023-05-01 22:00:00     52.710305
2023-05-01 23:00:00     52.710305
Freq: H, Length: 11664, dtype: float64",2022-01-01,2023-05-01 23:00:00,486 days,100.0,41.406167072031835,130.65168539325842,52.71030515923845,-47.28969484076155,-70.17976286600607,38.98319615912209,100.0,68.30797325928076,451 days 16:00:00,65,0.0,33,31.25,37.924765767025576,-25.816993464052295,13.021892580816537,-7.714853089523816,8 days 10:06:00,4 days 15:08:10.909090909,0.6559546845487455,-1.491183358681151,-0.4294234808174729,-0.5589255316350326,0.9781164288513281,-0.6036565952540391,long
3662,"{'window_k': 222, 'window_d': 72, 'window_ma': 222}","open_time
2022-01-01 00:00:00    100.000000
2022-01-01 01:00:00    100.000000
2022-01-01 02:00:00    100.000000
2022-01-01 03:00:00    100.000000
2022-01-01 04:00:00    100.000000
                          ...    
2023-05-01 19:00:00     54.195405
2023-05-01 20:00:00     54.070943
2023-05-01 21:00:00     54.343204
2023-05-01 22:00:00     54.584349
2023-05-01 23:00:00     54.584349
Freq: H, Length: 11664, dtype: float64",2022-01-01,2023-05-01 23:00:00,486 days,100.0,47.70198366504525,137.664395985517,54.58434902910583,-45.41565097089417,-70.17976286600607,34.29355281207133,100.0,65.34907713533734,355 days 14:00:00,71,0.0,36,42.857142857142854,23.114119922630568,-21.995165897604924,8.042944897471283,-8.141481025978651,5 days 19:08:00,3 days 18:39:00,0.6768510503794221,-1.291144676157577,-0.33187629316755923,-0.5590827090268623,0.9804245812986492,-0.5022476522970706,long
3827,"{'window_k': 222, 'window_d': 237, 'window_ma': 57}","open_time
2022-01-01 00:00:00    100.000000
2022-01-01 01:00:00    100.000000
2022-01-01 02:00:00    100.000000
2022-01-01 03:00:00    100.000000
2022-01-01 04:00:00    100.000000
                          ...    
2023-05-01 19:00:00     57.743479
2023-05-01 20:00:00     57.743479
2023-05-01 21:00:00     57.743479
2023-05-01 22:00:00     57.743479
2023-05-01 23:00:00     57.743479
Freq: H, Length: 11664, dtype: float64",2022-01-01,2023-05-01 23:00:00,486 days,100.0,46.10047114161258,116.5607733285222,57.74347933432947,-42.25652066567053,-70.17976286600607,26.165980795610427,100.0,60.44941207478083,424 days 03:00:00,38,0.0,19,36.84210526315789,26.243093922651923,-22.803691063076727,8.893650782015587,-8.760666100595083,7 days 13:34:17.142857142,6 days 04:24:59.999999999,0.49911838902646344,-2.224027403456344,-0.7391820175470083,-0.5590850684491023,0.9557801488887304,-1.0135723760072908,long
2276,"{'window_k': 132, 'window_d': 222, 'window_ma': 72}","open_time
2022-01-01 00:00:00    100.000000
2022-01-01 01:00:00    100.000000
2022-01-01 02:00:00    100.000000
2022-01-01 03:00:00    100.000000
2022-01-01 04:00:00    100.000000
                          ...    
2023-05-01 19:00:00     51.187983
2023-05-01 20:00:00     51.187983
2023-05-01 21:00:00     51.187983
2023-05-01 22:00:00     51.187983
2023-05-01 23:00:00     51.187983
Freq: H, Length: 11664, dtype: float64",2022-01-01,2023-05-01 23:00:00,486 days,100.0,34.712806728529905,118.39359504132231,51.18798291216323,-48.81201708783677,-70.17976286600607,29.60390946502058,100.0,70.68016498999437,453 days 11:00:00,42,0.0,21,42.857142857142854,27.417874839420058,-22.865444792132315,7.7154219306693435,-10.152143498300303,6 days 16:40:00,6 days 23:15:00,0.42785097380505144,-2.324381766087465,-0.7422432493373425,-0.5592073979220327,0.9594396901293265,-1.0212405630020203,long
2013,"{'window_k': 117, 'window_d': 207, 'window_ma': 207}","open_time
2022-01-01 00:00:00    100.000000
2022-01-01 01:00:00    100.000000
2022-01-01 02:00:00    100.000000
2022-01-01 03:00:00    100.000000
2022-01-01 04:00:00    100.000000
                          ...    
2023-05-01 19:00:00     51.364747
2023-05-01 20:00:00     51.246786
2023-05-01 21:00:00     51.504826
2023-05-01 22:00:00     51.733376
2023-05-01 23:00:00     51.733376
Freq: H, Length: 11664, dtype: float64",2022-01-01,2023-05-01 23:00:00,486 days,100.0,36.4100244442554,120.59738643434972,51.733375890323416,-48.266624109676584,-70.17976286600607,37.54286694101509,100.0,69.80861234163136,451 days 16:00:00,47,0.0,24,30.434782608695656,40.76349275998244,-26.480990274093724,14.81169552163709,-9.166634355951912,10 days 16:08:34.285714285,6 days 17:07:30,0.5199759424853102,-2.091496843739821,-0.602448902929104,-0.5592660755673451,0.9702268102425408,-0.8409856981748645,long
1530,"{'window_k': 87, 'window_d': 237, 'window_ma': 162}","open_time
2022-01-01 00:00:00    100.000000
2022-01-01 01:00:00    100.000000
2022-01-01 02:00:00    100.000000
2022-01-01 03:00:00    100.000000
2022-01-01 04:00:00    100.000000
                          ...    
2023-05-01 19:00:00     52.881611
2023-05-01 20:00:00     52.881611
2023-05-01 21:00:00     52.881611
2023-05-01 22:00:00     52.881611
2023-05-01 23:00:00     52.881611
Freq: H, Length: 11664, dtype: float64",2022-01-01,2023-05-01 23:00:00,486 days,100.0,33.85818543745593,105.71495218101236,52.8816114683544,-47.1183885316456,-70.17976286600607,36.08539094650205,100.0,67.97218866496611,469 days 22:00:00,50,0.0,25,32.0,41.10275689223059,-18.628411476557034,12.838472203509422,-8.59168841065339,10 days 01:45:00,5 days 13:49:24.705882352,0.49531755119261717,-1.8847355412658242,-0.6147483484195229,-0.559467609933364,0.9693100447925953,-0.8581385081976056,long
2303,"{'window_k': 132, 'window_d': 237, 'window_ma': 237}","open_time
2022-01-01 00:00:00    100.000000
2022-01-01 01:00:00    100.000000
2022-01-01 02:00:00    100.000000
2022-01-01 03:00:00    100.000000
2022-01-01 04:00:00    100.000000
                          ...    
2023-05-01 19:00:00     59.674816
2023-05-01 20:00:00     59.674816
2023-05-01 21:00:00     59.674816
2023-05-01 22:00:00     59.674816
2023-05-01 23:00:00     59.674816
Freq: H, Length: 11664, dtype: float64",2022-01-01,2023-05-01 23:00:00,486 days,100.0,50.864185191600434,119.45143561559401,59.67481612246922,-40.32518387753078,-70.17976286600607,34.67935528120713,100.0,57.418523327516816,451 days 16:00:00,40,0.0,20,35.0,42.211496270293985,-21.736694677871153,11.313306096153608,-8.686485750084334,11 days 07:51:25.714285714,6 days 20:46:09.230769230,0.5447550885176025,-2.01625919387654,-0.44268354157566986,-0.5597529603363864,0.9770637515320563,-0.6200847652283619,long
3661,"{'window_k': 222, 'window_d': 72, 'window_ma': 207}","open_time
2022-01-01 00:00:00    100.000000
2022-01-01 01:00:00    100.000000
2022-01-01 02:00:00    100.000000
2022-01-01 03:00:00    100.000000
2022-01-01 04:00:00    100.000000
                          ...    
2023-05-01 19:00:00     54.111287
2023-05-01 20:00:00     53.987018
2023-05-01 21:00:00     54.258856
2023-05-01 22:00:00     54.499627
2023-05-01 23:00:00     54.499627
Freq: H, Length: 11664, dtype: float64",2022-01-01,2023-05-01 23:00:00,486 days,100.0,47.62794384114901,137.664395985517,54.49962685868239,-45.50037314131761,-70.17976286600607,35.390946502057616,100.0,65.40285997683839,355 days 14:00:00,71,0.0,36,40.0,23.114119922630564,-21.995165897604927,8.553349731024744,-7.722347440221455,5 days 21:55:42.857142857,4 days 01:11:25.714285714,0.6748422689144826,-1.2935753136412527,-0.3300752304950728,-0.5597543242091294,0.9807621725604866,-0.49912063176038995,long
3789,"{'window_k': 222, 'window_d': 192, 'window_ma': 207}","open_time
2022-01-01 00:00:00    100.000000
2022-01-01 01:00:00    100.000000
2022-01-01 02:00:00    100.000000
2022-01-01 03:00:00    100.000000
2022-01-01 04:00:00    100.000000
                          ...    
2023-05-01 19:00:00     56.902265
2023-05-01 20:00:00     56.902265
2023-05-01 21:00:00     56.902265
2023-05-01 22:00:00     56.902265
2023-05-01 23:00:00     56.902265
Freq: H, Length: 11664, dtype: float64",2022-01-01,2023-05-01 23:00:00,486 days,100.0,47.44400933524036,123.78050229035941,56.90226535391549,-43.09773464608451,-70.17976286600607,34.74794238683128,100.0,61.67085408657651,424 days 03:00:00,38,0.0,19,26.31578947368421,38.828055637762674,-23.192131440706383,16.44763220505286,-8.59848570215598,13 days 09:12:00,7 days 06:47:08.571428571,0.5261305542659019,-2.268301823478131,-0.48866747897618723,-0.5597786022009356,0.9744540699873686,-0.677628279026486,long
787,"{'window_k': 57, 'window_d': 27, 'window_ma': 57}","open_time
2022-01-01 00:00:00    100.000000
2022-01-01 01:00:00    100.000000
2022-01-01 02:00:00    100.000000
2022-01-01 03:00:00    100.000000
2022-01-01 04:00:00    100.000000
                          ...    
2023-05-01 19:00:00     44.624639
2023-05-01 20:00:00     44.624639
2023-05-01 21:00:00     44.624639
2023-05-01 22:00:00     44.624639
2023-05-01 23:00:00     44.624639
Freq: H, Length: 11664, dtype: float64",2022-01-01,2023-05-01 23:00:00,486 days,100.0,19.176819812756438,101.8232648596086,44.62463882656374,-55.37536117343627,-70.17976286600607,39.90912208504801,100.0,81.16656361471324,481 days 09:00:00,234,0.0,117,39.31623931623932,26.307237813884804,-14.919252771730884,5.177879436060305,-4.154227436601465,2 days 01:49:33.913043478,1 days 09:16:54.084507042,0.582084057162951,-0.4732936852430454,-0.48991400203799573,-0.5599197768668814,0.9733316789332306,-0.7518084092883248,long
4053,"{'window_k': 237, 'window_d': 207, 'window_ma': 87}","open_time
2022-01-01 00:00:00    100.000000
2022-01-01 01:00:00    100.000000
2022-01-01 02:00:00    100.000000
2022-01-01 03:00:00    100.000000
2022-01-01 04:00:00    100.000000
                          ...    
2023-05-01 19:00:00     58.933991
2023-05-01 20:00:00     58.933991
2023-05-01 21:00:00     58.933991
2023-05-01 22:00:00     58.933991
2023-05-01 23:00:00     58.933991
Freq: H, Length: 11664, dtype: float64",2022-01-01,2023-05-01 23:00:00,486 days,100.0,49.676135560032264,119.70968240078241,58.93399146575954,-41.06600853424046,-70.17976286600607,30.45267489711934,100.0,58.50282569983028,451 days 16:00:00,38,0.0,19,26.31578947368421,27.44444444444445,-17.205840251932447,15.169371519602143,-8.184904777210791,11 days 23:23:59.999999999,6 days 07:04:17.142857142,0.5318810806004014,-2.161368870223182,-0.5399566811836198,-0.5602099503012757,0.970127780162056,-0.7462459335106432,long
731,"{'window_k': 42, 'window_d': 207, 'window_ma': 177}","open_time
2022-01-01 00:00:00    100.000000
2022-01-01 01:00:00    100.000000
2022-01-01 02:00:00    100.000000
2022-01-01 03:00:00    100.000000
2022-01-01 04:00:00    100.000000
                          ...    
2023-05-01 19:00:00     50.301117
2023-05-01 20:00:00     50.185598
2023-05-01 21:00:00     50.438295
2023-05-01 22:00:00     50.662113
2023-05-01 23:00:00     50.662113
Freq: H, Length: 11664, dtype: float64",2022-01-01,2023-05-01 23:00:00,486 days,100.0,33.494458613030616,116.94095964897163,50.66211256710172,-49.33788743289828,-70.17976286600607,36.32544581618656,100.0,71.35780421712559,451 days 16:00:00,61,0.0,31,33.33333333333333,31.39423993896624,-31.793429477589612,11.783694862976771,-8.086521383985653,8 days 17:06:00,4 days 08:36:00,0.5471327701401807,-1.624621161814535,-0.6399059315869069,-0.5604442311041994,0.9678759566067083,-0.8579210343138599,long
2271,"{'window_k': 132, 'window_d': 207, 'window_ma': 237}","open_time
2022-01-01 00:00:00    100.000000
2022-01-01 01:00:00    100.000000
2022-01-01 02:00:00    100.000000
2022-01-01 03:00:00    100.000000
2022-01-01 04:00:00    100.000000
                          ...    
2023-05-01 19:00:00     52.612295
2023-05-01 20:00:00     52.612295
2023-05-01 21:00:00     52.612295
2023-05-01 22:00:00     52.612295
2023-05-01 23:00:00     52.612295
Freq: H, Length: 11664, dtype: float64",2022-01-01,2023-05-01 23:00:00,486 days,100.0,38.887347952553846,122.55480607082632,52.612295161162976,-47.387704838837024,-70.17976286600607,35.73388203017833,100.0,68.26942231047207,451 days 16:00:00,45,0.0,23,31.818181818181817,40.366300366300365,-25.73325954620918,13.560368862062038,-9.206248698272278,10 days 21:17:08.571428571,6 days 11:48:00,0.5013154761979367,-2.1539865835835,-0.5976952943688284,-0.5605060071298444,0.96990495400779,-0.8367654374593881,long
2682,"{'window_k': 162, 'window_d': 117, 'window_ma': 162}","open_time
2022-01-01 00:00:00    100.000000
2022-01-01 01:00:00    100.000000
2022-01-01 02:00:00    100.000000
2022-01-01 03:00:00    100.000000
2022-01-01 04:00:00    100.000000
                          ...    
2023-05-01 19:00:00     51.060102
2023-05-01 20:00:00     50.942840
2023-05-01 21:00:00     51.199350
2023-05-01 22:00:00     51.426544
2023-05-01 23:00:00     51.426544
Freq: H, Length: 11664, dtype: float64",2022-01-01,2023-05-01 23:00:00,486 days,100.0,40.259370389305545,134.45237140945827,51.42654423625399,-48.57345576374601,-70.17976286600607,38.357338820301784,100.0,70.05677923916971,391 days 18:00:00,65,0.0,33,34.375,37.924765767025576,-25.816993464052292,12.056028611110966,-8.276127900938844,7 days 15:00:00,4 days 17:20:00,0.6486673772232151,-1.530975007640695,-0.4470501055757429,-0.5611636898838477,0.9772379882453907,-0.628019031570253,long
3729,"{'window_k': 222, 'window_d': 147, 'window_ma': 27}","open_time
2022-01-01 00:00:00    100.000000
2022-01-01 01:00:00    100.000000
2022-01-01 02:00:00    100.000000
2022-01-01 03:00:00    100.000000
2022-01-01 04:00:00    100.000000
                          ...    
2023-05-01 19:00:00     59.112278
2023-05-01 20:00:00     58.976524
2023-05-01 21:00:00     59.273485
2023-05-01 22:00:00     59.536508
2023-05-01 23:00:00     59.536508
Freq: H, Length: 11664, dtype: float64",2022-01-01,2023-05-01 23:00:00,486 days,100.0,53.46210563498751,125.70479324501925,59.536508011502946,-40.463491988497054,-70.17976286600607,24.185528120713307,100.0,57.47011370458953,353 days 18:00:00,47,0.0,24,34.78260869565217,18.19224154404741,-13.896626431445366,7.339026491698372,-6.752810568500851,4 days 02:37:30,5 days 13:24:00,0.5485000096373629,-1.7600200525389074,-0.5623015941967034,-0.5613064093329062,0.963092971861494,-0.8177055475225056,long
1535,"{'window_k': 87, 'window_d': 237, 'window_ma': 237}","open_time
2022-01-01 00:00:00    100.000000
2022-01-01 01:00:00    100.000000
2022-01-01 02:00:00    100.000000
2022-01-01 03:00:00    100.000000
2022-01-01 04:00:00    100.000000
                          ...    
2023-05-01 19:00:00     53.643066
2023-05-01 20:00:00     53.643066
2023-05-01 21:00:00     53.643066
2023-05-01 22:00:00     53.643066
2023-05-01 23:00:00     53.643066
Freq: H, Length: 11664, dtype: float64",2022-01-01,2023-05-01 23:00:00,486 days,100.0,35.36995891885468,105.71495218101236,53.64306644196338,-46.35693355803662,-70.17976286600607,36.30829903978052,100.0,66.54214168465799,469 days 22:00:00,50,0.0,25,32.0,41.102756892230595,-18.628411476557034,12.268712143423521,-8.30672881946637,10 days 03:15:00,5 days 14:38:49.411764705,0.4869199704157226,-1.854277342321465,-0.605524739211,-0.5614375103562278,0.9697691967746275,-0.8486166643244146,long
2011,"{'window_k': 117, 'window_d': 207, 'window_ma': 177}","open_time
2022-01-01 00:00:00    100.000000
2022-01-01 01:00:00    100.000000
2022-01-01 02:00:00    100.000000
2022-01-01 03:00:00    100.000000
2022-01-01 04:00:00    100.000000
                          ...    
2023-05-01 19:00:00     50.552204
2023-05-01 20:00:00     50.436108
2023-05-01 21:00:00     50.690067
2023-05-01 22:00:00     50.915001
2023-05-01 23:00:00     50.915001
Freq: H, Length: 11664, dtype: float64",2022-01-01,2023-05-01 23:00:00,486 days,100.0,35.650006135263546,122.12946205355699,50.915001109462786,-49.084998890537214,-70.17976286600607,38.41735253772291,100.0,70.80965924534239,391 days 18:00:00,47,0.0,24,30.434782608695656,40.76349275998245,-26.480990274093713,14.811788014069652,-9.265413003617303,10 days 17:17:08.571428571,6 days 23:00:00,0.5108439667516287,-2.1271899126375775,-0.6099955923583772,-0.5616076484319511,0.9702386923867732,-0.8506611833700125,long
1337,"{'window_k': 87, 'window_d': 57, 'window_ma': 147}","open_time
2022-01-01 00:00:00    100.000000
2022-01-01 01:00:00    100.000000
2022-01-01 02:00:00    100.000000
2022-01-01 03:00:00    100.000000
2022-01-01 04:00:00    100.000000
                          ...    
2023-05-01 19:00:00     53.552967
2023-05-01 20:00:00     53.552967
2023-05-01 21:00:00     53.552967
2023-05-01 22:00:00     53.552967
2023-05-01 23:00:00     53.552967
Freq: H, Length: 11664, dtype: float64",2022-01-01,2023-05-01 23:00:00,486 days,100.0,48.501389771182566,145.45851412801716,53.5529668804432,-46.4470331195568,-70.17976286600607,42.28395061728395,100.0,66.65620430544423,266 days 11:00:00,120,0.0,60,28.333333333333332,22.785464890728058,-17.655078391274717,9.315783311398922,-4.826346388665613,4 days 15:21:10.588235294,2 days 23:47:08.571428571,0.7591415520208027,-0.7741172186592795,-0.29099946693424356,-0.5616624687671928,0.9848347544136995,-0.43732527897794593,long
2997,"{'window_k': 177, 'window_d': 177, 'window_ma': 87}","open_time
2022-01-01 00:00:00    100.000000
2022-01-01 01:00:00    100.000000
2022-01-01 02:00:00    100.000000
2022-01-01 03:00:00    100.000000
2022-01-01 04:00:00    100.000000
                          ...    
2023-05-01 19:00:00     54.490657
2023-05-01 20:00:00     54.365517
2023-05-01 21:00:00     54.639261
2023-05-01 22:00:00     54.881720
2023-05-01 23:00:00     54.881720
Freq: H, Length: 11664, dtype: float64",2022-01-01,2023-05-01 23:00:00,486 days,100.0,42.99274794385577,121.39054181020984,54.881719572582966,-45.118280427417034,-70.17976286600607,34.68792866941015,100.0,64.583115535415,451 days 16:00:00,47,0.0,24,30.434782608695656,31.864341827936393,-22.65272427077599,12.58643919352424,-8.316663226926927,9 days 02:25:42.857142857,6 days 12:07:30,0.5513774683736119,-2.0150529071142795,-0.583318609664267,-0.5616955350727029,0.9701751139997202,-0.8111455710559213,long
2212,"{'window_k': 132, 'window_d': 162, 'window_ma': 72}","open_time
2022-01-01 00:00:00    100.000000
2022-01-01 01:00:00    100.000000
2022-01-01 02:00:00    100.000000
2022-01-01 03:00:00    100.000000
2022-01-01 04:00:00    100.000000
                          ...    
2023-05-01 19:00:00     50.446159
2023-05-01 20:00:00     50.330307
2023-05-01 21:00:00     50.583733
2023-05-01 22:00:00     50.808195
2023-05-01 23:00:00     50.808195
Freq: H, Length: 11664, dtype: float64",2022-01-01,2023-05-01 23:00:00,486 days,100.0,39.028220625847275,134.42886214330147,50.8081951713097,-49.1918048286903,-70.17976286600607,31.001371742112482,100.0,70.96738006735258,391 days 18:00:00,53,0.0,27,34.61538461538461,30.507518796992468,-26.321913380736905,11.264833236897381,-8.767479390709724,7 days 07:26:40,4 days 21:00:00,0.5920488829928753,-1.890878535108334,-0.64766958151036,-0.5616970081671104,0.9644426245669203,-0.8903375766506204,long
1758,"{'window_k': 102, 'window_d': 207, 'window_ma': 222}","open_time
2022-01-01 00:00:00    100.000000
2022-01-01 01:00:00    100.000000
2022-01-01 02:00:00    100.000000
2022-01-01 03:00:00    100.000000
2022-01-01 04:00:00    100.000000
                          ...    
2023-05-01 19:00:00     47.127818
2023-05-01 20:00:00     47.019587
2023-05-01 21:00:00     47.256342
2023-05-01 22:00:00     47.466039
2023-05-01 23:00:00     47.466039
Freq: H, Length: 11664, dtype: float64",2022-01-01,2023-05-01 23:00:00,486 days,100.0,31.60813523927654,133.23738003173392,47.46603926361003,-52.53396073638997,-70.17976286600607,36.62551440329218,100.0,76.27682619415944,391 days 18:00:00,49,0.0,25,33.33333333333333,41.830448811968324,-36.755009696186164,15.268594690260898,-10.372719989115968,10 days 15:30:00,5 days 18:11:15,0.5312135267860344,-2.2213279476186605,-0.6584246454284425,-0.5618764032168891,0.9667517628585608,-0.8987695835993554,long
2484,"{'window_k': 147, 'window_d': 177, 'window_ma': 72}","open_time
2022-01-01 00:00:00    100.000000
2022-01-01 01:00:00    100.000000
2022-01-01 02:00:00    100.000000
2022-01-01 03:00:00    100.000000
2022-01-01 04:00:00    100.000000
                          ...    
2023-05-01 19:00:00     53.172103
2023-05-01 20:00:00     53.049991
2023-05-01 21:00:00     53.317111
2023-05-01 22:00:00     53.553703
2023-05-01 23:00:00     53.553703
Freq: H, Length: 11664, dtype: float64",2022-01-01,2023-05-01 23:00:00,486 days,100.0,40.94058168244865,122.66155098794216,53.55370292793703,-46.44629707206297,-70.17976286600607,29.45816186556927,100.0,66.6231338567754,391 days 18:00:00,51,0.0,26,32.0,32.62655205348615,-21.691096040253775,8.136326244895448,-6.755013874964415,5 days 17:45:00,5 days 15:35:17.647058823,0.46669383350036153,-1.8688419544538781,-0.6560380142125356,-0.5619315741897877,0.9639641478371822,-0.9059901372925553,long
2235,"{'window_k': 132, 'window_d': 177, 'window_ma': 177}","open_time
2022-01-01 00:00:00    100.000000
2022-01-01 01:00:00    100.000000
2022-01-01 02:00:00    100.000000
2022-01-01 03:00:00    100.000000
2022-01-01 04:00:00    100.000000
                          ...    
2023-05-01 19:00:00     52.351284
2023-05-01 20:00:00     52.231058
2023-05-01 21:00:00     52.494054
2023-05-01 22:00:00     52.726993
2023-05-01 23:00:00     52.726993
Freq: H, Length: 11664, dtype: float64",2022-01-01,2023-05-01 23:00:00,486 days,100.0,43.19533187337075,134.47265874289914,52.72699333530798,-47.27300666469202,-70.17976286600607,37.765775034293554,100.0,67.87798183126822,391 days 18:00:00,53,0.0,27,26.923076923076923,43.68716735659373,-21.50219298245613,15.938239453900586,-8.05211014388841,10 days 16:25:42.857142857,5 days 15:34:44.210526315,0.6004366485381398,-1.82108263283398,-0.5681024037757354,-0.5622496459100111,0.9719675887781039,-0.7949816322578017,long
2762,"{'window_k': 162, 'window_d': 192, 'window_ma': 162}","open_time
2022-01-01 00:00:00    100.000000
2022-01-01 01:00:00    100.000000
2022-01-01 02:00:00    100.000000
2022-01-01 03:00:00    100.000000
2022-01-01 04:00:00    100.000000
                          ...    
2023-05-01 19:00:00     57.105374
2023-05-01 20:00:00     56.974229
2023-05-01 21:00:00     57.261109
2023-05-01 22:00:00     57.515202
2023-05-01 23:00:00     57.515202
Freq: H, Length: 11664, dtype: float64",2022-01-01,2023-05-01 23:00:00,486 days,100.0,47.699165612109894,120.59738643434972,57.515201641606765,-42.484798358393235,-70.17976286600607,32.107338820301784,100.0,60.447595903683904,451 days 16:00:00,43,0.0,22,33.33333333333333,39.28728552573693,-24.14402474044622,12.339255784023118,-8.817664076693973,10 days 00:00:00,6 days 02:55:42.857142857,0.5531690903904517,-2.014498772672694,-0.5032639718602223,-0.562355240144942,0.973128588205963,-0.7002039747855954,long
2913,"{'window_k': 177, 'window_d': 102, 'window_ma': 27}","open_time
2022-01-01 00:00:00    100.000000
2022-01-01 01:00:00    100.000000
2022-01-01 02:00:00    100.000000
2022-01-01 03:00:00    100.000000
2022-01-01 04:00:00    100.000000
                          ...    
2023-05-01 19:00:00     58.455701
2023-05-01 20:00:00     58.321455
2023-05-01 21:00:00     58.615118
2023-05-01 22:00:00     58.875219
2023-05-01 23:00:00     58.875219
Freq: H, Length: 11664, dtype: float64",2022-01-01,2023-05-01 23:00:00,486 days,100.0,52.49516706184694,126.08978529603122,58.87521914773269,-41.12478085226731,-70.17976286600607,25.8659122085048,100.0,58.36683602989744,451 days 16:00:00,67,0.0,34,27.27272727272727,23.205378442854055,-17.29545454545455,9.810598242763488,-5.386179628665838,4 days 02:33:20,3 days 13:02:30,0.6152753471703118,-1.2421374226834236,-0.6088564352011928,-0.5623779499109148,0.9643293259288543,-0.8396214011126013,long
3845,"{'window_k': 237, 'window_d': 12, 'window_ma': 87}","open_time
2022-01-01 00:00:00    100.000000
2022-01-01 01:00:00    100.000000
2022-01-01 02:00:00    100.000000
2022-01-01 03:00:00    100.000000
2022-01-01 04:00:00    100.000000
                          ...    
2023-05-01 19:00:00     45.596697
2023-05-01 20:00:00     45.491982
2023-05-01 21:00:00     45.721045
2023-05-01 22:00:00     45.923930
2023-05-01 23:00:00     45.923930
Freq: H, Length: 11664, dtype: float64",2022-01-01,2023-05-01 23:00:00,486 days,100.0,26.41225034691878,123.9509241940599,45.92393001494589,-54.07606998505411,-70.17976286600607,40.14917695473251,100.0,78.69136473273304,454 days 07:00:00,435,0.0,218,33.6405529953917,24.026093348033807,-16.333207499685425,4.268514628958983,-2.5273992891318833,1 days 09:28:46.027397260,0 days 15:29:35,0.7466546425925115,-0.24853496454285506,-0.46327555759369754,-0.5624266803098905,0.9749169461268551,-0.7060122197032849,long
3649,"{'window_k': 222, 'window_d': 72, 'window_ma': 27}","open_time
2022-01-01 00:00:00    100.000000
2022-01-01 01:00:00    100.000000
2022-01-01 02:00:00    100.000000
2022-01-01 03:00:00    100.000000
2022-01-01 04:00:00    100.000000
                          ...    
2023-05-01 19:00:00     62.841623
2023-05-01 20:00:00     62.697304
2023-05-01 21:00:00     63.013001
2023-05-01 22:00:00     63.292617
2023-05-01 23:00:00     63.292617
Freq: H, Length: 11664, dtype: float64",2022-01-01,2023-05-01 23:00:00,486 days,100.0,56.306468803052155,116.54767630874679,63.29261738176081,-36.70738261823919,-70.17976286600607,22.642318244170095,100.0,51.688038246347766,439 days 04:00:00,71,0.0,36,42.857142857142854,20.93798741461839,-21.995165897604934,6.168919980497662,-6.225843533229234,3 days 07:28:00,2 days 19:27:00,0.6549592389258573,-1.0413087315625855,-0.4797891293301829,-0.5624742551697379,0.9694919140185274,-0.6626922916490562,long
3032,"{'window_k': 177, 'window_d': 207, 'window_ma': 132}","open_time
2022-01-01 00:00:00    100.000000
2022-01-01 01:00:00    100.000000
2022-01-01 02:00:00    100.000000
2022-01-01 03:00:00    100.000000
2022-01-01 04:00:00    100.000000
                          ...    
2023-05-01 19:00:00     58.219168
2023-05-01 20:00:00     58.219168
2023-05-01 21:00:00     58.219168
2023-05-01 22:00:00     58.219168
2023-05-01 23:00:00     58.219168
Freq: H, Length: 11664, dtype: float64",2022-01-01,2023-05-01 23:00:00,486 days,100.0,48.75295701194617,119.8639315534481,58.219167597279444,-41.780832402720556,-70.17976286600607,31.54149519890261,100.0,59.32641589500432,451 days 16:00:00,42,0.0,21,23.809523809523807,41.08983799705449,-24.32522864153469,19.445343456782055,-8.125115311898409,10 days 02:24:00,6 days 10:11:15,0.5866105013105632,-1.9895634477485982,-0.5209694302791437,-0.562770963019807,0.9716667224165952,-0.72478876359522,long
3790,"{'window_k': 222, 'window_d': 192, 'window_ma': 222}","open_time
2022-01-01 00:00:00    100.000000
2022-01-01 01:00:00    100.000000
2022-01-01 02:00:00    100.000000
2022-01-01 03:00:00    100.000000
2022-01-01 04:00:00    100.000000
                          ...    
2023-05-01 19:00:00     54.801215
2023-05-01 20:00:00     54.801215
2023-05-01 21:00:00     54.801215
2023-05-01 22:00:00     54.801215
2023-05-01 23:00:00     54.801215
Freq: H, Length: 11664, dtype: float64",2022-01-01,2023-05-01 23:00:00,486 days,100.0,43.97029763556579,124.07841640059006,54.80121523519815,-45.19878476480185,-70.17976286600607,33.63340192043896,100.0,64.56249288868528,424 days 03:00:00,38,0.0,19,31.57894736842105,38.82805563776268,-23.192131440706387,13.906638974451829,-9.609764176029943,11 days 02:40:00,7 days 10:41:32.307692307,0.5042266046189233,-2.3788834086737825,-0.5408513631955062,-0.562962504417901,0.9716778743987875,-0.7501912234603856,long
303,"{'window_k': 27, 'window_d': 42, 'window_ma': 237}","open_time
2022-01-01 00:00:00    100.000000
2022-01-01 01:00:00    100.000000
2022-01-01 02:00:00    100.000000
2022-01-01 03:00:00    100.000000
2022-01-01 04:00:00    100.000000
                          ...    
2023-05-01 19:00:00     52.841842
2023-05-01 20:00:00     52.841842
2023-05-01 21:00:00     52.841842
2023-05-01 22:00:00     52.841842
2023-05-01 23:00:00     52.841842
Freq: H, Length: 11664, dtype: float64",2022-01-01,2023-05-01 23:00:00,486 days,100.0,32.40855148733849,100.0,52.841841853796524,-47.158158146203476,-70.17976286600607,37.86865569272977,100.0,67.59144851266151,481 days 07:00:00,212,0.0,106,35.84905660377358,23.523635853555902,-15.801114023591087,5.350279160996097,-3.6514419369347935,2 days 08:30:00,1 days 09:22:56.470588235,0.6478570239490054,-0.44488828439814554,-0.3443067635947035,-0.5631369706495183,0.9804876374658729,-0.5320215672031814,long
1790,"{'window_k': 102, 'window_d': 237, 'window_ma': 222}","open_time
2022-01-01 00:00:00    100.000000
2022-01-01 01:00:00    100.000000
2022-01-01 02:00:00    100.000000
2022-01-01 03:00:00    100.000000
2022-01-01 04:00:00    100.000000
                          ...    
2023-05-01 19:00:00     55.550707
2023-05-01 20:00:00     55.550707
2023-05-01 21:00:00     55.550707
2023-05-01 22:00:00     55.550707
2023-05-01 23:00:00     55.550707
Freq: H, Length: 11664, dtype: float64",2022-01-01,2023-05-01 23:00:00,486 days,100.0,44.0328034213751,119.96859763720556,55.55070746971358,-44.44929253028642,-70.17976286600607,35.15089163237312,100.0,63.296392315484304,430 days 01:00:00,44,0.0,22,27.27272727272727,42.497086247086244,-22.362539114885998,14.94154140543186,-8.075793643102033,11 days 07:40:00,6 days 10:22:30,0.5252198549288923,-2.020422387740292,-0.5339317630381061,-0.563911296861799,0.9729706434145811,-0.746030025389787,long
3674,"{'window_k': 222, 'window_d': 87, 'window_ma': 162}","open_time
2022-01-01 00:00:00    100.000000
2022-01-01 01:00:00    100.000000
2022-01-01 02:00:00    100.000000
2022-01-01 03:00:00    100.000000
2022-01-01 04:00:00    100.000000
                          ...    
2023-05-01 19:00:00     57.032734
2023-05-01 20:00:00     56.901756
2023-05-01 21:00:00     57.188270
2023-05-01 22:00:00     57.442040
2023-05-01 23:00:00     57.442040
Freq: H, Length: 11664, dtype: float64",2022-01-01,2023-05-01 23:00:00,486 days,100.0,45.15227523782833,113.90400857754061,57.44204036998649,-42.55795963001351,-70.17976286600607,38.177297668038406,100.0,60.359362412525854,309 days 12:00:00,67,0.0,34,33.33333333333333,30.62965260545905,-21.523959151610367,14.02023538483616,-8.408102328920828,9 days 06:32:43.636363636,3 days 15:21:49.090909090,0.7079262966222425,-1.3084880346514467,-0.24595654560546787,-0.564222179363129,0.9864147189306839,-0.37212393936648425,long
3838,"{'window_k': 222, 'window_d': 237, 'window_ma': 222}","open_time
2022-01-01 00:00:00    100.000000
2022-01-01 01:00:00    100.000000
2022-01-01 02:00:00    100.000000
2022-01-01 03:00:00    100.000000
2022-01-01 04:00:00    100.000000
                          ...    
2023-05-01 19:00:00     60.056641
2023-05-01 20:00:00     60.056641
2023-05-01 21:00:00     60.056641
2023-05-01 22:00:00     60.056641
2023-05-01 23:00:00     60.056641
Freq: H, Length: 11664, dtype: float64",2022-01-01,2023-05-01 23:00:00,486 days,100.0,49.71421908359059,113.93685072465516,60.056640625355485,-39.943359374644515,-70.17976286600607,36.051097393689986,100.0,56.366865709030186,349 days 17:00:00,38,0.0,19,36.84210526315789,38.594969644405914,-22.803691063076727,12.03135948482573,-9.82754793738272,11 days 10:25:42.857142857,7 days 22:20:00,0.5607543251770658,-2.1022820723497118,-0.4471037671727818,-0.564415879829033,0.9771588641336241,-0.6191193687644783,long
163,"{'window_k': 12, 'window_d': 162, 'window_ma': 57}","open_time
2022-01-01 00:00:00    100.000000
2022-01-01 01:00:00    100.000000
2022-01-01 02:00:00    100.000000
2022-01-01 03:00:00    100.000000
2022-01-01 04:00:00    100.000000
                          ...    
2023-05-01 19:00:00     58.468587
2023-05-01 20:00:00     58.334311
2023-05-01 21:00:00     58.628039
2023-05-01 22:00:00     58.888198
2023-05-01 23:00:00     58.888198
Freq: H, Length: 11664, dtype: float64",2022-01-01,2023-05-01 23:00:00,486 days,100.0,51.5052871082798,123.00582597648805,58.88819761840591,-41.11180238159409,-70.17976286600607,26.243141289437588,100.0,58.127766144894,430 days 01:00:00,107,0.0,54,28.30188679245283,27.42769316752828,-9.161931818181813,6.349179906239306,-3.5981619386541928,3 days 08:52:00,1 days 21:55:15.789473684,0.6373635394989277,-0.7761694157974857,-0.6069034515558132,-0.5644995954518921,0.9636652702395022,-0.8457344386082694,long
3209,"{'window_k': 192, 'window_d': 132, 'window_ma': 147}","open_time
2022-01-01 00:00:00    100.000000
2022-01-01 01:00:00    100.000000
2022-01-01 02:00:00    100.000000
2022-01-01 03:00:00    100.000000
2022-01-01 04:00:00    100.000000
                          ...    
2023-05-01 19:00:00     52.526063
2023-05-01 20:00:00     52.405435
2023-05-01 21:00:00     52.669309
2023-05-01 22:00:00     52.903026
2023-05-01 23:00:00     52.903026
Freq: H, Length: 11664, dtype: float64",2022-01-01,2023-05-01 23:00:00,486 days,100.0,44.56988264826981,136.36922464758385,52.903026265397244,-47.096973734602756,-70.17976286600607,39.33470507544581,100.0,67.31675877497226,391 days 18:00:00,57,0.0,29,28.57142857142857,29.736842105263158,-15.955723542116635,12.97982372535602,-7.430107858216044,9 days 01:00:00,5 days 19:48:00,0.629100501664729,-1.6607632770452434,-0.4438686669030649,-0.5646348965239284,0.9774991821005613,-0.6355243519306841,long
3791,"{'window_k': 222, 'window_d': 192, 'window_ma': 237}","open_time
2022-01-01 00:00:00    100.00000
2022-01-01 01:00:00    100.00000
2022-01-01 02:00:00    100.00000
2022-01-01 03:00:00    100.00000
2022-01-01 04:00:00    100.00000
                         ...    
2023-05-01 19:00:00     56.61379
2023-05-01 20:00:00     56.61379
2023-05-01 21:00:00     56.61379
2023-05-01 22:00:00     56.61379
2023-05-01 23:00:00     56.61379
Freq: H, Length: 11664, dtype: float64",2022-01-01,2023-05-01 23:00:00,486 days,100.0,47.56184040109135,123.78050229035941,56.613789967044966,-43.386210032955034,-70.17976286600607,34.73936899862826,100.0,61.57566052727539,424 days 03:00:00,38,0.0,19,26.31578947368421,38.82805563776267,-23.192131440706387,16.292726869424623,-8.60891599891633,13 days 11:48:00,7 days 05:47:08.571428571,0.5224398780493161,-2.283484738576581,-0.503015644231514,-0.564695317952765,0.9737289672843349,-0.6996179630662239,long
2298,"{'window_k': 132, 'window_d': 237, 'window_ma': 162}","open_time
2022-01-01 00:00:00    100.000000
2022-01-01 01:00:00    100.000000
2022-01-01 02:00:00    100.000000
2022-01-01 03:00:00    100.000000
2022-01-01 04:00:00    100.000000
                          ...    
2023-05-01 19:00:00     58.862746
2023-05-01 20:00:00     58.862746
2023-05-01 21:00:00     58.862746
2023-05-01 22:00:00     58.862746
2023-05-01 23:00:00     58.862746
Freq: H, Length: 11664, dtype: float64",2022-01-01,2023-05-01 23:00:00,486 days,100.0,50.014353922615655,119.45143561559401,58.86274567914882,-41.13725432085118,-70.17976286600607,31.995884773662553,100.0,58.12996832991898,451 days 16:00:00,40,0.0,20,25.0,42.21149627029397,-21.736694677871153,15.847638568085081,-7.615801726458576,11 days 12:36:00,6 days 12:36:00,0.5418781148845059,-2.0568627160425597,-0.4707893310592988,-0.5648534050988695,0.9747536682303465,-0.6578398156266239,long
3723,"{'window_k': 222, 'window_d': 132, 'window_ma': 177}","open_time
2022-01-01 00:00:00    100.000000
2022-01-01 01:00:00    100.000000
2022-01-01 02:00:00    100.000000
2022-01-01 03:00:00    100.000000
2022-01-01 04:00:00    100.000000
                          ...    
2023-05-01 19:00:00     51.491691
2023-05-01 20:00:00     51.373438
2023-05-01 21:00:00     51.632116
2023-05-01 22:00:00     51.861231
2023-05-01 23:00:00     51.861231
Freq: H, Length: 11664, dtype: float64",2022-01-01,2023-05-01 23:00:00,486 days,100.0,38.47714521910706,123.69554810914313,51.86123117372787,-48.13876882627213,-70.17976286600607,39.651920438957475,100.0,68.89367013826832,451 days 16:00:00,53,0.0,27,30.76923076923077,37.68180468981896,-22.23682769197064,14.881675083007462,-8.898095404503685,10 days 01:30:00,6 days 03:09:59.999999999,0.5890483763508665,-1.8537652004655794,-0.4508199221075145,-0.5650515882009889,0.9768614537189179,-0.6430470603287346,long
290,"{'window_k': 27, 'window_d': 42, 'window_ma': 42}","open_time
2022-01-01 00:00:00    100.000000
2022-01-01 01:00:00    100.000000
2022-01-01 02:00:00    100.000000
2022-01-01 03:00:00    100.000000
2022-01-01 04:00:00    100.000000
                          ...    
2023-05-01 19:00:00     52.585386
2023-05-01 20:00:00     52.585386
2023-05-01 21:00:00     52.585386
2023-05-01 22:00:00     52.585386
2023-05-01 23:00:00     52.585386
Freq: H, Length: 11664, dtype: float64",2022-01-01,2023-05-01 23:00:00,486 days,100.0,32.253469311912625,100.0,52.58538646718334,-47.41461353281666,-70.17976286600607,35.510973936899866,100.0,67.74653068808738,481 days 07:00:00,212,0.0,106,33.9622641509434,22.317295553373548,-15.80111402359107,5.36767612303028,-3.42195827492087,2 days 05:56:40,1 days 07:25:42.857142857,0.6316926206584607,-0.44730767483789335,-0.374845515283306,-0.5651822410007822,0.9779768458815279,-0.5813590261499847,long
2046,"{'window_k': 117, 'window_d': 237, 'window_ma': 222}","open_time
2022-01-01 00:00:00    100.00000
2022-01-01 01:00:00    100.00000
2022-01-01 02:00:00    100.00000
2022-01-01 03:00:00    100.00000
2022-01-01 04:00:00    100.00000
                         ...    
2023-05-01 19:00:00     54.36412
2023-05-01 20:00:00     54.36412
2023-05-01 21:00:00     54.36412
2023-05-01 22:00:00     54.36412
2023-05-01 23:00:00     54.36412
Freq: H, Length: 11664, dtype: float64",2022-01-01,2023-05-01 23:00:00,486 days,100.0,41.59384771070234,118.77425944841674,54.36411985742182,-45.63588014257818,-70.17976286600607,36.44547325102881,100.0,64.98075601240316,451 days 16:00:00,44,0.0,22,31.818181818181817,43.70783220885891,-22.227191413237918,12.735158453551445,-8.65388503772778,9 days 12:51:25.714285714,7 days 08:36:00,0.5055252317729788,-2.0743581882990085,-0.5437149011341237,-0.5652126037459645,0.9728592281777124,-0.7572980484370005,long
2883,"{'window_k': 177, 'window_d': 72, 'window_ma': 57}","open_time
2022-01-01 00:00:00    100.000000
2022-01-01 01:00:00    100.000000
2022-01-01 02:00:00    100.000000
2022-01-01 03:00:00    100.000000
2022-01-01 04:00:00    100.000000
                          ...    
2023-05-01 19:00:00     61.166555
2023-05-01 20:00:00     61.026084
2023-05-01 21:00:00     61.333365
2023-05-01 22:00:00     61.605529
2023-05-01 23:00:00     61.605529
Freq: H, Length: 11664, dtype: float64",2022-01-01,2023-05-01 23:00:00,486 days,100.0,54.6987650015627,118.79752263592104,61.60552874056576,-38.39447125943424,-70.17976286600607,30.624142661179697,100.0,53.95630835737367,355 days 14:00:00,79,0.0,40,38.46153846153847,24.14606376057255,-22.96842790495823,7.379632670460154,-6.030579491349102,5 days 04:20:00,2 days 18:22:30,0.6812626395019891,-1.0011321002629217,-0.2557576872815657,-0.5652320740905197,0.9836520403058291,-0.39515726227660525,long
2843,"{'window_k': 177, 'window_d': 27, 'window_ma': 177}","open_time
2022-01-01 00:00:00    100.000000
2022-01-01 01:00:00    100.000000
2022-01-01 02:00:00    100.000000
2022-01-01 03:00:00    100.000000
2022-01-01 04:00:00    100.000000
                          ...    
2023-05-01 19:00:00     50.133756
2023-05-01 20:00:00     50.133756
2023-05-01 21:00:00     50.133756
2023-05-01 22:00:00     50.133756
2023-05-01 23:00:00     50.133756
Freq: H, Length: 11664, dtype: float64",2022-01-01,2023-05-01 23:00:00,486 days,100.0,31.04851464541734,108.96326216580113,50.13375586320451,-49.86624413679549,-70.17976286600607,36.13683127572017,100.0,71.50552027510597,469 days 22:00:00,194,0.0,97,31.958762886597935,25.011215791834886,-14.512437051732041,7.123671649759868,-4.027200511688984,2 days 23:58:03.870967741,1 days 06:03:38.181818181,0.6779574690393351,-0.5140849911009853,-0.40843322986924324,-0.5658681269514435,0.9762008379249439,-0.6256653386846354,long
621,"{'window_k': 42, 'window_d': 102, 'window_ma': 207}","open_time
2022-01-01 00:00:00    100.00000
2022-01-01 01:00:00    100.00000
2022-01-01 02:00:00    100.00000
2022-01-01 03:00:00    100.00000
2022-01-01 04:00:00    100.00000
                         ...    
2023-05-01 19:00:00     54.83182
2023-05-01 20:00:00     54.83182
2023-05-01 21:00:00     54.83182
2023-05-01 22:00:00     54.83182
2023-05-01 23:00:00     54.83182
Freq: H, Length: 11664, dtype: float64",2022-01-01,2023-05-01 23:00:00,486 days,100.0,48.44035087783052,135.21488052314035,54.83181966569803,-45.16818033430197,-70.17976286600607,44.15294924554184,100.0,64.17528108561945,275 days 07:00:00,96,0.0,48,37.5,28.20419103313841,-22.458836443468716,9.652848494597054,-7.256206955741722,6 days 01:13:20,3 days 13:02:04.137931034,0.7583346180230962,-0.9410037569646228,-0.2725543039128144,-0.5659432445346749,0.9859797752619519,-0.4077372835584506,long
620,"{'window_k': 42, 'window_d': 102, 'window_ma': 192}","open_time
2022-01-01 00:00:00    100.00000
2022-01-01 01:00:00    100.00000
2022-01-01 02:00:00    100.00000
2022-01-01 03:00:00    100.00000
2022-01-01 04:00:00    100.00000
                         ...    
2023-05-01 19:00:00     54.83182
2023-05-01 20:00:00     54.83182
2023-05-01 21:00:00     54.83182
2023-05-01 22:00:00     54.83182
2023-05-01 23:00:00     54.83182
Freq: H, Length: 11664, dtype: float64",2022-01-01,2023-05-01 23:00:00,486 days,100.0,48.44035087783052,135.21488052314035,54.83181966569803,-45.16818033430197,-70.17976286600607,44.15294924554184,100.0,64.17528108561945,275 days 07:00:00,96,0.0,48,37.5,28.20419103313841,-22.458836443468716,9.652848494597054,-7.256206955741722,6 days 01:13:20,3 days 13:02:04.137931034,0.7583346180230962,-0.9410037569646228,-0.2725543039128144,-0.5659432445346749,0.9859797752619519,-0.4077372835584506,long
623,"{'window_k': 42, 'window_d': 102, 'window_ma': 237}","open_time
2022-01-01 00:00:00    100.00000
2022-01-01 01:00:00    100.00000
2022-01-01 02:00:00    100.00000
2022-01-01 03:00:00    100.00000
2022-01-01 04:00:00    100.00000
                         ...    
2023-05-01 19:00:00     54.83182
2023-05-01 20:00:00     54.83182
2023-05-01 21:00:00     54.83182
2023-05-01 22:00:00     54.83182
2023-05-01 23:00:00     54.83182
Freq: H, Length: 11664, dtype: float64",2022-01-01,2023-05-01 23:00:00,486 days,100.0,48.44035087783052,135.21488052314035,54.83181966569803,-45.16818033430197,-70.17976286600607,44.15294924554184,100.0,64.17528108561945,275 days 07:00:00,96,0.0,48,37.5,28.20419103313841,-22.458836443468716,9.652848494597054,-7.256206955741722,6 days 01:13:20,3 days 13:02:04.137931034,0.7583346180230962,-0.9410037569646228,-0.2725543039128144,-0.5659432445346749,0.9859797752619519,-0.4077372835584506,long
618,"{'window_k': 42, 'window_d': 102, 'window_ma': 162}","open_time
2022-01-01 00:00:00    100.000000
2022-01-01 01:00:00    100.000000
2022-01-01 02:00:00    100.000000
2022-01-01 03:00:00    100.000000
2022-01-01 04:00:00    100.000000
                          ...    
2023-05-01 19:00:00     54.764302
2023-05-01 20:00:00     54.764302
2023-05-01 21:00:00     54.764302
2023-05-01 22:00:00     54.764302
2023-05-01 23:00:00     54.764302
Freq: H, Length: 11664, dtype: float64",2022-01-01,2023-05-01 23:00:00,486 days,100.0,48.38070343523913,135.21488052314035,54.76430203305452,-45.23569796694548,-70.17976286600607,44.127229080932786,100.0,64.21939416131099,275 days 07:00:00,96,0.0,48,37.5,28.20419103313841,-22.458836443468712,9.65284849459705,-7.018437919213623,6 days 01:13:20,3 days 12:26:00,0.7580404290364031,-0.9424103743113625,-0.27396642245107933,-0.5664716564587622,0.9859011399605893,-0.40986783895272866,long
3060,"{'window_k': 177, 'window_d': 237, 'window_ma': 72}","open_time
2022-01-01 00:00:00    100.000000
2022-01-01 01:00:00    100.000000
2022-01-01 02:00:00    100.000000
2022-01-01 03:00:00    100.000000
2022-01-01 04:00:00    100.000000
                          ...    
2023-05-01 19:00:00     53.105081
2023-05-01 20:00:00     53.105081
2023-05-01 21:00:00     53.105081
2023-05-01 22:00:00     53.105081
2023-05-01 23:00:00     53.105081
Freq: H, Length: 11664, dtype: float64",2022-01-01,2023-05-01 23:00:00,486 days,100.0,38.98148919915506,117.35776409500495,53.10508112373066,-46.89491887626934,-70.17976286600607,27.52914951989026,100.0,66.78405600195461,424 days 03:00:00,36,0.0,18,33.33333333333333,28.645543820641077,-19.446962828649138,10.02392886857464,-9.196054953316152,6 days 18:50:00,7 days 18:10:00,0.40186722998437613,-2.6052732709038517,-0.7150319339075104,-0.5664774141948494,0.9592075849701501,-0.9896106198391011,long
3800,"{'window_k': 222, 'window_d': 207, 'window_ma': 132}","open_time
2022-01-01 00:00:00    100.000000
2022-01-01 01:00:00    100.000000
2022-01-01 02:00:00    100.000000
2022-01-01 03:00:00    100.000000
2022-01-01 04:00:00    100.000000
                          ...    
2023-05-01 19:00:00     60.492265
2023-05-01 20:00:00     60.492265
2023-05-01 21:00:00     60.492265
2023-05-01 22:00:00     60.492265
2023-05-01 23:00:00     60.492265
Freq: H, Length: 11664, dtype: float64",2022-01-01,2023-05-01 23:00:00,486 days,100.0,52.8753603254731,118.80459770114943,60.49226502512845,-39.50773497487155,-70.17976286600607,30.25548696844993,100.0,55.49384337929413,451 days 16:00:00,38,0.0,19,31.57894736842105,39.53488372093024,-23.347677369524433,15.20478036362036,-9.370272533258607,10 days 07:20:00,6 days 13:18:27.692307692,0.5914417114306644,-2.0793544723616613,-0.45820383067798454,-0.5666076862447111,0.974289847077241,-0.6396497650137368,long
936,"{'window_k': 57, 'window_d': 162, 'window_ma': 132}","open_time
2022-01-01 00:00:00    100.000000
2022-01-01 01:00:00    100.000000
2022-01-01 02:00:00    100.000000
2022-01-01 03:00:00    100.000000
2022-01-01 04:00:00    100.000000
                          ...    
2023-05-01 19:00:00     50.654068
2023-05-01 20:00:00     50.537739
2023-05-01 21:00:00     50.792209
2023-05-01 22:00:00     51.017597
2023-05-01 23:00:00     51.017597
Freq: H, Length: 11664, dtype: float64",2022-01-01,2023-05-01 23:00:00,486 days,100.0,39.81278074066459,132.77925624385514,51.017596982093686,-48.982403017906314,-70.17976286600607,38.57167352537723,100.0,70.0158128107401,391 days 18:00:00,73,0.0,37,33.33333333333333,42.82862845737097,-27.921728202980066,12.571563399414496,-7.88030792964729,7 days 16:15:00,3 days 20:02:30,0.6700168015269128,-1.3684987580120902,-0.5228928441536369,-0.5666736405376892,0.9745839875204229,-0.7224598923264399,long
1441,"{'window_k': 87, 'window_d': 162, 'window_ma': 27}","open_time
2022-01-01 00:00:00    100.000000
2022-01-01 01:00:00    100.000000
2022-01-01 02:00:00    100.000000
2022-01-01 03:00:00    100.000000
2022-01-01 04:00:00    100.000000
                          ...    
2023-05-01 19:00:00     52.575942
2023-05-01 20:00:00     52.455199
2023-05-01 21:00:00     52.719324
2023-05-01 22:00:00     52.953263
2023-05-01 23:00:00     52.953263
Freq: H, Length: 11664, dtype: float64",2022-01-01,2023-05-01 23:00:00,486 days,100.0,42.15127704598106,127.46631585905423,52.95326283250022,-47.04673716749978,-70.17976286600607,24.12551440329218,100.0,66.9314385044361,451 days 16:00:00,65,0.0,33,31.25,28.08139534883721,-19.22087247920531,9.050237226307958,-6.315853325031513,3 days 07:36:00,3 days 16:43:38.181818181,0.5621102250502408,-1.466908975633689,-0.8125550911275544,-0.5672250149258714,0.9503070186899031,-1.106751551464311,long
2015,"{'window_k': 117, 'window_d': 207, 'window_ma': 237}","open_time
2022-01-01 00:00:00    100.000000
2022-01-01 01:00:00    100.000000
2022-01-01 02:00:00    100.000000
2022-01-01 03:00:00    100.000000
2022-01-01 04:00:00    100.000000
                          ...    
2023-05-01 19:00:00     50.169318
2023-05-01 20:00:00     50.054102
2023-05-01 21:00:00     50.306137
2023-05-01 22:00:00     50.529367
2023-05-01 23:00:00     50.529367
Freq: H, Length: 11664, dtype: float64",2022-01-01,2023-05-01 23:00:00,486 days,100.0,35.83262366562293,122.31316560648862,50.52936744990091,-49.47063255009909,-70.17976286600607,38.348765432098766,100.0,70.70419730537819,391 days 18:00:00,47,0.0,24,30.434782608695656,40.763492759982434,-26.48099027409372,14.649560306446235,-9.242743958250319,10 days 21:34:17.142857142,6 days 20:37:30,0.5072215563115262,-2.144009161106552,-0.6192123318590497,-0.5672958095030538,0.9698473429695241,-0.8667692356319329,long
1720,"{'window_k': 102, 'window_d': 177, 'window_ma': 132}","open_time
2022-01-01 00:00:00    100.000000
2022-01-01 01:00:00    100.000000
2022-01-01 02:00:00    100.000000
2022-01-01 03:00:00    100.000000
2022-01-01 04:00:00    100.000000
                          ...    
2023-05-01 19:00:00     47.664964
2023-05-01 20:00:00     47.555500
2023-05-01 21:00:00     47.794953
2023-05-01 22:00:00     48.007041
2023-05-01 23:00:00     48.007041
Freq: H, Length: 11664, dtype: float64",2022-01-01,2023-05-01 23:00:00,486 days,100.0,35.718121359643376,140.96156098675095,48.007040776833236,-51.99295922316677,-70.17976286600607,34.20781893004115,100.0,74.66109121549772,391 days 18:00:00,51,0.0,26,32.0,48.33638583638582,-44.82603056448429,18.297835043721435,-10.478323716054495,9 days 05:52:30,5 days 07:31:45.882352941,0.6079323984907794,-2.0903911612327675,-0.6669928422144015,-0.5674938102417556,0.9646365610565943,-0.9052640389188824,long
3309,"{'window_k': 192, 'window_d': 222, 'window_ma': 207}","open_time
2022-01-01 00:00:00    100.000000
2022-01-01 01:00:00    100.000000
2022-01-01 02:00:00    100.000000
2022-01-01 03:00:00    100.000000
2022-01-01 04:00:00    100.000000
                          ...    
2023-05-01 19:00:00     58.933594
2023-05-01 20:00:00     58.933594
2023-05-01 21:00:00     58.933594
2023-05-01 22:00:00     58.933594
2023-05-01 23:00:00     58.933594
Freq: H, Length: 11664, dtype: float64",2022-01-01,2023-05-01 23:00:00,486 days,100.0,49.81689771842949,117.90711823159602,58.93359407171286,-41.06640592828714,-70.17976286600607,36.36831275720165,100.0,57.74903291200967,451 days 16:00:00,38,0.0,19,31.57894736842105,42.016683740670274,-22.84573583231674,14.46149171640304,-9.280111945754113,12 days 06:19:59.999999999,7 days 22:27:41.538461538,0.5612436124079507,-2.1613897856993227,-0.4311625118819214,-0.5675282142919876,0.9778976001163626,-0.5999938192845016,long
3795,"{'window_k': 222, 'window_d': 207, 'window_ma': 57}","open_time
2022-01-01 00:00:00    100.000000
2022-01-01 01:00:00    100.000000
2022-01-01 02:00:00    100.000000
2022-01-01 03:00:00    100.000000
2022-01-01 04:00:00    100.000000
                          ...    
2023-05-01 19:00:00     53.929711
2023-05-01 20:00:00     53.929711
2023-05-01 21:00:00     53.929711
2023-05-01 22:00:00     53.929711
2023-05-01 23:00:00     53.929711
Freq: H, Length: 11664, dtype: float64",2022-01-01,2023-05-01 23:00:00,486 days,100.0,41.97174459373255,121.17377598808962,53.929710646882725,-46.070289353117275,-70.17976286600607,24.957133058984912,100.0,65.36235315646347,424 days 03:00:00,36,0.0,18,38.88888888888889,26.944444444444436,-23.34767736952443,8.107902372358868,-9.617241423501426,6 days 11:25:42.857142857,6 days 21:43:38.181818181,0.4413609994969853,-2.5594605196176268,-0.7987386300475028,-0.5677279391577815,0.9508637689689226,-1.1045565655383565,long
2010,"{'window_k': 117, 'window_d': 207, 'window_ma': 162}","open_time
2022-01-01 00:00:00    100.000000
2022-01-01 01:00:00    100.000000
2022-01-01 02:00:00    100.000000
2022-01-01 03:00:00    100.000000
2022-01-01 04:00:00    100.000000
                          ...    
2023-05-01 19:00:00     49.286606
2023-05-01 20:00:00     49.173417
2023-05-01 21:00:00     49.421017
2023-05-01 22:00:00     49.640321
2023-05-01 23:00:00     49.640321
Freq: H, Length: 11664, dtype: float64",2022-01-01,2023-05-01 23:00:00,486 days,100.0,34.757491813318275,124.30050404274915,49.640320608156934,-50.35967939184307,-70.17976286600607,36.71124828532236,100.0,72.03752946861377,391 days 18:00:00,47,0.0,24,30.434782608695656,40.76349275998244,-26.480990274093706,15.100702584253664,-9.475805321912814,10 days 19:42:51.428571428,6 days 09:30:00,0.508518314921067,-2.182784561959362,-0.6453786756994069,-0.5678058482162416,0.9679957817705696,-0.8998512485702003,long
2043,"{'window_k': 117, 'window_d': 237, 'window_ma': 177}","open_time
2022-01-01 00:00:00    100.000000
2022-01-01 01:00:00    100.000000
2022-01-01 02:00:00    100.000000
2022-01-01 03:00:00    100.000000
2022-01-01 04:00:00    100.000000
                          ...    
2023-05-01 19:00:00     57.604677
2023-05-01 20:00:00     57.604677
2023-05-01 21:00:00     57.604677
2023-05-01 22:00:00     57.604677
2023-05-01 23:00:00     57.604677
Freq: H, Length: 11664, dtype: float64",2022-01-01,2023-05-01 23:00:00,486 days,100.0,47.865545249784255,118.77425944841674,57.604676683702515,-42.395323316297485,-70.17976286600607,37.19993141289438,100.0,59.70040522915481,451 days 16:00:00,44,0.0,22,27.27272727272727,43.707832208858896,-22.22719141323791,13.563048339209313,-7.424529967410256,10 days 23:19:59.999999999,7 days 04:26:15,0.5242981073216054,-1.9270601507407954,-0.4738443537137467,-0.568101964114021,0.9762792122249458,-0.6627089012802566,long
2978,"{'window_k': 177, 'window_d': 162, 'window_ma': 42}","open_time
2022-01-01 00:00:00    100.000000
2022-01-01 01:00:00    100.000000
2022-01-01 02:00:00    100.000000
2022-01-01 03:00:00    100.000000
2022-01-01 04:00:00    100.000000
                          ...    
2023-05-01 19:00:00     51.938202
2023-05-01 20:00:00     51.818924
2023-05-01 21:00:00     52.079845
2023-05-01 22:00:00     52.310946
2023-05-01 23:00:00     52.310946
Freq: H, Length: 11664, dtype: float64",2022-01-01,2023-05-01 23:00:00,486 days,100.0,40.10765706809424,124.55012853470436,52.31094613436975,-47.68905386563025,-70.17976286600607,25.47153635116598,100.0,67.79798018681392,451 days 16:00:00,49,0.0,25,37.5,33.4605112552461,-26.76644121456324,10.261805634538385,-9.092485067887775,5 days 20:39:59.999999999,4 days 15:20:00,0.5514020913001306,-1.99356693769862,-0.7585550114278796,-0.5683233341969761,0.9544134639885472,-1.0403252720797982,long
2221,"{'window_k': 132, 'window_d': 162, 'window_ma': 207}","open_time
2022-01-01 00:00:00    100.000000
2022-01-01 01:00:00    100.000000
2022-01-01 02:00:00    100.000000
2022-01-01 03:00:00    100.000000
2022-01-01 04:00:00    100.000000
                          ...    
2023-05-01 19:00:00     51.924056
2023-05-01 20:00:00     51.804810
2023-05-01 21:00:00     52.065660
2023-05-01 22:00:00     52.296699
2023-05-01 23:00:00     52.296699
Freq: H, Length: 11664, dtype: float64",2022-01-01,2023-05-01 23:00:00,486 days,100.0,41.24593160927675,127.94894366197184,52.296699031895926,-47.703300968104074,-70.17976286600607,37.43998628257887,100.0,67.76375761393987,451 days 16:00:00,53,0.0,27,30.76923076923077,36.66220835190964,-26.321913380736916,16.779296634890677,-9.57941186836413,10 days 05:52:30,5 days 10:39:59.999999999,0.6541411336228037,-1.8335957515103933,-0.5331519123122439,-0.5687959039656522,0.9730340451294526,-0.73930519455075,long
1966,"{'window_k': 117, 'window_d': 162, 'window_ma': 222}","open_time
2022-01-01 00:00:00    100.000000
2022-01-01 01:00:00    100.000000
2022-01-01 02:00:00    100.000000
2022-01-01 03:00:00    100.000000
2022-01-01 04:00:00    100.000000
                          ...    
2023-05-01 19:00:00     49.090526
2023-05-01 20:00:00     48.977787
2023-05-01 21:00:00     49.224402
2023-05-01 22:00:00     49.442833
2023-05-01 23:00:00     49.442833
Freq: H, Length: 11664, dtype: float64",2022-01-01,2023-05-01 23:00:00,486 days,100.0,38.410818962641144,138.2075319499432,49.44283306855296,-50.55716693144704,-70.17976286600607,36.98559670781893,100.0,72.20786854326218,391 days 18:00:00,53,0.0,27,26.923076923076923,41.1078717201166,-35.7243557209722,18.5025474423998,-8.79664717346059,10 days 22:51:25.714285714,5 days 07:28:25.263157894,0.6202663979535572,-1.921741936506975,-0.5777915988703736,-0.5689129470038085,0.9707648277880846,-0.7942411550253862,long
2050,"{'window_k': 132, 'window_d': 12, 'window_ma': 42}","open_time
2022-01-01 00:00:00    100.000000
2022-01-01 01:00:00    100.000000
2022-01-01 02:00:00    100.000000
2022-01-01 03:00:00    100.000000
2022-01-01 04:00:00    100.000000
                          ...    
2023-05-01 19:00:00     59.470766
2023-05-01 20:00:00     59.334189
2023-05-01 21:00:00     59.632951
2023-05-01 22:00:00     59.897569
2023-05-01 23:00:00     59.897569
Freq: H, Length: 11664, dtype: float64",2022-01-01,2023-05-01 23:00:00,486 days,100.0,44.1386014812512,100.66296838462756,59.89756884267579,-40.10243115732421,-70.17976286600607,40.94650205761317,100.0,56.15209625788098,469 days 22:00:00,465,0.0,233,31.46551724137931,34.161431562916455,-14.13123359580053,4.825538749411475,-2.3561468949565394,1 days 06:24:39.452054794,0 days 16:01:53.207547169,0.8392219254075421,-0.1734072074737114,-0.1763305041696138,-0.5689909922247283,0.9904380844064525,-0.2699647365093992,long
232,"{'window_k': 12, 'window_d': 222, 'window_ma': 132}","open_time
2022-01-01 00:00:00    100.000000
2022-01-01 01:00:00    100.000000
2022-01-01 02:00:00    100.000000
2022-01-01 03:00:00    100.000000
2022-01-01 04:00:00    100.000000
                          ...    
2023-05-01 19:00:00     51.221099
2023-05-01 20:00:00     51.103468
2023-05-01 21:00:00     51.360786
2023-05-01 22:00:00     51.588697
2023-05-01 23:00:00     51.588697
Freq: H, Length: 11664, dtype: float64",2022-01-01,2023-05-01 23:00:00,486 days,100.0,39.723502853015255,127.43962892674416,51.58869710575687,-48.41130289424313,-70.17976286600607,34.876543209876544,100.0,68.82955232406599,391 days 18:00:00,105,0.0,53,25.0,33.32683687390372,-17.67015706806282,11.676557138512246,-4.950252978166641,7 days 22:09:13.846153846,1 days 15:06:09.230769230,0.6639304367724084,-0.931976280923922,-0.6651395985337225,-0.5690821116745609,0.966714724867023,-0.9032194239818132,long
617,"{'window_k': 42, 'window_d': 102, 'window_ma': 147}","open_time
2022-01-01 00:00:00    100.000000
2022-01-01 01:00:00    100.000000
2022-01-01 02:00:00    100.000000
2022-01-01 03:00:00    100.000000
2022-01-01 04:00:00    100.000000
                          ...    
2023-05-01 19:00:00     54.593377
2023-05-01 20:00:00     54.593377
2023-05-01 21:00:00     54.593377
2023-05-01 22:00:00     54.593377
2023-05-01 23:00:00     54.593377
Freq: H, Length: 11664, dtype: float64",2022-01-01,2023-05-01 23:00:00,486 days,100.0,48.72648299590308,136.01358076906953,54.59337710914133,-45.40662289085867,-70.17976286600607,44.05006858710562,100.0,64.17528108561947,275 days 07:00:00,96,0.0,48,37.5,28.204191033138397,-22.45883644346873,9.629384265693353,-7.256206955741722,6 days 00:33:19.999999999,3 days 13:02:04.137931034,0.7584746886321752,-0.9459713102262222,-0.2772346935772355,-0.5691857550977334,0.9857273091913126,-0.41474577107567395,long
4087,"{'window_k': 237, 'window_d': 237, 'window_ma': 117}","open_time
2022-01-01 00:00:00    100.000000
2022-01-01 01:00:00    100.000000
2022-01-01 02:00:00    100.000000
2022-01-01 03:00:00    100.000000
2022-01-01 04:00:00    100.000000
                          ...    
2023-05-01 19:00:00     56.175516
2023-05-01 20:00:00     56.175516
2023-05-01 21:00:00     56.175516
2023-05-01 22:00:00     56.175516
2023-05-01 23:00:00     56.175516
Freq: H, Length: 11664, dtype: float64",2022-01-01,2023-05-01 23:00:00,486 days,100.0,44.88346010182137,117.35378715244485,56.17551643336467,-43.82448356663533,-70.17976286600607,29.226680384087793,100.0,61.753718230229005,451 days 16:00:00,34,0.0,17,35.294117647058826,25.76540022132054,-21.494147349093414,6.32647480469344,-7.826102248721034,9 days 06:20:00,7 days 20:38:10.909090909,0.3096388950202395,-2.5779107980373723,-0.670174569502303,-0.5692142504530621,0.9622551550022123,-0.9276202535344349,long
3045,"{'window_k': 177, 'window_d': 222, 'window_ma': 87}","open_time
2022-01-01 00:00:00    100.000000
2022-01-01 01:00:00    100.000000
2022-01-01 02:00:00    100.000000
2022-01-01 03:00:00    100.000000
2022-01-01 04:00:00    100.000000
                          ...    
2023-05-01 19:00:00     54.569476
2023-05-01 20:00:00     54.569476
2023-05-01 21:00:00     54.569476
2023-05-01 22:00:00     54.569476
2023-05-01 23:00:00     54.569476
Freq: H, Length: 11664, dtype: float64",2022-01-01,2023-05-01 23:00:00,486 days,100.0,45.64546378731885,127.49549945658624,54.56947649064109,-45.43052350935891,-70.17976286600607,30.058299039780522,100.0,64.19837250579837,424 days 03:00:00,36,0.0,18,27.77777777777778,26.298403376766395,-22.65790353124653,16.973170177042622,-9.869081375431401,12 days 03:12:00,6 days 13:41:32.307692307,0.5468488128702812,-2.5239179727421623,-0.6805912863181438,-0.5693061202508465,0.9623419286455956,-0.9359911043406528,long
2187,"{'window_k': 132, 'window_d': 132, 'window_ma': 177}","open_time
2022-01-01 00:00:00    100.000000
2022-01-01 01:00:00    100.000000
2022-01-01 02:00:00    100.000000
2022-01-01 03:00:00    100.000000
2022-01-01 04:00:00    100.000000
                          ...    
2023-05-01 19:00:00     53.100974
2023-05-01 20:00:00     52.979026
2023-05-01 21:00:00     53.245788
2023-05-01 22:00:00     53.482063
2023-05-01 23:00:00     53.482063
Freq: H, Length: 11664, dtype: float64",2022-01-01,2023-05-01 23:00:00,486 days,100.0,43.9269280875147,128.65678247399867,53.48206331105233,-46.51793668894767,-70.17976286600607,39.25754458161865,100.0,65.85727760105281,451 days 16:00:00,63,0.0,32,32.25806451612903,32.676677228268375,-17.43063525281847,10.788581549807521,-7.2597001668861445,7 days 04:06:00,5 days 12:34:17.142857142,0.6049989601227465,-1.509429707693958,-0.49433433781279984,-0.569420850677229,0.9761918250198662,-0.6832503145231601,long
2493,"{'window_k': 147, 'window_d': 177, 'window_ma': 207}","open_time
2022-01-01 00:00:00    100.000000
2022-01-01 01:00:00    100.000000
2022-01-01 02:00:00    100.000000
2022-01-01 03:00:00    100.000000
2022-01-01 04:00:00    100.000000
                          ...    
2023-05-01 19:00:00     51.973656
2023-05-01 20:00:00     51.854296
2023-05-01 21:00:00     52.115395
2023-05-01 22:00:00     52.346655
2023-05-01 23:00:00     52.346655
Freq: H, Length: 11664, dtype: float64",2022-01-01,2023-05-01 23:00:00,486 days,100.0,40.275536708362054,124.23076923076923,52.34665475006912,-47.65334524993088,-70.17976286600607,36.73696844993141,100.0,67.58006333073024,451 days 16:00:00,51,0.0,26,28.000000000000004,42.028350138828,-21.691096040253786,14.231365912067767,-7.903668012232942,9 days 08:34:17.142857142,6 days 05:06:40,0.5373285519428357,-1.91687617608532,-0.5884339277739578,-0.5696896654339755,0.9705698459734837,-0.8214770420250608,long
1964,"{'window_k': 117, 'window_d': 162, 'window_ma': 192}","open_time
2022-01-01 00:00:00    100.000000
2022-01-01 01:00:00    100.000000
2022-01-01 02:00:00    100.000000
2022-01-01 03:00:00    100.000000
2022-01-01 04:00:00    100.000000
                          ...    
2023-05-01 19:00:00     49.051317
2023-05-01 20:00:00     48.938669
2023-05-01 21:00:00     49.185087
2023-05-01 22:00:00     49.403343
2023-05-01 23:00:00     49.403343
Freq: H, Length: 11664, dtype: float64",2022-01-01,2023-05-01 23:00:00,486 days,100.0,38.3801405521313,137.8764629044498,49.4033434775832,-50.59665652241681,-70.17976286600607,38.50308641975309,100.0,72.16338471147954,391 days 18:00:00,53,0.0,27,26.923076923076923,41.10787172011662,-35.7243557209722,19.157075313778634,-8.980842226765292,10 days 19:34:17.142857142,5 days 18:00:00,0.6301259136361914,-1.9232789487381292,-0.5743698078597775,-0.569753450240174,0.9713132886816227,-0.7900536926901044,long
1569,"{'window_k': 102, 'window_d': 42, 'window_ma': 27}","open_time
2022-01-01 00:00:00    100.000000
2022-01-01 01:00:00    100.000000
2022-01-01 02:00:00    100.000000
2022-01-01 03:00:00    100.000000
2022-01-01 04:00:00    100.000000
                          ...    
2023-05-01 19:00:00     61.490297
2023-05-01 20:00:00     61.490297
2023-05-01 21:00:00     61.490297
2023-05-01 22:00:00     61.490297
2023-05-01 23:00:00     61.490297
Freq: H, Length: 11664, dtype: float64",2022-01-01,2023-05-01 23:00:00,486 days,100.0,57.80024718617938,124.76910213313708,61.49029744002141,-38.50970255997859,-70.17976286600607,29.45816186556927,100.0,53.67423007941293,418 days 04:00:00,130,0.0,65,32.30769230769231,20.377578824445326,-14.864040970613331,6.048696478523966,-3.7048114827963814,3 days 07:51:25.714285714,1 days 15:58:38.181818181,0.7273512848679836,-0.5924569624612079,-0.4584540880855025,-0.5700220352797194,0.9740330126179071,-0.6428000207608073,long
2505,"{'window_k': 147, 'window_d': 192, 'window_ma': 147}","open_time
2022-01-01 00:00:00    100.000000
2022-01-01 01:00:00    100.000000
2022-01-01 02:00:00    100.000000
2022-01-01 03:00:00    100.000000
2022-01-01 04:00:00    100.000000
                          ...    
2023-05-01 19:00:00     50.578609
2023-05-01 20:00:00     50.462453
2023-05-01 21:00:00     50.716544
2023-05-01 22:00:00     50.941596
2023-05-01 23:00:00     50.941596
Freq: H, Length: 11664, dtype: float64",2022-01-01,2023-05-01 23:00:00,486 days,100.0,39.322970061287535,129.87676662516324,50.94159588655094,-49.05840411344906,-70.17976286600607,33.641975308641975,100.0,69.72286030589491,391 days 18:00:00,47,0.0,24,30.434782608695656,31.587027441949722,-24.757815940114483,10.786713572371447,-7.997629672597386,9 days 08:17:08.571428571,6 days 02:22:30,0.4996849048632446,-2.143390240647423,-0.7086552271023804,-0.5700227855290126,0.9634902726365739,-0.9854094076812951,long
2044,"{'window_k': 117, 'window_d': 237, 'window_ma': 192}","open_time
2022-01-01 00:00:00    100.000000
2022-01-01 01:00:00    100.000000
2022-01-01 02:00:00    100.000000
2022-01-01 03:00:00    100.000000
2022-01-01 04:00:00    100.000000
                          ...    
2023-05-01 19:00:00     56.502885
2023-05-01 20:00:00     56.502885
2023-05-01 21:00:00     56.502885
2023-05-01 22:00:00     56.502885
2023-05-01 23:00:00     56.502885
Freq: H, Length: 11664, dtype: float64",2022-01-01,2023-05-01 23:00:00,486 days,100.0,46.17271322548444,118.77425944841674,56.502884866756844,-43.497115133243156,-70.17976286600607,37.294238683127574,100.0,61.12565682168105,451 days 16:00:00,44,0.0,22,31.818181818181817,43.70783220885889,-22.227191413237918,13.49048735006588,-8.741966031510959,10 days 15:08:34.285714285,7 days 02:56:00,0.5568745132465619,-1.9771415969655983,-0.4966577230502531,-0.5704229574541564,0.9752337427654031,-0.6938065224456036,long
937,"{'window_k': 57, 'window_d': 162, 'window_ma': 147}","open_time
2022-01-01 00:00:00    100.000000
2022-01-01 01:00:00    100.000000
2022-01-01 02:00:00    100.000000
2022-01-01 03:00:00    100.000000
2022-01-01 04:00:00    100.000000
                          ...    
2023-05-01 19:00:00     48.284725
2023-05-01 20:00:00     48.173837
2023-05-01 21:00:00     48.416404
2023-05-01 22:00:00     48.631249
2023-05-01 23:00:00     48.631249
Freq: H, Length: 11664, dtype: float64",2022-01-01,2023-05-01 23:00:00,486 days,100.0,38.231964363970384,143.14529149906224,48.631249146075945,-51.36875085392405,-70.17976286600607,39.120370370370374,100.0,73.2914970771352,391 days 18:00:00,73,0.0,37,30.555555555555557,40.06273167949814,-27.921728202980066,13.687543557002508,-7.748594751575117,8 days 02:32:43.636363636,3 days 21:45:36,0.6658561169147684,-1.434417776901661,-0.5696128385190461,-0.5704323604118391,0.9725971569430546,-0.7867516250616933,long
3781,"{'window_k': 222, 'window_d': 192, 'window_ma': 87}","open_time
2022-01-01 00:00:00    100.000000
2022-01-01 01:00:00    100.000000
2022-01-01 02:00:00    100.000000
2022-01-01 03:00:00    100.000000
2022-01-01 04:00:00    100.000000
                          ...    
2023-05-01 19:00:00     54.175861
2023-05-01 20:00:00     54.175861
2023-05-01 21:00:00     54.175861
2023-05-01 22:00:00     54.175861
2023-05-01 23:00:00     54.175861
Freq: H, Length: 11664, dtype: float64",2022-01-01,2023-05-01 23:00:00,486 days,100.0,43.76967520065864,123.78050229035941,54.17586139522848,-45.82413860477152,-70.17976286600607,31.567215363511657,100.0,64.63928131590106,424 days 03:00:00,38,0.0,19,26.31578947368421,28.707686553207406,-23.19213144070638,16.788993927429747,-9.139404890897351,12 days 04:48:00,6 days 14:25:42.857142857,0.5262972470466609,-2.411796768672185,-0.6504934567676045,-0.5707453338294411,0.9647417173888035,-0.8945643214742924,long
737,"{'window_k': 42, 'window_d': 222, 'window_ma': 27}","open_time
2022-01-01 00:00:00    100.000000
2022-01-01 01:00:00    100.000000
2022-01-01 02:00:00    100.000000
2022-01-01 03:00:00    100.000000
2022-01-01 04:00:00    100.000000
                          ...    
2023-05-01 19:00:00     48.584497
2023-05-01 20:00:00     48.472920
2023-05-01 21:00:00     48.716993
2023-05-01 22:00:00     48.933172
2023-05-01 23:00:00     48.933172
Freq: H, Length: 11664, dtype: float64",2022-01-01,2023-05-01 23:00:00,486 days,100.0,36.61609260822129,134.15566941496863,48.93317246286009,-51.0668275371399,-70.17976286600607,21.167695473251026,100.0,72.70626521570188,430 days 01:00:00,57,0.0,29,42.857142857142854,19.958275382475655,-42.60418428917838,5.767993733892875,-7.482375177289378,3 days 22:40:00,3 days 08:33:45,0.470763589720718,-1.8258077027617292,-0.9389822239330188,-0.5712948934871355,0.9387769415864319,-1.2359955824930848,long
2763,"{'window_k': 162, 'window_d': 192, 'window_ma': 177}","open_time
2022-01-01 00:00:00    100.000000
2022-01-01 01:00:00    100.000000
2022-01-01 02:00:00    100.000000
2022-01-01 03:00:00    100.000000
2022-01-01 04:00:00    100.000000
                          ...    
2023-05-01 19:00:00     55.941190
2023-05-01 20:00:00     55.812719
2023-05-01 21:00:00     56.093750
2023-05-01 22:00:00     56.342663
2023-05-01 23:00:00     56.342663
Freq: H, Length: 11664, dtype: float64",2022-01-01,2023-05-01 23:00:00,486 days,100.0,46.726742058525325,120.59738643434972,56.342662540602745,-43.657337459397255,-70.17976286600607,33.95919067215363,100.0,61.25393473268823,451 days 16:00:00,43,0.0,22,28.57142857142857,39.28728552573691,-24.14402474044622,13.953017719775987,-8.202151508241155,10 days 20:40:00,6 days 15:16:00,0.5336632631814288,-2.0705090248627287,-0.5280940985039133,-0.5714936817898109,0.9723877726126823,-0.7338185009905338,long
1534,"{'window_k': 87, 'window_d': 237, 'window_ma': 222}","open_time
2022-01-01 00:00:00    100.000000
2022-01-01 01:00:00    100.000000
2022-01-01 02:00:00    100.000000
2022-01-01 03:00:00    100.000000
2022-01-01 04:00:00    100.000000
                          ...    
2023-05-01 19:00:00     50.754197
2023-05-01 20:00:00     50.754197
2023-05-01 21:00:00     50.754197
2023-05-01 22:00:00     50.754197
2023-05-01 23:00:00     50.754197
Freq: H, Length: 11664, dtype: float64",2022-01-01,2023-05-01 23:00:00,486 days,100.0,31.90555921256553,105.71495218101236,50.75419705070783,-49.24580294929217,-70.17976286600607,36.462620027434845,100.0,69.81925588167068,469 days 22:00:00,50,0.0,25,32.0,41.10275689223059,-18.628411476557034,12.891029366850315,-8.835493501503404,9 days 23:15:00,5 days 17:35:17.647058823,0.47224216362931914,-1.9698321179716876,-0.668800261023364,-0.5716212783629372,0.9669678319287204,-0.9300744663910034,long
1524,"{'window_k': 87, 'window_d': 237, 'window_ma': 72}","open_time
2022-01-01 00:00:00    100.000000
2022-01-01 01:00:00    100.000000
2022-01-01 02:00:00    100.000000
2022-01-01 03:00:00    100.000000
2022-01-01 04:00:00    100.000000
                          ...    
2023-05-01 19:00:00     50.563174
2023-05-01 20:00:00     50.563174
2023-05-01 21:00:00     50.563174
2023-05-01 22:00:00     50.563174
2023-05-01 23:00:00     50.563174
Freq: H, Length: 11664, dtype: float64",2022-01-01,2023-05-01 23:00:00,486 days,100.0,31.599772435206162,105.71495218101236,50.563174403628175,-49.436825596371825,-70.17976286600607,29.5181755829904,100.0,70.10851182044819,469 days 22:00:00,50,0.0,25,36.0,28.05237919586866,-18.628411476557034,7.95120667472046,-7.948920223603478,5 days 12:33:19.999999999,5 days 20:37:30,0.4144470905390729,-1.9774730238548723,-0.8095441313076167,-0.571686702254004,0.9558345530313893,-1.1110672721103723,long
3671,"{'window_k': 222, 'window_d': 87, 'window_ma': 117}","open_time
2022-01-01 00:00:00    100.000000
2022-01-01 01:00:00    100.000000
2022-01-01 02:00:00    100.000000
2022-01-01 03:00:00    100.000000
2022-01-01 04:00:00    100.000000
                          ...    
2023-05-01 19:00:00     51.293623
2023-05-01 20:00:00     51.175825
2023-05-01 21:00:00     51.433508
2023-05-01 22:00:00     51.661742
2023-05-01 23:00:00     51.661742
Freq: H, Length: 11664, dtype: float64",2022-01-01,2023-05-01 23:00:00,486 days,100.0,39.29220314002986,124.2976117905278,51.66174159140192,-48.33825840859808,-70.17976286600607,36.651234567901234,100.0,68.38860974557828,309 days 12:00:00,67,0.0,34,30.303030303030305,30.365599545368454,-21.523959151610384,13.825989763790869,-7.904854237812627,8 days 07:36:00,3 days 23:28:41.739130434,0.6578240060405948,-1.4817514677086345,-0.3860182312019878,-0.5718056357123016,0.9779072299724346,-0.586686287403585,long
2679,"{'window_k': 162, 'window_d': 117, 'window_ma': 117}","open_time
2022-01-01 00:00:00    100.000000
2022-01-01 01:00:00    100.000000
2022-01-01 02:00:00    100.000000
2022-01-01 03:00:00    100.000000
2022-01-01 04:00:00    100.000000
                          ...    
2023-05-01 19:00:00     52.311413
2023-05-01 20:00:00     52.191278
2023-05-01 21:00:00     52.454074
2023-05-01 22:00:00     52.686836
2023-05-01 23:00:00     52.686836
Freq: H, Length: 11664, dtype: float64",2022-01-01,2023-05-01 23:00:00,486 days,100.0,43.45287989216276,130.65168539325842,52.68683611044379,-47.31316388955621,-70.17976286600607,37.37139917695473,100.0,66.74143179908421,451 days 16:00:00,65,0.0,33,34.375,37.92476576702558,-25.816993464052295,11.292101958462865,-7.822273458818625,7 days 00:00:00,4 days 19:42:51.428571428,0.6568925062802383,-1.4919108088896218,-0.4583864860688769,-0.5723542759207687,0.9759608242825867,-0.6452200128247997,long
3009,"{'window_k': 177, 'window_d': 192, 'window_ma': 27}","open_time
2022-01-01 00:00:00    100.000000
2022-01-01 01:00:00    100.000000
2022-01-01 02:00:00    100.000000
2022-01-01 03:00:00    100.000000
2022-01-01 04:00:00    100.000000
                          ...    
2023-05-01 19:00:00     61.274986
2023-05-01 20:00:00     61.274986
2023-05-01 21:00:00     61.274986
2023-05-01 22:00:00     61.546890
2023-05-01 23:00:00     61.546890
Freq: H, Length: 11664, dtype: float64",2022-01-01,2023-05-01 23:00:00,486 days,100.0,56.23942951629006,120.60989523908307,61.54689020495067,-38.45310979504933,-70.17976286600607,19.830246913580247,100.0,53.37079979647811,451 days 16:00:00,43,0.0,22,33.33333333333333,17.18453959833272,-12.461341178245465,6.457744071266593,-6.238760495961651,4 days 03:42:51.428571428,4 days 19:08:34.285714285,0.4925856837831375,-1.8440482978631128,-0.7654311204312452,-0.5723640322872379,0.948846641174113,-1.0659044752863642,long
3054,"{'window_k': 177, 'window_d': 222, 'window_ma': 222}","open_time
2022-01-01 00:00:00    100.000000
2022-01-01 01:00:00    100.000000
2022-01-01 02:00:00    100.000000
2022-01-01 03:00:00    100.000000
2022-01-01 04:00:00    100.000000
                          ...    
2023-05-01 19:00:00     56.077067
2023-05-01 20:00:00     56.077067
2023-05-01 21:00:00     56.077067
2023-05-01 22:00:00     56.077067
2023-05-01 23:00:00     56.077067
Freq: H, Length: 11664, dtype: float64",2022-01-01,2023-05-01 23:00:00,486 days,100.0,46.987042736736576,122.22956156372138,56.07706718098728,-43.92293281901272,-70.17976286600607,32.810356652949245,100.0,61.55836433051341,424 days 03:00:00,38,0.0,19,42.10526315789473,42.607802874743335,-22.65790353124652,10.483565784674349,-11.146849730028114,10 days 17:52:30,6 days 16:21:49.090909091,0.5221270045767487,-2.3117333062638283,-0.5320510018401671,-0.5724074963875985,0.9718235340863218,-0.7374360342820788,long
3020,"{'window_k': 177, 'window_d': 192, 'window_ma': 192}","open_time
2022-01-01 00:00:00    100.000000
2022-01-01 01:00:00    100.000000
2022-01-01 02:00:00    100.000000
2022-01-01 03:00:00    100.000000
2022-01-01 04:00:00    100.000000
                          ...    
2023-05-01 19:00:00     57.886207
2023-05-01 20:00:00     57.886207
2023-05-01 21:00:00     57.886207
2023-05-01 22:00:00     58.143074
2023-05-01 23:00:00     58.143074
Freq: H, Length: 11664, dtype: float64",2022-01-01,2023-05-01 23:00:00,486 days,100.0,50.12358570626761,120.60989523908307,58.143074122474985,-41.856925877525015,-70.17976286600607,34.4221536351166,100.0,58.441564345190386,451 days 16:00:00,43,0.0,22,38.095238095238095,37.46520146520147,-24.325817860300607,10.770948342892115,-9.48069692430013,10 days 02:22:30,6 days 15:27:41.538461538,0.5725223711864565,-2.0054187054594625,-0.473216766437423,-0.572410798508365,0.9752748470571416,-0.6595804704502113,long
2713,"{'window_k': 162, 'window_d': 147, 'window_ma': 147}","open_time
2022-01-01 00:00:00    100.000000
2022-01-01 01:00:00    100.000000
2022-01-01 02:00:00    100.000000
2022-01-01 03:00:00    100.000000
2022-01-01 04:00:00    100.000000
                          ...    
2023-05-01 19:00:00     49.968728
2023-05-01 20:00:00     49.853973
2023-05-01 21:00:00     50.105000
2023-05-01 22:00:00     50.327339
2023-05-01 23:00:00     50.327339
Freq: H, Length: 11664, dtype: float64",2022-01-01,2023-05-01 23:00:00,486 days,100.0,39.289324262496535,132.49435700500052,50.32733856228775,-49.67266143771225,-70.17976286600607,37.21707818930041,100.0,70.34641689606924,391 days 18:00:00,55,0.0,28,25.925925925925924,31.727669258486646,-14.2200180342651,14.292327379370615,-7.508444745337608,9 days 10:00:00,5 days 15:18:00,0.5842652454067137,-1.8139614030892424,-0.6200826739288464,-0.572738787639952,0.9693759729874915,-0.8635002287412304,long
2444,"{'window_k': 147, 'window_d': 132, 'window_ma': 192}","open_time
2022-01-01 00:00:00    100.000000
2022-01-01 01:00:00    100.000000
2022-01-01 02:00:00    100.000000
2022-01-01 03:00:00    100.000000
2022-01-01 04:00:00    100.000000
                          ...    
2023-05-01 19:00:00     55.145544
2023-05-01 20:00:00     55.018900
2023-05-01 21:00:00     55.295934
2023-05-01 22:00:00     55.541306
2023-05-01 23:00:00     55.541306
Freq: H, Length: 11664, dtype: float64",2022-01-01,2023-05-01 23:00:00,486 days,100.0,47.91079448347395,127.14449729375102,55.54130635379427,-44.45869364620573,-70.17976286600607,40.586419753086425,100.0,62.31783875570941,451 days 16:00:00,63,0.0,32,32.25806451612903,34.91954339155549,-13.416733616435211,11.891174869011552,-7.481249589318289,8 days 06:00:00,5 days 07:48:34.285714285,0.6419080905882453,-1.4305767790962625,-0.4318112620546346,-0.572897342529987,0.9794504227522122,-0.5984956057490324,long
3307,"{'window_k': 192, 'window_d': 222, 'window_ma': 177}","open_time
2022-01-01 00:00:00    100.000000
2022-01-01 01:00:00    100.000000
2022-01-01 02:00:00    100.000000
2022-01-01 03:00:00    100.000000
2022-01-01 04:00:00    100.000000
                          ...    
2023-05-01 19:00:00     59.113643
2023-05-01 20:00:00     59.113643
2023-05-01 21:00:00     59.113643
2023-05-01 22:00:00     59.113643
2023-05-01 23:00:00     59.113643
Freq: H, Length: 11664, dtype: float64",2022-01-01,2023-05-01 23:00:00,486 days,100.0,52.038433217368386,120.83066447440817,59.113643012462724,-40.886356987537276,-70.17976286600607,36.342592592592595,100.0,56.932759209985086,349 days 17:00:00,38,0.0,19,26.31578947368421,42.01668374067029,-22.84573583231674,17.125277345838676,-8.503058178709678,12 days 13:48:00,8 days 03:00:00,0.5722442618702065,-2.1519135256598565,-0.43937772103457357,-0.5729568764933518,0.9774263230096487,-0.6117517702480486,long
1525,"{'window_k': 87, 'window_d': 237, 'window_ma': 87}","open_time
2022-01-01 00:00:00    100.00
2022-01-01 01:00:00    100.00
2022-01-01 02:00:00    100.00
2022-01-01 03:00:00    100.00
2022-01-01 04:00:00    100.00
                        ...  
2023-05-01 19:00:00     52.25
2023-05-01 20:00:00     52.25
2023-05-01 21:00:00     52.25
2023-05-01 22:00:00     52.25
2023-05-01 23:00:00     52.25
Freq: H, Length: 11664, dtype: float64",2022-01-01,2023-05-01 23:00:00,486 days,100.0,34.53472874651217,105.71495218101236,52.249999871371635,-47.750000128628365,-70.17976286600607,34.344993141289436,100.0,67.33221929913996,469 days 22:00:00,50,0.0,25,32.0,26.92733308742162,-18.628411476557034,11.865378699298756,-8.429130168882393,9 days 02:30:00,5 days 12:49:24.705882352,0.4846551839791305,-1.9100000051451353,-0.7187750153846455,-0.5730535538257774,0.9635792862466953,-0.9912814080077673,long
1449,"{'window_k': 87, 'window_d': 162, 'window_ma': 147}","open_time
2022-01-01 00:00:00    100.000000
2022-01-01 01:00:00    100.000000
2022-01-01 02:00:00    100.000000
2022-01-01 03:00:00    100.000000
2022-01-01 04:00:00    100.000000
                          ...    
2023-05-01 19:00:00     48.022325
2023-05-01 20:00:00     47.912040
2023-05-01 21:00:00     48.153289
2023-05-01 22:00:00     48.366967
2023-05-01 23:00:00     48.366967
Freq: H, Length: 11664, dtype: float64",2022-01-01,2023-05-01 23:00:00,486 days,100.0,36.003179581488446,135.18410139322492,48.36696652319128,-51.63303347680872,-70.17976286600607,39.48045267489712,100.0,73.36729747771004,451 days 16:00:00,65,0.0,33,31.25,39.244024458032236,-20.13651877133106,13.905328916184423,-8.389151098272556,8 days 19:30:00,4 days 14:10:54.545454545,0.6448259741993939,-1.6105166843711807,-0.6107856640089567,-0.5730824219159256,0.9705123196866972,-0.8400669022547402,long
3786,"{'window_k': 222, 'window_d': 192, 'window_ma': 162}","open_time
2022-01-01 00:00:00    100.000000
2022-01-01 01:00:00    100.000000
2022-01-01 02:00:00    100.000000
2022-01-01 03:00:00    100.000000
2022-01-01 04:00:00    100.000000
                          ...    
2023-05-01 19:00:00     56.085012
2023-05-01 20:00:00     56.085012
2023-05-01 21:00:00     56.085012
2023-05-01 22:00:00     56.085012
2023-05-01 23:00:00     56.085012
Freq: H, Length: 11664, dtype: float64",2022-01-01,2023-05-01 23:00:00,486 days,100.0,48.35934308040141,125.51177674226581,56.085012219413464,-43.914987780586536,-70.17976286600607,30.015432098765434,100.0,61.47027447495569,424 days 03:00:00,38,0.0,19,31.57894736842105,38.82805563776265,-23.192131440706383,12.89137743984382,-9.037807139823375,9 days 15:40:00,6 days 18:23:04.615384615,0.5126264286879343,-2.3113151463466592,-0.5469559851758976,-0.5731156788136864,0.9696266713894962,-0.7616662275256217,long
386,"{'window_k': 27, 'window_d': 132, 'window_ma': 42}","open_time
2022-01-01 00:00:00    100.000000
2022-01-01 01:00:00    100.000000
2022-01-01 02:00:00    100.000000
2022-01-01 03:00:00    100.000000
2022-01-01 04:00:00    100.000000
                          ...    
2023-05-01 19:00:00     59.974918
2023-05-01 20:00:00     59.974918
2023-05-01 21:00:00     59.974918
2023-05-01 22:00:00     59.974918
2023-05-01 23:00:00     59.974918
Freq: H, Length: 11664, dtype: float64",2022-01-01,2023-05-01 23:00:00,486 days,100.0,53.26094657770934,119.99899469653532,59.97491750453014,-40.02508249546986,-70.17976286600607,27.580589849108367,100.0,55.61550601952908,430 days 01:00:00,96,0.0,48,43.75,18.009825441622233,-18.30626450116009,4.216986163272239,-4.818114786766162,3 days 18:34:17.142857142,2 days 00:42:13.333333333,0.6302502288080175,-0.8338558853222882,-0.5842331746070254,-0.5732942529470283,0.9665408714715951,-0.798313235263189,long
878,"{'window_k': 57, 'window_d': 102, 'window_ma': 222}","open_time
2022-01-01 00:00:00    100.000000
2022-01-01 01:00:00    100.000000
2022-01-01 02:00:00    100.000000
2022-01-01 03:00:00    100.000000
2022-01-01 04:00:00    100.000000
                          ...    
2023-05-01 19:00:00     54.074743
2023-05-01 20:00:00     53.950558
2023-05-01 21:00:00     54.222212
2023-05-01 22:00:00     54.462820
2023-05-01 23:00:00     54.462820
Freq: H, Length: 11664, dtype: float64",2022-01-01,2023-05-01 23:00:00,486 days,100.0,50.21506462105248,139.12333868044672,54.462820214442644,-45.537179785557356,-70.17976286600607,43.252743484224965,100.0,63.90608139703161,397 days 07:00:00,93,0.0,47,41.30434782608695,34.782057780030414,-20.879243183082917,8.901490035023363,-7.52030842373958,6 days 02:03:09.473684210,3 days 07:11:06.666666666,0.7686169625201087,-0.9641230894611428,-0.28911068697685105,-0.5733677919020486,0.9849800549540025,-0.4298181491466875,long
3317,"{'window_k': 192, 'window_d': 237, 'window_ma': 87}","open_time
2022-01-01 00:00:00    100.000000
2022-01-01 01:00:00    100.000000
2022-01-01 02:00:00    100.000000
2022-01-01 03:00:00    100.000000
2022-01-01 04:00:00    100.000000
                          ...    
2023-05-01 19:00:00     58.742044
2023-05-01 20:00:00     58.742044
2023-05-01 21:00:00     58.742044
2023-05-01 22:00:00     58.742044
2023-05-01 23:00:00     58.742044
Freq: H, Length: 11664, dtype: float64",2022-01-01,2023-05-01 23:00:00,486 days,100.0,50.87275145401142,119.52107132499364,58.74204415487479,-41.25795584512521,-70.17976286600607,32.88751714677641,100.0,57.436165112943414,424 days 03:00:00,34,0.0,17,29.411764705882355,26.927333087421605,-21.93644120192903,14.308192314344147,-9.17021514519324,11 days 21:23:59.999999999,8 days 08:45:00,0.5160717270359925,-2.426938579125012,-0.5336890361467583,-0.573477931210411,0.9715688758033773,-0.737064249493506,long
1501,"{'window_k': 87, 'window_d': 207, 'window_ma': 207}","open_time
2022-01-01 00:00:00    100.000000
2022-01-01 01:00:00    100.000000
2022-01-01 02:00:00    100.000000
2022-01-01 03:00:00    100.000000
2022-01-01 04:00:00    100.000000
                          ...    
2023-05-01 19:00:00     46.612494
2023-05-01 20:00:00     46.505447
2023-05-01 21:00:00     46.739613
2023-05-01 22:00:00     46.947018
2023-05-01 23:00:00     46.947018
Freq: H, Length: 11664, dtype: float64",2022-01-01,2023-05-01 23:00:00,486 days,100.0,29.83471560302413,122.0274950152167,46.94701764147774,-53.05298235852226,-70.17976286600607,35.1937585733882,100.0,75.55082516501402,451 days 16:00:00,49,0.0,25,33.33333333333333,42.96274393849793,-38.48961761713841,16.931944680450115,-11.035400268712573,10 days 15:15:00,5 days 07:15:00,0.5569206178779966,-2.226430794352494,-0.7232578958325576,-0.5734953939320888,0.9623909340550169,-0.9735766356608648,long
3539,"{'window_k': 207, 'window_d': 207, 'window_ma': 57}","open_time
2022-01-01 00:00:00    100.000000
2022-01-01 01:00:00    100.000000
2022-01-01 02:00:00    100.000000
2022-01-01 03:00:00    100.000000
2022-01-01 04:00:00    100.000000
                          ...    
2023-05-01 19:00:00     52.411939
2023-05-01 20:00:00     52.411939
2023-05-01 21:00:00     52.411939
2023-05-01 22:00:00     52.411939
2023-05-01 23:00:00     52.411939
Freq: H, Length: 11664, dtype: float64",2022-01-01,2023-05-01 23:00:00,486 days,100.0,40.98972915260822,124.3116791591126,52.41193875748711,-47.58806124251289,-70.17976286600607,25.660150891632373,100.0,67.02664670779367,424 days 03:00:00,38,0.0,19,36.84210526315789,27.156371730662215,-23.30650570087189,8.409928681041404,-9.191448335353027,6 days 13:34:17.142857142,6 days 13:30:00,0.44258416975386977,-2.5046348022375193,-0.8416350488842553,-0.5735341179393983,0.9490410050603616,-1.1650610154498486,long
2495,"{'window_k': 147, 'window_d': 177, 'window_ma': 237}","open_time
2022-01-01 00:00:00    100.000000
2022-01-01 01:00:00    100.000000
2022-01-01 02:00:00    100.000000
2022-01-01 03:00:00    100.000000
2022-01-01 04:00:00    100.000000
                          ...    
2023-05-01 19:00:00     51.723706
2023-05-01 20:00:00     51.604921
2023-05-01 21:00:00     51.864764
2023-05-01 22:00:00     52.094911
2023-05-01 23:00:00     52.094911
Freq: H, Length: 11664, dtype: float64",2022-01-01,2023-05-01 23:00:00,486 days,100.0,40.386136013305666,124.23076923076923,52.09491146698946,-47.90508853301054,-70.17976286600607,37.79149519890261,100.0,67.49103602644125,451 days 16:00:00,51,0.0,26,28.000000000000004,42.02835013882802,-21.69109604025379,14.150044627415973,-7.938371726428123,9 days 11:51:25.714285714,6 days 10:39:59.999999999,0.5360964861554313,-1.9268942456830356,-0.5760646043796753,-0.5737343366363584,0.9716483717267789,-0.8060422363149572,long
3142,"{'window_k': 192, 'window_d': 72, 'window_ma': 102}","open_time
2022-01-01 00:00:00    100.000000
2022-01-01 01:00:00    100.000000
2022-01-01 02:00:00    100.000000
2022-01-01 03:00:00    100.000000
2022-01-01 04:00:00    100.000000
                          ...    
2023-05-01 19:00:00     54.359616
2023-05-01 20:00:00     54.234777
2023-05-01 21:00:00     54.507863
2023-05-01 22:00:00     54.749738
2023-05-01 23:00:00     54.749738
Freq: H, Length: 11664, dtype: float64",2022-01-01,2023-05-01 23:00:00,486 days,100.0,48.464563922785096,132.39494699553282,54.74973836560848,-45.25026163439152,-70.17976286600607,33.213305898491086,100.0,63.393947410681506,355 days 14:00:00,75,0.0,38,37.83783783783784,18.821699397238987,-23.168488258846455,7.81377161944096,-6.750086109482904,5 days 19:25:42.857142857,3 days 06:54:46.956521739,0.6450282675501652,-1.2430133422431933,-0.35458652641068183,-0.5740480791621945,0.978658958587757,-0.5395742609234304,long
1233,"{'window_k': 72, 'window_d': 207, 'window_ma': 27}","open_time
2022-01-01 00:00:00    100.000000
2022-01-01 01:00:00    100.000000
2022-01-01 02:00:00    100.000000
2022-01-01 03:00:00    100.000000
2022-01-01 04:00:00    100.000000
                          ...    
2023-05-01 19:00:00     47.788582
2023-05-01 20:00:00     47.678834
2023-05-01 21:00:00     47.918908
2023-05-01 22:00:00     48.131546
2023-05-01 23:00:00     48.131546
Freq: H, Length: 11664, dtype: float64",2022-01-01,2023-05-01 23:00:00,486 days,100.0,32.8865831658236,124.55012853470436,48.131545927426885,-51.86845407257311,-70.17976286600607,17.232510288065843,100.0,73.59570515685164,451 days 16:00:00,51,0.0,26,40.0,20.383461868037713,-38.4896176171384,6.814312694450331,-8.164011055302536,3 days 13:36:00,3 days 02:40:00,0.42733431992742715,-2.077481873658371,-1.106061497516775,-0.574184218347042,0.9212726745542645,-1.441131056303921,long
1754,"{'window_k': 102, 'window_d': 207, 'window_ma': 162}","open_time
2022-01-01 00:00:00    100.000000
2022-01-01 01:00:00    100.000000
2022-01-01 02:00:00    100.000000
2022-01-01 03:00:00    100.000000
2022-01-01 04:00:00    100.000000
                          ...    
2023-05-01 19:00:00     45.611054
2023-05-01 20:00:00     45.506306
2023-05-01 21:00:00     45.735442
2023-05-01 22:00:00     45.938390
2023-05-01 23:00:00     45.938390
Freq: H, Length: 11664, dtype: float64",2022-01-01,2023-05-01 23:00:00,486 days,100.0,30.951892024951455,134.8009723030624,45.93839024256834,-54.06160975743166,-70.17976286600607,35.536694101508914,100.0,77.03882138523099,391 days 18:00:00,49,0.0,25,33.33333333333333,41.83044881196834,-36.75500969618618,15.267242728319886,-10.56894174150372,10 days 15:52:30,5 days 10:03:45,0.5255893425476578,-2.283936811468537,-0.7097286250972608,-0.5743200761700062,0.9634859291433955,-0.9700366734635723,long
1209,"{'window_k': 72, 'window_d': 177, 'window_ma': 147}","open_time
2022-01-01 00:00:00    100.000000
2022-01-01 01:00:00    100.000000
2022-01-01 02:00:00    100.000000
2022-01-01 03:00:00    100.000000
2022-01-01 04:00:00    100.000000
                          ...    
2023-05-01 19:00:00     43.368354
2023-05-01 20:00:00     43.268757
2023-05-01 21:00:00     43.486626
2023-05-01 22:00:00     43.679595
2023-05-01 23:00:00     43.679595
Freq: H, Length: 11664, dtype: float64",2022-01-01,2023-05-01 23:00:00,486 days,100.0,26.55844331272604,137.02737068612035,43.67959540081003,-56.32040459918996,-70.17976286600607,38.20301783264746,100.0,80.61814717764545,391 days 18:00:00,57,0.0,29,32.142857142857146,31.803527403754998,-29.68258311670543,14.030806676482543,-9.536906076680383,9 days 15:06:40,5 days 01:56:50.526315789,0.5685376814471064,-1.9909900257315973,-0.7653989785946493,-0.5745200407798485,0.9628837976718955,-1.051270962797735,long
2014,"{'window_k': 117, 'window_d': 207, 'window_ma': 222}","open_time
2022-01-01 00:00:00    100.000000
2022-01-01 01:00:00    100.000000
2022-01-01 02:00:00    100.000000
2022-01-01 03:00:00    100.000000
2022-01-01 04:00:00    100.000000
                          ...    
2023-05-01 19:00:00     48.286183
2023-05-01 20:00:00     48.175292
2023-05-01 21:00:00     48.417866
2023-05-01 22:00:00     48.632718
2023-05-01 23:00:00     48.632718
Freq: H, Length: 11664, dtype: float64",2022-01-01,2023-05-01 23:00:00,486 days,100.0,33.450579252479216,122.31316560648862,48.63271767251326,-51.36728232748674,-70.17976286600607,37.81721536351166,100.0,72.65169363689114,391 days 18:00:00,47,0.0,24,30.434782608695656,40.76349275998244,-26.480990274093706,15.12351481867433,-9.600222230152688,10 days 18:42:51.428571428,6 days 18:00:00,0.49185567087176824,-2.2267307365539537,-0.6612957337179536,-0.5754376787511435,0.9678584527176309,-0.9195403295575456,long
2439,"{'window_k': 147, 'window_d': 132, 'window_ma': 117}","open_time
2022-01-01 00:00:00    100.000000
2022-01-01 01:00:00    100.000000
2022-01-01 02:00:00    100.000000
2022-01-01 03:00:00    100.000000
2022-01-01 04:00:00    100.000000
                          ...    
2023-05-01 19:00:00     56.117679
2023-05-01 20:00:00     55.988803
2023-05-01 21:00:00     56.270720
2023-05-01 22:00:00     56.520418
2023-05-01 23:00:00     56.520418
Freq: H, Length: 11664, dtype: float64",2022-01-01,2023-05-01 23:00:00,486 days,100.0,50.1397254962966,127.14449729375102,56.52041823739325,-43.47958176260675,-70.17976286600607,36.03395061728395,100.0,60.564769562574774,451 days 16:00:00,63,0.0,32,35.483870967741936,33.13161875945539,-13.41673361643521,9.222733990366093,-7.068970078410835,6 days 18:54:32.727272727,4 days 21:03:00,0.6290508812291221,-1.3989295093155696,-0.47704573092041813,-0.5754549974287949,0.9757690318949263,-0.6599969990980366,long
3004,"{'window_k': 177, 'window_d': 177, 'window_ma': 192}","open_time
2022-01-01 00:00:00    100.000000
2022-01-01 01:00:00    100.000000
2022-01-01 02:00:00    100.000000
2022-01-01 03:00:00    100.000000
2022-01-01 04:00:00    100.000000
                          ...    
2023-05-01 19:00:00     52.729441
2023-05-01 20:00:00     52.608345
2023-05-01 21:00:00     52.873241
2023-05-01 22:00:00     53.107864
2023-05-01 23:00:00     53.107864
Freq: H, Length: 11664, dtype: float64",2022-01-01,2023-05-01 23:00:00,486 days,100.0,41.59667851195402,121.39054181020984,53.1078636355682,-46.8921363644318,-70.17976286600607,38.20301783264746,100.0,65.7331799564837,451 days 16:00:00,47,0.0,24,30.434782608695656,43.4654919236417,-22.652724270776005,15.328552515735328,-9.371619094357786,10 days 07:34:17.142857142,7 days 01:00:00,0.5591893066452561,-2.0904514840356767,-0.5467469915192446,-0.5754964691820945,0.9730703306368435,-0.7660223980229605,long
1505,"{'window_k': 87, 'window_d': 222, 'window_ma': 27}","open_time
2022-01-01 00:00:00    100.000000
2022-01-01 01:00:00    100.000000
2022-01-01 02:00:00    100.000000
2022-01-01 03:00:00    100.000000
2022-01-01 04:00:00    100.000000
                          ...    
2023-05-01 19:00:00     57.079736
2023-05-01 20:00:00     56.948650
2023-05-01 21:00:00     57.235401
2023-05-01 22:00:00     57.489380
2023-05-01 23:00:00     57.489380
Freq: H, Length: 11664, dtype: float64",2022-01-01,2023-05-01 23:00:00,486 days,100.0,43.86796480132123,107.15974652416534,57.48937982596558,-42.51062017403442,-70.17976286600607,20.13888888888889,100.0,59.06301925468939,469 days 22:00:00,47,0.0,24,30.434782608695656,15.088343714249373,-14.524881653388757,9.15802211822844,-6.879879787919772,4 days 15:25:42.857142857,4 days 01:41:15,0.49745960054695915,-1.8628925177616107,-0.8837504533678681,-0.5759150168961226,0.94287219542501,-1.2187159781435828,long
2984,"{'window_k': 177, 'window_d': 162, 'window_ma': 132}","open_time
2022-01-01 00:00:00    100.000000
2022-01-01 01:00:00    100.000000
2022-01-01 02:00:00    100.000000
2022-01-01 03:00:00    100.000000
2022-01-01 04:00:00    100.000000
                          ...    
2023-05-01 19:00:00     49.226995
2023-05-01 20:00:00     49.113943
2023-05-01 21:00:00     49.361244
2023-05-01 22:00:00     49.580282
2023-05-01 23:00:00     49.580282
Freq: H, Length: 11664, dtype: float64",2022-01-01,2023-05-01 23:00:00,486 days,100.0,35.99331427863457,124.55012853470436,49.58028179670574,-50.41971820329426,-70.17976286600607,36.051097393689986,100.0,71.10134312819639,451 days 16:00:00,49,0.0,25,33.33333333333333,37.60834435140296,-26.76644121456325,14.435673138385052,-9.896931455431238,8 days 18:15:00,6 days 11:30:00,0.5417530162529026,-2.1070041123357965,-0.6385574470255386,-0.5760372079709702,0.967305294880977,-0.8825012702430357,long
1967,"{'window_k': 117, 'window_d': 162, 'window_ma': 237}","open_time
2022-01-01 00:00:00    100.000000
2022-01-01 01:00:00    100.000000
2022-01-01 02:00:00    100.000000
2022-01-01 03:00:00    100.000000
2022-01-01 04:00:00    100.000000
                          ...    
2023-05-01 19:00:00     48.193207
2023-05-01 20:00:00     48.082529
2023-05-01 21:00:00     48.324636
2023-05-01 22:00:00     48.539074
2023-05-01 23:00:00     48.539074
Freq: H, Length: 11664, dtype: float64",2022-01-01,2023-05-01 23:00:00,486 days,100.0,37.70871300754182,138.2075319499432,48.539074479906944,-51.460925520093056,-70.17976286600607,38.10871056241427,100.0,72.71587700357793,391 days 18:00:00,53,0.0,27,26.923076923076923,41.1078717201166,-35.7243557209722,18.50254744239979,-8.891619539216043,10 days 22:51:25.714285714,5 days 14:22:06.315789473,0.6147909857163493,-1.9569179910227938,-0.5994013885939791,-0.5760873498045372,0.9699048959767659,-0.8239588521757888,long
3272,"{'window_k': 192, 'window_d': 192, 'window_ma': 132}","open_time
2022-01-01 00:00:00    100.000000
2022-01-01 01:00:00    100.000000
2022-01-01 02:00:00    100.000000
2022-01-01 03:00:00    100.000000
2022-01-01 04:00:00    100.000000
                          ...    
2023-05-01 19:00:00     56.530403
2023-05-01 20:00:00     56.530403
2023-05-01 21:00:00     56.530403
2023-05-01 22:00:00     56.530403
2023-05-01 23:00:00     56.530403
Freq: H, Length: 11664, dtype: float64",2022-01-01,2023-05-01 23:00:00,486 days,100.0,47.49041026953198,120.12396694214875,56.5304029410825,-43.4695970589175,-70.17976286600607,32.30452674897119,100.0,60.46549953482374,451 days 16:00:00,40,0.0,20,35.0,37.96146492131196,-25.164016457244525,14.593970516629165,-10.561345342969407,9 days 23:17:08.571428571,6 days 17:00:00,0.5955150888606611,-2.173479852945876,-0.5441621550450595,-0.5762568134443546,0.9706303367698835,-0.759351105810587,long
2222,"{'window_k': 132, 'window_d': 162, 'window_ma': 222}","open_time
2022-01-01 00:00:00    100.000000
2022-01-01 01:00:00    100.000000
2022-01-01 02:00:00    100.000000
2022-01-01 03:00:00    100.000000
2022-01-01 04:00:00    100.000000
                          ...    
2023-05-01 19:00:00     49.083562
2023-05-01 20:00:00     48.970840
2023-05-01 21:00:00     49.217420
2023-05-01 22:00:00     49.435819
2023-05-01 23:00:00     49.435819
Freq: H, Length: 11664, dtype: float64",2022-01-01,2023-05-01 23:00:00,486 days,100.0,39.37969746626121,137.07381968532513,49.43581945114725,-50.56418054885275,-70.17976286600607,37.38854595336077,100.0,71.27117522757914,391 days 18:00:00,53,0.0,27,30.76923076923077,36.662208351909655,-26.321913380736916,16.094466432243966,-9.594877875984253,10 days 11:00:00,5 days 08:03:19.999999999,0.623934909791242,-1.943692305683423,-0.5849072395832191,-0.5764780552036558,0.9707217994650699,-0.810501544299188,long
798,"{'window_k': 57, 'window_d': 27, 'window_ma': 222}","open_time
2022-01-01 00:00:00    100.000000
2022-01-01 01:00:00    100.000000
2022-01-01 02:00:00    100.000000
2022-01-01 03:00:00    100.000000
2022-01-01 04:00:00    100.000000
                          ...    
2023-05-01 19:00:00     42.872003
2023-05-01 20:00:00     42.872003
2023-05-01 21:00:00     42.872003
2023-05-01 22:00:00     42.872003
2023-05-01 23:00:00     42.872003
Freq: H, Length: 11664, dtype: float64",2022-01-01,2023-05-01 23:00:00,486 days,100.0,18.697275685229375,101.8232648596086,42.87200326291568,-57.12799673708432,-70.17976286600607,40.003429355281206,100.0,81.63752094277402,481 days 09:00:00,232,0.0,116,38.793103448275865,26.307237813884786,-14.919252771730884,5.275510431665719,-4.199063038254161,2 days 02:53:20,1 days 09:27:53.239436619,0.5662661801564199,-0.4924827304921051,-0.5313934266185658,-0.576498444199056,0.9711486340490522,-0.8148346894628253,long
797,"{'window_k': 57, 'window_d': 27, 'window_ma': 207}","open_time
2022-01-01 00:00:00    100.000000
2022-01-01 01:00:00    100.000000
2022-01-01 02:00:00    100.000000
2022-01-01 03:00:00    100.000000
2022-01-01 04:00:00    100.000000
                          ...    
2023-05-01 19:00:00     43.044327
2023-05-01 20:00:00     43.044327
2023-05-01 21:00:00     43.044327
2023-05-01 22:00:00     43.044327
2023-05-01 23:00:00     43.044327
Freq: H, Length: 11664, dtype: float64",2022-01-01,2023-05-01 23:00:00,486 days,100.0,18.981981844506286,101.8232648596086,43.0443267347771,-56.95567326522289,-70.17976286600607,40.003429355281206,100.0,81.35791278085792,481 days 09:00:00,234,0.0,117,38.46153846153847,26.307237813884775,-14.919252771730884,5.275510431665719,-4.135342679445523,2 days 02:53:20,1 days 09:00:00,0.5690810644111142,-0.48680062619848663,-0.5260556242604032,-0.5765165446728646,0.9714390860967164,-0.8062379530186256,long
2492,"{'window_k': 147, 'window_d': 177, 'window_ma': 192}","open_time
2022-01-01 00:00:00    100.000000
2022-01-01 01:00:00    100.000000
2022-01-01 02:00:00    100.000000
2022-01-01 03:00:00    100.000000
2022-01-01 04:00:00    100.000000
                          ...    
2023-05-01 19:00:00     51.041769
2023-05-01 20:00:00     50.924550
2023-05-01 21:00:00     51.180967
2023-05-01 22:00:00     51.408080
2023-05-01 23:00:00     51.408080
Freq: H, Length: 11664, dtype: float64",2022-01-01,2023-05-01 23:00:00,486 days,100.0,39.48728187798264,124.23076923076923,51.408080149429274,-48.591919850570726,-70.17976286600607,38.365912208504795,100.0,68.21457186292419,451 days 16:00:00,51,0.0,26,32.0,42.02835013882801,-21.691096040253775,13.554436816136462,-8.935178221331029,9 days 05:15:00,6 days 13:24:42.352941176,0.5596789053026741,-1.9542265496755542,-0.589211061025824,-0.5765584160973454,0.9711955402098994,-0.8231041646594397,long
2223,"{'window_k': 132, 'window_d': 162, 'window_ma': 237}","open_time
2022-01-01 00:00:00    100.000000
2022-01-01 01:00:00    100.000000
2022-01-01 02:00:00    100.000000
2022-01-01 03:00:00    100.000000
2022-01-01 04:00:00    100.000000
                          ...    
2023-05-01 19:00:00     49.065342
2023-05-01 20:00:00     48.952661
2023-05-01 21:00:00     49.199150
2023-05-01 22:00:00     49.417468
2023-05-01 23:00:00     49.417468
Freq: H, Length: 11664, dtype: float64",2022-01-01,2023-05-01 23:00:00,486 days,100.0,39.365079225974576,137.07381968532513,49.417468251569765,-50.582531748430235,-70.17976286600607,38.54595336076817,100.0,71.28183972961183,391 days 18:00:00,53,0.0,27,30.76923076923077,36.662208351909655,-26.321913380736916,16.179475837539865,-9.633718282014442,10 days 03:45:00,5 days 18:46:40,0.6260314487819205,-1.9443985233977297,-0.5839890310555774,-0.57662223705003,0.9709822225404344,-0.8093405883075213,long
342,"{'window_k': 27, 'window_d': 87, 'window_ma': 102}","open_time
2022-01-01 00:00:00    100.000000
2022-01-01 01:00:00    100.000000
2022-01-01 02:00:00    100.000000
2022-01-01 03:00:00    100.000000
2022-01-01 04:00:00    100.000000
                          ...    
2023-05-01 19:00:00     50.679812
2023-05-01 20:00:00     50.679812
2023-05-01 21:00:00     50.679812
2023-05-01 22:00:00     50.679812
2023-05-01 23:00:00     50.679812
Freq: H, Length: 11664, dtype: float64",2022-01-01,2023-05-01 23:00:00,486 days,100.0,44.675457238222215,145.56851061924397,50.679812003954275,-49.320187996045725,-70.17976286600607,39.000342935528124,100.0,69.3096693452628,194 days 16:00:00,124,0.0,62,35.483870967741936,21.11666304583967,-20.449897750511244,8.34447645703821,-5.725697149968765,4 days 04:19:05.454545454,2 days 10:33:00,0.7665133161327248,-0.7954869031620277,-0.3663434238058576,-0.5767784758757376,0.9796523526972458,-0.5582630362730246,long
4022,"{'window_k': 237, 'window_d': 177, 'window_ma': 102}","open_time
2022-01-01 00:00:00    100.000000
2022-01-01 01:00:00    100.000000
2022-01-01 02:00:00    100.000000
2022-01-01 03:00:00    100.000000
2022-01-01 04:00:00    100.000000
                          ...    
2023-05-01 19:00:00     53.505697
2023-05-01 20:00:00     53.505697
2023-05-01 21:00:00     53.505697
2023-05-01 22:00:00     53.505697
2023-05-01 23:00:00     53.505697
Freq: H, Length: 11664, dtype: float64",2022-01-01,2023-05-01 23:00:00,486 days,100.0,42.27162447615623,120.62144747623647,53.50569743514211,-46.49430256485789,-70.17976286600607,30.907064471879288,100.0,64.95513413194273,391 days 18:00:00,44,0.0,22,13.636363636363635,46.83655536028122,-19.348494161032576,27.668928360813844,-6.691280488507583,13 days 11:40:00,5 days 18:37:53.684210526,0.4959698454107663,-2.113377389311722,-0.6738351743889347,-0.5770100549665236,0.9629514298147523,-0.9261072254865658,long
3291,"{'window_k': 192, 'window_d': 207, 'window_ma': 177}","open_time
2022-01-01 00:00:00    100.000000
2022-01-01 01:00:00    100.000000
2022-01-01 02:00:00    100.000000
2022-01-01 03:00:00    100.000000
2022-01-01 04:00:00    100.000000
                          ...    
2023-05-01 19:00:00     57.358342
2023-05-01 20:00:00     57.358342
2023-05-01 21:00:00     57.358342
2023-05-01 22:00:00     57.358342
2023-05-01 23:00:00     57.358342
Freq: H, Length: 11664, dtype: float64",2022-01-01,2023-05-01 23:00:00,486 days,100.0,50.220800941227516,122.89519048058145,57.35834156866274,-42.64165843133726,-70.17976286600607,34.76508916323731,100.0,59.13525928489215,424 days 03:00:00,40,0.0,20,35.0,41.166025451316976,-23.65591397849462,11.94988500929477,-9.276365024217778,11 days 02:00:00,7 days 00:41:32.307692307,0.5481936305050445,-2.132082921566862,-0.49347120820558893,-0.5771221522752908,0.9741678453941095,-0.6857427050830426,long
1965,"{'window_k': 117, 'window_d': 162, 'window_ma': 207}","open_time
2022-01-01 00:00:00    100.000000
2022-01-01 01:00:00    100.000000
2022-01-01 02:00:00    100.000000
2022-01-01 03:00:00    100.000000
2022-01-01 04:00:00    100.000000
                          ...    
2023-05-01 19:00:00     48.956517
2023-05-01 20:00:00     48.844087
2023-05-01 21:00:00     49.090029
2023-05-01 22:00:00     49.307863
2023-05-01 23:00:00     49.307863
Freq: H, Length: 11664, dtype: float64",2022-01-01,2023-05-01 23:00:00,486 days,100.0,38.10286303389704,133.15774405954767,49.30786295783107,-50.69213704216893,-70.17976286600607,37.05418381344307,100.0,71.38516929450414,451 days 16:00:00,53,0.0,27,30.76923076923077,41.1078717201166,-35.7243557209722,16.516554416848894,-9.435864901455107,10 days 07:52:30,5 days 07:03:20,0.6242912448817762,-1.9269952375902553,-0.5998053786475289,-0.5771623027475958,0.9693997605246626,-0.8240553562402286,long
4054,"{'window_k': 237, 'window_d': 207, 'window_ma': 102}","open_time
2022-01-01 00:00:00    100.000000
2022-01-01 01:00:00    100.000000
2022-01-01 02:00:00    100.000000
2022-01-01 03:00:00    100.000000
2022-01-01 04:00:00    100.000000
                          ...    
2023-05-01 19:00:00     57.715469
2023-05-01 20:00:00     57.715469
2023-05-01 21:00:00     57.715469
2023-05-01 22:00:00     57.715469
2023-05-01 23:00:00     57.715469
Freq: H, Length: 11664, dtype: float64",2022-01-01,2023-05-01 23:00:00,486 days,100.0,49.56830186485752,119.70968240078241,57.71546929790899,-42.28453070209101,-70.17976286600607,29.71536351165981,100.0,58.59290504263042,451 days 16:00:00,38,0.0,19,26.31578947368421,41.233196960841624,-17.20584025193244,14.339617378292385,-7.872201283257155,11 days 07:00:00,6 days 06:47:08.571428571,0.4967131987312472,-2.2255016158995278,-0.5257733418397621,-0.5772112435261599,0.9702441320273898,-0.7310576977186537,long
3678,"{'window_k': 222, 'window_d': 87, 'window_ma': 222}","open_time
2022-01-01 00:00:00    100.000000
2022-01-01 01:00:00    100.000000
2022-01-01 02:00:00    100.000000
2022-01-01 03:00:00    100.000000
2022-01-01 04:00:00    100.000000
                          ...    
2023-05-01 19:00:00     54.590336
2023-05-01 20:00:00     54.464967
2023-05-01 21:00:00     54.739212
2023-05-01 22:00:00     54.982114
2023-05-01 23:00:00     54.982114
Freq: H, Length: 11664, dtype: float64",2022-01-01,2023-05-01 23:00:00,486 days,100.0,42.508240423186884,113.90400857754061,54.98211432986518,-45.01788567013482,-70.17976286600607,39.3261316872428,100.0,62.68064578758945,309 days 12:00:00,67,0.0,34,33.33333333333333,30.629652605459057,-21.523959151610374,13.918851531772855,-8.549822789616336,9 days 12:16:21.818181818,3 days 18:35:27.272727272,0.6890434068978404,-1.3822238824171853,-0.28480972570318414,-0.5773475979817263,0.9845459346588135,-0.4306189399913467,long
2796,"{'window_k': 162, 'window_d': 222, 'window_ma': 192}","open_time
2022-01-01 00:00:00    100.000000
2022-01-01 01:00:00    100.000000
2022-01-01 02:00:00    100.000000
2022-01-01 03:00:00    100.000000
2022-01-01 04:00:00    100.000000
                          ...    
2023-05-01 19:00:00     57.349755
2023-05-01 20:00:00     57.349755
2023-05-01 21:00:00     57.349755
2023-05-01 22:00:00     57.349755
2023-05-01 23:00:00     57.349755
Freq: H, Length: 11664, dtype: float64",2022-01-01,2023-05-01 23:00:00,486 days,100.0,49.071167888581115,120.0427820672295,57.34975519680269,-42.65024480319731,-70.17976286600607,33.95061728395062,100.0,59.12193382764238,424 days 03:00:00,38,0.0,19,36.84210526315789,43.72891301158865,-22.326621923937363,13.255307334938623,-10.67215335668346,11 days 20:17:08.571428571,6 days 20:10:00,0.5661367715938113,-2.244749726484069,-0.5287189649064851,-0.5773774940600317,0.972149064817528,-0.7306345359665969,long
3844,"{'window_k': 237, 'window_d': 12, 'window_ma': 72}","open_time
2022-01-01 00:00:00    100.000000
2022-01-01 01:00:00    100.000000
2022-01-01 02:00:00    100.000000
2022-01-01 03:00:00    100.000000
2022-01-01 04:00:00    100.000000
                          ...    
2023-05-01 19:00:00     45.831027
2023-05-01 20:00:00     45.725774
2023-05-01 21:00:00     45.956014
2023-05-01 22:00:00     46.159942
2023-05-01 23:00:00     46.159942
Freq: H, Length: 11664, dtype: float64",2022-01-01,2023-05-01 23:00:00,486 days,100.0,29.467485845475924,123.9509241940599,46.15994168284806,-53.84005831715194,-70.17976286600607,40.31207133058985,100.0,76.2264896070149,454 days 07:00:00,437,0.0,219,34.403669724770644,24.026093348033804,-16.333207499685425,4.209460620936571,-2.569056433004708,1 days 09:43:12,0 days 15:08:23.496503496,0.7566938344966971,-0.24630887928427547,-0.4548158666295769,-0.5777927717641196,0.9754535536760295,-0.6918095960478022,long
3207,"{'window_k': 192, 'window_d': 132, 'window_ma': 117}","open_time
2022-01-01 00:00:00    100.000000
2022-01-01 01:00:00    100.000000
2022-01-01 02:00:00    100.000000
2022-01-01 03:00:00    100.000000
2022-01-01 04:00:00    100.000000
                          ...    
2023-05-01 19:00:00     52.202778
2023-05-01 20:00:00     52.082892
2023-05-01 21:00:00     52.345142
2023-05-01 22:00:00     52.577421
2023-05-01 23:00:00     52.577421
Freq: H, Length: 11664, dtype: float64",2022-01-01,2023-05-01 23:00:00,486 days,100.0,46.14670831249876,136.74500242517527,52.57742105803462,-47.42257894196538,-70.17976286600607,34.705075445816185,100.0,66.25345899734104,309 days 12:00:00,57,0.0,29,32.142857142857146,28.1766917293233,-15.95572354211664,10.165737323181876,-7.335154288183747,7 days 11:20:00,5 days 05:09:28.421052631,0.6134708457961096,-1.6725229553339163,-0.5137876521033157,-0.5780250138829811,0.9719976200034958,-0.7360993696721999,long
2299,"{'window_k': 132, 'window_d': 237, 'window_ma': 177}","open_time
2022-01-01 00:00:00    100.000000
2022-01-01 01:00:00    100.000000
2022-01-01 02:00:00    100.000000
2022-01-01 03:00:00    100.000000
2022-01-01 04:00:00    100.000000
                          ...    
2023-05-01 19:00:00     57.791162
2023-05-01 20:00:00     57.791162
2023-05-01 21:00:00     57.791162
2023-05-01 22:00:00     57.791162
2023-05-01 23:00:00     57.791162
Freq: H, Length: 11664, dtype: float64",2022-01-01,2023-05-01 23:00:00,486 days,100.0,49.70587539876148,119.45143561559401,57.791161933400815,-42.208838066599185,-70.17976286600607,34.97942386831276,100.0,58.38821430433061,451 days 16:00:00,40,0.0,20,30.0,42.21149627029398,-21.736694677871146,12.951106498249873,-8.162960192561561,11 days 17:30:00,7 days 02:47:08.571428571,0.5230326092388863,-2.1104419033299586,-0.4871403971220891,-0.5781185558393117,0.9748070814200628,-0.6795716174313311,long
3012,"{'window_k': 177, 'window_d': 192, 'window_ma': 72}","open_time
2022-01-01 00:00:00    100.000000
2022-01-01 01:00:00    100.000000
2022-01-01 02:00:00    100.000000
2022-01-01 03:00:00    100.000000
2022-01-01 04:00:00    100.000000
                          ...    
2023-05-01 19:00:00     54.520637
2023-05-01 20:00:00     54.520637
2023-05-01 21:00:00     54.520637
2023-05-01 22:00:00     54.762569
2023-05-01 23:00:00     54.762569
Freq: H, Length: 11664, dtype: float64",2022-01-01,2023-05-01 23:00:00,486 days,100.0,44.08036952107117,118.87252359713722,54.76256905115439,-45.23743094884561,-70.17976286600607,26.766117969821675,100.0,62.917949255909676,453 days 11:00:00,43,0.0,22,47.61904761904761,31.54604016672982,-24.32581786030062,5.973654400482838,-9.790520617391431,5 days 14:11:59.999999999,6 days 17:32:43.636363636,0.45886654888550144,-2.165683968923333,-0.6707782196262748,-0.5782130384470141,0.9611027553441179,-0.929977312474659,long
3762,"{'window_k': 222, 'window_d': 177, 'window_ma': 42}","open_time
2022-01-01 00:00:00    100.000000
2022-01-01 01:00:00    100.000000
2022-01-01 02:00:00    100.000000
2022-01-01 03:00:00    100.000000
2022-01-01 04:00:00    100.000000
                          ...    
2023-05-01 19:00:00     55.260166
2023-05-01 20:00:00     55.260166
2023-05-01 21:00:00     55.260166
2023-05-01 22:00:00     55.260166
2023-05-01 23:00:00     55.260166
Freq: H, Length: 11664, dtype: float64",2022-01-01,2023-05-01 23:00:00,486 days,100.0,45.64788003951637,120.65476201316736,55.26016594057514,-44.73983405942486,-70.17976286600607,22.985253772290807,100.0,62.166532611009,424 days 03:00:00,42,0.0,21,23.809523809523807,30.839723209276215,-24.541797049620016,14.581147383217402,-7.2674419823208565,6 days 16:36:00,4 days 21:22:30,0.5083513534030677,-2.130468288544041,-0.7562625132662458,-0.5782261274270977,0.9525909673005125,-1.041731548613204,long
129,"{'window_k': 12, 'window_d': 132, 'window_ma': 27}","open_time
2022-01-01 00:00:00    100.000000
2022-01-01 01:00:00    100.000000
2022-01-01 02:00:00    100.000000
2022-01-01 03:00:00    100.000000
2022-01-01 04:00:00    100.000000
                          ...    
2023-05-01 19:00:00     54.438108
2023-05-01 20:00:00     54.313088
2023-05-01 21:00:00     54.586568
2023-05-01 22:00:00     54.828793
2023-05-01 23:00:00     54.828793
Freq: H, Length: 11664, dtype: float64",2022-01-01,2023-05-01 23:00:00,486 days,100.0,51.01632511396263,137.07813524043476,54.82879305683824,-45.17120694316176,-70.17976286600607,30.37551440329218,100.0,62.783032447530665,439 days 04:00:00,141,0.0,71,31.428571428571427,29.941860465116264,-16.10256410256409,6.9191172452512095,-4.006387519891899,3 days 13:38:10.909090909,1 days 07:53:45,0.7329585145965599,-0.6322429005731305,-0.5798474197930549,-0.5785353986768811,0.9670304879648494,-0.8125799205922404,long
3550,"{'window_k': 207, 'window_d': 207, 'window_ma': 222}","open_time
2022-01-01 00:00:00    100.000000
2022-01-01 01:00:00    100.000000
2022-01-01 02:00:00    100.000000
2022-01-01 03:00:00    100.000000
2022-01-01 04:00:00    100.000000
                          ...    
2023-05-01 19:00:00     53.616552
2023-05-01 20:00:00     53.616552
2023-05-01 21:00:00     53.616552
2023-05-01 22:00:00     53.616552
2023-05-01 23:00:00     53.616552
Freq: H, Length: 11664, dtype: float64",2022-01-01,2023-05-01 23:00:00,486 days,100.0,42.87531181887229,121.16107407975323,53.616551857925835,-46.383448142074165,-70.17976286600607,33.573388203017835,100.0,64.61296489444292,424 days 03:00:00,40,0.0,20,40.0,39.92373129950134,-23.30650570087189,10.425715938962608,-10.556315416937366,10 days 12:15:00,6 days 14:10:00,0.49606655887987117,-2.319172407103707,-0.5689784684084194,-0.5785604972770368,0.9702025777833427,-0.7896122904077904,long
3787,"{'window_k': 222, 'window_d': 192, 'window_ma': 177}","open_time
2022-01-01 00:00:00    100.000000
2022-01-01 01:00:00    100.000000
2022-01-01 02:00:00    100.000000
2022-01-01 03:00:00    100.000000
2022-01-01 04:00:00    100.000000
                          ...    
2023-05-01 19:00:00     55.383232
2023-05-01 20:00:00     55.383232
2023-05-01 21:00:00     55.383232
2023-05-01 22:00:00     55.383232
2023-05-01 23:00:00     55.383232
Freq: H, Length: 11664, dtype: float64",2022-01-01,2023-05-01 23:00:00,486 days,100.0,46.95047766743179,123.31957857264408,55.38323184446159,-44.61676815553841,-70.17976286600607,34.585048010973935,100.0,61.927799129012925,424 days 03:00:00,38,0.0,19,26.31578947368421,38.82805563776267,-23.192131440706383,16.024607992219366,-8.645047309678182,13 days 02:36:00,7 days 07:47:08.571428571,0.5079113481521869,-2.3482509555546534,-0.5402694173559025,-0.5787257070284164,0.9716722666140095,-0.7494969153898037,long
481,"{'window_k': 27, 'window_d': 222, 'window_ma': 27}","open_time
2022-01-01 00:00:00    100.000000
2022-01-01 01:00:00    100.000000
2022-01-01 02:00:00    100.000000
2022-01-01 03:00:00    100.000000
2022-01-01 04:00:00    100.000000
                          ...    
2023-05-01 19:00:00     52.674080
2023-05-01 20:00:00     52.553112
2023-05-01 21:00:00     52.817730
2023-05-01 22:00:00     53.052105
2023-05-01 23:00:00     53.052105
Freq: H, Length: 11664, dtype: float64",2022-01-01,2023-05-01 23:00:00,486 days,100.0,42.47991376590871,122.84612540277851,53.05210534191933,-46.94789465808067,-70.17976286600607,19.753086419753085,100.0,65.42022499559607,451 days 16:00:00,63,0.0,32,35.483870967741936,21.48890198389314,-16.78962398857687,7.204192342315014,-6.486043376266415,3 days 09:54:32.727272727,2 days 19:15:00,0.5224714477712968,-1.494205556424594,-0.9371047017035041,-0.5789989514183026,0.9395000445347433,-1.280504977555214,long
796,"{'window_k': 57, 'window_d': 27, 'window_ma': 192}","open_time
2022-01-01 00:00:00    100.000000
2022-01-01 01:00:00    100.000000
2022-01-01 02:00:00    100.000000
2022-01-01 03:00:00    100.000000
2022-01-01 04:00:00    100.000000
                          ...    
2023-05-01 19:00:00     42.744749
2023-05-01 20:00:00     42.744749
2023-05-01 21:00:00     42.744749
2023-05-01 22:00:00     42.744749
2023-05-01 23:00:00     42.744749
Freq: H, Length: 11664, dtype: float64",2022-01-01,2023-05-01 23:00:00,486 days,100.0,18.849871904832252,101.8232648596086,42.74474877422366,-57.25525122577634,-70.17976286600607,40.22633744855967,100.0,81.48765713727408,481 days 09:00:00,234,0.0,117,38.46153846153847,26.307237813884793,-14.919252771730884,5.2755104316657215,-4.145022294788924,2 days 02:53:20,1 days 09:21:40,0.5663179540688502,-0.48936112158783207,-0.5329461232906684,-0.5790073754252416,0.9711310878031879,-0.8164900068710749,long
2766,"{'window_k': 162, 'window_d': 192, 'window_ma': 222}","open_time
2022-01-01 00:00:00    100.000000
2022-01-01 01:00:00    100.000000
2022-01-01 02:00:00    100.000000
2022-01-01 03:00:00    100.000000
2022-01-01 04:00:00    100.000000
                          ...    
2023-05-01 19:00:00     55.471008
2023-05-01 20:00:00     55.343617
2023-05-01 21:00:00     55.622286
2023-05-01 22:00:00     55.869107
2023-05-01 23:00:00     55.869107
Freq: H, Length: 11664, dtype: float64",2022-01-01,2023-05-01 23:00:00,486 days,100.0,46.857377176468056,120.59738643434972,55.86910651626505,-44.13089348373495,-70.17976286600607,33.213305898491086,100.0,61.14561139185544,451 days 16:00:00,43,0.0,22,33.33333333333333,39.287285525736905,-24.14402474044622,12.012735964107264,-8.866474034942266,9 days 19:00:00,6 days 14:38:34.285714285,0.5310437032640865,-2.0931300123645986,-0.5278206205531497,-0.5792227696213841,0.9724368504421476,-0.7338762301935456,long
2447,"{'window_k': 147, 'window_d': 132, 'window_ma': 237}","open_time
2022-01-01 00:00:00    100.000000
2022-01-01 01:00:00    100.000000
2022-01-01 02:00:00    100.000000
2022-01-01 03:00:00    100.000000
2022-01-01 04:00:00    100.000000
                          ...    
2023-05-01 19:00:00     54.325357
2023-05-01 20:00:00     54.200597
2023-05-01 21:00:00     54.473510
2023-05-01 22:00:00     54.715234
2023-05-01 23:00:00     54.715234
Freq: H, Length: 11664, dtype: float64",2022-01-01,2023-05-01 23:00:00,486 days,100.0,47.19821139273918,127.14449729375102,54.71523372920679,-45.28476627079321,-70.17976286600607,40.192043895747595,100.0,62.87829013654144,451 days 16:00:00,63,0.0,32,32.25806451612903,33.13161875945539,-13.416733616435211,11.323432216657697,-7.356018839087539,8 days 06:54:00,5 days 05:11:25.714285714,0.6246359027296227,-1.4572774490060865,-0.4536047716113573,-0.5792346318100028,0.9782990000378563,-0.6283841622802142,long
1527,"{'window_k': 87, 'window_d': 237, 'window_ma': 117}","open_time
2022-01-01 00:00:00    100.000000
2022-01-01 01:00:00    100.000000
2022-01-01 02:00:00    100.000000
2022-01-01 03:00:00    100.000000
2022-01-01 04:00:00    100.000000
                          ...    
2023-05-01 19:00:00     49.270506
2023-05-01 20:00:00     49.270506
2023-05-01 21:00:00     49.270506
2023-05-01 22:00:00     49.270506
2023-05-01 23:00:00     49.270506
Freq: H, Length: 11664, dtype: float64",2022-01-01,2023-05-01 23:00:00,486 days,100.0,35.07514238669209,121.70432423991808,49.27050620642378,-50.72949379357622,-70.17976286600607,30.169753086419753,100.0,71.18003603754637,451 days 16:00:00,50,0.0,25,36.0,25.765400221320522,-14.593154334904698,6.498237666252761,-7.449915667172073,6 days 11:06:40,5 days 12:41:15,0.3987032563521451,-2.029179751743049,-0.8644639324471382,-0.5792956938567596,0.9532133556700824,-1.1929774637108868,long
2804,"{'window_k': 162, 'window_d': 237, 'window_ma': 72}","open_time
2022-01-01 00:00:00    100.000000
2022-01-01 01:00:00    100.000000
2022-01-01 02:00:00    100.000000
2022-01-01 03:00:00    100.000000
2022-01-01 04:00:00    100.000000
                          ...    
2023-05-01 19:00:00     50.948978
2023-05-01 20:00:00     50.948978
2023-05-01 21:00:00     50.948978
2023-05-01 22:00:00     50.948978
2023-05-01 23:00:00     50.948978
Freq: H, Length: 11664, dtype: float64",2022-01-01,2023-05-01 23:00:00,486 days,100.0,39.18028333670013,124.75977619063252,50.9489775896723,-49.0510224103277,-70.17976286600607,27.72633744855967,100.0,68.59542030851932,349 days 17:00:00,36,0.0,18,33.33333333333333,28.052379195868664,-22.041175822965975,10.010826311950199,-9.516208725446566,6 days 22:30:00,7 days 18:15:00,0.3936744944603116,-2.7250568005737605,-0.7833491668963127,-0.5792961309241482,0.9554362003845115,-1.082699945371836,long
3169,"{'window_k': 192, 'window_d': 102, 'window_ma': 27}","open_time
2022-01-01 00:00:00    100.000000
2022-01-01 01:00:00    100.000000
2022-01-01 02:00:00    100.000000
2022-01-01 03:00:00    100.000000
2022-01-01 04:00:00    100.000000
                          ...    
2023-05-01 19:00:00     54.172461
2023-05-01 20:00:00     54.048052
2023-05-01 21:00:00     54.320197
2023-05-01 22:00:00     54.561240
2023-05-01 23:00:00     54.561240
Freq: H, Length: 11664, dtype: float64",2022-01-01,2023-05-01 23:00:00,486 days,100.0,46.97022679693568,127.2697422426531,54.56124007995634,-45.43875992004366,-70.17976286600607,24.76851851851852,100.0,63.093956215152836,451 days 16:00:00,65,0.0,33,31.25,23.805614841569536,-18.254243158988572,8.732315913410133,-6.1885804858977815,4 days 10:12:00,3 days 07:19:05.454545454,0.5712307131965877,-1.4359983798463702,-0.7505078572455468,-0.5793854327063043,0.955323296431696,-1.0312714453277738,long
2185,"{'window_k': 132, 'window_d': 132, 'window_ma': 147}","open_time
2022-01-01 00:00:00    100.000000
2022-01-01 01:00:00    100.000000
2022-01-01 02:00:00    100.000000
2022-01-01 03:00:00    100.000000
2022-01-01 04:00:00    100.000000
                          ...    
2023-05-01 19:00:00     52.645440
2023-05-01 20:00:00     52.524537
2023-05-01 21:00:00     52.789011
2023-05-01 22:00:00     53.023260
2023-05-01 23:00:00     53.023260
Freq: H, Length: 11664, dtype: float64",2022-01-01,2023-05-01 23:00:00,486 days,100.0,44.53265704704323,128.65678247399867,53.02325978335288,-46.97674021664712,-70.17976286600607,40.79218106995885,100.0,65.38646763061776,451 days 16:00:00,63,0.0,32,29.03225806451613,38.03554208568673,-17.43063525281847,12.729724323310052,-7.185958537405998,7 days 17:26:40,5 days 17:02:43.636363636,0.6161109387583852,-1.524153891022328,-0.4861102786721871,-0.5796858617115652,0.9770029644902926,-0.6736318357821304,long
790,"{'window_k': 57, 'window_d': 27, 'window_ma': 102}","open_time
2022-01-01 00:00:00    100.000000
2022-01-01 01:00:00    100.000000
2022-01-01 02:00:00    100.000000
2022-01-01 03:00:00    100.000000
2022-01-01 04:00:00    100.000000
                          ...    
2023-05-01 19:00:00     42.562459
2023-05-01 20:00:00     42.562459
2023-05-01 21:00:00     42.562459
2023-05-01 22:00:00     42.562459
2023-05-01 23:00:00     42.562459
Freq: H, Length: 11664, dtype: float64",2022-01-01,2023-05-01 23:00:00,486 days,100.0,18.697275685229375,101.8232648596086,42.562458911272536,-57.437541088727464,-70.17976286600607,39.94341563786008,100.0,81.63752094277402,481 days 09:00:00,234,0.0,117,38.46153846153847,26.307237813884786,-14.919252771730884,5.195465816634392,-4.10306980698467,2 days 01:58:40,1 days 09:28:20,0.566044787755048,-0.4909191546045085,-0.5387605522590627,-0.5800177674170717,0.9707351197107965,-0.8256148168466114,long
2273,"{'window_k': 132, 'window_d': 222, 'window_ma': 27}","open_time
2022-01-01 00:00:00    100.000000
2022-01-01 01:00:00    100.000000
2022-01-01 02:00:00    100.000000
2022-01-01 03:00:00    100.000000
2022-01-01 04:00:00    100.000000
                          ...    
2023-05-01 19:00:00     53.822753
2023-05-01 20:00:00     53.822753
2023-05-01 21:00:00     53.822753
2023-05-01 22:00:00     53.822753
2023-05-01 23:00:00     53.822753
Freq: H, Length: 11664, dtype: float64",2022-01-01,2023-05-01 23:00:00,486 days,100.0,43.0975597952176,120.12396694214875,53.822752790661035,-46.177247209338965,-70.17976286600607,22.205075445816185,100.0,64.1224304422337,451 days 16:00:00,42,0.0,21,33.33333333333333,16.16628175519631,-22.865444792132315,7.039697847140057,-7.233997636720711,3 days 20:34:17.142857142,5 days 18:42:51.428571428,0.41053863546019953,-2.1989165337780454,-0.8953257092784793,-0.5801672625035809,0.9430323681761619,-1.2343603177456803,long
3089,"{'window_k': 192, 'window_d': 27, 'window_ma': 27}","open_time
2022-01-01 00:00:00    100.000000
2022-01-01 01:00:00    100.000000
2022-01-01 02:00:00    100.000000
2022-01-01 03:00:00    100.000000
2022-01-01 04:00:00    100.000000
                          ...    
2023-05-01 19:00:00     54.733441
2023-05-01 20:00:00     54.733441
2023-05-01 21:00:00     54.733441
2023-05-01 22:00:00     54.733441
2023-05-01 23:00:00     54.733441
Freq: H, Length: 11664, dtype: float64",2022-01-01,2023-05-01 23:00:00,486 days,100.0,42.484645687500425,114.01956828550131,54.73344139874446,-45.26655860125554,-70.17976286600607,28.377914951989027,100.0,62.739162824121344,451 days 16:00:00,190,0.0,95,35.78947368421053,25.370287253141814,-14.508205289014322,5.290770431757001,-3.652472266860852,2 days 03:58:14.117647058,1 days 01:17:42.295081967,0.6956196978865629,-0.47649009053953195,-0.6105804813915209,-0.5802658594867385,0.9642840653187503,-0.8521367233737137,long
1503,"{'window_k': 87, 'window_d': 207, 'window_ma': 237}","open_time
2022-01-01 00:00:00    100.000000
2022-01-01 01:00:00    100.000000
2022-01-01 02:00:00    100.000000
2022-01-01 03:00:00    100.000000
2022-01-01 04:00:00    100.000000
                          ...    
2023-05-01 19:00:00     45.899408
2023-05-01 20:00:00     45.793998
2023-05-01 21:00:00     46.024582
2023-05-01 22:00:00     46.228814
2023-05-01 23:00:00     46.228814
Freq: H, Length: 11664, dtype: float64",2022-01-01,2023-05-01 23:00:00,486 days,100.0,29.60133089004767,122.0274950152167,46.22881359541394,-53.77118640458606,-70.17976286600607,35.77674897119342,100.0,75.74208100694322,451 days 16:00:00,49,0.0,25,33.33333333333333,42.96274393849792,-38.4896176171384,16.882852423672183,-11.109564830491669,10 days 17:30:00,5 days 10:22:30,0.5526365170547028,-2.25611287691748,-0.7300338210536109,-0.5806603535824353,0.9625106963793502,-0.9862320492892089,long
2681,"{'window_k': 162, 'window_d': 117, 'window_ma': 147}","open_time
2022-01-01 00:00:00    100.000000
2022-01-01 01:00:00    100.000000
2022-01-01 02:00:00    100.000000
2022-01-01 03:00:00    100.000000
2022-01-01 04:00:00    100.000000
                          ...    
2023-05-01 19:00:00     49.312579
2023-05-01 20:00:00     49.199331
2023-05-01 21:00:00     49.447062
2023-05-01 22:00:00     49.666480
2023-05-01 23:00:00     49.666480
Freq: H, Length: 11664, dtype: float64",2022-01-01,2023-05-01 23:00:00,486 days,100.0,39.81971892260793,134.45237140945827,49.66648027623874,-50.33351972376126,-70.17976286600607,41.52091906721536,100.0,70.38377344692431,391 days 18:00:00,65,0.0,33,31.25,40.12026290029367,-25.816993464052278,13.515887661925577,-8.13043299467618,8 days 07:48:00,5 days 05:38:10.909090909,0.6450410858262048,-1.585530218030224,-0.4712254210443922,-0.5808148775467193,0.9768234754778533,-0.6629984476329164,long
2490,"{'window_k': 147, 'window_d': 177, 'window_ma': 162}","open_time
2022-01-01 00:00:00    100.000000
2022-01-01 01:00:00    100.000000
2022-01-01 02:00:00    100.000000
2022-01-01 03:00:00    100.000000
2022-01-01 04:00:00    100.000000
                          ...    
2023-05-01 19:00:00     50.265761
2023-05-01 20:00:00     50.150324
2023-05-01 21:00:00     50.402843
2023-05-01 22:00:00     50.626503
2023-05-01 23:00:00     50.626503
Freq: H, Length: 11664, dtype: float64",2022-01-01,2023-05-01 23:00:00,486 days,100.0,38.88694117374604,125.0764611274997,50.62650285232062,-49.37349714767938,-70.17976286600607,35.819615912208505,100.0,68.90946480001085,391 days 18:00:00,51,0.0,26,28.000000000000004,42.02835013882802,-21.691096040253775,14.482695191930132,-8.161059719870991,9 days 10:08:34.285714285,5 days 22:33:19.999999999,0.5276547216605205,-1.9853292494681463,-0.6222661302124364,-0.5808164389775661,0.9687190249300743,-0.8681549537840328,long
1313,"{'window_k': 87, 'window_d': 42, 'window_ma': 27}","open_time
2022-01-01 00:00:00    100.000000
2022-01-01 01:00:00    100.000000
2022-01-01 02:00:00    100.000000
2022-01-01 03:00:00    100.000000
2022-01-01 04:00:00    100.000000
                          ...    
2023-05-01 19:00:00     68.364614
2023-05-01 20:00:00     68.364614
2023-05-01 21:00:00     68.364614
2023-05-01 22:00:00     68.364614
2023-05-01 23:00:00     68.364614
Freq: H, Length: 11664, dtype: float64",2022-01-01,2023-05-01 23:00:00,486 days,100.0,65.69845074508619,114.80765023014436,68.36461381722374,-31.63538618277626,-70.17976286600607,29.955418381344305,100.0,42.77519780834593,453 days 11:00:00,136,0.0,68,33.82352941176471,20.565302144249493,-14.132422875259104,5.643161047387777,-3.4588229069405076,3 days 06:49:33.913043478,1 days 13:21:20,0.7759338259526389,-0.46522626739376816,-0.3166314256298785,-0.5808445614241097,0.9824423024759168,-0.44238523179343175,long
2979,"{'window_k': 177, 'window_d': 162, 'window_ma': 57}","open_time
2022-01-01 00:00:00    100.000000
2022-01-01 01:00:00    100.000000
2022-01-01 02:00:00    100.000000
2022-01-01 03:00:00    100.000000
2022-01-01 04:00:00    100.000000
                          ...    
2023-05-01 19:00:00     49.308334
2023-05-01 20:00:00     49.195096
2023-05-01 21:00:00     49.442805
2023-05-01 22:00:00     49.662205
2023-05-01 23:00:00     49.662205
Freq: H, Length: 11664, dtype: float64",2022-01-01,2023-05-01 23:00:00,486 days,100.0,37.35507739228433,126.03586741147346,49.66220486371,-50.33779513629,-70.17976286600607,23.49965706447188,100.0,70.36155012102232,391 days 18:00:00,49,0.0,25,29.166666666666668,30.770698206791298,-26.766441214563248,10.036845609334314,-7.320195752963819,6 days 15:08:34.285714285,3 days 21:38:49.411764705,0.46844068474738665,-2.103600866784742,-0.9379625181639301,-0.5810526468223269,0.9418463313299303,-1.2720003148098387,long
1447,"{'window_k': 87, 'window_d': 162, 'window_ma': 117}","open_time
2022-01-01 00:00:00    100.000000
2022-01-01 01:00:00    100.000000
2022-01-01 02:00:00    100.000000
2022-01-01 03:00:00    100.000000
2022-01-01 04:00:00    100.000000
                          ...    
2023-05-01 19:00:00     47.358528
2023-05-01 20:00:00     47.249768
2023-05-01 21:00:00     47.487682
2023-05-01 22:00:00     47.698406
2023-05-01 23:00:00     47.698406
Freq: H, Length: 11664, dtype: float64",2022-01-01,2023-05-01 23:00:00,486 days,100.0,36.4692556954956,136.82216199639583,47.698405788369506,-52.3015942116305,-70.17976286600607,35.296639231824415,100.0,73.34550546244381,451 days 16:00:00,65,0.0,33,31.25,37.0622568093385,-20.13651877133106,12.510364499153667,-7.907750267903838,7 days 08:18:00,4 days 08:00:00,0.6216040391356917,-1.6314508911481669,-0.7044224527566196,-0.5814696912016832,0.9638691454239047,-0.9650725514696302,long
3739,"{'window_k': 222, 'window_d': 147, 'window_ma': 177}","open_time
2022-01-01 00:00:00    100.000000
2022-01-01 01:00:00    100.000000
2022-01-01 02:00:00    100.000000
2022-01-01 03:00:00    100.000000
2022-01-01 04:00:00    100.000000
                          ...    
2023-05-01 19:00:00     55.388104
2023-05-01 20:00:00     55.260903
2023-05-01 21:00:00     55.539155
2023-05-01 22:00:00     55.785607
2023-05-01 23:00:00     55.785607
Freq: H, Length: 11664, dtype: float64",2022-01-01,2023-05-01 23:00:00,486 days,100.0,48.48376225279641,124.40355194179949,55.785607141693355,-44.214392858306645,-70.17976286600607,37.808641975308646,100.0,61.02702736696869,451 days 16:00:00,47,0.0,24,34.78260869565217,34.69447708578143,-23.78864284148213,11.69149916234587,-8.89411957758171,10 days 03:15:00,6 days 18:12:00,0.5863219249881103,-1.9230562168957457,-0.4073149373460727,-0.5815363594666161,0.9788695331364161,-0.5869337186453666,long
873,"{'window_k': 57, 'window_d': 102, 'window_ma': 147}","open_time
2022-01-01 00:00:00    100.000000
2022-01-01 01:00:00    100.000000
2022-01-01 02:00:00    100.000000
2022-01-01 03:00:00    100.000000
2022-01-01 04:00:00    100.000000
                          ...    
2023-05-01 19:00:00     52.337658
2023-05-01 20:00:00     52.217463
2023-05-01 21:00:00     52.480390
2023-05-01 22:00:00     52.713269
2023-05-01 23:00:00     52.713269
Freq: H, Length: 11664, dtype: float64",2022-01-01,2023-05-01 23:00:00,486 days,100.0,48.48210199495054,141.1160763007633,52.71326925743255,-47.28673074256745,-70.17976286600607,43.22702331961592,100.0,65.64381375540817,397 days 07:00:00,93,0.0,47,41.30434782608695,34.782057780030414,-20.87924318308292,8.99400043359868,-7.696195139251218,6 days 00:50:31.578947368,3 days 07:55:33.333333333,0.7645334062326058,-1.0029861002912455,-0.32257151845760335,-0.5815697962906143,0.9832528935717156,-0.47906001927475045,long
2540,"{'window_k': 147, 'window_d': 222, 'window_ma': 192}","open_time
2022-01-01 00:00:00    100.00000
2022-01-01 01:00:00    100.00000
2022-01-01 02:00:00    100.00000
2022-01-01 03:00:00    100.00000
2022-01-01 04:00:00    100.00000
                         ...    
2023-05-01 19:00:00     55.33102
2023-05-01 20:00:00     55.33102
2023-05-01 21:00:00     55.33102
2023-05-01 22:00:00     55.33102
2023-05-01 23:00:00     55.33102
Freq: H, Length: 11664, dtype: float64",2022-01-01,2023-05-01 23:00:00,486 days,100.0,45.92327070348885,119.8639315534481,55.331020266970825,-44.668979733029175,-70.17976286600607,33.59053497942387,100.0,61.68716468055165,451 days 16:00:00,40,0.0,20,30.0,44.0925162050678,-22.908277404921694,14.950881898570387,-9.233474633489793,10 days 19:10:00,7 days 00:47:08.571428571,0.5388021651016085,-2.233448986651457,-0.5732794076417742,-0.5817197456682607,0.9698859491252344,-0.7925509225875605,long
2721,"{'window_k': 162, 'window_d': 162, 'window_ma': 27}","open_time
2022-01-01 00:00:00    100.000000
2022-01-01 01:00:00    100.000000
2022-01-01 02:00:00    100.000000
2022-01-01 03:00:00    100.000000
2022-01-01 04:00:00    100.000000
                          ...    
2023-05-01 19:00:00     54.042268
2023-05-01 20:00:00     53.918158
2023-05-01 21:00:00     54.189649
2023-05-01 22:00:00     54.430113
2023-05-01 23:00:00     54.430113
Freq: H, Length: 11664, dtype: float64",2022-01-01,2023-05-01 23:00:00,486 days,100.0,47.23921193522557,127.74500092638132,54.43011281694894,-45.56988718305106,-70.17976286600607,24.116941015089164,100.0,63.02069623652103,424 days 03:00:00,51,0.0,26,36.0,23.702043939228332,-15.655207500545101,6.413965302155702,-6.75524972974437,3 days 20:13:20,5 days 01:26:15,0.5008440896030043,-1.8094536326768715,-0.8692609861847815,-0.5818765803941507,0.947944248021985,-1.2068224942155665,long
795,"{'window_k': 57, 'window_d': 27, 'window_ma': 177}","open_time
2022-01-01 00:00:00    100.000000
2022-01-01 01:00:00    100.000000
2022-01-01 02:00:00    100.000000
2022-01-01 03:00:00    100.000000
2022-01-01 04:00:00    100.000000
                          ...    
2023-05-01 19:00:00     42.398715
2023-05-01 20:00:00     42.398715
2023-05-01 21:00:00     42.398715
2023-05-01 22:00:00     42.398715
2023-05-01 23:00:00     42.398715
Freq: H, Length: 11664, dtype: float64",2022-01-01,2023-05-01 23:00:00,486 days,100.0,18.697275685229375,101.8232648596086,42.398715278412475,-57.60128472158752,-70.17976286600607,40.35493827160494,100.0,81.63752094277402,481 days 09:00:00,234,0.0,117,38.46153846153847,26.307237813884793,-14.919252771730884,5.275510431665719,-4.156075438302941,2 days 02:53:20,1 days 09:34:10,0.5630516628851795,-0.4923186728340816,-0.5406968180012094,-0.5818820045083744,0.9707698148889411,-0.8283392871118105,long
788,"{'window_k': 57, 'window_d': 27, 'window_ma': 72}","open_time
2022-01-01 00:00:00    100.000000
2022-01-01 01:00:00    100.000000
2022-01-01 02:00:00    100.000000
2022-01-01 03:00:00    100.000000
2022-01-01 04:00:00    100.000000
                          ...    
2023-05-01 19:00:00     42.398715
2023-05-01 20:00:00     42.398715
2023-05-01 21:00:00     42.398715
2023-05-01 22:00:00     42.398715
2023-05-01 23:00:00     42.398715
Freq: H, Length: 11664, dtype: float64",2022-01-01,2023-05-01 23:00:00,486 days,100.0,18.697275685229375,101.8232648596086,42.398715278412475,-57.60128472158752,-70.17976286600607,40.35493827160494,100.0,81.63752094277402,481 days 09:00:00,234,0.0,117,38.46153846153847,26.307237813884793,-14.919252771730884,5.275510431665719,-4.156075438302941,2 days 02:53:20,1 days 09:34:10,0.5630516628851795,-0.4923186728340816,-0.5406968180012094,-0.5818820045083744,0.9707698148889411,-0.8283392871118105,long
793,"{'window_k': 57, 'window_d': 27, 'window_ma': 147}","open_time
2022-01-01 00:00:00    100.000000
2022-01-01 01:00:00    100.000000
2022-01-01 02:00:00    100.000000
2022-01-01 03:00:00    100.000000
2022-01-01 04:00:00    100.000000
                          ...    
2023-05-01 19:00:00     42.398715
2023-05-01 20:00:00     42.398715
2023-05-01 21:00:00     42.398715
2023-05-01 22:00:00     42.398715
2023-05-01 23:00:00     42.398715
Freq: H, Length: 11664, dtype: float64",2022-01-01,2023-05-01 23:00:00,486 days,100.0,18.697275685229375,101.8232648596086,42.398715278412475,-57.60128472158752,-70.17976286600607,40.35493827160494,100.0,81.63752094277402,481 days 09:00:00,234,0.0,117,38.46153846153847,26.307237813884793,-14.919252771730884,5.275510431665719,-4.156075438302941,2 days 02:53:20,1 days 09:34:10,0.5630516628851795,-0.4923186728340816,-0.5406968180012094,-0.5818820045083744,0.9707698148889411,-0.8283392871118105,long
4071,"{'window_k': 237, 'window_d': 222, 'window_ma': 117}","open_time
2022-01-01 00:00:00    100.000000
2022-01-01 01:00:00    100.000000
2022-01-01 02:00:00    100.000000
2022-01-01 03:00:00    100.000000
2022-01-01 04:00:00    100.000000
                          ...    
2023-05-01 19:00:00     55.566283
2023-05-01 20:00:00     55.566283
2023-05-01 21:00:00     55.566283
2023-05-01 22:00:00     55.566283
2023-05-01 23:00:00     55.566283
Freq: H, Length: 11664, dtype: float64",2022-01-01,2023-05-01 23:00:00,486 days,100.0,47.3037095220468,122.28289642795045,55.566283281938354,-44.433716718061646,-70.17976286600607,27.4519890260631,100.0,61.316168569888,424 days 03:00:00,34,0.0,17,29.411764705882355,25.811808118081164,-18.47947414113853,9.19774023737433,-7.9082410551034945,9 days 20:36:00,7 days 00:15:00,0.4049677660741475,-2.6137480422389223,-0.716683351053815,-0.5819021362853041,0.9582648891320213,-0.9898617967318513,long
2441,"{'window_k': 147, 'window_d': 132, 'window_ma': 147}","open_time
2022-01-01 00:00:00    100.000000
2022-01-01 01:00:00    100.000000
2022-01-01 02:00:00    100.000000
2022-01-01 03:00:00    100.000000
2022-01-01 04:00:00    100.000000
                          ...    
2023-05-01 19:00:00     53.971054
2023-05-01 20:00:00     53.847108
2023-05-01 21:00:00     54.118241
2023-05-01 22:00:00     54.358388
2023-05-01 23:00:00     54.358388
Freq: H, Length: 11664, dtype: float64",2022-01-01,2023-05-01 23:00:00,486 days,100.0,46.8903906554195,127.14449729375102,54.35838792738192,-45.64161207261808,-70.17976286600607,40.24348422496571,100.0,63.12039321128834,451 days 16:00:00,63,0.0,32,32.25806451612903,37.80772933571724,-13.416733616435211,11.685896999121653,-7.481249589318291,8 days 02:00:00,5 days 07:48:34.285714285,0.6305890343284648,-1.4688115704375901,-0.46270780908224657,-0.5819506298884207,0.9778916516298308,-0.641538967771858,long
2485,"{'window_k': 147, 'window_d': 177, 'window_ma': 87}","open_time
2022-01-01 00:00:00    100.000000
2022-01-01 01:00:00    100.000000
2022-01-01 02:00:00    100.000000
2022-01-01 03:00:00    100.000000
2022-01-01 04:00:00    100.000000
                          ...    
2023-05-01 19:00:00     51.305606
2023-05-01 20:00:00     51.187781
2023-05-01 21:00:00     51.445524
2023-05-01 22:00:00     51.673811
2023-05-01 23:00:00     51.673811
Freq: H, Length: 11664, dtype: float64",2022-01-01,2023-05-01 23:00:00,486 days,100.0,40.77607650115737,124.23076923076923,51.67381090598321,-48.32618909401679,-70.17976286600607,35.07373113854595,100.0,67.17715204241202,451 days 16:00:00,51,0.0,26,36.0,31.461318051575944,-21.69109604025379,10.3490143141548,-8.831456968581488,7 days 17:33:20,6 days 05:30:00,0.5626472750657082,-1.9436518515908858,-0.6635407478258993,-0.5819584062601495,0.9664692408331277,-0.9191719335776447,long
3743,"{'window_k': 222, 'window_d': 147, 'window_ma': 237}","open_time
2022-01-01 00:00:00    100.000000
2022-01-01 01:00:00    100.000000
2022-01-01 02:00:00    100.000000
2022-01-01 03:00:00    100.000000
2022-01-01 04:00:00    100.000000
                          ...    
2023-05-01 19:00:00     55.870753
2023-05-01 20:00:00     55.742444
2023-05-01 21:00:00     56.023121
2023-05-01 22:00:00     56.271720
2023-05-01 23:00:00     56.271720
Freq: H, Length: 11664, dtype: float64",2022-01-01,2023-05-01 23:00:00,486 days,100.0,49.44942086518348,124.40355194179949,56.271720100406334,-43.728279899593666,-70.17976286600607,37.980109739369,100.0,60.25079662651617,451 days 16:00:00,47,0.0,24,34.78260869565217,34.69447708578145,-23.78864284148213,11.143357624433605,-8.57541977121406,10 days 10:22:30,6 days 15:44:00,0.5735983558337079,-1.9019268949052286,-0.38983536692903215,-0.5820289343971544,0.9798245219630669,-0.561433407809277,long
2020,"{'window_k': 117, 'window_d': 222, 'window_ma': 72}","open_time
2022-01-01 00:00:00    100.000000
2022-01-01 01:00:00    100.000000
2022-01-01 02:00:00    100.000000
2022-01-01 03:00:00    100.000000
2022-01-01 04:00:00    100.000000
                          ...    
2023-05-01 19:00:00     49.663868
2023-05-01 20:00:00     49.663868
2023-05-01 21:00:00     49.663868
2023-05-01 22:00:00     49.663868
2023-05-01 23:00:00     49.663868
Freq: H, Length: 11664, dtype: float64",2022-01-01,2023-05-01 23:00:00,486 days,100.0,35.197689193581404,118.24700784151878,49.66386840915283,-50.33613159084717,-70.17976286600607,29.338134430727024,100.0,70.23375911485617,453 days 11:00:00,46,0.0,23,39.130434782608695,27.417874839420076,-24.29978966013505,7.919031935442956,-9.030235284911438,5 days 07:13:20,6 days 18:38:34.285714285,0.425448342335327,-2.188527460471615,-0.7998101237178025,-0.5820887027075696,0.9563042525119255,-1.1029182990668103,long
2353,"{'window_k': 147, 'window_d': 57, 'window_ma': 27}","open_time
2022-01-01 00:00:00    100.000000
2022-01-01 01:00:00    100.000000
2022-01-01 02:00:00    100.000000
2022-01-01 03:00:00    100.000000
2022-01-01 04:00:00    100.000000
                          ...    
2023-05-01 19:00:00     66.860618
2023-05-01 20:00:00     66.707069
2023-05-01 21:00:00     67.042956
2023-05-01 22:00:00     67.340455
2023-05-01 23:00:00     67.340455
Freq: H, Length: 11664, dtype: float64",2022-01-01,2023-05-01 23:00:00,486 days,100.0,62.46910165062141,111.7340588480866,67.34045548075784,-32.65954451924216,-70.17976286600607,26.311728395061728,100.0,44.09126250792136,439 days 04:00:00,93,0.0,47,34.78260869565217,21.53664767144822,-20.093245394587218,6.57148363708299,-4.318071593315185,3 days 13:15:00,2 days 04:26:00,0.7253537354406336,-0.678070444457765,-0.3670299860374945,-0.5827206861293471,0.9781208219429666,-0.5100991863257369,long
1323,"{'window_k': 87, 'window_d': 42, 'window_ma': 177}","open_time
2022-01-01 00:00:00    100.000000
2022-01-01 01:00:00    100.000000
2022-01-01 02:00:00    100.000000
2022-01-01 03:00:00    100.000000
2022-01-01 04:00:00    100.000000
                          ...    
2023-05-01 19:00:00     59.250584
2023-05-01 20:00:00     59.250584
2023-05-01 21:00:00     59.250584
2023-05-01 22:00:00     59.250584
2023-05-01 23:00:00     59.250584
Freq: H, Length: 11664, dtype: float64",2022-01-01,2023-05-01 23:00:00,486 days,100.0,47.24790196074396,106.81121847749235,59.25058356312441,-40.74941643687559,-70.17976286600607,43.04698216735254,100.0,55.76503794805018,469 days 22:00:00,136,0.0,68,38.23529411764706,22.196851339983166,-14.600313876373198,6.934960537053511,-5.079194072399579,3 days 23:34:36.923076923,2 days 12:22:51.428571428,0.7393831482136126,-0.5992561240716994,-0.1852566786761563,-0.5828530334526688,0.9902078681912977,-0.2835767075719869,long
1345,"{'window_k': 87, 'window_d': 72, 'window_ma': 27}","open_time
2022-01-01 00:00:00    100.000000
2022-01-01 01:00:00    100.000000
2022-01-01 02:00:00    100.000000
2022-01-01 03:00:00    100.000000
2022-01-01 04:00:00    100.000000
                          ...    
2023-05-01 19:00:00     60.881748
2023-05-01 20:00:00     60.881748
2023-05-01 21:00:00     60.881748
2023-05-01 22:00:00     60.881748
2023-05-01 23:00:00     60.881748
Freq: H, Length: 11664, dtype: float64",2022-01-01,2023-05-01 23:00:00,486 days,100.0,54.38907427783939,116.65400663774969,60.88174799059557,-39.11825200940443,-70.17976286600607,29.809670781893004,100.0,53.37573406566657,439 days 04:00:00,110,0.0,55,38.18181818181819,19.01096786607655,-17.183166525985772,6.335243362907776,-4.9431761457089625,3 days 12:02:51.428571428,2 days 02:21:10.588235294,0.7257314563999162,-0.7112409456255346,-0.4745076249313436,-0.5828864856907497,0.973731178153257,-0.6567382046805127,long
868,"{'window_k': 57, 'window_d': 102, 'window_ma': 72}","open_time
2022-01-01 00:00:00    100.000000
2022-01-01 01:00:00    100.000000
2022-01-01 02:00:00    100.000000
2022-01-01 03:00:00    100.000000
2022-01-01 04:00:00    100.000000
                          ...    
2023-05-01 19:00:00     56.240177
2023-05-01 20:00:00     56.240177
2023-05-01 21:00:00     56.240177
2023-05-01 22:00:00     56.240177
2023-05-01 23:00:00     56.240177
Freq: H, Length: 11664, dtype: float64",2022-01-01,2023-05-01 23:00:00,486 days,100.0,52.27846371684745,131.3712728033024,56.24017718192963,-43.75982281807037,-70.17976286600607,40.45781893004115,100.0,60.205558946572616,453 days 11:00:00,94,0.0,47,40.42553191489361,34.78205778003039,-20.879243183082917,9.02494696908405,-7.318248032740959,5 days 16:00:00,3 days 04:15:00,0.7678875938931438,-0.931060059958944,-0.2692834142543097,-0.5829203333499786,0.9855257812966023,-0.40106674282802685,long
1201,"{'window_k': 72, 'window_d': 177, 'window_ma': 27}","open_time
2022-01-01 00:00:00    100.000000
2022-01-01 01:00:00    100.000000
2022-01-01 02:00:00    100.000000
2022-01-01 03:00:00    100.000000
2022-01-01 04:00:00    100.000000
                          ...    
2023-05-01 19:00:00     46.484948
2023-05-01 20:00:00     46.378194
2023-05-01 21:00:00     46.611719
2023-05-01 22:00:00     46.818556
2023-05-01 23:00:00     46.818556
Freq: H, Length: 11664, dtype: float64",2022-01-01,2023-05-01 23:00:00,486 days,100.0,33.267700049883814,130.47576301615797,46.81855621840167,-53.18144378159834,-70.17976286600607,21.63923182441701,100.0,74.5027740931747,451 days 16:00:00,57,0.0,29,28.57142857142857,23.59739676840215,-29.682583116705423,10.021798752189627,-6.922580243673875,4 days 03:00:00,3 days 11:39:00,0.4851257843830977,-1.8774144620380229,-1.0967425747571289,-0.58312665382479,0.9307822571583687,-1.4865317657297519,long
3536,"{'window_k': 207, 'window_d': 207, 'window_ma': 12}","open_time
2022-01-01 00:00:00    100.000000
2022-01-01 01:00:00    100.000000
2022-01-01 02:00:00    100.000000
2022-01-01 03:00:00    100.000000
2022-01-01 04:00:00    100.000000
                          ...    
2023-05-01 19:00:00     62.574568
2023-05-01 20:00:00     62.574568
2023-05-01 21:00:00     62.574568
2023-05-01 22:00:00     62.574568
2023-05-01 23:00:00     62.574568
Freq: H, Length: 11664, dtype: float64",2022-01-01,2023-05-01 23:00:00,486 days,100.0,56.75645819990022,115.43453046342816,62.57456750938531,-37.42543249061469,-70.17976286600607,13.69170096021948,100.0,50.83233935977092,426 days 23:00:00,40,0.0,20,45.0,17.250973845297718,-23.306505700871895,5.240693175130348,-7.706873179131703,3 days 03:06:40,3 days 11:43:38.181818181,0.48438549741731435,-1.8712716245307353,-0.7850021761010815,-0.5838482145075982,0.9378006069870748,-1.0701803549500213,long
2743,"{'window_k': 162, 'window_d': 177, 'window_ma': 117}","open_time
2022-01-01 00:00:00    100.000000
2022-01-01 01:00:00    100.000000
2022-01-01 02:00:00    100.000000
2022-01-01 03:00:00    100.000000
2022-01-01 04:00:00    100.000000
                          ...    
2023-05-01 19:00:00     52.737348
2023-05-01 20:00:00     52.616235
2023-05-01 21:00:00     52.881171
2023-05-01 22:00:00     53.115828
2023-05-01 23:00:00     53.115828
Freq: H, Length: 11664, dtype: float64",2022-01-01,2023-05-01 23:00:00,486 days,100.0,43.82091774897186,124.40355194179949,53.115827889980274,-46.884172110019726,-70.17976286600607,30.829903978052126,100.0,64.7751876333299,451 days 16:00:00,47,0.0,24,34.78260869565217,31.97213083026901,-21.01994115724094,9.410174605592376,-8.372113824892647,6 days 22:22:30,6 days 05:20:00,0.5388989259053194,-2.0674041833207975,-0.6821259380390275,-0.5838996747125061,0.9630716569417472,-0.955487753250083,long
2541,"{'window_k': 147, 'window_d': 222, 'window_ma': 207}","open_time
2022-01-01 00:00:00    100.000000
2022-01-01 01:00:00    100.000000
2022-01-01 02:00:00    100.000000
2022-01-01 03:00:00    100.000000
2022-01-01 04:00:00    100.000000
                          ...    
2023-05-01 19:00:00     55.569581
2023-05-01 20:00:00     55.569581
2023-05-01 21:00:00     55.569581
2023-05-01 22:00:00     55.569581
2023-05-01 23:00:00     55.569581
Freq: H, Length: 11664, dtype: float64",2022-01-01,2023-05-01 23:00:00,486 days,100.0,46.642522958049476,119.8639315534481,55.56958081877136,-44.43041918122864,-70.17976286600607,33.7019890260631,100.0,61.08710739456158,451 days 16:00:00,40,0.0,20,25.0,44.092516205067774,-22.908277404921694,16.243311211001664,-8.10246559282329,11 days 09:12:00,7 days 03:00:00,0.5181953198140001,-2.221520959061433,-0.5579389853704995,-0.5840371942879625,0.970722827682882,-0.7720894536148469,long
1353,"{'window_k': 87, 'window_d': 72, 'window_ma': 147}","open_time
2022-01-01 00:00:00    100.000000
2022-01-01 01:00:00    100.000000
2022-01-01 02:00:00    100.000000
2022-01-01 03:00:00    100.000000
2022-01-01 04:00:00    100.000000
                          ...    
2023-05-01 19:00:00     52.330591
2023-05-01 20:00:00     52.330591
2023-05-01 21:00:00     52.330591
2023-05-01 22:00:00     52.330591
2023-05-01 23:00:00     52.330591
Freq: H, Length: 11664, dtype: float64",2022-01-01,2023-05-01 23:00:00,486 days,100.0,45.218213879713915,132.64245790059127,52.330591026298656,-47.669408973701344,-70.17976286600607,41.546639231824415,100.0,65.90969845145463,275 days 07:00:00,112,0.0,56,32.142857142857146,25.389863547758296,-17.18316652598577,9.793264725867301,-5.7736522476686964,5 days 08:53:20,2 days 18:28:25.263157894,0.7514491970420489,-0.8512394459589521,-0.34265497876481593,-0.5843425031687411,0.9818197914796838,-0.5144646936299724,long
2687,"{'window_k': 162, 'window_d': 117, 'window_ma': 237}","open_time
2022-01-01 00:00:00    100.000000
2022-01-01 01:00:00    100.000000
2022-01-01 02:00:00    100.000000
2022-01-01 03:00:00    100.000000
2022-01-01 04:00:00    100.000000
                          ...    
2023-05-01 19:00:00     48.834017
2023-05-01 20:00:00     48.721868
2023-05-01 21:00:00     48.967195
2023-05-01 22:00:00     49.184484
2023-05-01 23:00:00     49.184484
Freq: H, Length: 11664, dtype: float64",2022-01-01,2023-05-01 23:00:00,486 days,100.0,39.433282134150794,134.45237140945827,49.18448402786689,-50.81551597213312,-70.17976286600607,41.27229080932784,100.0,70.67118882264892,391 days 18:00:00,65,0.0,33,31.25,37.92476576702559,-25.816993464052285,13.02189258081654,-8.001626355612158,8 days 10:06:00,5 days 03:16:21.818181818,0.6333748069250423,-1.6004702471054513,-0.4838734031254818,-0.5845573192929042,0.9761100791443024,-0.6802370567651618,long
65,"{'window_k': 12, 'window_d': 72, 'window_ma': 27}","open_time
2022-01-01 00:00:00    100.000000
2022-01-01 01:00:00    100.000000
2022-01-01 02:00:00    100.000000
2022-01-01 03:00:00    100.000000
2022-01-01 04:00:00    100.000000
                          ...    
2023-05-01 19:00:00     57.050976
2023-05-01 20:00:00     57.050976
2023-05-01 21:00:00     57.050976
2023-05-01 22:00:00     57.050976
2023-05-01 23:00:00     57.050976
Freq: H, Length: 11664, dtype: float64",2022-01-01,2023-05-01 23:00:00,486 days,100.0,49.46903108412593,120.17476685536906,57.050976020829104,-42.949023979170896,-70.17976286600607,24.785665294924556,100.0,58.83575863836528,439 days 04:00:00,184,0.0,92,32.608695652173914,20.199390750484618,-13.441909755145295,4.495254467731239,-2.9195144132569797,1 days 23:22:00,0 days 23:52:07.868852459,0.6915571368734386,-0.4668372171649011,-0.6128271592262872,-0.5845687882273483,0.9602402368655923,-0.9119645194260866,long
2363,"{'window_k': 147, 'window_d': 57, 'window_ma': 177}","open_time
2022-01-01 00:00:00    100.000000
2022-01-01 01:00:00    100.000000
2022-01-01 02:00:00    100.000000
2022-01-01 03:00:00    100.000000
2022-01-01 04:00:00    100.000000
                          ...    
2023-05-01 19:00:00     62.296706
2023-05-01 20:00:00     62.153639
2023-05-01 21:00:00     62.466598
2023-05-01 22:00:00     62.743790
2023-05-01 23:00:00     62.743790
Freq: H, Length: 11664, dtype: float64",2022-01-01,2023-05-01 23:00:00,486 days,100.0,55.564431453260674,112.29601522236823,62.74378998459775,-37.25621001540225,-70.17976286600607,36.62551440329218,100.0,50.51967663925371,355 days 14:00:00,95,0.0,48,34.04255319148936,24.051876596580858,-20.0932453945872,8.385564314459222,-5.247833757010018,4 days 15:11:15,3 days 04:09:40.645161290,0.7374385261760655,-0.7635772874097082,-0.18292248122198784,-0.5846354347977906,0.9893062661225831,-0.27856567002584415,long
2543,"{'window_k': 147, 'window_d': 222, 'window_ma': 237}","open_time
2022-01-01 00:00:00    100.000000
2022-01-01 01:00:00    100.000000
2022-01-01 02:00:00    100.000000
2022-01-01 03:00:00    100.000000
2022-01-01 04:00:00    100.000000
                          ...    
2023-05-01 19:00:00     55.793462
2023-05-01 20:00:00     55.793462
2023-05-01 21:00:00     55.793462
2023-05-01 22:00:00     55.793462
2023-05-01 23:00:00     55.793462
Freq: H, Length: 11664, dtype: float64",2022-01-01,2023-05-01 23:00:00,486 days,100.0,47.185962314812464,119.8639315534481,55.793461639224006,-44.206538360775994,-70.17976286600607,33.410493827160494,100.0,60.63372717440697,451 days 16:00:00,40,0.0,20,25.0,44.09251620506777,-22.90827740492169,16.091134234814547,-8.04932443587592,11 days 11:48:00,6 days 23:52:00,0.519024561813676,-2.210326918038799,-0.5635317147189484,-0.5851959880659633,0.9703275433368052,-0.7825912449213057,long
1207,"{'window_k': 72, 'window_d': 177, 'window_ma': 117}","open_time
2022-01-01 00:00:00    100.000000
2022-01-01 01:00:00    100.000000
2022-01-01 02:00:00    100.000000
2022-01-01 03:00:00    100.000000
2022-01-01 04:00:00    100.000000
                          ...    
2023-05-01 19:00:00     43.689431
2023-05-01 20:00:00     43.589097
2023-05-01 21:00:00     43.808578
2023-05-01 22:00:00     44.002977
2023-05-01 23:00:00     44.002977
Freq: H, Length: 11664, dtype: float64",2022-01-01,2023-05-01 23:00:00,486 days,100.0,27.911923023717033,130.47576301615797,44.00297663911098,-55.99702336088902,-70.17976286600607,33.8477366255144,100.0,78.60758015244528,451 days 16:00:00,57,0.0,29,32.142857142857146,31.803527403754995,-29.68258311670543,12.717979473470804,-8.971258741095472,8 days 12:53:20,4 days 11:37:53.684210526,0.5587709313868745,-1.9792892723414561,-0.8467722129104015,-0.5854209488041211,0.9561831341660273,-1.1582057287327558,long
3766,"{'window_k': 222, 'window_d': 177, 'window_ma': 102}","open_time
2022-01-01 00:00:00    100.000000
2022-01-01 01:00:00    100.000000
2022-01-01 02:00:00    100.000000
2022-01-01 03:00:00    100.000000
2022-01-01 04:00:00    100.000000
                          ...    
2023-05-01 19:00:00     51.649063
2023-05-01 20:00:00     51.649063
2023-05-01 21:00:00     51.649063
2023-05-01 22:00:00     51.649063
2023-05-01 23:00:00     51.649063
Freq: H, Length: 11664, dtype: float64",2022-01-01,2023-05-01 23:00:00,486 days,100.0,39.99959798930315,120.49740932642486,51.64906293394833,-48.35093706605167,-70.17976286600607,31.189986282578875,100.0,66.80459919188377,451 days 16:00:00,44,0.0,22,18.181818181818183,47.46286218561553,-19.674247080516288,21.13529904676001,-7.31576945949855,11 days 19:00:00,5 days 19:13:20,0.48471166806852417,-2.1977698666387115,-0.7337041453960826,-0.5855317920337813,0.9600055500567259,-1.0078562805080902,long
291,"{'window_k': 27, 'window_d': 42, 'window_ma': 57}","open_time
2022-01-01 00:00:00    100.000000
2022-01-01 01:00:00    100.000000
2022-01-01 02:00:00    100.000000
2022-01-01 03:00:00    100.000000
2022-01-01 04:00:00    100.000000
                          ...    
2023-05-01 19:00:00     50.651705
2023-05-01 20:00:00     50.651705
2023-05-01 21:00:00     50.651705
2023-05-01 22:00:00     50.651705
2023-05-01 23:00:00     50.651705
Freq: H, Length: 11664, dtype: float64",2022-01-01,2023-05-01 23:00:00,486 days,100.0,31.69507134057829,100.0,50.65170472248842,-49.34829527751158,-70.17976286600607,37.834362139917694,100.0,68.3049286594217,481 days 07:00:00,212,0.0,106,33.9622641509434,23.5236358535559,-15.801114023591087,5.466097292192224,-3.516771666843199,2 days 09:03:20,1 days 09:42:00,0.6244155476871616,-0.46554995544822253,-0.38836491660632394,-0.5856287281861847,0.9779899656542702,-0.5988065396845043,long
3549,"{'window_k': 207, 'window_d': 207, 'window_ma': 207}","open_time
2022-01-01 00:00:00    100.000000
2022-01-01 01:00:00    100.000000
2022-01-01 02:00:00    100.000000
2022-01-01 03:00:00    100.000000
2022-01-01 04:00:00    100.000000
                          ...    
2023-05-01 19:00:00     55.755863
2023-05-01 20:00:00     55.755863
2023-05-01 21:00:00     55.755863
2023-05-01 22:00:00     55.755863
2023-05-01 23:00:00     55.755863
Freq: H, Length: 11664, dtype: float64",2022-01-01,2023-05-01 23:00:00,486 days,100.0,48.02778710336485,121.90755890691852,55.75586339785302,-44.24413660214698,-70.17976286600607,34.67935528120713,100.0,60.60310982025646,424 days 03:00:00,40,0.0,20,35.0,39.92373129950133,-23.3065057008719,11.861603019145765,-9.438859980507257,12 days 02:17:08.571428571,6 days 10:50:46.153846153,0.5248056692314839,-2.2122068301073496,-0.5151432307544495,-0.5860304745965168,0.9730618995008639,-0.7147832174365762,long
2765,"{'window_k': 162, 'window_d': 192, 'window_ma': 207}","open_time
2022-01-01 00:00:00    100.000000
2022-01-01 01:00:00    100.000000
2022-01-01 02:00:00    100.000000
2022-01-01 03:00:00    100.000000
2022-01-01 04:00:00    100.000000
                          ...    
2023-05-01 19:00:00     54.564689
2023-05-01 20:00:00     54.439379
2023-05-01 21:00:00     54.713494
2023-05-01 22:00:00     54.956283
2023-05-01 23:00:00     54.956283
Freq: H, Length: 11664, dtype: float64",2022-01-01,2023-05-01 23:00:00,486 days,100.0,46.123871808010655,120.59738643434972,54.95628258934383,-45.04371741065617,-70.17976286600607,34.224965706447186,100.0,61.75383797963203,451 days 16:00:00,43,0.0,22,28.57142857142857,39.2872855257369,-24.14402474044622,13.519160564457728,-8.210724548286276,10 days 18:19:59.999999999,6 days 18:16:00,0.5125838747884901,-2.136734100542281,-0.5513477857273449,-0.5863771159943024,0.9713354305797748,-0.7663420369927421,long
293,"{'window_k': 27, 'window_d': 42, 'window_ma': 87}","open_time
2022-01-01 00:00:00    100.000000
2022-01-01 01:00:00    100.000000
2022-01-01 02:00:00    100.000000
2022-01-01 03:00:00    100.000000
2022-01-01 04:00:00    100.000000
                          ...    
2023-05-01 19:00:00     50.865454
2023-05-01 20:00:00     50.865454
2023-05-01 21:00:00     50.865454
2023-05-01 22:00:00     50.865454
2023-05-01 23:00:00     50.865454
Freq: H, Length: 11664, dtype: float64",2022-01-01,2023-05-01 23:00:00,486 days,100.0,32.12119000849509,100.0,50.865453685387976,-49.134546314612024,-70.17976286600607,38.13443072702332,100.0,67.87880999150491,481 days 07:00:00,212,0.0,106,34.90566037735849,23.52363585355589,-15.801114023591081,5.352768498445857,-3.580068188766071,2 days 08:53:30.810810810,1 days 09:57:23.478260869,0.6302875359069774,-0.46353345579822613,-0.3831802363394663,-0.5865051705363182,0.978371126015509,-0.5909618979467534,long
3548,"{'window_k': 207, 'window_d': 207, 'window_ma': 192}","open_time
2022-01-01 00:00:00    100.00000
2022-01-01 01:00:00    100.00000
2022-01-01 02:00:00    100.00000
2022-01-01 03:00:00    100.00000
2022-01-01 04:00:00    100.00000
                         ...    
2023-05-01 19:00:00     55.06708
2023-05-01 20:00:00     55.06708
2023-05-01 21:00:00     55.06708
2023-05-01 22:00:00     55.06708
2023-05-01 23:00:00     55.06708
Freq: H, Length: 11664, dtype: float64",2022-01-01,2023-05-01 23:00:00,486 days,100.0,46.90436898948237,122.04478038250038,55.06707979583112,-44.93292020416888,-70.17976286600607,34.36213991769547,100.0,61.567902500639974,424 days 03:00:00,40,0.0,20,35.0,39.92373129950133,-23.306505700871888,13.365470460512622,-10.259042085337505,11 days 12:17:08.571428571,6 days 15:32:18.461538461,0.5520929451452489,-2.2466460102084445,-0.5466612629297336,-0.5865796023472992,0.9712991486544537,-0.75854732431326,long
3551,"{'window_k': 207, 'window_d': 207, 'window_ma': 237}","open_time
2022-01-01 00:00:00    100.000000
2022-01-01 01:00:00    100.000000
2022-01-01 02:00:00    100.000000
2022-01-01 03:00:00    100.000000
2022-01-01 04:00:00    100.000000
                          ...    
2023-05-01 19:00:00     56.060907
2023-05-01 20:00:00     56.060907
2023-05-01 21:00:00     56.060907
2023-05-01 22:00:00     56.060907
2023-05-01 23:00:00     56.060907
Freq: H, Length: 11664, dtype: float64",2022-01-01,2023-05-01 23:00:00,486 days,100.0,48.657158785210484,121.90755890691852,56.06090683372784,-43.93909316627216,-70.17976286600607,34.61076817558299,100.0,60.08684020786419,424 days 03:00:00,40,0.0,20,30.0,39.923731299501355,-23.3065057008719,13.716728469631176,-8.707457173224801,13 days 06:20:00,6 days 07:55:42.857142857,0.5266133195883842,-2.1969546583136084,-0.516451316277872,-0.5866590172883825,0.9729896514655882,-0.719118175010059,long
2684,"{'window_k': 162, 'window_d': 117, 'window_ma': 192}","open_time
2022-01-01 00:00:00    100.000000
2022-01-01 01:00:00    100.000000
2022-01-01 02:00:00    100.000000
2022-01-01 03:00:00    100.000000
2022-01-01 04:00:00    100.000000
                          ...    
2023-05-01 19:00:00     48.039322
2023-05-01 20:00:00     47.928998
2023-05-01 21:00:00     48.170332
2023-05-01 22:00:00     48.384086
2023-05-01 23:00:00     48.384086
Freq: H, Length: 11664, dtype: float64",2022-01-01,2023-05-01 23:00:00,486 days,100.0,38.79156882396769,136.69529572144597,48.38408557389602,-51.615914426103984,-70.17976286600607,41.70096021947874,100.0,71.62186992666075,391 days 18:00:00,65,0.0,33,31.25,37.92476576702558,-25.816993464052292,13.208765871609613,-8.130432994676182,8 days 09:54:00,5 days 05:38:10.909090909,0.6336772350500638,-1.6252795194068157,-0.498862148623755,-0.5868333763822781,0.9755374960629791,-0.7010739609053448,long
2446,"{'window_k': 147, 'window_d': 132, 'window_ma': 222}","open_time
2022-01-01 00:00:00    100.000000
2022-01-01 01:00:00    100.000000
2022-01-01 02:00:00    100.000000
2022-01-01 03:00:00    100.000000
2022-01-01 04:00:00    100.000000
                          ...    
2023-05-01 19:00:00     53.328685
2023-05-01 20:00:00     53.206214
2023-05-01 21:00:00     53.474120
2023-05-01 22:00:00     53.711409
2023-05-01 23:00:00     53.711409
Freq: H, Length: 11664, dtype: float64",2022-01-01,2023-05-01 23:00:00,486 days,100.0,46.33229620566464,127.14449729375102,53.71140857455821,-46.28859142544179,-70.17976286600607,38.81172839506173,100.0,63.55933823968816,451 days 16:00:00,63,0.0,32,32.25806451612903,33.13161875945538,-13.416733616435202,11.348085529446601,-7.443926551995251,7 days 12:06:00,5 days 06:28:34.285714285,0.6167059563658123,-1.489723511620539,-0.4786859225820126,-0.5868426072354409,0.9768974770519877,-0.6629613748433839,long
2797,"{'window_k': 162, 'window_d': 222, 'window_ma': 207}","open_time
2022-01-01 00:00:00    100.000000
2022-01-01 01:00:00    100.000000
2022-01-01 02:00:00    100.000000
2022-01-01 03:00:00    100.000000
2022-01-01 04:00:00    100.000000
                          ...    
2023-05-01 19:00:00     57.168603
2023-05-01 20:00:00     57.168603
2023-05-01 21:00:00     57.168603
2023-05-01 22:00:00     57.168603
2023-05-01 23:00:00     57.168603
Freq: H, Length: 11664, dtype: float64",2022-01-01,2023-05-01 23:00:00,486 days,100.0,49.46900612730899,119.00080963912175,57.168602915248044,-42.831397084751956,-70.17976286600607,34.164951989026065,100.0,58.42968944721705,424 days 03:00:00,38,0.0,19,31.57894736842105,43.72891301158866,-22.326621923937363,13.465670605322291,-9.101948486302586,12 days 14:10:00,6 days 23:04:36.923076923,0.5253126606331884,-2.254284057092209,-0.5225110871523216,-0.5868931617607221,0.9725659756083429,-0.722692602348019,long
3676,"{'window_k': 222, 'window_d': 87, 'window_ma': 192}","open_time
2022-01-01 00:00:00    100.000000
2022-01-01 01:00:00    100.000000
2022-01-01 02:00:00    100.000000
2022-01-01 03:00:00    100.000000
2022-01-01 04:00:00    100.000000
                          ...    
2023-05-01 19:00:00     53.327745
2023-05-01 20:00:00     53.205276
2023-05-01 21:00:00     53.473177
2023-05-01 22:00:00     53.710462
2023-05-01 23:00:00     53.710462
Freq: H, Length: 11664, dtype: float64",2022-01-01,2023-05-01 23:00:00,486 days,100.0,41.5250896244929,113.90400857754061,53.71046184368497,-46.28953815631503,-70.17976286600607,40.85219478737997,100.0,63.54378555849986,309 days 12:00:00,67,0.0,34,33.33333333333333,30.629652605459057,-21.523959151610374,13.918851531772852,-8.653116689257216,9 days 12:16:21.818181818,4 days 02:40:54.545454545,0.681801816379946,-1.4203414406699855,-0.30562126331397166,-0.5869993023104555,0.9836617841751203,-0.46168813451002405,long
4044,"{'window_k': 237, 'window_d': 192, 'window_ma': 192}","open_time
2022-01-01 00:00:00    100.000000
2022-01-01 01:00:00    100.000000
2022-01-01 02:00:00    100.000000
2022-01-01 03:00:00    100.000000
2022-01-01 04:00:00    100.000000
                          ...    
2023-05-01 19:00:00     53.991152
2023-05-01 20:00:00     53.991152
2023-05-01 21:00:00     53.991152
2023-05-01 22:00:00     53.991152
2023-05-01 23:00:00     53.991152
Freq: H, Length: 11664, dtype: float64",2022-01-01,2023-05-01 23:00:00,486 days,100.0,45.814271135742416,124.20029149462377,53.991151827893546,-46.008848172106454,-70.17976286600607,34.15637860082305,100.0,63.11258968524598,424 days 03:00:00,38,0.0,19,31.57894736842105,37.606336168964546,-24.463283056258927,15.03862771110606,-10.1829177575254,12 days 06:10:00,7 days 02:41:32.307692307,0.5395813991691101,-2.421518324847708,-0.5724784080523215,-0.5871131158054972,0.9699150142326324,-0.7937460993534409,long
2183,"{'window_k': 132, 'window_d': 132, 'window_ma': 117}","open_time
2022-01-01 00:00:00    100.000000
2022-01-01 01:00:00    100.000000
2022-01-01 02:00:00    100.000000
2022-01-01 03:00:00    100.000000
2022-01-01 04:00:00    100.000000
                          ...    
2023-05-01 19:00:00     53.032716
2023-05-01 20:00:00     52.910924
2023-05-01 21:00:00     53.177344
2023-05-01 22:00:00     53.413315
2023-05-01 23:00:00     53.413315
Freq: H, Length: 11664, dtype: float64",2022-01-01,2023-05-01 23:00:00,486 days,100.0,46.36144361940824,128.65678247399867,53.413315294589644,-46.586684705410356,-70.17976286600607,36.66838134430727,100.0,63.965021720656026,451 days 16:00:00,63,0.0,32,32.25806451612903,32.67667722826836,-17.430635252818483,9.759099941270406,-6.8260801850089035,6 days 07:36:00,5 days 07:57:08.571428571,0.5960727883552494,-1.5116360080747206,-0.5439448017251306,-0.5872092727953855,0.9727266196978217,-0.7522436521924392,long
2799,"{'window_k': 162, 'window_d': 222, 'window_ma': 237}","open_time
2022-01-01 00:00:00    100.000000
2022-01-01 01:00:00    100.000000
2022-01-01 02:00:00    100.000000
2022-01-01 03:00:00    100.000000
2022-01-01 04:00:00    100.000000
                          ...    
2023-05-01 19:00:00     57.542913
2023-05-01 20:00:00     57.542913
2023-05-01 21:00:00     57.542913
2023-05-01 22:00:00     57.542913
2023-05-01 23:00:00     57.542913
Freq: H, Length: 11664, dtype: float64",2022-01-01,2023-05-01 23:00:00,486 days,100.0,50.170917563328885,119.00080963912175,57.54291280635566,-42.45708719364434,-70.17976286600607,33.933470507544584,100.0,57.83985191741494,424 days 03:00:00,38,0.0,19,31.57894736842105,43.728913011588666,-22.326621923937356,13.337447211676471,-9.016085395442602,12 days 16:19:59.999999999,6 days 20:00:00,0.527604737393858,-2.2345835365075977,-0.5239795789303615,-0.5872964397996335,0.9724121416138928,-0.7273248718796591,long
3301,"{'window_k': 192, 'window_d': 222, 'window_ma': 87}","open_time
2022-01-01 00:00:00    100.000000
2022-01-01 01:00:00    100.000000
2022-01-01 02:00:00    100.000000
2022-01-01 03:00:00    100.000000
2022-01-01 04:00:00    100.000000
                          ...    
2023-05-01 19:00:00     54.714555
2023-05-01 20:00:00     54.714555
2023-05-01 21:00:00     54.714555
2023-05-01 22:00:00     54.714555
2023-05-01 23:00:00     54.714555
Freq: H, Length: 11664, dtype: float64",2022-01-01,2023-05-01 23:00:00,486 days,100.0,44.80207539636587,117.92266543878726,54.714555370155125,-45.285444629844875,-70.17976286600607,34.38786008230453,100.0,62.007239889245646,349 days 17:00:00,38,0.0,19,31.57894736842105,26.903927715286763,-22.845735832316745,12.614820903537014,-9.232962274932236,10 days 05:30:00,8 days 03:13:50.769230769,0.5002595802115758,-2.3834444542023614,-0.607256707847082,-0.5873810106584518,0.9684782625747781,-0.8375933334384633,long
3252,"{'window_k': 192, 'window_d': 177, 'window_ma': 72}","open_time
2022-01-01 00:00:00    100.000000
2022-01-01 01:00:00    100.000000
2022-01-01 02:00:00    100.000000
2022-01-01 03:00:00    100.000000
2022-01-01 04:00:00    100.000000
                          ...    
2023-05-01 19:00:00     50.860663
2023-05-01 20:00:00     50.743859
2023-05-01 21:00:00     50.999367
2023-05-01 22:00:00     51.225674
2023-05-01 23:00:00     51.225674
Freq: H, Length: 11664, dtype: float64",2022-01-01,2023-05-01 23:00:00,486 days,100.0,39.40701504095229,120.1814177852349,51.22567397443646,-48.77432602556354,-70.17976286600607,27.829218106995885,100.0,67.21039261545997,453 days 11:00:00,47,0.0,24,34.78260869565217,33.85386543281278,-23.75165709235528,7.697068957692559,-8.214251702964114,4 days 16:52:30,6 days 03:21:25.714285714,0.427848262149728,-2.1310971055544345,-0.699987401517379,-0.587579238710879,0.9594219893302446,-0.9725152043280954,long
2705,"{'window_k': 162, 'window_d': 147, 'window_ma': 27}","open_time
2022-01-01 00:00:00    100.000000
2022-01-01 01:00:00    100.000000
2022-01-01 02:00:00    100.000000
2022-01-01 03:00:00    100.000000
2022-01-01 04:00:00    100.000000
                          ...    
2023-05-01 19:00:00     51.652632
2023-05-01 20:00:00     51.534010
2023-05-01 21:00:00     51.793496
2023-05-01 22:00:00     52.023327
2023-05-01 23:00:00     52.023327
Freq: H, Length: 11664, dtype: float64",2022-01-01,2023-05-01 23:00:00,486 days,100.0,44.70227030025293,131.4492425955234,52.02332718007461,-47.97667281992539,-70.17976286600607,25.497256515775035,100.0,65.99275171344708,451 days 16:00:00,55,0.0,28,33.33333333333333,26.0456703594845,-14.220018034265111,7.825531131695058,-6.858335819472152,3 days 15:20:00,4 days 22:36:40,0.5320768133752359,-1.75027869059242,-0.8693732912131976,-0.5877187035148757,0.9485570864230513,-1.1994387029497928,long
2220,"{'window_k': 132, 'window_d': 162, 'window_ma': 192}","open_time
2022-01-01 00:00:00    100.000000
2022-01-01 01:00:00    100.000000
2022-01-01 02:00:00    100.000000
2022-01-01 03:00:00    100.000000
2022-01-01 04:00:00    100.000000
                          ...    
2023-05-01 19:00:00     47.952315
2023-05-01 20:00:00     47.842191
2023-05-01 21:00:00     48.083088
2023-05-01 22:00:00     48.296454
2023-05-01 23:00:00     48.296454
Freq: H, Length: 11664, dtype: float64",2022-01-01,2023-05-01 23:00:00,486 days,100.0,38.47209921323065,135.62865195810767,48.29645408630572,-51.703545913694285,-70.17976286600607,38.92318244170096,100.0,71.63423903592751,391 days 18:00:00,53,0.0,27,30.76923076923077,36.66220835190964,-26.321913380736916,16.705796134679247,-9.914461504771605,10 days 06:22:30,5 days 20:03:19.999999999,0.6273620650468794,-1.9875390308155318,-0.6109583910546071,-0.5878330648313611,0.9698054278223042,-0.8468407606973619,long
3985,"{'window_k': 237, 'window_d': 147, 'window_ma': 27}","open_time
2022-01-01 00:00:00    100.000000
2022-01-01 01:00:00    100.000000
2022-01-01 02:00:00    100.000000
2022-01-01 03:00:00    100.000000
2022-01-01 04:00:00    100.000000
                          ...    
2023-05-01 19:00:00     54.102770
2023-05-01 20:00:00     53.978521
2023-05-01 21:00:00     54.250316
2023-05-01 22:00:00     54.491049
2023-05-01 23:00:00     54.491049
Freq: H, Length: 11664, dtype: float64",2022-01-01,2023-05-01 23:00:00,486 days,100.0,49.12275309745617,130.2521388140409,54.491048565780176,-45.508951434219824,-70.17976286600607,23.713991769547324,100.0,62.28641345568382,353 days 18:00:00,49,0.0,25,25.0,27.463677874636787,-14.988614988614987,11.319925288046916,-6.501266323922211,5 days 05:10:00,4 days 14:36:40,0.5479521630438002,-1.91044319955593,-0.7156919211010183,-0.5878814553242333,0.9528816191621816,-1.0462534106513763,long
1722,"{'window_k': 102, 'window_d': 177, 'window_ma': 162}","open_time
2022-01-01 00:00:00    100.000000
2022-01-01 01:00:00    100.000000
2022-01-01 02:00:00    100.000000
2022-01-01 03:00:00    100.000000
2022-01-01 04:00:00    100.000000
                          ...    
2023-05-01 19:00:00     45.137700
2023-05-01 20:00:00     45.034040
2023-05-01 21:00:00     45.260797
2023-05-01 22:00:00     45.461640
2023-05-01 23:00:00     45.461640
Freq: H, Length: 11664, dtype: float64",2022-01-01,2023-05-01 23:00:00,486 days,100.0,33.82429616477238,140.47821688246182,45.46163973407038,-54.53836026592962,-70.17976286600607,33.98491083676269,100.0,75.9220348069529,391 days 18:00:00,51,0.0,26,32.0,48.33638583638581,-44.82603056448429,17.552740999283564,-10.5238699501264,9 days 17:00:00,5 days 00:45:52.941176470,0.5774075680935916,-2.1916413164352675,-0.7268528261208698,-0.5884994028442032,0.9616573134906192,-0.9858892613849924,long
791,"{'window_k': 57, 'window_d': 27, 'window_ma': 117}","open_time
2022-01-01 00:00:00    100.0000
2022-01-01 01:00:00    100.0000
2022-01-01 02:00:00    100.0000
2022-01-01 03:00:00    100.0000
2022-01-01 04:00:00    100.0000
                         ...   
2023-05-01 19:00:00     41.5991
2023-05-01 20:00:00     41.5991
2023-05-01 21:00:00     41.5991
2023-05-01 22:00:00     41.5991
2023-05-01 23:00:00     41.5991
Freq: H, Length: 11664, dtype: float64",2022-01-01,2023-05-01 23:00:00,486 days,100.0,18.344655848992748,101.8232648596086,41.59909996066175,-58.40090003933825,-70.17976286600607,40.32064471879287,100.0,81.9838267076921,481 days 09:00:00,234,0.0,117,37.60683760683761,26.307237813884782,-14.919252771730884,5.361105880503955,-4.104692163445835,2 days 03:32:43.636363636,1 days 09:21:22.191780821,0.5543113954118636,-0.4991529917892157,-0.5610799058576771,-0.588515150009125,0.9696650525008985,-0.8592849286563317,long
3005,"{'window_k': 177, 'window_d': 177, 'window_ma': 207}","open_time
2022-01-01 00:00:00    100.000000
2022-01-01 01:00:00    100.000000
2022-01-01 02:00:00    100.000000
2022-01-01 03:00:00    100.000000
2022-01-01 04:00:00    100.000000
                          ...    
2023-05-01 19:00:00     51.476845
2023-05-01 20:00:00     51.358626
2023-05-01 21:00:00     51.617230
2023-05-01 22:00:00     51.846279
2023-05-01 23:00:00     51.846279
Freq: H, Length: 11664, dtype: float64",2022-01-01,2023-05-01 23:00:00,486 days,100.0,41.06749291817792,121.39054181020984,51.84627851255629,-48.15372148744371,-70.17976286600607,37.68861454046639,100.0,66.16911638603146,451 days 16:00:00,47,0.0,24,26.08695652173913,43.465491923641714,-22.65272427077601,16.121777003138273,-8.402703053047762,10 days 17:49:59.999999999,6 days 22:28:14.117647058,0.5115098765951774,-2.144075750220669,-0.5775915522966124,-0.5885177946898971,0.971398884624743,-0.8077627485316273,long
3507,"{'window_k': 207, 'window_d': 177, 'window_ma': 57}","open_time
2022-01-01 00:00:00    100.000000
2022-01-01 01:00:00    100.000000
2022-01-01 02:00:00    100.000000
2022-01-01 03:00:00    100.000000
2022-01-01 04:00:00    100.000000
                          ...    
2023-05-01 19:00:00     52.486853
2023-05-01 20:00:00     52.366315
2023-05-01 21:00:00     52.629992
2023-05-01 22:00:00     52.863535
2023-05-01 23:00:00     52.863535
Freq: H, Length: 11664, dtype: float64",2022-01-01,2023-05-01 23:00:00,486 days,100.0,42.76799321500697,120.90645596314259,52.86353525781733,-47.13646474218267,-70.17976286600607,24.742798353909464,100.0,64.62720466470006,424 days 03:00:00,45,0.0,23,27.27272727272727,29.07173790246657,-15.137520525451562,9.106199802675967,-6.725049962578376,4 days 06:30:00,5 days 21:30:00,0.4253439341666304,-2.1477031503022714,-0.8170096872301061,-0.5886707956027166,0.9489860789892552,-1.157846931707939,long
2190,"{'window_k': 132, 'window_d': 132, 'window_ma': 222}","open_time
2022-01-01 00:00:00    100.000000
2022-01-01 01:00:00    100.000000
2022-01-01 02:00:00    100.000000
2022-01-01 03:00:00    100.000000
2022-01-01 04:00:00    100.000000
                          ...    
2023-05-01 19:00:00     50.857131
2023-05-01 20:00:00     50.740336
2023-05-01 21:00:00     50.995826
2023-05-01 22:00:00     51.222117
2023-05-01 23:00:00     51.222117
Freq: H, Length: 11664, dtype: float64",2022-01-01,2023-05-01 23:00:00,486 days,100.0,42.38010668544147,128.65678247399867,51.22211701099279,-48.77788298900721,-70.17976286600607,39.360425240054866,100.0,67.0595627603182,451 days 16:00:00,63,0.0,32,29.03225806451613,32.67667722826835,-17.43063525281847,11.910652759219158,-7.074316238431409,7 days 21:00:00,5 days 08:00:00,0.5867234000642985,-1.5819571875962963,-0.5317540138464205,-0.5889478727019448,0.974587749872179,-0.7360179367902403,long
3713,"{'window_k': 222, 'window_d': 132, 'window_ma': 27}","open_time
2022-01-01 00:00:00    100.000000
2022-01-01 01:00:00    100.000000
2022-01-01 02:00:00    100.000000
2022-01-01 03:00:00    100.000000
2022-01-01 04:00:00    100.000000
                          ...    
2023-05-01 19:00:00     51.011426
2023-05-01 20:00:00     50.894276
2023-05-01 21:00:00     51.150541
2023-05-01 22:00:00     51.377519
2023-05-01 23:00:00     51.377519
Freq: H, Length: 11664, dtype: float64",2022-01-01,2023-05-01 23:00:00,486 days,100.0,41.08525920673982,123.69554810914313,51.377518972364726,-48.622481027635274,-70.17976286600607,25.694444444444443,100.0,66.78517550972157,451 days 16:00:00,53,0.0,27,30.76923076923077,19.701954712599168,-15.110958590711506,8.328529827244404,-6.814593129903268,3 days 20:15:00,5 days 03:03:20,0.4911961602834283,-1.8723483053392085,-0.7074917937908719,-0.5893040614999422,0.9542479151445022,-1.0101346205988242,long
2042,"{'window_k': 117, 'window_d': 237, 'window_ma': 162}","open_time
2022-01-01 00:00:00    100.000000
2022-01-01 01:00:00    100.000000
2022-01-01 02:00:00    100.000000
2022-01-01 03:00:00    100.000000
2022-01-01 04:00:00    100.000000
                          ...    
2023-05-01 19:00:00     54.203612
2023-05-01 20:00:00     54.203612
2023-05-01 21:00:00     54.203612
2023-05-01 22:00:00     54.203612
2023-05-01 23:00:00     54.203612
Freq: H, Length: 11664, dtype: float64",2022-01-01,2023-05-01 23:00:00,486 days,100.0,44.48552149430961,118.77425944841674,54.2036115942904,-45.7963884057096,-70.17976286600607,34.72222222222222,100.0,62.54615966380366,451 days 16:00:00,44,0.0,22,27.27272727272727,43.707832208858896,-22.227191413237918,13.856150965550034,-7.805757101309571,9 days 16:10:00,6 days 22:03:45,0.5034059438268199,-2.0816540184413452,-0.5617707431838027,-0.589457335302774,0.9711489356999287,-0.7849920792364534,long
3849,"{'window_k': 237, 'window_d': 12, 'window_ma': 147}","open_time
2022-01-01 00:00:00    100.000000
2022-01-01 01:00:00    100.000000
2022-01-01 02:00:00    100.000000
2022-01-01 03:00:00    100.000000
2022-01-01 04:00:00    100.000000
                          ...    
2023-05-01 19:00:00     44.592563
2023-05-01 20:00:00     44.490155
2023-05-01 21:00:00     44.714174
2023-05-01 22:00:00     44.912590
2023-05-01 23:00:00     44.912590
Freq: H, Length: 11664, dtype: float64",2022-01-01,2023-05-01 23:00:00,486 days,100.0,29.003405083926786,123.9509241940599,44.912590369864816,-55.087409630135184,-70.17976286600607,40.62071330589849,100.0,76.60089646567015,454 days 07:00:00,437,0.0,219,33.94495412844037,24.026093348033807,-16.33320749968543,4.252096080189141,-2.562747566702735,1 days 09:40:32.432432432,0 days 15:32:30,0.7479137109308681,-0.25204861351561747,-0.4832469612669531,-0.5898442734322187,0.9740205319858766,-0.7352667294710883,long
2413,"{'window_k': 147, 'window_d': 102, 'window_ma': 207}","open_time
2022-01-01 00:00:00    100.000000
2022-01-01 01:00:00    100.000000
2022-01-01 02:00:00    100.000000
2022-01-01 03:00:00    100.000000
2022-01-01 04:00:00    100.000000
                          ...    
2023-05-01 19:00:00     51.305172
2023-05-01 20:00:00     51.187347
2023-05-01 21:00:00     51.445088
2023-05-01 22:00:00     51.673373
2023-05-01 23:00:00     51.673373
Freq: H, Length: 11664, dtype: float64",2022-01-01,2023-05-01 23:00:00,486 days,100.0,41.52900016969213,123.0866941886313,51.67337292372748,-48.32662707627252,-70.17976286600607,40.74931412894376,100.0,66.2603659612073,451 days 16:00:00,71,0.0,36,28.57142857142857,30.913134484563066,-21.607480797061108,15.05515503509352,-7.628583743362031,8 days 02:42:00,4 days 12:19:12,0.6653637884722449,-1.3803399721018645,-0.4426462265789149,-0.5900163012560096,0.977826799092729,-0.6221016697938075,long
3806,"{'window_k': 222, 'window_d': 207, 'window_ma': 222}","open_time
2022-01-01 00:00:00    100.000000
2022-01-01 01:00:00    100.000000
2022-01-01 02:00:00    100.000000
2022-01-01 03:00:00    100.000000
2022-01-01 04:00:00    100.000000
                          ...    
2023-05-01 19:00:00     52.861787
2023-05-01 20:00:00     52.861787
2023-05-01 21:00:00     52.861787
2023-05-01 22:00:00     52.861787
2023-05-01 23:00:00     52.861787
Freq: H, Length: 11664, dtype: float64",2022-01-01,2023-05-01 23:00:00,486 days,100.0,42.19918359587314,118.80459770114943,52.86178657217703,-47.13821342782297,-70.17976286600607,32.97325102880658,100.0,64.48017634635292,451 days 16:00:00,38,0.0,19,36.84210526315789,39.53488372093021,-23.347677369524433,11.681725311319745,-10.517517160391458,10 days 22:51:25.714285714,6 days 23:10:00,0.4845818867412829,-2.4809586014643674,-0.5889725486500532,-0.5900369593819256,0.9689171663259001,-0.8159707809239505,long
296,"{'window_k': 27, 'window_d': 42, 'window_ma': 132}","open_time
2022-01-01 00:00:00    100.000000
2022-01-01 01:00:00    100.000000
2022-01-01 02:00:00    100.000000
2022-01-01 03:00:00    100.000000
2022-01-01 04:00:00    100.000000
                          ...    
2023-05-01 19:00:00     50.204181
2023-05-01 20:00:00     50.204181
2023-05-01 21:00:00     50.204181
2023-05-01 22:00:00     50.204181
2023-05-01 23:00:00     50.204181
Freq: H, Length: 11664, dtype: float64",2022-01-01,2023-05-01 23:00:00,486 days,100.0,31.53645387905893,100.0,50.204181287167316,-49.795818712832684,-70.17976286600607,38.065843621399175,100.0,68.46354612094107,481 days 07:00:00,212,0.0,106,34.90566037735849,23.523635853555913,-15.80111402359108,5.36843634020066,-3.6066555419784665,2 days 09:01:37.297297297,1 days 09:46:05.217391304,0.6245134920032382,-0.4697718746493652,-0.3965200380021312,-0.5900934986272739,0.9776000142970285,-0.610878305514528,long
3584,"{'window_k': 222, 'window_d': 12, 'window_ma': 12}","open_time
2022-01-01 00:00:00    100.000000
2022-01-01 01:00:00    100.000000
2022-01-01 02:00:00    100.000000
2022-01-01 03:00:00    100.000000
2022-01-01 04:00:00    100.000000
                          ...    
2023-05-01 19:00:00     50.213380
2023-05-01 20:00:00     50.098063
2023-05-01 21:00:00     50.350319
2023-05-01 22:00:00     50.350319
2023-05-01 23:00:00     50.350319
Freq: H, Length: 11664, dtype: float64",2022-01-01,2023-05-01 23:00:00,486 days,100.0,34.6782453960322,109.15677410570395,50.35031894911022,-49.64968105088978,-70.17976286600607,29.19238683127572,100.0,68.23078944926414,464 days 22:00:00,432,0.0,216,31.944444444444443,31.871806781235478,-16.333207499685432,3.920477437148548,-2.175010761541254,0 days 23:46:57.391304347,0 days 12:03:17.260273972,0.736694063346676,-0.22985963449485958,-0.481774892940147,-0.5901975705761037,0.9684850808431031,-0.7539762748037525,long
2279,"{'window_k': 132, 'window_d': 222, 'window_ma': 117}","open_time
2022-01-01 00:00:00    100.000000
2022-01-01 01:00:00    100.000000
2022-01-01 02:00:00    100.000000
2022-01-01 03:00:00    100.000000
2022-01-01 04:00:00    100.000000
                          ...    
2023-05-01 19:00:00     51.001105
2023-05-01 20:00:00     51.001105
2023-05-01 21:00:00     51.001105
2023-05-01 22:00:00     51.001105
2023-05-01 23:00:00     51.001105
Freq: H, Length: 11664, dtype: float64",2022-01-01,2023-05-01 23:00:00,486 days,100.0,39.34835483246419,120.12396694214875,51.001105052732555,-48.998894947267445,-70.17976286600607,29.12379972565158,100.0,67.24354362072124,451 days 16:00:00,42,0.0,21,33.33333333333333,25.14222793173059,-22.86544479213231,7.924347321901138,-7.930223630518437,8 days 12:08:34.285714285,5 days 20:34:17.142857142,0.39708584084011056,-2.3332807117746395,-0.7760496585832218,-0.5902538632296984,0.9568446513528401,-1.073093746450851,long
3749,"{'window_k': 222, 'window_d': 162, 'window_ma': 87}","open_time
2022-01-01 00:00:00    100.000000
2022-01-01 01:00:00    100.000000
2022-01-01 02:00:00    100.000000
2022-01-01 03:00:00    100.000000
2022-01-01 04:00:00    100.000000
                          ...    
2023-05-01 19:00:00     52.350354
2023-05-01 20:00:00     52.230130
2023-05-01 21:00:00     52.493121
2023-05-01 22:00:00     52.726057
2023-05-01 23:00:00     52.726057
Freq: H, Length: 11664, dtype: float64",2022-01-01,2023-05-01 23:00:00,486 days,100.0,42.62716572073937,120.59738643434972,52.7260566644858,-47.2739433355142,-70.17976286600607,34.405006858710564,100.0,64.65332543177081,451 days 16:00:00,47,0.0,24,30.434782608695656,32.06678180771445,-23.320420586607643,12.83959227564034,-8.540447174127207,9 days 11:34:17.142857142,6 days 06:18:45,0.5388652133862544,-2.0841382318207207,-0.536674387118803,-0.5903052316017808,0.9709203838056948,-0.7694764476175195,long
3040,"{'window_k': 177, 'window_d': 222, 'window_ma': 12}","open_time
2022-01-01 00:00:00    100.000000
2022-01-01 01:00:00    100.000000
2022-01-01 02:00:00    100.000000
2022-01-01 03:00:00    100.000000
2022-01-01 04:00:00    100.000000
                          ...    
2023-05-01 19:00:00     61.596073
2023-05-01 20:00:00     61.596073
2023-05-01 21:00:00     61.596073
2023-05-01 22:00:00     61.596073
2023-05-01 23:00:00     61.596073
Freq: H, Length: 11664, dtype: float64",2022-01-01,2023-05-01 23:00:00,486 days,100.0,56.2847895856763,116.4525170730279,61.59607292450908,-38.40392707549092,-70.17976286600607,13.254458161865571,100.0,51.667176459243166,426 days 23:00:00,38,0.0,19,31.57894736842105,16.002936318590567,-22.65790353124652,7.221581213567328,-6.380461525397039,4 days 02:40:00,3 days 01:23:04.615384615,0.46283423985357164,-2.021259319762681,-0.8634405339834936,-0.5904299441791538,0.9306173915175896,-1.1693452543681173,long
3850,"{'window_k': 237, 'window_d': 12, 'window_ma': 162}","open_time
2022-01-01 00:00:00    100.000000
2022-01-01 01:00:00    100.000000
2022-01-01 02:00:00    100.000000
2022-01-01 03:00:00    100.000000
2022-01-01 04:00:00    100.000000
                          ...    
2023-05-01 19:00:00     44.433530
2023-05-01 20:00:00     44.331487
2023-05-01 21:00:00     44.554707
2023-05-01 22:00:00     44.752416
2023-05-01 23:00:00     44.752416
Freq: H, Length: 11664, dtype: float64",2022-01-01,2023-05-01 23:00:00,486 days,100.0,28.819999151338887,123.9509241940599,44.752415622117006,-55.247584377882994,-70.17976286600607,40.38065843621399,100.0,76.74886303694053,454 days 07:00:00,437,0.0,219,33.48623853211009,24.026093348033807,-16.333207499685418,4.3031766777731,-2.5439518990784937,1 days 09:55:53.424657534,0 days 15:20:41.379310344,0.7467670781031054,-0.2527856636738821,-0.48770849972786895,-0.590621006402735,0.9737110696380443,-0.7421152064081016,long
1493,"{'window_k': 87, 'window_d': 207, 'window_ma': 87}","open_time
2022-01-01 00:00:00    100.000000
2022-01-01 01:00:00    100.000000
2022-01-01 02:00:00    100.000000
2022-01-01 03:00:00    100.000000
2022-01-01 04:00:00    100.000000
                          ...    
2023-05-01 19:00:00     44.844203
2023-05-01 20:00:00     44.741217
2023-05-01 21:00:00     44.966500
2023-05-01 22:00:00     45.166036
2023-05-01 23:00:00     45.166036
Freq: H, Length: 11664, dtype: float64",2022-01-01,2023-05-01 23:00:00,486 days,100.0,29.181398551832253,122.0274950152167,45.1660360012791,-54.83396399872089,-70.17976286600607,32.85322359396434,100.0,76.0862102854825,451 days 16:00:00,49,0.0,25,37.5,30.390299355816623,-38.4896176171384,14.38363510035077,-11.840272150158757,8 days 17:13:20,5 days 08:08:00,0.5596092536005441,-2.3000355650034283,-0.8490870337389406,-0.5907830081903219,0.9548913439799013,-1.1281636223580969,long
166,"{'window_k': 12, 'window_d': 162, 'window_ma': 102}","open_time
2022-01-01 00:00:00    100.000000
2022-01-01 01:00:00    100.000000
2022-01-01 02:00:00    100.000000
2022-01-01 03:00:00    100.000000
2022-01-01 04:00:00    100.000000
                          ...    
2023-05-01 19:00:00     54.816036
2023-05-01 20:00:00     54.690149
2023-05-01 21:00:00     54.965527
2023-05-01 22:00:00     55.209434
2023-05-01 23:00:00     55.209434
Freq: H, Length: 11664, dtype: float64",2022-01-01,2023-05-01 23:00:00,486 days,100.0,47.950009715587605,122.60527235309306,55.20943391661713,-44.79056608338287,-70.17976286600607,30.10973936899863,100.0,60.89074409663595,439 days 04:00:00,107,0.0,54,30.18867924528302,43.803269526337836,-11.931818181818171,8.351173914867898,-4.673441345921166,3 days 22:26:15,2 days 03:17:50.270270270,0.6568554383067092,-0.8455503763336141,-0.602750091131127,-0.5910665607264967,0.966705112327776,-0.8390147278258906,long
3981,"{'window_k': 237, 'window_d': 132, 'window_ma': 207}","open_time
2022-01-01 00:00:00    100.000000
2022-01-01 01:00:00    100.000000
2022-01-01 02:00:00    100.000000
2022-01-01 03:00:00    100.000000
2022-01-01 04:00:00    100.000000
                          ...    
2023-05-01 19:00:00     50.739584
2023-05-01 20:00:00     50.623059
2023-05-01 21:00:00     50.877958
2023-05-01 22:00:00     51.103727
2023-05-01 23:00:00     51.103727
Freq: H, Length: 11664, dtype: float64",2022-01-01,2023-05-01 23:00:00,486 days,100.0,40.56462888763389,122.84612540277851,51.10372654468533,-48.89627345531467,-70.17976286600607,40.174897119341566,100.0,66.97931761817178,451 days 16:00:00,53,0.0,27,30.76923076923077,36.687785472226295,-22.78272337619518,12.961404795693296,-8.309254089961133,10 days 03:45:00,6 days 05:53:20,0.549073830361824,-1.8753038227578855,-0.46543420632483795,-0.5912220022993261,0.9764490108935385,-0.6657247154372083,long
1339,"{'window_k': 87, 'window_d': 57, 'window_ma': 177}","open_time
2022-01-01 00:00:00    100.000000
2022-01-01 01:00:00    100.000000
2022-01-01 02:00:00    100.000000
2022-01-01 03:00:00    100.000000
2022-01-01 04:00:00    100.000000
                          ...    
2023-05-01 19:00:00     52.545389
2023-05-01 20:00:00     52.545389
2023-05-01 21:00:00     52.545389
2023-05-01 22:00:00     52.545389
2023-05-01 23:00:00     52.545389
Freq: H, Length: 11664, dtype: float64",2022-01-01,2023-05-01 23:00:00,486 days,100.0,47.588855220885925,135.25279671093855,52.545388895980246,-47.454611104019754,-70.17976286600607,42.38683127572017,100.0,64.81488266553738,194 days 16:00:00,120,0.0,60,30.0,22.78546489072805,-17.655078391274714,8.453210641427285,-4.855405400429139,4 days 11:03:20,3 days 01:00:00,0.7309092941143097,-0.7909101850669957,-0.311985474032203,-0.591289994543747,0.9837880157676091,-0.4679581031641549,long
1244,"{'window_k': 72, 'window_d': 207, 'window_ma': 192}","open_time
2022-01-01 00:00:00    100.000000
2022-01-01 01:00:00    100.000000
2022-01-01 02:00:00    100.000000
2022-01-01 03:00:00    100.000000
2022-01-01 04:00:00    100.000000
                          ...    
2023-05-01 19:00:00     43.512967
2023-05-01 20:00:00     43.413038
2023-05-01 21:00:00     43.631633
2023-05-01 22:00:00     43.825247
2023-05-01 23:00:00     43.825247
Freq: H, Length: 11664, dtype: float64",2022-01-01,2023-05-01 23:00:00,486 days,100.0,27.34141650961921,124.55012853470436,43.82524651477386,-56.174753485226134,-70.17976286600607,37.53429355281207,100.0,78.04786166719944,451 days 16:00:00,53,0.0,27,34.61538461538461,38.076923076923066,-38.48961761713841,15.007240358787202,-10.79839947159609,9 days 10:40:00,5 days 15:31:45.882352941,0.5258168284194472,-2.162969588532134,-0.7780942484076491,-0.5917184055543335,0.9611589899427244,-1.0482859217545066,long
2036,"{'window_k': 117, 'window_d': 237, 'window_ma': 72}","open_time
2022-01-01 00:00:00    100.00000
2022-01-01 01:00:00    100.00000
2022-01-01 02:00:00    100.00000
2022-01-01 03:00:00    100.00000
2022-01-01 04:00:00    100.00000
                         ...    
2023-05-01 19:00:00     49.54694
2023-05-01 20:00:00     49.54694
2023-05-01 21:00:00     49.54694
2023-05-01 22:00:00     49.54694
2023-05-01 23:00:00     49.54694
Freq: H, Length: 11664, dtype: float64",2022-01-01,2023-05-01 23:00:00,486 days,100.0,35.983733628681776,117.06332992849846,49.54693950351469,-50.4530604964853,-70.17976286600607,29.7582304526749,100.0,69.26131039441607,453 days 11:00:00,44,0.0,22,40.909090909090914,28.05237919586867,-22.227191413237914,7.471439478817503,-9.42489892331379,5 days 22:20:00,7 days 00:27:41.538461538,0.399583773038241,-2.293320931658423,-0.8009793397736076,-0.5917711013082801,0.9563739965364436,-1.1049967288704736,long
3387,"{'window_k': 207, 'window_d': 57, 'window_ma': 177}","open_time
2022-01-01 00:00:00    100.000000
2022-01-01 01:00:00    100.000000
2022-01-01 02:00:00    100.000000
2022-01-01 03:00:00    100.000000
2022-01-01 04:00:00    100.000000
                          ...    
2023-05-01 19:00:00     58.647115
2023-05-01 20:00:00     58.512429
2023-05-01 21:00:00     58.807054
2023-05-01 22:00:00     59.068007
2023-05-01 23:00:00     59.068007
Freq: H, Length: 11664, dtype: float64",2022-01-01,2023-05-01 23:00:00,486 days,100.0,48.99642282972287,109.29252909994618,59.06800693710043,-40.93199306289957,-70.17976286600607,36.83984910836763,100.0,55.169467452879175,430 days 01:00:00,95,0.0,48,36.17021276595745,20.77538527627127,-16.957264957264943,7.250422964893594,-5.407340626957682,4 days 06:00:00,3 days 09:30:00,0.6690102964469136,-0.876087457886598,-0.2469217742989136,-0.5919775551729711,0.9857175310489176,-0.3750487434871669,long
2414,"{'window_k': 147, 'window_d': 102, 'window_ma': 222}","open_time
2022-01-01 00:00:00    100.000000
2022-01-01 01:00:00    100.000000
2022-01-01 02:00:00    100.000000
2022-01-01 03:00:00    100.000000
2022-01-01 04:00:00    100.000000
                          ...    
2023-05-01 19:00:00     51.886225
2023-05-01 20:00:00     51.767067
2023-05-01 21:00:00     52.027727
2023-05-01 22:00:00     52.258597
2023-05-01 23:00:00     52.258597
Freq: H, Length: 11664, dtype: float64",2022-01-01,2023-05-01 23:00:00,486 days,100.0,42.87751314085196,123.0866941886313,52.25859679728243,-47.74140320271757,-70.17976286600607,41.615226337448554,100.0,65.16478615053074,451 days 16:00:00,71,0.0,36,31.428571428571427,30.913134484563052,-21.607480797061108,13.715870688865065,-7.9066068889421155,7 days 18:21:49.090909091,4 days 16:45:00,0.6716743370137034,-1.3636145242365467,-0.40872011515493833,-0.5919973182976308,0.9798953363812258,-0.5752511755462926,long
301,"{'window_k': 27, 'window_d': 42, 'window_ma': 207}","open_time
2022-01-01 00:00:00    100.00000
2022-01-01 01:00:00    100.00000
2022-01-01 02:00:00    100.00000
2022-01-01 03:00:00    100.00000
2022-01-01 04:00:00    100.00000
                         ...    
2023-05-01 19:00:00     50.81488
2023-05-01 20:00:00     50.81488
2023-05-01 21:00:00     50.81488
2023-05-01 22:00:00     50.81488
2023-05-01 23:00:00     50.81488
Freq: H, Length: 11664, dtype: float64",2022-01-01,2023-05-01 23:00:00,486 days,100.0,32.68232185979257,100.0,50.814879565576526,-49.185120434423474,-70.17976286600607,37.22565157750343,100.0,67.31767814020742,481 days 07:00:00,208,0.0,104,34.61538461538461,23.523635853555906,-15.801114023591076,5.449976524908409,-3.607482756273984,2 days 09:33:20,1 days 09:22:56.470588235,0.6300959440100321,-0.47293385033099533,-0.38901038469048715,-0.5920617623683606,0.9777603509796773,-0.5995382075007382,long
938,"{'window_k': 57, 'window_d': 162, 'window_ma': 162}","open_time
2022-01-01 00:00:00    100.000000
2022-01-01 01:00:00    100.000000
2022-01-01 02:00:00    100.000000
2022-01-01 03:00:00    100.000000
2022-01-01 04:00:00    100.000000
                          ...    
2023-05-01 19:00:00     47.055003
2023-05-01 20:00:00     46.946940
2023-05-01 21:00:00     47.183329
2023-05-01 22:00:00     47.392703
2023-05-01 23:00:00     47.392703
Freq: H, Length: 11664, dtype: float64",2022-01-01,2023-05-01 23:00:00,486 days,100.0,37.25826812287708,135.46666771589497,47.39270267636246,-52.60729732363754,-70.17976286600607,39.09465020576132,100.0,72.4963574057817,391 days 18:00:00,73,0.0,37,30.555555555555557,40.06273167949815,-27.921728202980074,13.610624178126496,-7.818842280397077,8 days 02:10:54.545454545,3 days 21:48:00,0.6483705354242719,-1.4686306300743541,-0.6022304055061141,-0.5920913602089888,0.9710089655950728,-0.831341550069843,long
2265,"{'window_k': 132, 'window_d': 207, 'window_ma': 147}","open_time
2022-01-01 00:00:00    100.00000
2022-01-01 01:00:00    100.00000
2022-01-01 02:00:00    100.00000
2022-01-01 03:00:00    100.00000
2022-01-01 04:00:00    100.00000
                         ...    
2023-05-01 19:00:00     48.33349
2023-05-01 20:00:00     48.33349
2023-05-01 21:00:00     48.33349
2023-05-01 22:00:00     48.33349
2023-05-01 23:00:00     48.33349
Freq: H, Length: 11664, dtype: float64",2022-01-01,2023-05-01 23:00:00,486 days,100.0,35.48233143038637,122.55480607082632,48.33348964816317,-51.66651035183683,-70.17976286600607,33.942043895747595,100.0,71.04778460513366,451 days 16:00:00,45,0.0,23,36.36363636363637,29.998129792406946,-25.733259546209176,8.602337713673275,-9.06690666072192,9 days 08:00:00,6 days 10:38:34.285714285,0.42282962090047077,-2.348477743265309,-0.7628767241533506,-0.592216030931791,0.9610354910666739,-1.0567500963039416,long
874,"{'window_k': 57, 'window_d': 102, 'window_ma': 162}","open_time
2022-01-01 00:00:00    100.000000
2022-01-01 01:00:00    100.000000
2022-01-01 02:00:00    100.000000
2022-01-01 03:00:00    100.000000
2022-01-01 04:00:00    100.000000
                          ...    
2023-05-01 19:00:00     51.612733
2023-05-01 20:00:00     51.494202
2023-05-01 21:00:00     51.753488
2023-05-01 22:00:00     51.983141
2023-05-01 23:00:00     51.983141
Freq: H, Length: 11664, dtype: float64",2022-01-01,2023-05-01 23:00:00,486 days,100.0,47.92878508671211,139.12333868044672,51.98314141330185,-48.01685858669815,-70.17976286600607,43.35562414266118,100.0,65.5494286283626,397 days 07:00:00,93,0.0,47,41.30434782608695,34.782057780030414,-20.879243183082906,8.901490035023361,-7.68610467826851,6 days 02:03:09.473684210,3 days 07:37:46.666666666,0.7571525657570304,-1.0192045283399511,-0.3371339527153889,-0.5922353818412158,0.9825201843296003,-0.5006557759230346,long
3969,"{'window_k': 237, 'window_d': 132, 'window_ma': 27}","open_time
2022-01-01 00:00:00    100.000000
2022-01-01 01:00:00    100.000000
2022-01-01 02:00:00    100.000000
2022-01-01 03:00:00    100.000000
2022-01-01 04:00:00    100.000000
                          ...    
2023-05-01 19:00:00     51.655866
2023-05-01 20:00:00     51.537236
2023-05-01 21:00:00     51.796739
2023-05-01 22:00:00     52.026584
2023-05-01 23:00:00     52.026584
Freq: H, Length: 11664, dtype: float64",2022-01-01,2023-05-01 23:00:00,486 days,100.0,42.41702303616873,122.84612540277851,52.026583753647785,-47.973416246352215,-70.17976286600607,25.051440329218106,100.0,65.47141971544073,451 days 16:00:00,53,0.0,27,30.76923076923077,18.147086914995228,-14.671725882488213,7.428509365092919,-6.376448983471716,3 days 18:30:00,5 days 00:00:00,0.4701956253942051,-1.839713205891923,-0.7135346095295977,-0.5923545994194659,0.9534786231890173,-1.026872378058025,long
3855,"{'window_k': 237, 'window_d': 12, 'window_ma': 237}","open_time
2022-01-01 00:00:00    100.000000
2022-01-01 01:00:00    100.000000
2022-01-01 02:00:00    100.000000
2022-01-01 03:00:00    100.000000
2022-01-01 04:00:00    100.000000
                          ...    
2023-05-01 19:00:00     44.278622
2023-05-01 20:00:00     44.176935
2023-05-01 21:00:00     44.399376
2023-05-01 22:00:00     44.596396
2023-05-01 23:00:00     44.596396
Freq: H, Length: 11664, dtype: float64",2022-01-01,2023-05-01 23:00:00,486 days,100.0,28.799214926445536,123.9509241940599,44.59639615494496,-55.40360384505504,-70.17976286600607,40.526406035665296,100.0,76.76563114498691,454 days 07:00:00,437,0.0,219,33.94495412844037,24.026093348033807,-16.33320749968542,4.264547150894481,-2.5734483776040755,1 days 09:26:45.405405405,0 days 15:35:00,0.7481973543450325,-0.25350359315145754,-0.49070833875588876,-0.5923574898190976,0.9735831278604713,-0.7464409869761546,long
3285,"{'window_k': 192, 'window_d': 207, 'window_ma': 87}","open_time
2022-01-01 00:00:00    100.000000
2022-01-01 01:00:00    100.000000
2022-01-01 02:00:00    100.000000
2022-01-01 03:00:00    100.000000
2022-01-01 04:00:00    100.000000
                          ...    
2023-05-01 19:00:00     53.230568
2023-05-01 20:00:00     53.230568
2023-05-01 21:00:00     53.230568
2023-05-01 22:00:00     53.230568
2023-05-01 23:00:00     53.230568
Freq: H, Length: 11664, dtype: float64",2022-01-01,2023-05-01 23:00:00,486 days,100.0,44.883339988806625,123.4945699136195,53.23056794984925,-46.76943205015075,-70.17976286600607,31.550068587105624,100.0,63.655616582817295,424 days 03:00:00,38,0.0,19,26.31578947368421,28.707686553207402,-23.655913978494624,15.951203182198338,-9.009254934480317,12 days 03:48:00,6 days 14:38:34.285714285,0.5119254552489764,-2.461549055271091,-0.6856125254721447,-0.5925849947861814,0.9629143452897556,-0.9442479561551449,long
2686,"{'window_k': 162, 'window_d': 117, 'window_ma': 222}","open_time
2022-01-01 00:00:00    100.000000
2022-01-01 01:00:00    100.000000
2022-01-01 02:00:00    100.000000
2022-01-01 03:00:00    100.000000
2022-01-01 04:00:00    100.000000
                          ...    
2023-05-01 19:00:00     47.791177
2023-05-01 20:00:00     47.681423
2023-05-01 21:00:00     47.921510
2023-05-01 22:00:00     48.134159
2023-05-01 23:00:00     48.134159
Freq: H, Length: 11664, dtype: float64",2022-01-01,2023-05-01 23:00:00,486 days,100.0,38.59119247962019,134.45237140945827,48.13415945629327,-51.86584054370673,-70.17976286600607,39.84053497942387,100.0,71.29749957172906,391 days 18:00:00,65,0.0,33,31.25,37.924765767025576,-25.816993464052292,13.021892580816536,-8.084073045640524,8 days 10:06:00,4 days 19:40:54.545454545,0.6258445331205276,-1.6330262673872324,-0.510380693723562,-0.5926594611626792,0.9745768418143195,-0.7173598016159325,long
2409,"{'window_k': 147, 'window_d': 102, 'window_ma': 147}","open_time
2022-01-01 00:00:00    100.000000
2022-01-01 01:00:00    100.000000
2022-01-01 02:00:00    100.000000
2022-01-01 03:00:00    100.000000
2022-01-01 04:00:00    100.000000
                          ...    
2023-05-01 19:00:00     51.723026
2023-05-01 20:00:00     51.604242
2023-05-01 21:00:00     51.864082
2023-05-01 22:00:00     52.094226
2023-05-01 23:00:00     52.094226
Freq: H, Length: 11664, dtype: float64",2022-01-01,2023-05-01 23:00:00,486 days,100.0,42.668238848531324,123.0866941886313,52.09422646908126,-47.90577353091874,-70.17976286600607,42.901234567901234,100.0,65.33480801495737,451 days 16:00:00,71,0.0,36,28.57142857142857,30.913134484563052,-21.60748079706111,15.022554341014224,-7.582189327073539,8 days 02:30:00,4 days 22:26:24,0.6695328891627116,-1.3683121578758475,-0.4082656825469386,-0.5926784068205242,0.9801332765875175,-0.574425517987789,long
2412,"{'window_k': 147, 'window_d': 102, 'window_ma': 192}","open_time
2022-01-01 00:00:00    100.000000
2022-01-01 01:00:00    100.000000
2022-01-01 02:00:00    100.000000
2022-01-01 03:00:00    100.000000
2022-01-01 04:00:00    100.000000
                          ...    
2023-05-01 19:00:00     51.795746
2023-05-01 20:00:00     51.676795
2023-05-01 21:00:00     51.937000
2023-05-01 22:00:00     52.167468
2023-05-01 23:00:00     52.167468
Freq: H, Length: 11664, dtype: float64",2022-01-01,2023-05-01 23:00:00,486 days,100.0,42.80274316054111,123.0866941886313,52.167468045463984,-47.832531954536016,-70.17976286600607,43.184156378600825,100.0,65.22553193690815,451 days 16:00:00,71,0.0,36,28.57142857142857,30.913134484563052,-21.60748079706111,15.05515503509352,-7.588910133570319,8 days 02:42:00,4 days 23:40:48,0.670770786261124,-1.3662189449658526,-0.4061492789511396,-0.5926795371543209,0.9802790206415422,-0.5715229276050855,long
168,"{'window_k': 12, 'window_d': 162, 'window_ma': 132}","open_time
2022-01-01 00:00:00    100.000000
2022-01-01 01:00:00    100.000000
2022-01-01 02:00:00    100.000000
2022-01-01 03:00:00    100.000000
2022-01-01 04:00:00    100.000000
                          ...    
2023-05-01 19:00:00     54.590072
2023-05-01 20:00:00     54.464704
2023-05-01 21:00:00     54.738947
2023-05-01 22:00:00     54.981848
2023-05-01 23:00:00     54.981848
Freq: H, Length: 11664, dtype: float64",2022-01-01,2023-05-01 23:00:00,486 days,100.0,47.7523488846252,122.60527235309306,54.98184809026065,-45.01815190973935,-70.17976286600607,30.61556927297668,100.0,61.0519613323786,439 days 04:00:00,107,0.0,54,26.41509433962264,43.80326952633785,-11.867149572320269,8.686188548761498,-4.171550493753493,4 days 08:04:17.142857142,2 days 03:33:50.769230769,0.6348563437135659,-0.8498426126708767,-0.6091487961995432,-0.5927533130659054,0.9667334372395023,-0.8476285685499434,long
2021,"{'window_k': 117, 'window_d': 222, 'window_ma': 87}","open_time
2022-01-01 00:00:00    100.00000
2022-01-01 01:00:00    100.00000
2022-01-01 02:00:00    100.00000
2022-01-01 03:00:00    100.00000
2022-01-01 04:00:00    100.00000
                         ...    
2023-05-01 19:00:00     49.26186
2023-05-01 20:00:00     49.26186
2023-05-01 21:00:00     49.26186
2023-05-01 22:00:00     49.26186
2023-05-01 23:00:00     49.26186
Freq: H, Length: 11664, dtype: float64",2022-01-01,2023-05-01 23:00:00,486 days,100.0,36.50504450529742,119.97523730912091,49.261859991671614,-50.73814000832839,-70.17976286600607,34.05349794238683,100.0,69.57285076149444,451 days 16:00:00,46,0.0,23,30.434782608695656,26.298403376766373,-24.29978966013506,12.553820175599187,-8.79557321786194,8 days 09:25:42.857142857,6 days 16:07:30,0.47151822043643976,-2.2060060873186256,-0.7694579874516426,-0.5927891850085825,0.9607282620257898,-1.062730007128262,long
3024,"{'window_k': 177, 'window_d': 207, 'window_ma': 12}","open_time
2022-01-01 00:00:00    100.000000
2022-01-01 01:00:00    100.000000
2022-01-01 02:00:00    100.000000
2022-01-01 03:00:00    100.000000
2022-01-01 04:00:00    100.000000
                          ...    
2023-05-01 19:00:00     58.283338
2023-05-01 20:00:00     58.283338
2023-05-01 21:00:00     58.283338
2023-05-01 22:00:00     58.283338
2023-05-01 23:00:00     58.283338
Freq: H, Length: 11664, dtype: float64",2022-01-01,2023-05-01 23:00:00,486 days,100.0,52.115948974854405,119.02389412235183,58.28333803770596,-41.71666196229404,-70.17976286600607,14.317558299039781,100.0,56.213876752107204,391 days 18:00:00,40,0.0,20,25.0,17.687581455967237,-24.325228641534693,8.991349963473047,-5.9999784765671915,3 days 08:48:00,3 days 12:24:00,0.43390000523443484,-2.085833098114703,-0.9688506629178625,-0.5929505591806539,0.9258571198563517,-1.3061042885820784,long
3396,"{'window_k': 207, 'window_d': 72, 'window_ma': 72}","open_time
2022-01-01 00:00:00    100.00000
2022-01-01 01:00:00    100.00000
2022-01-01 02:00:00    100.00000
2022-01-01 03:00:00    100.00000
2022-01-01 04:00:00    100.00000
                         ...    
2023-05-01 19:00:00     51.48846
2023-05-01 20:00:00     51.48846
2023-05-01 21:00:00     51.48846
2023-05-01 22:00:00     51.48846
2023-05-01 23:00:00     51.48846
Freq: H, Length: 11664, dtype: float64",2022-01-01,2023-05-01 23:00:00,486 days,100.0,45.20105993809226,133.65917083464606,51.48845958924002,-48.51154041075998,-70.17976286600607,33.44478737997256,100.0,66.18184920957508,355 days 14:00:00,72,0.0,36,33.33333333333333,19.342359767891693,-22.06366630076838,10.082282260489086,-7.053782969870935,5 days 21:30:00,3 days 19:47:30,0.6444544292361112,-1.3475427891877776,-0.41522892171251263,-0.5931906729796262,0.9752658027279361,-0.6311128259841795,long
876,"{'window_k': 57, 'window_d': 102, 'window_ma': 192}","open_time
2022-01-01 00:00:00    100.000000
2022-01-01 01:00:00    100.000000
2022-01-01 02:00:00    100.000000
2022-01-01 03:00:00    100.000000
2022-01-01 04:00:00    100.000000
                          ...    
2023-05-01 19:00:00     51.471328
2023-05-01 20:00:00     51.353122
2023-05-01 21:00:00     51.611698
2023-05-01 22:00:00     51.840722
2023-05-01 23:00:00     51.840722
Freq: H, Length: 11664, dtype: float64",2022-01-01,2023-05-01 23:00:00,486 days,100.0,47.79747334674852,139.12333868044672,51.840721847785964,-48.159278152214036,-70.17976286600607,43.424211248285324,100.0,65.64381375540819,397 days 07:00:00,93,0.0,47,41.30434782608695,34.782057780030414,-20.879243183082913,8.90149003502336,-7.696195139251222,6 days 02:03:09.473684210,3 days 07:55:33.333333333,0.7565452883968722,-1.022368113312932,-0.339832489452658,-0.5933021712107208,0.9823958861715671,-0.504624548471122,long
877,"{'window_k': 57, 'window_d': 102, 'window_ma': 207}","open_time
2022-01-01 00:00:00    100.000000
2022-01-01 01:00:00    100.000000
2022-01-01 02:00:00    100.000000
2022-01-01 03:00:00    100.000000
2022-01-01 04:00:00    100.000000
                          ...    
2023-05-01 19:00:00     51.471328
2023-05-01 20:00:00     51.353122
2023-05-01 21:00:00     51.611698
2023-05-01 22:00:00     51.840722
2023-05-01 23:00:00     51.840722
Freq: H, Length: 11664, dtype: float64",2022-01-01,2023-05-01 23:00:00,486 days,100.0,47.79747334674852,139.12333868044672,51.840721847785964,-48.159278152214036,-70.17976286600607,43.424211248285324,100.0,65.64381375540819,397 days 07:00:00,93,0.0,47,41.30434782608695,34.782057780030414,-20.879243183082913,8.90149003502336,-7.696195139251222,6 days 02:03:09.473684210,3 days 07:55:33.333333333,0.7565452883968722,-1.022368113312932,-0.339832489452658,-0.5933021712107208,0.9823958861715671,-0.504624548471122,long
879,"{'window_k': 57, 'window_d': 102, 'window_ma': 237}","open_time
2022-01-01 00:00:00    100.000000
2022-01-01 01:00:00    100.000000
2022-01-01 02:00:00    100.000000
2022-01-01 03:00:00    100.000000
2022-01-01 04:00:00    100.000000
                          ...    
2023-05-01 19:00:00     51.471328
2023-05-01 20:00:00     51.353122
2023-05-01 21:00:00     51.611698
2023-05-01 22:00:00     51.840722
2023-05-01 23:00:00     51.840722
Freq: H, Length: 11664, dtype: float64",2022-01-01,2023-05-01 23:00:00,486 days,100.0,47.79747334674852,139.12333868044672,51.840721847785964,-48.159278152214036,-70.17976286600607,43.424211248285324,100.0,65.64381375540819,397 days 07:00:00,93,0.0,47,41.30434782608695,34.782057780030414,-20.879243183082913,8.90149003502336,-7.696195139251222,6 days 02:03:09.473684210,3 days 07:55:33.333333333,0.7565452883968722,-1.022368113312932,-0.339832489452658,-0.5933021712107208,0.9823958861715671,-0.504624548471122,long
3007,"{'window_k': 177, 'window_d': 177, 'window_ma': 237}","open_time
2022-01-01 00:00:00    100.000000
2022-01-01 01:00:00    100.000000
2022-01-01 02:00:00    100.000000
2022-01-01 03:00:00    100.000000
2022-01-01 04:00:00    100.000000
                          ...    
2023-05-01 19:00:00     51.125377
2023-05-01 20:00:00     51.007966
2023-05-01 21:00:00     51.264804
2023-05-01 22:00:00     51.492288
2023-05-01 23:00:00     51.492288
Freq: H, Length: 11664, dtype: float64",2022-01-01,2023-05-01 23:00:00,486 days,100.0,41.09674176912066,121.39054181020984,51.49228843913736,-48.50771156086264,-70.17976286600607,37.645747599451305,100.0,66.14502155087662,451 days 16:00:00,47,0.0,24,26.08695652173913,43.46549192364171,-22.652724270775998,15.867968669725899,-8.38035102335426,11 days 00:19:59.999999999,6 days 19:52:56.470588235,0.5045511558207613,-2.1591222639894263,-0.5907212921964284,-0.5934696585019245,0.9707706752384125,-0.8281847875046858,long
2219,"{'window_k': 132, 'window_d': 162, 'window_ma': 177}","open_time
2022-01-01 00:00:00    100.000000
2022-01-01 01:00:00    100.000000
2022-01-01 02:00:00    100.000000
2022-01-01 03:00:00    100.000000
2022-01-01 04:00:00    100.000000
                          ...    
2023-05-01 19:00:00     47.388636
2023-05-01 20:00:00     47.279806
2023-05-01 21:00:00     47.517872
2023-05-01 22:00:00     47.728730
2023-05-01 23:00:00     47.728730
Freq: H, Length: 11664, dtype: float64",2022-01-01,2023-05-01 23:00:00,486 days,100.0,38.01985995281056,134.85482197651788,47.72872960223617,-52.27127039776383,-70.17976286600607,38.460219478738,100.0,71.80682203604783,391 days 18:00:00,53,0.0,27,30.76923076923077,36.662208351909655,-26.321913380736916,16.41684772875458,-9.914461504771603,9 days 23:37:30,5 days 20:03:19.999999999,0.6203163489949995,-2.0093870351273266,-0.6355989795543611,-0.5935481643962539,0.9684246292833432,-0.8804112958019993,long
302,"{'window_k': 27, 'window_d': 42, 'window_ma': 222}","open_time
2022-01-01 00:00:00    100.000000
2022-01-01 01:00:00    100.000000
2022-01-01 02:00:00    100.000000
2022-01-01 03:00:00    100.000000
2022-01-01 04:00:00    100.000000
                          ...    
2023-05-01 19:00:00     49.562737
2023-05-01 20:00:00     49.562737
2023-05-01 21:00:00     49.562737
2023-05-01 22:00:00     49.562737
2023-05-01 23:00:00     49.562737
Freq: H, Length: 11664, dtype: float64",2022-01-01,2023-05-01 23:00:00,486 days,100.0,30.976700437341652,100.0,49.562737495165386,-50.437262504834614,-70.17976286600607,37.765775034293554,100.0,69.02329956265835,481 days 07:00:00,212,0.0,106,35.84905660377358,23.523635853555906,-15.801114023591076,5.236474873355702,-3.6833804477129006,2 days 07:33:09.473684210,1 days 09:44:07.058823529,0.6187506822924077,-0.475823231177686,-0.4119702881528123,-0.5936069584889608,0.9766562857145958,-0.6350507993670781,long
300,"{'window_k': 27, 'window_d': 42, 'window_ma': 192}","open_time
2022-01-01 00:00:00    100.000000
2022-01-01 01:00:00    100.000000
2022-01-01 02:00:00    100.000000
2022-01-01 03:00:00    100.000000
2022-01-01 04:00:00    100.000000
                          ...    
2023-05-01 19:00:00     49.694588
2023-05-01 20:00:00     49.694588
2023-05-01 21:00:00     49.694588
2023-05-01 22:00:00     49.694588
2023-05-01 23:00:00     49.694588
Freq: H, Length: 11664, dtype: float64",2022-01-01,2023-05-01 23:00:00,486 days,100.0,31.202633606246756,100.0,49.69458841244006,-50.30541158755993,-70.17976286600607,38.117283950617285,100.0,68.79736639375324,481 days 07:00:00,212,0.0,106,34.90566037735849,23.5236358535559,-15.801114023591067,5.368436340200658,-3.6213676668817203,2 days 09:01:37.297297297,1 days 09:51:18.260869565,0.6200913005366034,-0.4745793545996223,-0.40742356798446056,-0.5938427376070755,0.9770033042992948,-0.6274279970616174,long
1748,"{'window_k': 102, 'window_d': 207, 'window_ma': 72}","open_time
2022-01-01 00:00:00    100.000000
2022-01-01 01:00:00    100.000000
2022-01-01 02:00:00    100.000000
2022-01-01 03:00:00    100.000000
2022-01-01 04:00:00    100.000000
                          ...    
2023-05-01 19:00:00     43.110131
2023-05-01 20:00:00     43.011127
2023-05-01 21:00:00     43.227699
2023-05-01 22:00:00     43.419519
2023-05-01 23:00:00     43.419519
Freq: H, Length: 11664, dtype: float64",2022-01-01,2023-05-01 23:00:00,486 days,100.0,28.195907648699073,130.05193706342857,43.419519208421384,-56.580480791578616,-70.17976286600607,30.169753086419753,100.0,78.31950197331744,391 days 18:00:00,49,0.0,25,41.66666666666667,31.173247685622506,-36.755009696186164,8.598689373794716,-10.493080575129031,5 days 20:11:59.999999999,6 days 06:00:00,0.43729837829870166,-2.3871697212927874,-0.8904809863848459,-0.5944493658915804,0.9507296796890147,-1.1975350986009383,long
3679,"{'window_k': 222, 'window_d': 87, 'window_ma': 237}","open_time
2022-01-01 00:00:00    100.000000
2022-01-01 01:00:00    100.000000
2022-01-01 02:00:00    100.000000
2022-01-01 03:00:00    100.000000
2022-01-01 04:00:00    100.000000
                          ...    
2023-05-01 19:00:00     52.867606
2023-05-01 20:00:00     52.746193
2023-05-01 21:00:00     53.011783
2023-05-01 22:00:00     53.247020
2023-05-01 23:00:00     53.247020
Freq: H, Length: 11664, dtype: float64",2022-01-01,2023-05-01 23:00:00,486 days,100.0,41.16678974737555,112.5517235441999,53.24702029418963,-46.75297970581037,-70.17976286600607,40.697873799725656,100.0,63.424114308468106,309 days 12:00:00,67,0.0,34,33.33333333333333,30.629652605459057,-21.523959151610374,13.791669111544072,-8.639254754131075,9 days 10:43:38.181818181,4 days 02:38:10.909090909,0.6757683894325377,-1.4342330191095627,-0.31610671442003035,-0.5945200451592718,0.9830556269361186,-0.477452441129789,long
3912,"{'window_k': 237, 'window_d': 72, 'window_ma': 132}","open_time
2022-01-01 00:00:00    100.000000
2022-01-01 01:00:00    100.000000
2022-01-01 02:00:00    100.000000
2022-01-01 03:00:00    100.000000
2022-01-01 04:00:00    100.000000
                          ...    
2023-05-01 19:00:00     53.786764
2023-05-01 20:00:00     53.663241
2023-05-01 21:00:00     53.933449
2023-05-01 22:00:00     54.172775
2023-05-01 23:00:00     54.172775
Freq: H, Length: 11664, dtype: float64",2022-01-01,2023-05-01 23:00:00,486 days,100.0,46.96775897186639,123.76258686564593,54.17277534009788,-45.82722465990212,-70.17976286600607,33.44478737997256,100.0,62.050115336669876,336 days 01:00:00,71,0.0,36,34.285714285714285,27.490205884804524,-19.869310001107536,10.941424799076364,-7.485664255947736,6 days 05:00:00,3 days 15:36:31.304347826,0.68188522156625,-1.308908120637036,-0.34378177878145194,-0.5946043425223274,0.9795021814630406,-0.5196464639419464,long
3780,"{'window_k': 222, 'window_d': 192, 'window_ma': 72}","open_time
2022-01-01 00:00:00    100.000000
2022-01-01 01:00:00    100.000000
2022-01-01 02:00:00    100.000000
2022-01-01 03:00:00    100.000000
2022-01-01 04:00:00    100.000000
                          ...    
2023-05-01 19:00:00     47.610578
2023-05-01 20:00:00     47.610578
2023-05-01 21:00:00     47.610578
2023-05-01 22:00:00     47.610578
2023-05-01 23:00:00     47.610578
Freq: H, Length: 11664, dtype: float64",2022-01-01,2023-05-01 23:00:00,486 days,100.0,34.12348869666379,121.04868610975387,47.61057797906917,-52.38942202093083,-70.17976286600607,28.412208504801097,100.0,71.81011228347882,424 days 03:00:00,38,0.0,19,31.57894736842105,29.848513184963522,-23.192131440706383,10.501811343819783,-9.40692214626484,8 days 01:50:00,6 days 21:27:41.538461538,0.3710194178586258,-2.7573380011016226,-0.8419323300992334,-0.5950069700816494,0.9527801227235038,-1.1595728918858472,long
3425,"{'window_k': 207, 'window_d': 102, 'window_ma': 27}","open_time
2022-01-01 00:00:00    100.000000
2022-01-01 01:00:00    100.000000
2022-01-01 02:00:00    100.000000
2022-01-01 03:00:00    100.000000
2022-01-01 04:00:00    100.000000
                          ...    
2023-05-01 19:00:00     52.436721
2023-05-01 20:00:00     52.316298
2023-05-01 21:00:00     52.579724
2023-05-01 22:00:00     52.813044
2023-05-01 23:00:00     52.813044
Freq: H, Length: 11664, dtype: float64",2022-01-01,2023-05-01 23:00:00,486 days,100.0,46.295678178955484,128.59986728599867,52.813043534721345,-47.186956465278655,-70.17976286600607,25.222908093278463,100.0,64.00021309820129,451 days 16:00:00,65,0.0,33,34.375,22.99823047998231,-18.92700897996776,7.964772587575094,-6.592217305093262,4 days 07:16:21.818181818,3 days 10:22:51.428571428,0.5604820438932565,-1.480707623667357,-0.7972392134907419,-0.5951323344733086,0.9530158823792171,-1.0925056541391491,long
2407,"{'window_k': 147, 'window_d': 102, 'window_ma': 117}","open_time
2022-01-01 00:00:00    100.000000
2022-01-01 01:00:00    100.000000
2022-01-01 02:00:00    100.000000
2022-01-01 03:00:00    100.000000
2022-01-01 04:00:00    100.000000
                          ...    
2023-05-01 19:00:00     53.084266
2023-05-01 20:00:00     52.962355
2023-05-01 21:00:00     53.229034
2023-05-01 22:00:00     53.465235
2023-05-01 23:00:00     53.465235
Freq: H, Length: 11664, dtype: float64",2022-01-01,2023-05-01 23:00:00,486 days,100.0,45.500107951342144,123.0866941886313,53.46523498607471,-46.53476501392529,-70.17976286600607,39.30898491083676,100.0,63.0340970230195,451 days 16:00:00,71,0.0,36,28.57142857142857,30.91313448456306,-21.60748079706111,13.622164934533917,-7.02003574108026,7 days 09:18:00,4 days 12:33:36,0.6677768640779108,-1.3291293211699817,-0.4257498454799621,-0.5951584759099624,0.9781135329452508,-0.5989475833402009,long
2191,"{'window_k': 132, 'window_d': 132, 'window_ma': 237}","open_time
2022-01-01 00:00:00    100.000000
2022-01-01 01:00:00    100.000000
2022-01-01 02:00:00    100.000000
2022-01-01 03:00:00    100.000000
2022-01-01 04:00:00    100.000000
                          ...    
2023-05-01 19:00:00     50.611877
2023-05-01 20:00:00     50.495645
2023-05-01 21:00:00     50.749903
2023-05-01 22:00:00     50.975103
2023-05-01 23:00:00     50.975103
Freq: H, Length: 11664, dtype: float64",2022-01-01,2023-05-01 23:00:00,486 days,100.0,42.812471080854685,128.65678247399867,50.97510291580863,-49.02489708419137,-70.17976286600607,40.663580246913575,100.0,66.72350243990671,451 days 16:00:00,63,0.0,32,29.03225806451613,32.67667722826837,-17.43063525281847,11.910652759219158,-7.100969424012902,7 days 21:00:00,5 days 14:54:32.727272727,0.5861101022484035,-1.5898845041982836,-0.5357476024630049,-0.5952003995126363,0.9746244145136806,-0.7415999873371684,long
2321,"{'window_k': 147, 'window_d': 27, 'window_ma': 27}","open_time
2022-01-01 00:00:00    100.000000
2022-01-01 01:00:00    100.000000
2022-01-01 02:00:00    100.000000
2022-01-01 03:00:00    100.000000
2022-01-01 04:00:00    100.000000
                          ...    
2023-05-01 19:00:00     56.475438
2023-05-01 20:00:00     56.475438
2023-05-01 21:00:00     56.475438
2023-05-01 22:00:00     56.475438
2023-05-01 23:00:00     56.475438
Freq: H, Length: 11664, dtype: float64",2022-01-01,2023-05-01 23:00:00,486 days,100.0,46.034305186570215,111.20420761106035,56.47543795748557,-43.52456204251443,-70.17976286600607,28.98662551440329,100.0,58.60380989577625,454 days 07:00:00,198,0.0,99,34.34343434343434,23.61803598525906,-13.109529374269618,4.7305540022315915,-3.123963781123513,2 days 04:21:10.588235294,1 days 00:37:50.769230769,0.7058078132207374,-0.43964204083347913,-0.5681283831837364,-0.595374961614004,0.9673002824853976,-0.7904252300036199,long
3846,"{'window_k': 237, 'window_d': 12, 'window_ma': 102}","open_time
2022-01-01 00:00:00    100.000000
2022-01-01 01:00:00    100.000000
2022-01-01 02:00:00    100.000000
2022-01-01 03:00:00    100.000000
2022-01-01 04:00:00    100.000000
                          ...    
2023-05-01 19:00:00     43.381438
2023-05-01 20:00:00     43.281811
2023-05-01 21:00:00     43.499745
2023-05-01 22:00:00     43.692773
2023-05-01 23:00:00     43.692773
Freq: H, Length: 11664, dtype: float64",2022-01-01,2023-05-01 23:00:00,486 days,100.0,27.609802807412724,123.9509241940599,43.69277288602853,-56.30722711397147,-70.17976286600607,40.07201646090535,100.0,77.72521424351278,454 days 07:00:00,437,0.0,219,33.94495412844037,24.026093348033818,-16.333207499685418,4.191576250384835,-2.5519766216951365,1 days 08:54:19.459459459,0 days 15:29:35,0.732941469252163,-0.2576616497910348,-0.5159784069733544,-0.5957471956573277,0.972070348543143,-0.7844014244912566,long
929,"{'window_k': 57, 'window_d': 162, 'window_ma': 27}","open_time
2022-01-01 00:00:00    100.000000
2022-01-01 01:00:00    100.000000
2022-01-01 02:00:00    100.000000
2022-01-01 03:00:00    100.000000
2022-01-01 04:00:00    100.000000
                          ...    
2023-05-01 19:00:00     53.424604
2023-05-01 20:00:00     53.301912
2023-05-01 21:00:00     53.570300
2023-05-01 22:00:00     53.808015
2023-05-01 23:00:00     53.808015
Freq: H, Length: 11664, dtype: float64",2022-01-01,2023-05-01 23:00:00,486 days,100.0,45.87530955233775,122.18554997232289,53.80801541827162,-46.19198458172838,-70.17976286600607,25.42866941015089,100.0,62.45439042282064,451 days 16:00:00,73,0.0,37,36.11111111111111,26.64670658682633,-27.921728202980077,8.112273401862426,-6.484175154943843,3 days 16:18:27.692307692,3 days 03:36:31.304347826,0.59227846106938,-1.2914179390183393,-0.7154320242906194,-0.5958692263581089,0.9575517212136977,-0.9816040128553978,long
3284,"{'window_k': 192, 'window_d': 207, 'window_ma': 72}","open_time
2022-01-01 00:00:00    100.000000
2022-01-01 01:00:00    100.000000
2022-01-01 02:00:00    100.000000
2022-01-01 03:00:00    100.000000
2022-01-01 04:00:00    100.000000
                          ...    
2023-05-01 19:00:00     49.002871
2023-05-01 20:00:00     49.002871
2023-05-01 21:00:00     49.002871
2023-05-01 22:00:00     49.002871
2023-05-01 23:00:00     49.002871
Freq: H, Length: 11664, dtype: float64",2022-01-01,2023-05-01 23:00:00,486 days,100.0,36.67929765830334,120.6321129950919,49.00287055852852,-50.99712944147148,-70.17976286600607,28.532235939643346,100.0,69.59408506771683,424 days 03:00:00,40,0.0,20,35.0,29.848513184963526,-23.655913978494617,8.863127613954108,-9.156110146479282,7 days 21:25:42.857142857,6 days 10:00:00,0.3806209187588612,-2.5498564720735732,-0.8039078029909785,-0.595944169158812,0.9549500240445301,-1.108824087204219,long
2188,"{'window_k': 132, 'window_d': 132, 'window_ma': 192}","open_time
2022-01-01 00:00:00    100.000000
2022-01-01 01:00:00    100.000000
2022-01-01 02:00:00    100.000000
2022-01-01 03:00:00    100.000000
2022-01-01 04:00:00    100.000000
                          ...    
2023-05-01 19:00:00     50.474903
2023-05-01 20:00:00     50.358986
2023-05-01 21:00:00     50.612556
2023-05-01 22:00:00     50.837146
2023-05-01 23:00:00     50.837146
Freq: H, Length: 11664, dtype: float64",2022-01-01,2023-05-01 23:00:00,486 days,100.0,42.69660517500526,128.65678247399867,50.83714599984475,-49.16285400015525,-70.17976286600607,41.04080932784637,100.0,66.81356058034937,451 days 16:00:00,63,0.0,32,29.03225806451613,35.142581622813054,-17.43063525281847,12.184642136390789,-7.185958537405998,7 days 20:40:00,5 days 17:02:43.636363636,0.5899551660526909,-1.5943118958799771,-0.5349418422700689,-0.596232727299839,0.9748060525819563,-0.7403933661749738,long
3978,"{'window_k': 237, 'window_d': 132, 'window_ma': 162}","open_time
2022-01-01 00:00:00    100.000000
2022-01-01 01:00:00    100.000000
2022-01-01 02:00:00    100.000000
2022-01-01 03:00:00    100.000000
2022-01-01 04:00:00    100.000000
                          ...    
2023-05-01 19:00:00     50.356099
2023-05-01 20:00:00     50.240454
2023-05-01 21:00:00     50.493428
2023-05-01 22:00:00     50.717489
2023-05-01 23:00:00     50.717489
Freq: H, Length: 11664, dtype: float64",2022-01-01,2023-05-01 23:00:00,486 days,100.0,40.58537850027885,122.84612540277851,50.717489455178516,-49.282510544821484,-70.17976286600607,38.25445816186557,100.0,66.96242688386744,451 days 16:00:00,53,0.0,27,26.923076923076923,36.68778547222631,-22.782723376195175,14.782308665830676,-7.889172278780386,10 days 09:51:25.714285714,5 days 20:47:22.105263157,0.5435183326231587,-1.8901993191993287,-0.48271831679373,-0.5964959224428507,0.9751052263807227,-0.6906615952889515,long
95,"{'window_k': 12, 'window_d': 87, 'window_ma': 237}","open_time
2022-01-01 00:00:00    100.000000
2022-01-01 01:00:00    100.000000
2022-01-01 02:00:00    100.000000
2022-01-01 03:00:00    100.000000
2022-01-01 04:00:00    100.000000
                          ...    
2023-05-01 19:00:00     48.674745
2023-05-01 20:00:00     48.674745
2023-05-01 21:00:00     48.674745
2023-05-01 22:00:00     48.674745
2023-05-01 23:00:00     48.674745
Freq: H, Length: 11664, dtype: float64",2022-01-01,2023-05-01 23:00:00,486 days,100.0,42.960655453204296,143.28603633544648,48.67474480334723,-51.32525519665276,-70.17976286600607,34.473593964334704,100.0,70.01755610530725,391 days 18:00:00,150,0.0,75,28.000000000000004,23.86131883072739,-17.22511385816525,8.953203063927146,-4.41026846294048,3 days 19:48:34.285714285,1 days 14:45:33.333333333,0.7523719278705309,-0.6843367359553705,-0.5685481281060188,-0.5965469179749101,0.9671260595518602,-0.8513194226497512,long
3490,"{'window_k': 207, 'window_d': 162, 'window_ma': 42}","open_time
2022-01-01 00:00:00    100.000000
2022-01-01 01:00:00    100.000000
2022-01-01 02:00:00    100.000000
2022-01-01 03:00:00    100.000000
2022-01-01 04:00:00    100.000000
                          ...    
2023-05-01 19:00:00     49.363573
2023-05-01 20:00:00     49.250208
2023-05-01 21:00:00     49.498195
2023-05-01 22:00:00     49.717841
2023-05-01 23:00:00     49.717841
Freq: H, Length: 11664, dtype: float64",2022-01-01,2023-05-01 23:00:00,486 days,100.0,38.35210536477481,121.53010033444815,49.717840514552094,-50.282159485447906,-70.17976286600607,24.55418381344307,100.0,68.44229926641164,451 days 16:00:00,49,0.0,25,29.166666666666668,34.48673587081891,-29.870717517776335,11.98559419633664,-7.851032257852611,6 days 21:51:25.714285714,4 days 02:45:52.941176470,0.4908744745182974,-2.108079771103679,-0.8073482971386944,-0.5966198396157555,0.9493431239636401,-1.1066599624496858,long
3051,"{'window_k': 177, 'window_d': 222, 'window_ma': 177}","open_time
2022-01-01 00:00:00    100.000000
2022-01-01 01:00:00    100.000000
2022-01-01 02:00:00    100.000000
2022-01-01 03:00:00    100.000000
2022-01-01 04:00:00    100.000000
                          ...    
2023-05-01 19:00:00     57.062531
2023-05-01 20:00:00     57.062531
2023-05-01 21:00:00     57.062531
2023-05-01 22:00:00     57.062531
2023-05-01 23:00:00     57.062531
Freq: H, Length: 11664, dtype: float64",2022-01-01,2023-05-01 23:00:00,486 days,100.0,51.53077003022933,121.482030948015,57.06253102287733,-42.93746897712267,-70.17976286600607,33.641975308641975,100.0,57.58157018935538,424 days 03:00:00,38,0.0,19,31.57894736842105,42.60780287474335,-22.65790353124653,13.695228949883909,-9.223051829556873,12 days 21:40:00,6 days 14:55:23.076923077,0.5370261275903995,-2.259866788269616,-0.5220668601390253,-0.5971280175245277,0.9722830284303288,-0.7237553792273124,long
3980,"{'window_k': 237, 'window_d': 132, 'window_ma': 192}","open_time
2022-01-01 00:00:00    100.000000
2022-01-01 01:00:00    100.000000
2022-01-01 02:00:00    100.000000
2022-01-01 03:00:00    100.000000
2022-01-01 04:00:00    100.000000
                          ...    
2023-05-01 19:00:00     50.291717
2023-05-01 20:00:00     50.176220
2023-05-01 21:00:00     50.428870
2023-05-01 22:00:00     50.652645
2023-05-01 23:00:00     50.652645
Freq: H, Length: 11664, dtype: float64",2022-01-01,2023-05-01 23:00:00,486 days,100.0,40.55742646918692,122.84612540277851,50.65264526446667,-49.34735473553333,-70.17976286600607,40.586419753086425,100.0,66.98518057756374,451 days 16:00:00,53,0.0,27,30.76923076923077,36.68778547222633,-22.782723376195186,14.230235096874752,-8.780314166413367,9 days 20:22:30,6 days 11:50:00,0.5787118335813977,-1.8927000795826214,-0.47660330260507305,-0.5971543471626473,0.9759912640991909,-0.6823902190047358,long
298,"{'window_k': 27, 'window_d': 42, 'window_ma': 162}","open_time
2022-01-01 00:00:00    100.0000
2022-01-01 01:00:00    100.0000
2022-01-01 02:00:00    100.0000
2022-01-01 03:00:00    100.0000
2022-01-01 04:00:00    100.0000
                         ...   
2023-05-01 19:00:00     49.1469
2023-05-01 20:00:00     49.1469
2023-05-01 21:00:00     49.1469
2023-05-01 22:00:00     49.1469
2023-05-01 23:00:00     49.1469
Freq: H, Length: 11664, dtype: float64",2022-01-01,2023-05-01 23:00:00,486 days,100.0,30.797076551504002,100.0,49.146899933873456,-50.853100066126544,-70.17976286600607,38.19444444444444,100.0,69.202923448496,481 days 07:00:00,212,0.0,106,35.84905660377358,23.52363585355589,-15.801114023591087,5.229591223239489,-3.691602124678075,2 days 08:50:31.578947368,1 days 09:45:00,0.6149914521982704,-0.47974622703892955,-0.4187243212612566,-0.5974465089048225,0.9764028707643295,-0.6448126527397291,long
2491,"{'window_k': 147, 'window_d': 177, 'window_ma': 177}","open_time
2022-01-01 00:00:00    100.000000
2022-01-01 01:00:00    100.000000
2022-01-01 02:00:00    100.000000
2022-01-01 03:00:00    100.000000
2022-01-01 04:00:00    100.000000
                          ...    
2023-05-01 19:00:00     48.303499
2023-05-01 20:00:00     48.192568
2023-05-01 21:00:00     48.435230
2023-05-01 22:00:00     48.650159
2023-05-01 23:00:00     48.650159
Freq: H, Length: 11664, dtype: float64",2022-01-01,2023-05-01 23:00:00,486 days,100.0,37.368882929816316,124.23076923076923,48.65015866847458,-51.34984133152541,-70.17976286600607,37.91152263374485,100.0,69.91978463853795,451 days 16:00:00,51,0.0,26,28.000000000000004,42.02835013882799,-21.691096040253782,14.185076144311079,-8.273311018002595,9 days 07:42:51.428571428,6 days 13:03:20,0.5095453945438723,-2.063977439563227,-0.6699765009807644,-0.5976970478792135,0.967123232432375,-0.9347300048084599,long
3006,"{'window_k': 177, 'window_d': 177, 'window_ma': 222}","open_time
2022-01-01 00:00:00    100.000000
2022-01-01 01:00:00    100.000000
2022-01-01 02:00:00    100.000000
2022-01-01 03:00:00    100.000000
2022-01-01 04:00:00    100.000000
                          ...    
2023-05-01 19:00:00     50.120749
2023-05-01 20:00:00     50.005645
2023-05-01 21:00:00     50.257435
2023-05-01 22:00:00     50.480450
2023-05-01 23:00:00     50.480450
Freq: H, Length: 11664, dtype: float64",2022-01-01,2023-05-01 23:00:00,486 days,100.0,39.883360101463296,121.39054181020984,50.48045015591136,-49.51954984408864,-70.17976286600607,36.41975308641975,100.0,67.14459009185441,451 days 16:00:00,47,0.0,24,26.08695652173913,43.4654919236417,-22.652724270775998,15.99703793689928,-8.513602431850964,11 days 00:49:59.999999999,6 days 11:17:38.823529411,0.49490806970869655,-2.202130923846114,-0.6179131781717659,-0.5980190513354962,0.969258016468943,-0.8620765032621125,long
789,"{'window_k': 57, 'window_d': 27, 'window_ma': 87}","open_time
2022-01-01 00:00:00    100.00000
2022-01-01 01:00:00    100.00000
2022-01-01 02:00:00    100.00000
2022-01-01 03:00:00    100.00000
2022-01-01 04:00:00    100.00000
                         ...    
2023-05-01 19:00:00     40.52152
2023-05-01 20:00:00     40.52152
2023-05-01 21:00:00     40.52152
2023-05-01 22:00:00     40.52152
2023-05-01 23:00:00     40.52152
Freq: H, Length: 11664, dtype: float64",2022-01-01,2023-05-01 23:00:00,486 days,100.0,17.96396159552825,101.8232648596086,40.521519548783,-59.478480451216996,-70.17976286600607,40.24348422496571,100.0,82.35770418450389,481 days 09:00:00,234,0.0,117,38.46153846153847,26.307237813884797,-14.919252771730884,5.178284465984616,-4.15980855443679,2 days 02:40:00,1 days 09:31:40,0.54036661450386,-0.5083630807796322,-0.588459671940712,-0.5981080599734916,0.9681765064160258,-0.9012111559097173,long
3677,"{'window_k': 222, 'window_d': 87, 'window_ma': 207}","open_time
2022-01-01 00:00:00    100.000000
2022-01-01 01:00:00    100.000000
2022-01-01 02:00:00    100.000000
2022-01-01 03:00:00    100.000000
2022-01-01 04:00:00    100.000000
                          ...    
2023-05-01 19:00:00     52.755099
2023-05-01 20:00:00     52.633945
2023-05-01 21:00:00     52.898970
2023-05-01 22:00:00     53.133706
2023-05-01 23:00:00     53.133706
Freq: H, Length: 11664, dtype: float64",2022-01-01,2023-05-01 23:00:00,486 days,100.0,41.909236977032215,113.90400857754061,53.13370618040943,-46.86629381959057,-70.17976286600607,39.52331961591221,100.0,63.206530217501225,309 days 12:00:00,67,0.0,34,30.303030303030305,30.629652605459057,-21.523959151610374,15.275582547578589,-8.310658550253114,9 days 16:18:00,3 days 23:49:33.913043478,0.678768267613478,-1.4376295896190552,-0.3251014922586416,-0.598142211561402,0.9823273515782182,-0.4910228739742486,long
4046,"{'window_k': 237, 'window_d': 192, 'window_ma': 222}","open_time
2022-01-01 00:00:00    100.000000
2022-01-01 01:00:00    100.000000
2022-01-01 02:00:00    100.000000
2022-01-01 03:00:00    100.000000
2022-01-01 04:00:00    100.000000
                          ...    
2023-05-01 19:00:00     52.587036
2023-05-01 20:00:00     52.587036
2023-05-01 21:00:00     52.587036
2023-05-01 22:00:00     52.587036
2023-05-01 23:00:00     52.587036
Freq: H, Length: 11664, dtype: float64",2022-01-01,2023-05-01 23:00:00,486 days,100.0,44.43142873685711,123.30097748829886,52.5870358611289,-47.4129641388711,-70.17976286600607,33.36762688614541,100.0,63.96506366620361,424 days 03:00:00,38,0.0,19,31.57894736842105,37.606336168964525,-24.463283056258938,13.374368819464896,-9.672051442881589,11 days 00:19:59.999999999,7 days 09:23:04.615384615,0.4825804646357992,-2.4954191652037427,-0.5939785006026344,-0.5985717849132249,0.9688642563911779,-0.8236790619410793,long
297,"{'window_k': 27, 'window_d': 42, 'window_ma': 147}","open_time
2022-01-01 00:00:00    100.000000
2022-01-01 01:00:00    100.000000
2022-01-01 02:00:00    100.000000
2022-01-01 03:00:00    100.000000
2022-01-01 04:00:00    100.000000
                          ...    
2023-05-01 19:00:00     49.048682
2023-05-01 20:00:00     49.048682
2023-05-01 21:00:00     49.048682
2023-05-01 22:00:00     49.048682
2023-05-01 23:00:00     49.048682
Freq: H, Length: 11664, dtype: float64",2022-01-01,2023-05-01 23:00:00,486 days,100.0,30.797076551504002,100.0,49.048681686503734,-50.951318313496266,-70.17976286600607,38.26303155006859,100.0,69.202923448496,481 days 07:00:00,212,0.0,106,34.90566037735849,23.523635853555913,-15.801114023591087,5.36843634020066,-3.639661642846348,2 days 09:01:37.297297297,1 days 10:06:05.217391304,0.6142480732508506,-0.48067281427826725,-0.42074242464099687,-0.5987189597988568,0.9763102918742149,-0.6478913760854793,long
292,"{'window_k': 27, 'window_d': 42, 'window_ma': 72}","open_time
2022-01-01 00:00:00    100.000000
2022-01-01 01:00:00    100.000000
2022-01-01 02:00:00    100.000000
2022-01-01 03:00:00    100.000000
2022-01-01 04:00:00    100.000000
                          ...    
2023-05-01 19:00:00     49.048682
2023-05-01 20:00:00     49.048682
2023-05-01 21:00:00     49.048682
2023-05-01 22:00:00     49.048682
2023-05-01 23:00:00     49.048682
Freq: H, Length: 11664, dtype: float64",2022-01-01,2023-05-01 23:00:00,486 days,100.0,30.797076551504002,100.0,49.048681686503734,-50.951318313496266,-70.17976286600607,38.26303155006859,100.0,69.202923448496,481 days 07:00:00,212,0.0,106,34.90566037735849,23.523635853555913,-15.801114023591087,5.36843634020066,-3.639661642846348,2 days 09:01:37.297297297,1 days 10:06:05.217391304,0.6142480732508506,-0.48067281427826725,-0.42074242464099687,-0.5987189597988568,0.9763102918742149,-0.6478913760854793,long
2292,"{'window_k': 132, 'window_d': 237, 'window_ma': 72}","open_time
2022-01-01 00:00:00    100.000000
2022-01-01 01:00:00    100.000000
2022-01-01 02:00:00    100.000000
2022-01-01 03:00:00    100.000000
2022-01-01 04:00:00    100.000000
                          ...    
2023-05-01 19:00:00     47.980581
2023-05-01 20:00:00     47.980581
2023-05-01 21:00:00     47.980581
2023-05-01 22:00:00     47.980581
2023-05-01 23:00:00     47.980581
Freq: H, Length: 11664, dtype: float64",2022-01-01,2023-05-01 23:00:00,486 days,100.0,34.409034079603344,117.7307514510247,47.98058147128529,-52.01941852871471,-70.17976286600607,28.39506172839506,100.0,70.77311266978764,453 days 11:00:00,40,0.0,20,35.0,28.052379195868653,-21.736694677871153,8.718080058718572,-9.21354313930881,7 days 05:08:34.285714285,6 days 17:32:18.461538461,0.36687949674096415,-2.6009709264357355,-0.8645088847601065,-0.5990066319155956,0.9518301458194733,-1.1881872478796218,long
1991,"{'window_k': 117, 'window_d': 192, 'window_ma': 117}","open_time
2022-01-01 00:00:00    100.000000
2022-01-01 01:00:00    100.000000
2022-01-01 02:00:00    100.000000
2022-01-01 03:00:00    100.000000
2022-01-01 04:00:00    100.000000
                          ...    
2023-05-01 19:00:00     44.860607
2023-05-01 20:00:00     44.757583
2023-05-01 21:00:00     44.982948
2023-05-01 22:00:00     45.182557
2023-05-01 23:00:00     45.182557
Freq: H, Length: 11664, dtype: float64",2022-01-01,2023-05-01 23:00:00,486 days,100.0,31.03622892853805,124.07170294494236,45.182557421067024,-54.817442578932976,-70.17976286600607,31.532921810699587,100.0,74.98524789144663,451 days 16:00:00,51,0.0,26,28.000000000000004,31.084198385236427,-24.919951418792095,11.125062227312277,-7.880081694280087,8 days 16:25:42.857142857,5 days 01:53:20,0.4497608898411622,-2.215363030522596,-0.9218558436629964,-0.5992554385275688,0.9508399439655781,-1.2704196827533374,long
86,"{'window_k': 12, 'window_d': 87, 'window_ma': 102}","open_time
2022-01-01 00:00:00    100.000000
2022-01-01 01:00:00    100.000000
2022-01-01 02:00:00    100.000000
2022-01-01 03:00:00    100.000000
2022-01-01 04:00:00    100.000000
                          ...    
2023-05-01 19:00:00     48.493127
2023-05-01 20:00:00     48.493127
2023-05-01 21:00:00     48.493127
2023-05-01 22:00:00     48.493127
2023-05-01 23:00:00     48.493127
Freq: H, Length: 11664, dtype: float64",2022-01-01,2023-05-01 23:00:00,486 days,100.0,42.80035817817369,142.5140606663397,48.49312678862017,-51.50687321137983,-70.17976286600607,34.79938271604938,100.0,69.96762426243694,391 days 18:00:00,150,0.0,75,26.666666666666668,23.86131883072739,-17.225113858165262,9.236042092762343,-4.360708104380481,3 days 23:54:00,1 days 15:37:46.666666666,0.7440906267031046,-0.6867583094850653,-0.5656711913184009,-0.5993059506720565,0.9674211565947682,-0.8437399826600827,long
2494,"{'window_k': 147, 'window_d': 177, 'window_ma': 222}","open_time
2022-01-01 00:00:00    100.000000
2022-01-01 01:00:00    100.000000
2022-01-01 02:00:00    100.000000
2022-01-01 03:00:00    100.000000
2022-01-01 04:00:00    100.000000
                          ...    
2023-05-01 19:00:00     48.867990
2023-05-01 20:00:00     48.755763
2023-05-01 21:00:00     49.001260
2023-05-01 22:00:00     49.218700
2023-05-01 23:00:00     49.218700
Freq: H, Length: 11664, dtype: float64",2022-01-01,2023-05-01 23:00:00,486 days,100.0,38.741660246762805,124.23076923076923,49.21870026405455,-50.78129973594545,-70.17976286600607,36.58264746227709,100.0,68.81476264966462,451 days 16:00:00,51,0.0,26,28.000000000000004,42.028350138828,-21.69109604025378,14.261748735644836,-8.23973237336241,9 days 12:17:08.571428571,6 days 02:39:59.999999999,0.5150483922072023,-2.0413524495176594,-0.6520680922362532,-0.5998814607066065,0.967754999696429,-0.9070917599319293,long
1246,"{'window_k': 72, 'window_d': 207, 'window_ma': 222}","open_time
2022-01-01 00:00:00    100.000000
2022-01-01 01:00:00    100.000000
2022-01-01 02:00:00    100.000000
2022-01-01 03:00:00    100.000000
2022-01-01 04:00:00    100.000000
                          ...    
2023-05-01 19:00:00     42.687886
2023-05-01 20:00:00     42.589852
2023-05-01 21:00:00     42.804302
2023-05-01 22:00:00     42.994244
2023-05-01 23:00:00     42.994244
Freq: H, Length: 11664, dtype: float64",2022-01-01,2023-05-01 23:00:00,486 days,100.0,27.081826005947153,124.55012853470436,42.99424372032168,-57.00575627967832,-70.17976286600607,36.531207133058984,100.0,78.25628417685564,451 days 16:00:00,53,0.0,27,34.61538461538461,38.07692307692307,-38.489617617138414,14.576167878082458,-10.709743059521086,9 days 13:40:00,5 days 07:03:31.764705882,0.5170209188118271,-2.1948856855970984,-0.8100483580781105,-0.5999593149707817,0.9593194113495893,-1.0881472537554746,long
2773,"{'window_k': 162, 'window_d': 207, 'window_ma': 87}","open_time
2022-01-01 00:00:00    100.000000
2022-01-01 01:00:00    100.000000
2022-01-01 02:00:00    100.000000
2022-01-01 03:00:00    100.000000
2022-01-01 04:00:00    100.000000
                          ...    
2023-05-01 19:00:00     54.514904
2023-05-01 20:00:00     54.514904
2023-05-01 21:00:00     54.514904
2023-05-01 22:00:00     54.514904
2023-05-01 23:00:00     54.514904
Freq: H, Length: 11664, dtype: float64",2022-01-01,2023-05-01 23:00:00,486 days,100.0,46.70673106241735,119.71584474415731,54.51490362020908,-45.48509637979092,-70.17976286600607,29.79252400548697,100.0,60.98533893969215,451 days 16:00:00,42,0.0,21,28.57142857142857,28.132563768385776,-26.231322634200332,12.966664583854124,-8.144863982918658,9 days 02:20:00,6 days 00:20:00,0.5228533616167387,-2.165956970466235,-0.6839759745042828,-0.6000817540368811,0.9623691404707341,-0.9420050458612607,long
1714,"{'window_k': 102, 'window_d': 177, 'window_ma': 42}","open_time
2022-01-01 00:00:00    100.000000
2022-01-01 01:00:00    100.000000
2022-01-01 02:00:00    100.000000
2022-01-01 03:00:00    100.000000
2022-01-01 04:00:00    100.000000
                          ...    
2023-05-01 19:00:00     46.139691
2023-05-01 20:00:00     46.139691
2023-05-01 21:00:00     46.139691
2023-05-01 22:00:00     46.139691
2023-05-01 23:00:00     46.139691
Freq: H, Length: 11664, dtype: float64",2022-01-01,2023-05-01 23:00:00,486 days,100.0,35.845617283410775,134.60302474737378,46.13969141549351,-53.86030858450649,-70.17976286600607,24.434156378600825,100.0,73.36938203975231,376 days 12:00:00,52,0.0,26,42.30769230769231,33.307926829268325,-44.8260305644843,10.948515226424895,-10.916642811029604,4 days 20:27:16.363636363,4 days 08:36:00,0.5940024716940808,-2.071550330173327,-0.9356278910167578,-0.6005441353515556,0.942201269410303,-1.2536554945044305,long
3852,"{'window_k': 237, 'window_d': 12, 'window_ma': 192}","open_time
2022-01-01 00:00:00    100.000000
2022-01-01 01:00:00    100.000000
2022-01-01 02:00:00    100.000000
2022-01-01 03:00:00    100.000000
2022-01-01 04:00:00    100.000000
                          ...    
2023-05-01 19:00:00     43.063771
2023-05-01 20:00:00     42.964874
2023-05-01 21:00:00     43.181212
2023-05-01 22:00:00     43.372827
2023-05-01 23:00:00     43.372827
Freq: H, Length: 11664, dtype: float64",2022-01-01,2023-05-01 23:00:00,486 days,100.0,27.800388186228716,123.9509241940599,43.37282671195633,-56.62717328804368,-70.17976286600607,40.68072702331962,100.0,77.5714555038703,454 days 07:00:00,437,0.0,219,33.94495412844037,24.026093348033807,-16.333207499685415,4.24441438410662,-2.5825960619397366,1 days 09:36:29.189189189,0 days 15:37:30,0.7402791152493446,-0.2591338942087815,-0.5182533731934922,-0.6007383330702997,0.9721944498170614,-0.7875610869151393,long
1115,"{'window_k': 72, 'window_d': 87, 'window_ma': 177}","open_time
2022-01-01 00:00:00    100.000000
2022-01-01 01:00:00    100.000000
2022-01-01 02:00:00    100.000000
2022-01-01 03:00:00    100.000000
2022-01-01 04:00:00    100.000000
                          ...    
2023-05-01 19:00:00     58.751316
2023-05-01 20:00:00     58.616391
2023-05-01 21:00:00     58.911539
2023-05-01 22:00:00     59.172956
2023-05-01 23:00:00     59.172956
Freq: H, Length: 11664, dtype: float64",2022-01-01,2023-05-01 23:00:00,486 days,100.0,52.59247380342282,114.80931549563758,59.17295608957168,-40.82704391042832,-70.17976286600607,40.98936899862826,100.0,54.1914577433212,462 days 03:00:00,97,0.0,49,35.41666666666667,26.46652430599169,-23.35901052403169,8.682278891484914,-5.827744433480361,5 days 18:52:56.470588235,3 days 01:40:38.709677419,0.727133143390261,-0.8526716147467779,-0.21389511119752266,-0.6010033416324719,0.9885379133169157,-0.3224507566191346,long
295,"{'window_k': 27, 'window_d': 42, 'window_ma': 117}","open_time
2022-01-01 00:00:00    100.000000
2022-01-01 01:00:00    100.000000
2022-01-01 02:00:00    100.000000
2022-01-01 03:00:00    100.000000
2022-01-01 04:00:00    100.000000
                          ...    
2023-05-01 19:00:00     48.712684
2023-05-01 20:00:00     48.712684
2023-05-01 21:00:00     48.712684
2023-05-01 22:00:00     48.712684
2023-05-01 23:00:00     48.712684
Freq: H, Length: 11664, dtype: float64",2022-01-01,2023-05-01 23:00:00,486 days,100.0,30.634288558768958,100.0,48.71268402242313,-51.28731597757687,-70.17976286600607,38.13443072702332,100.0,69.36571144123104,481 days 07:00:00,212,0.0,106,34.90566037735849,23.5236358535559,-15.801114023591087,5.368436340200658,-3.648926080053725,2 days 09:01:37.297297297,1 days 09:53:02.608695652,0.6114148920707313,-0.48384260356204734,-0.43032774145033814,-0.6016614270200031,0.9757103898128372,-0.6631399497331119,long
2058,"{'window_k': 132, 'window_d': 12, 'window_ma': 162}","open_time
2022-01-01 00:00:00    100.000000
2022-01-01 01:00:00    100.000000
2022-01-01 02:00:00    100.000000
2022-01-01 03:00:00    100.000000
2022-01-01 04:00:00    100.000000
                          ...    
2023-05-01 19:00:00     53.487684
2023-05-01 20:00:00     53.364847
2023-05-01 21:00:00     53.633552
2023-05-01 22:00:00     53.871548
2023-05-01 23:00:00     53.871548
Freq: H, Length: 11664, dtype: float64",2022-01-01,2023-05-01 23:00:00,486 days,100.0,38.526135785917006,100.66296838462756,53.871548198960966,-46.128451801039034,-70.17976286600607,41.40946502057613,100.0,61.72759813846259,469 days 22:00:00,465,0.0,233,31.03448275862069,34.161431562916434,-14.131233595800527,4.888544301215035,-2.4021468641751285,1 days 06:49:10,0 days 16:16:29.999999999,0.8103304282447777,-0.19932591017312407,-0.2783931286967173,-0.6019832763330695,0.9850417525655203,-0.4240313285352479,long
1500,"{'window_k': 87, 'window_d': 207, 'window_ma': 192}","open_time
2022-01-01 00:00:00    100.000000
2022-01-01 01:00:00    100.000000
2022-01-01 02:00:00    100.000000
2022-01-01 03:00:00    100.000000
2022-01-01 04:00:00    100.000000
                          ...    
2023-05-01 19:00:00     43.156258
2023-05-01 20:00:00     43.057148
2023-05-01 21:00:00     43.273952
2023-05-01 22:00:00     43.465978
2023-05-01 23:00:00     43.465978
Freq: H, Length: 11664, dtype: float64",2022-01-01,2023-05-01 23:00:00,486 days,100.0,27.812675296187333,122.0274950152167,43.46597750658379,-56.53402249341622,-70.17976286600607,36.73696844993141,100.0,77.20786180793179,451 days 16:00:00,49,0.0,25,33.33333333333333,42.96274393849793,-38.48961761713841,17.528059139805993,-11.72193260605628,10 days 10:15:00,5 days 21:00:00,0.5361893202702507,-2.370295927474804,-0.7958645575383604,-0.602452089727059,0.9596820751364932,-1.0717227602983435,long
2809,"{'window_k': 162, 'window_d': 237, 'window_ma': 147}","open_time
2022-01-01 00:00:00    100.000000
2022-01-01 01:00:00    100.000000
2022-01-01 02:00:00    100.000000
2022-01-01 03:00:00    100.000000
2022-01-01 04:00:00    100.000000
                          ...    
2023-05-01 19:00:00     54.769397
2023-05-01 20:00:00     54.769397
2023-05-01 21:00:00     54.769397
2023-05-01 22:00:00     54.769397
2023-05-01 23:00:00     54.769397
Freq: H, Length: 11664, dtype: float64",2022-01-01,2023-05-01 23:00:00,486 days,100.0,51.87532976269365,130.9144480849537,54.76939664604506,-45.23060335395494,-70.17976286600607,30.032578875171467,100.0,60.374633570596856,349 days 17:00:00,36,0.0,18,33.33333333333333,19.531538177794165,-22.041175822965975,9.500528335987134,-8.884290798930179,9 days 14:00:00,7 days 08:55:00,0.4889928374498636,-2.5128112974419414,-0.6548207858945487,-0.6024719234051743,0.963718117985668,-0.9058561153591551,long
3807,"{'window_k': 222, 'window_d': 207, 'window_ma': 237}","open_time
2022-01-01 00:00:00    100.000000
2022-01-01 01:00:00    100.000000
2022-01-01 02:00:00    100.000000
2022-01-01 03:00:00    100.000000
2022-01-01 04:00:00    100.000000
                          ...    
2023-05-01 19:00:00     54.727618
2023-05-01 20:00:00     54.727618
2023-05-01 21:00:00     54.727618
2023-05-01 22:00:00     54.727618
2023-05-01 23:00:00     54.727618
Freq: H, Length: 11664, dtype: float64",2022-01-01,2023-05-01 23:00:00,486 days,100.0,47.110424722328005,118.80459770114943,54.727617977623815,-45.272382022376185,-70.17976286600607,34.06207133058985,100.0,60.346294980238625,451 days 16:00:00,38,0.0,19,26.31578947368421,39.534883720930225,-23.34767736952443,14.770015667246955,-8.35180323403504,14 days 13:24:00,6 days 15:00:00,0.47114485382919424,-2.3827569485461155,-0.5503979338704409,-0.6033589293323736,0.971023013555539,-0.765233806540426,long
3853,"{'window_k': 237, 'window_d': 12, 'window_ma': 207}","open_time
2022-01-01 00:00:00    100.000000
2022-01-01 01:00:00    100.000000
2022-01-01 02:00:00    100.000000
2022-01-01 03:00:00    100.000000
2022-01-01 04:00:00    100.000000
                          ...    
2023-05-01 19:00:00     43.306781
2023-05-01 20:00:00     43.207325
2023-05-01 21:00:00     43.424885
2023-05-01 22:00:00     43.617580
2023-05-01 23:00:00     43.617580
Freq: H, Length: 11664, dtype: float64",2022-01-01,2023-05-01 23:00:00,486 days,100.0,28.69368134894713,123.9509241940599,43.61758049066071,-56.382419509339286,-70.17976286600607,40.32921810699588,100.0,76.8507725654197,454 days 07:00:00,437,0.0,219,33.02752293577982,24.026093348033807,-16.33320749968542,4.362929540060015,-2.543687191546929,1 days 09:44:10,0 days 15:31:38.630136986,0.7434587655132382,-0.2580076504414832,-0.5165341588837418,-0.6034291073335204,0.9721604814480546,-0.7849257160467454,long
2249,"{'window_k': 132, 'window_d': 192, 'window_ma': 147}","open_time
2022-01-01 00:00:00    100.000000
2022-01-01 01:00:00    100.000000
2022-01-01 02:00:00    100.000000
2022-01-01 03:00:00    100.000000
2022-01-01 04:00:00    100.000000
                          ...    
2023-05-01 19:00:00     44.597064
2023-05-01 20:00:00     44.494645
2023-05-01 21:00:00     44.718687
2023-05-01 22:00:00     44.917123
2023-05-01 23:00:00     44.917123
Freq: H, Length: 11664, dtype: float64",2022-01-01,2023-05-01 23:00:00,486 days,100.0,30.90467428735348,122.84612540277851,44.91712343444876,-55.082876565551246,-70.17976286600607,36.239711934156375,100.0,74.84277653363051,451 days 16:00:00,51,0.0,26,28.000000000000004,33.87158785082661,-24.35996044390727,12.579875016207339,-8.44416296504003,9 days 10:42:51.428571428,6 days 01:43:20,0.4565347350147092,-2.2327605190562023,-0.8295903058639239,-0.6036446935658639,0.9589289451711925,-1.1503251338194778,long
2767,"{'window_k': 162, 'window_d': 192, 'window_ma': 237}","open_time
2022-01-01 00:00:00    100.000000
2022-01-01 01:00:00    100.000000
2022-01-01 02:00:00    100.000000
2022-01-01 03:00:00    100.000000
2022-01-01 04:00:00    100.000000
                          ...    
2023-05-01 19:00:00     52.575118
2023-05-01 20:00:00     52.454377
2023-05-01 21:00:00     52.718498
2023-05-01 22:00:00     52.952433
2023-05-01 23:00:00     52.952433
Freq: H, Length: 11664, dtype: float64",2022-01-01,2023-05-01 23:00:00,486 days,100.0,44.779467383979345,120.59738643434972,52.95243301665201,-47.04756698334799,-70.17976286600607,34.01920438957476,100.0,62.86862534259298,451 days 16:00:00,43,0.0,22,28.57142857142857,39.287285525736905,-24.14402474044622,13.30138504944521,-8.371850961402266,11 days 01:49:59.999999999,6 days 13:40:00,0.4910186133223115,-2.232454678066102,-0.6092489630384021,-0.6038928972454521,0.9683150166795075,-0.8480528225471535,long
1727,"{'window_k': 102, 'window_d': 177, 'window_ma': 237}","open_time
2022-01-01 00:00:00    100.000000
2022-01-01 01:00:00    100.000000
2022-01-01 02:00:00    100.000000
2022-01-01 03:00:00    100.000000
2022-01-01 04:00:00    100.000000
                          ...    
2023-05-01 19:00:00     43.115775
2023-05-01 20:00:00     43.016758
2023-05-01 21:00:00     43.233358
2023-05-01 22:00:00     43.425204
2023-05-01 23:00:00     43.425204
Freq: H, Length: 11664, dtype: float64",2022-01-01,2023-05-01 23:00:00,486 days,100.0,32.309150495301004,140.8494029989948,43.42520396510136,-56.57479603489865,-70.17976286600607,35.25377229080932,100.0,77.06120877521109,391 days 18:00:00,51,0.0,26,32.0,48.33638583638581,-44.82603056448429,17.59343289952634,-10.796903947369895,9 days 17:15:00,5 days 09:21:10.588235294,0.5696638287789951,-2.2726460124356427,-0.781740693272343,-0.6040876348725973,0.9594251764462971,-1.0623100671353354,long
2281,"{'window_k': 132, 'window_d': 222, 'window_ma': 147}","open_time
2022-01-01 00:00:00    100.000000
2022-01-01 01:00:00    100.000000
2022-01-01 02:00:00    100.000000
2022-01-01 03:00:00    100.000000
2022-01-01 04:00:00    100.000000
                          ...    
2023-05-01 19:00:00     50.871819
2023-05-01 20:00:00     50.871819
2023-05-01 21:00:00     50.871819
2023-05-01 22:00:00     50.871819
2023-05-01 23:00:00     50.871819
Freq: H, Length: 11664, dtype: float64",2022-01-01,2023-05-01 23:00:00,486 days,100.0,40.98853207476178,120.12396694214875,50.87181917979694,-49.12818082020306,-70.17976286600607,33.95061728395062,100.0,65.87813979328396,451 days 16:00:00,42,0.0,21,33.33333333333333,18.16847127913379,-22.865444792132312,9.066057016822853,-8.45624405960394,9 days 04:42:51.428571428,7 days 04:30:00,0.44134268600288834,-2.3394371819144304,-0.6952285301210256,-0.6042310288469569,0.9642304232369515,-0.9605193523857528,long
351,"{'window_k': 27, 'window_d': 87, 'window_ma': 237}","open_time
2022-01-01 00:00:00    100.000000
2022-01-01 01:00:00    100.000000
2022-01-01 02:00:00    100.000000
2022-01-01 03:00:00    100.000000
2022-01-01 04:00:00    100.000000
                          ...    
2023-05-01 19:00:00     47.521984
2023-05-01 20:00:00     47.521984
2023-05-01 21:00:00     47.521984
2023-05-01 22:00:00     47.521984
2023-05-01 23:00:00     47.521984
Freq: H, Length: 11664, dtype: float64",2022-01-01,2023-05-01 23:00:00,486 days,100.0,41.89175656681282,143.6789140788916,47.52198362516356,-52.47801637483644,-70.17976286600607,38.948902606310014,100.0,70.84349026760405,194 days 16:00:00,124,0.0,62,35.483870967741936,21.11666304583966,-20.449897750511255,8.412237696631681,-5.9142041137442884,4 days 01:27:16.363636363,2 days 11:58:30,0.7513156187297924,-0.8464196189489734,-0.43803969275819177,-0.6042555974763612,0.9757225991964584,-0.6689293094548973,long
3847,"{'window_k': 237, 'window_d': 12, 'window_ma': 117}","open_time
2022-01-01 00:00:00    100.000000
2022-01-01 01:00:00    100.000000
2022-01-01 02:00:00    100.000000
2022-01-01 03:00:00    100.000000
2022-01-01 04:00:00    100.000000
                          ...    
2023-05-01 19:00:00     42.777583
2023-05-01 20:00:00     42.679343
2023-05-01 21:00:00     42.894244
2023-05-01 22:00:00     43.084585
2023-05-01 23:00:00     43.084585
Freq: H, Length: 11664, dtype: float64",2022-01-01,2023-05-01 23:00:00,486 days,100.0,27.82292572926958,123.9509241940599,43.084584811814565,-56.915415188185435,-70.17976286600607,40.74074074074074,100.0,77.55327286974521,454 days 07:00:00,437,0.0,219,33.48623853211009,24.026093348033807,-16.33320749968542,4.300664448099482,-2.5683744914189957,1 days 10:03:17.260273972,0 days 15:34:20.689655172,0.7386885656624087,-0.2604602502112421,-0.5250851050305986,-0.6043186840793402,0.9718478326650227,-0.797891903119202,long
1242,"{'window_k': 72, 'window_d': 207, 'window_ma': 162}","open_time
2022-01-01 00:00:00    100.000000
2022-01-01 01:00:00    100.000000
2022-01-01 02:00:00    100.000000
2022-01-01 03:00:00    100.000000
2022-01-01 04:00:00    100.000000
                          ...    
2023-05-01 19:00:00     41.941271
2023-05-01 20:00:00     41.844952
2023-05-01 21:00:00     42.055651
2023-05-01 22:00:00     42.242271
2023-05-01 23:00:00     42.242271
Freq: H, Length: 11664, dtype: float64",2022-01-01,2023-05-01 23:00:00,486 days,100.0,26.35383971046861,124.55012853470436,42.24227086097706,-57.75772913902294,-70.17976286600607,35.50240054869684,100.0,78.84077678560931,451 days 16:00:00,53,0.0,27,34.61538461538461,38.07692307692306,-38.4896176171384,14.609256562873659,-10.827096701787092,9 days 14:00:00,4 days 23:49:24.705882352,0.508703347857414,-2.2237665015573933,-0.8433984580086681,-0.6043693435807069,0.9568856116913143,-1.1345469918570614,long
3269,"{'window_k': 192, 'window_d': 192, 'window_ma': 87}","open_time
2022-01-01 00:00:00    100.000000
2022-01-01 01:00:00    100.000000
2022-01-01 02:00:00    100.000000
2022-01-01 03:00:00    100.000000
2022-01-01 04:00:00    100.000000
                          ...    
2023-05-01 19:00:00     53.751157
2023-05-01 20:00:00     53.751157
2023-05-01 21:00:00     53.751157
2023-05-01 22:00:00     53.751157
2023-05-01 23:00:00     53.751157
Freq: H, Length: 11664, dtype: float64",2022-01-01,2023-05-01 23:00:00,486 days,100.0,46.06854900054218,120.12396694214875,53.75115686446222,-46.24884313553778,-70.17976286600607,30.22119341563786,100.0,61.64916113473957,451 days 16:00:00,40,0.0,20,30.0,28.707686553207413,-25.164016457244507,13.33386801556737,-8.956105902613631,10 days 01:50:00,6 days 04:08:34.285714285,0.5273007167583531,-2.3124421567768896,-0.6832704600501768,-0.604460499741161,0.9624291323094936,-0.9449056765275965,long
2539,"{'window_k': 147, 'window_d': 222, 'window_ma': 177}","open_time
2022-01-01 00:00:00    100.000000
2022-01-01 01:00:00    100.000000
2022-01-01 02:00:00    100.000000
2022-01-01 03:00:00    100.000000
2022-01-01 04:00:00    100.000000
                          ...    
2023-05-01 19:00:00     53.393787
2023-05-01 20:00:00     53.393787
2023-05-01 21:00:00     53.393787
2023-05-01 22:00:00     53.393787
2023-05-01 23:00:00     53.393787
Freq: H, Length: 11664, dtype: float64",2022-01-01,2023-05-01 23:00:00,486 days,100.0,45.34775571770009,119.8639315534481,53.393786747243226,-46.606213252756774,-70.17976286600607,33.62482853223594,100.0,62.16730493486339,451 days 16:00:00,40,0.0,20,20.0,44.09251620506779,-22.908277404921687,19.506066413324806,-7.662140953349662,12 days 03:30:00,7 days 04:15:00,0.4861806756027858,-2.3303106626378396,-0.6263235045319556,-0.6044656362245248,0.9670753187594289,-0.8659146923327486,long
226,"{'window_k': 12, 'window_d': 222, 'window_ma': 42}","open_time
2022-01-01 00:00:00    100.000000
2022-01-01 01:00:00    100.000000
2022-01-01 02:00:00    100.000000
2022-01-01 03:00:00    100.000000
2022-01-01 04:00:00    100.000000
                          ...    
2023-05-01 19:00:00     46.336405
2023-05-01 20:00:00     46.336405
2023-05-01 21:00:00     46.336405
2023-05-01 22:00:00     46.336405
2023-05-01 23:00:00     46.336405
Freq: H, Length: 11664, dtype: float64",2022-01-01,2023-05-01 23:00:00,486 days,100.0,39.261242621154715,143.103003426621,46.33640461504084,-53.66359538495916,-70.17976286600607,25.085733882030176,100.0,72.56434758108573,399 days 10:00:00,106,0.0,53,28.30188679245283,30.216275089466293,-17.67015706806282,7.746014747931103,-4.604488605538288,4 days 14:04:00,1 days 09:33:09.473684210,0.6368596523722462,-1.0125206676407383,-1.0814530363414674,-0.6047395998688361,0.9374271491048504,-1.4570505245863044,long
3982,"{'window_k': 237, 'window_d': 132, 'window_ma': 222}","open_time
2022-01-01 00:00:00    100.000000
2022-01-01 01:00:00    100.000000
2022-01-01 02:00:00    100.000000
2022-01-01 03:00:00    100.000000
2022-01-01 04:00:00    100.000000
                          ...    
2023-05-01 19:00:00     48.938884
2023-05-01 20:00:00     48.826494
2023-05-01 21:00:00     49.072347
2023-05-01 22:00:00     49.290103
2023-05-01 23:00:00     49.290103
Freq: H, Length: 11664, dtype: float64",2022-01-01,2023-05-01 23:00:00,486 days,100.0,39.121482891117644,122.84612540277851,49.29010331618118,-50.709896683818826,-70.17976286600607,39.000342935528124,100.0,68.15407668508135,451 days 16:00:00,53,0.0,27,26.923076923076923,36.68778547222632,-22.782723376195186,14.512909268017577,-7.946380527331998,10 days 14:08:34.285714285,5 days 23:47:22.105263157,0.5243842856182179,-1.9452474379109481,-0.5116166583061962,-0.6047581722888022,0.9740071053516536,-0.730394664330119,long
3238,"{'window_k': 192, 'window_d': 162, 'window_ma': 102}","open_time
2022-01-01 00:00:00    100.000000
2022-01-01 01:00:00    100.000000
2022-01-01 02:00:00    100.000000
2022-01-01 03:00:00    100.000000
2022-01-01 04:00:00    100.000000
                          ...    
2023-05-01 19:00:00     46.011089
2023-05-01 20:00:00     45.905422
2023-05-01 21:00:00     46.136568
2023-05-01 22:00:00     46.341296
2023-05-01 23:00:00     46.341296
Freq: H, Length: 11664, dtype: float64",2022-01-01,2023-05-01 23:00:00,486 days,100.0,34.57140637358478,125.95111482335653,46.34129617019601,-53.65870382980399,-70.17976286600607,31.3957475994513,100.0,72.55172657894266,391 days 18:00:00,49,0.0,25,29.166666666666668,37.58813160987076,-35.979314802844215,13.666431058326136,-8.613530524479144,9 days 13:51:25.714285714,4 days 23:00:00,0.4768634905900213,-2.2225710331906168,-0.8076490483563586,-0.6047834762268977,0.9561823750076744,-1.0949151658498928,long
3804,"{'window_k': 222, 'window_d': 207, 'window_ma': 192}","open_time
2022-01-01 00:00:00    100.000000
2022-01-01 01:00:00    100.000000
2022-01-01 02:00:00    100.000000
2022-01-01 03:00:00    100.000000
2022-01-01 04:00:00    100.000000
                          ...    
2023-05-01 19:00:00     53.447713
2023-05-01 20:00:00     53.447713
2023-05-01 21:00:00     53.447713
2023-05-01 22:00:00     53.447713
2023-05-01 23:00:00     53.447713
Freq: H, Length: 11664, dtype: float64",2022-01-01,2023-05-01 23:00:00,486 days,100.0,45.151712613331085,118.96409877672079,53.44771341154379,-46.55228658845621,-70.17976286600607,33.71913580246913,100.0,62.045933960232304,424 days 03:00:00,38,0.0,19,31.57894736842105,39.53488372093023,-23.347677369524426,15.073483126313295,-10.238843312068711,12 days 04:40:00,6 days 23:27:41.538461538,0.5285220379101858,-2.4501203467608548,-0.5889284866437723,-0.6048850341694477,0.968825560540095,-0.8155548224088454,long
785,"{'window_k': 57, 'window_d': 27, 'window_ma': 27}","open_time
2022-01-01 00:00:00    100.000000
2022-01-01 01:00:00    100.000000
2022-01-01 02:00:00    100.000000
2022-01-01 03:00:00    100.000000
2022-01-01 04:00:00    100.000000
                          ...    
2023-05-01 19:00:00     45.577448
2023-05-01 20:00:00     45.577448
2023-05-01 21:00:00     45.577448
2023-05-01 22:00:00     45.577448
2023-05-01 23:00:00     45.577448
Freq: H, Length: 11664, dtype: float64",2022-01-01,2023-05-01 23:00:00,486 days,100.0,26.800169283365868,101.8232648596086,45.57744815142719,-54.42255184857281,-70.17976286600607,32.99897119341564,100.0,73.6797191483525,481 days 09:00:00,232,0.0,116,43.103448275862064,23.84564643799471,-13.19765475250873,4.018365887941169,-3.9574129522058357,1 days 17:34:48,1 days 02:49:05.454545454,0.5939418287917672,-0.46915992972907594,-0.7709563818494036,-0.6049733934085071,0.9590736434623935,-1.0834011637619074,long
2798,"{'window_k': 162, 'window_d': 222, 'window_ma': 222}","open_time
2022-01-01 00:00:00    100.000000
2022-01-01 01:00:00    100.000000
2022-01-01 02:00:00    100.000000
2022-01-01 03:00:00    100.000000
2022-01-01 04:00:00    100.000000
                          ...    
2023-05-01 19:00:00     52.898345
2023-05-01 20:00:00     52.898345
2023-05-01 21:00:00     52.898345
2023-05-01 22:00:00     52.898345
2023-05-01 23:00:00     52.898345
Freq: H, Length: 11664, dtype: float64",2022-01-01,2023-05-01 23:00:00,486 days,100.0,44.29108550291677,119.17357190699454,52.89834516712877,-47.10165483287123,-70.17976286600607,33.33333333333333,100.0,62.83480909888106,424 days 03:00:00,38,0.0,19,36.84210526315789,43.728913011588666,-22.326621923937367,11.57409392228665,-10.418283962055268,10 days 21:00:00,7 days 03:45:00,0.4842594257323863,-2.479034464887959,-0.6274804131603823,-0.6049753514874192,0.9671088910940023,-0.8664107049990563,long
4043,"{'window_k': 237, 'window_d': 192, 'window_ma': 177}","open_time
2022-01-01 00:00:00    100.000000
2022-01-01 01:00:00    100.000000
2022-01-01 02:00:00    100.000000
2022-01-01 03:00:00    100.000000
2022-01-01 04:00:00    100.000000
                          ...    
2023-05-01 19:00:00     53.680174
2023-05-01 20:00:00     53.680174
2023-05-01 21:00:00     53.680174
2023-05-01 22:00:00     53.680174
2023-05-01 23:00:00     53.680174
Freq: H, Length: 11664, dtype: float64",2022-01-01,2023-05-01 23:00:00,486 days,100.0,46.98295603397904,122.5468943152935,53.68017434420349,-46.31982565579651,-70.17976286600607,34.31927297668038,100.0,61.66124299070408,424 days 03:00:00,38,0.0,19,21.052631578947366,37.60633616896453,-24.463283056258934,19.472835032125126,-8.129786710329894,14 days 10:45:00,7 days 06:24:00,0.49383506056571375,-2.4378855608313965,-0.580826823292384,-0.6053512984466459,0.9695030694947523,-0.8058696950744584,long
2415,"{'window_k': 147, 'window_d': 102, 'window_ma': 237}","open_time
2022-01-01 00:00:00    100.000000
2022-01-01 01:00:00    100.000000
2022-01-01 02:00:00    100.000000
2022-01-01 03:00:00    100.000000
2022-01-01 04:00:00    100.000000
                          ...    
2023-05-01 19:00:00     50.096883
2023-05-01 20:00:00     49.981833
2023-05-01 21:00:00     50.233504
2023-05-01 22:00:00     50.456412
2023-05-01 23:00:00     50.456412
Freq: H, Length: 11664, dtype: float64",2022-01-01,2023-05-01 23:00:00,486 days,100.0,41.398843794002026,123.0866941886313,50.45641239960783,-49.54358760039217,-70.17976286600607,42.92695473251029,100.0,66.36610962143642,451 days 16:00:00,71,0.0,36,28.57142857142857,30.91313448456307,-21.6074807970611,15.05515503509352,-7.696506141014066,8 days 02:42:00,4 days 22:28:48,0.6579406997988265,-1.4151201830947389,-0.44606337030723336,-0.6053563792799364,0.9782737841079705,-0.6273771499126094,long
2683,"{'window_k': 162, 'window_d': 117, 'window_ma': 177}","open_time
2022-01-01 00:00:00    100.000000
2022-01-01 01:00:00    100.000000
2022-01-01 02:00:00    100.000000
2022-01-01 03:00:00    100.000000
2022-01-01 04:00:00    100.000000
                          ...    
2023-05-01 19:00:00     46.274441
2023-05-01 20:00:00     46.168170
2023-05-01 21:00:00     46.400638
2023-05-01 22:00:00     46.606539
2023-05-01 23:00:00     46.606539
Freq: H, Length: 11664, dtype: float64",2022-01-01,2023-05-01 23:00:00,486 days,100.0,36.501020011087576,130.65168539325842,46.60653861209813,-53.39346138790187,-70.17976286600607,38.40877914951989,100.0,72.06234278477129,451 days 16:00:00,65,0.0,33,34.375,37.92476576702557,-25.816993464052295,10.870864953942485,-8.184437467839171,7 days 02:16:21.818181818,5 days 00:17:08.571428571,0.5791911561580576,-1.6803766355805418,-0.5751519761878379,-0.6055452417712461,0.9706290535818431,-0.8049609155406763,long
3909,"{'window_k': 237, 'window_d': 72, 'window_ma': 87}","open_time
2022-01-01 00:00:00    100.000000
2022-01-01 01:00:00    100.000000
2022-01-01 02:00:00    100.000000
2022-01-01 03:00:00    100.000000
2022-01-01 04:00:00    100.000000
                          ...    
2023-05-01 19:00:00     53.653708
2023-05-01 20:00:00     53.653708
2023-05-01 21:00:00     53.653708
2023-05-01 22:00:00     53.653708
2023-05-01 23:00:00     53.653708
Freq: H, Length: 11664, dtype: float64",2022-01-01,2023-05-01 23:00:00,486 days,100.0,46.60406838445344,121.56986323361299,53.65370766720169,-46.34629233279831,-70.17976286600607,33.11899862825789,100.0,61.66478505047144,355 days 14:00:00,72,0.0,36,30.555555555555557,23.66323157690066,-19.86931000110754,10.661337862875826,-6.470894040126033,6 days 04:27:16.363636363,3 days 17:12:00,0.6479659560025983,-1.2873970092443972,-0.36476600577099555,-0.6056928958653117,0.9780165869853443,-0.5528285775125373,long
2520,"{'window_k': 147, 'window_d': 207, 'window_ma': 132}","open_time
2022-01-01 00:00:00    100.000000
2022-01-01 01:00:00    100.000000
2022-01-01 02:00:00    100.000000
2022-01-01 03:00:00    100.000000
2022-01-01 04:00:00    100.000000
                          ...    
2023-05-01 19:00:00     52.134909
2023-05-01 20:00:00     52.134909
2023-05-01 21:00:00     52.134909
2023-05-01 22:00:00     52.134909
2023-05-01 23:00:00     52.134909
Freq: H, Length: 11664, dtype: float64",2022-01-01,2023-05-01 23:00:00,486 days,100.0,43.515474565077525,120.44124501527784,52.13490897662596,-47.86509102337404,-70.17976286600607,32.44170096021948,100.0,63.86995621013579,451 days 16:00:00,42,0.0,21,33.33333333333333,41.55022797470218,-25.916897506925206,13.482245177586424,-9.84017073071925,10 days 11:42:51.428571428,6 days 00:25:42.857142857,0.5171403376834772,-2.279290048732097,-0.6803287348964663,-0.6057087858208502,0.9638122083556857,-0.9417855828643495,long
4019,"{'window_k': 237, 'window_d': 177, 'window_ma': 57}","open_time
2022-01-01 00:00:00    100.000000
2022-01-01 01:00:00    100.000000
2022-01-01 02:00:00    100.000000
2022-01-01 03:00:00    100.000000
2022-01-01 04:00:00    100.000000
                          ...    
2023-05-01 19:00:00     49.254203
2023-05-01 20:00:00     49.254203
2023-05-01 21:00:00     49.254203
2023-05-01 22:00:00     49.254203
2023-05-01 23:00:00     49.254203
Freq: H, Length: 11664, dtype: float64",2022-01-01,2023-05-01 23:00:00,486 days,100.0,38.435549007879516,120.44530335725688,49.25420269845589,-50.7457973015441,-70.17976286600607,26.045953360768177,100.0,68.08879388690272,424 days 03:00:00,42,0.0,21,33.33333333333333,28.202730503085828,-15.586513224308494,8.007690120378678,-8.26763936726138,6 days 01:08:34.285714285,6 days 00:25:42.857142857,0.3948846286744338,-2.416466538168766,-0.9932365401274293,-0.6058103060198433,0.9414331366446311,-1.349795378023657,long
943,"{'window_k': 57, 'window_d': 162, 'window_ma': 237}","open_time
2022-01-01 00:00:00    100.000000
2022-01-01 01:00:00    100.000000
2022-01-01 02:00:00    100.000000
2022-01-01 03:00:00    100.000000
2022-01-01 04:00:00    100.000000
                          ...    
2023-05-01 19:00:00     45.256491
2023-05-01 20:00:00     45.152558
2023-05-01 21:00:00     45.379912
2023-05-01 22:00:00     45.581283
2023-05-01 23:00:00     45.581283
Freq: H, Length: 11664, dtype: float64",2022-01-01,2023-05-01 23:00:00,486 days,100.0,35.83420186118332,135.46666771589497,45.581283296661034,-54.418716703338966,-70.17976286600607,39.343278463648836,100.0,73.5475874136537,391 days 18:00:00,73,0.0,37,30.555555555555557,40.06273167949814,-27.921728202980074,13.50966749335172,-7.928485673706049,8 days 03:43:38.181818181,3 days 22:16:48,0.6372628278780419,-1.5186681755257037,-0.6488422078374325,-0.6060126327419622,0.9688862645205801,-0.8953842789313567,long
3002,"{'window_k': 177, 'window_d': 177, 'window_ma': 162}","open_time
2022-01-01 00:00:00    100.000000
2022-01-01 01:00:00    100.000000
2022-01-01 02:00:00    100.000000
2022-01-01 03:00:00    100.000000
2022-01-01 04:00:00    100.000000
                          ...    
2023-05-01 19:00:00     48.702689
2023-05-01 20:00:00     48.590841
2023-05-01 21:00:00     48.835508
2023-05-01 22:00:00     49.052213
2023-05-01 23:00:00     49.052213
Freq: H, Length: 11664, dtype: float64",2022-01-01,2023-05-01 23:00:00,486 days,100.0,38.420094402600085,121.39054181020984,49.05221299851072,-50.94778700148929,-70.17976286600607,36.059670781893004,100.0,68.35000995162486,451 days 16:00:00,47,0.0,24,26.08695652173913,43.4654919236417,-22.652724270776005,16.42901049131145,-8.802058808630465,10 days 21:30:00,6 days 10:00:00,0.4991126746616458,-2.2628388127604167,-0.6604827450737835,-0.6061438121546454,0.9668648408566437,-0.924210635283808,long
272,"{'window_k': 27, 'window_d': 27, 'window_ma': 12}","open_time
2022-01-01 00:00:00    100.00000
2022-01-01 01:00:00    100.00000
2022-01-01 02:00:00    100.00000
2022-01-01 03:00:00    100.00000
2022-01-01 04:00:00    100.00000
                         ...    
2023-05-01 19:00:00     46.46794
2023-05-01 20:00:00     46.46794
2023-05-01 21:00:00     46.46794
2023-05-01 22:00:00     46.46794
2023-05-01 23:00:00     46.46794
Freq: H, Length: 11664, dtype: float64",2022-01-01,2023-05-01 23:00:00,486 days,100.0,28.346022395134433,101.8232648596086,46.467940300065464,-53.53205969993453,-70.17976286600607,31.01851851851852,100.0,72.16154634776518,481 days 09:00:00,309,0.0,155,37.01298701298701,21.906397595534546,-24.013260126385582,4.351415254624948,-3.1517271111091776,1 days 05:57:53.684210526,0 days 19:46:52.500000,0.6578634567213447,-0.34761077727230216,-0.6382455829504695,-0.6064578588269116,0.9605001466115274,-0.9621642974703879,long
2795,"{'window_k': 162, 'window_d': 222, 'window_ma': 177}","open_time
2022-01-01 00:00:00    100.000000
2022-01-01 01:00:00    100.000000
2022-01-01 02:00:00    100.000000
2022-01-01 03:00:00    100.000000
2022-01-01 04:00:00    100.000000
                          ...    
2023-05-01 19:00:00     55.611712
2023-05-01 20:00:00     55.611712
2023-05-01 21:00:00     55.611712
2023-05-01 22:00:00     55.611712
2023-05-01 23:00:00     55.611712
Freq: H, Length: 11664, dtype: float64",2022-01-01,2023-05-01 23:00:00,486 days,100.0,48.92735803244502,118.65306122448979,55.611712066917754,-44.388287933082246,-70.17976286600607,34.10493827160494,100.0,58.76435253543505,451 days 16:00:00,38,0.0,19,31.57894736842105,43.72891301158867,-22.32662192393736,13.097893711119681,-9.14925801703353,12 days 10:19:59.999999999,7 days 00:18:27.692307692,0.5060567936961528,-2.3362256806885386,-0.5734418098874952,-0.6064989872015933,0.9698163343037333,-0.7925249374089046,long
3848,"{'window_k': 237, 'window_d': 12, 'window_ma': 132}","open_time
2022-01-01 00:00:00    100.000000
2022-01-01 01:00:00    100.000000
2022-01-01 02:00:00    100.000000
2022-01-01 03:00:00    100.000000
2022-01-01 04:00:00    100.000000
                          ...    
2023-05-01 19:00:00     42.303379
2023-05-01 20:00:00     42.206227
2023-05-01 21:00:00     42.418746
2023-05-01 22:00:00     42.606977
2023-05-01 23:00:00     42.606977
Freq: H, Length: 11664, dtype: float64",2022-01-01,2023-05-01 23:00:00,486 days,100.0,27.268429989695854,123.9509241940599,42.60697685469387,-57.39302314530613,-70.17976286600607,40.49211248285322,100.0,78.00062390256657,454 days 07:00:00,437,0.0,219,33.48623853211009,24.02609334803381,-16.333207499685418,4.284132089765394,-2.5677387397514813,1 days 09:39:27.123287671,0 days 15:34:20.689655172,0.7336664269526736,-0.26265798128516893,-0.5377654718335054,-0.6065318229337571,0.9710820126467303,-0.8171698748364242,long
3911,"{'window_k': 237, 'window_d': 72, 'window_ma': 117}","open_time
2022-01-01 00:00:00    100.000000
2022-01-01 01:00:00    100.000000
2022-01-01 02:00:00    100.000000
2022-01-01 03:00:00    100.000000
2022-01-01 04:00:00    100.000000
                          ...    
2023-05-01 19:00:00     52.539948
2023-05-01 20:00:00     52.419288
2023-05-01 21:00:00     52.683232
2023-05-01 22:00:00     52.917011
2023-05-01 23:00:00     52.917011
Freq: H, Length: 11664, dtype: float64",2022-01-01,2023-05-01 23:00:00,486 days,100.0,45.87901182461777,122.81432337411793,52.9170106218919,-47.0829893781081,-70.17976286600607,32.578875171467764,100.0,62.64359843040395,336 days 01:00:00,71,0.0,36,31.428571428571427,27.056764191047755,-19.869310001107536,11.037708220227783,-6.913617409041366,5 days 19:00:00,3 days 18:32:30,0.657740146966951,-1.3447973388910226,-0.3904257302597226,-0.6065597395639069,0.9761613911919276,-0.5927289058348945,long
3994,"{'window_k': 237, 'window_d': 147, 'window_ma': 162}","open_time
2022-01-01 00:00:00    100.000000
2022-01-01 01:00:00    100.000000
2022-01-01 02:00:00    100.000000
2022-01-01 03:00:00    100.000000
2022-01-01 04:00:00    100.000000
                          ...    
2023-05-01 19:00:00     53.216223
2023-05-01 20:00:00     53.094010
2023-05-01 21:00:00     53.361351
2023-05-01 22:00:00     53.598139
2023-05-01 23:00:00     53.598139
Freq: H, Length: 11664, dtype: float64",2022-01-01,2023-05-01 23:00:00,486 days,100.0,46.792510581784434,122.0274950152167,53.598139408246304,-46.401860591753696,-70.17976286600607,35.459533607681756,100.0,61.65412510029034,451 days 16:00:00,49,0.0,25,33.33333333333333,32.42886476972719,-22.868473231989412,12.439756869942999,-8.962184926408893,10 days 02:22:30,5 days 15:48:45,0.5854567850334075,-1.9474144571890806,-0.46754163373237906,-0.6065881147082988,0.9751980435587411,-0.6759941213266164,long
2052,"{'window_k': 132, 'window_d': 12, 'window_ma': 72}","open_time
2022-01-01 00:00:00    100.000000
2022-01-01 01:00:00    100.000000
2022-01-01 02:00:00    100.000000
2022-01-01 03:00:00    100.000000
2022-01-01 04:00:00    100.000000
                          ...    
2023-05-01 19:00:00     55.063420
2023-05-01 20:00:00     54.936965
2023-05-01 21:00:00     55.213586
2023-05-01 22:00:00     55.458593
2023-05-01 23:00:00     55.458593
Freq: H, Length: 11664, dtype: float64",2022-01-01,2023-05-01 23:00:00,486 days,100.0,41.3018590179155,100.66296838462756,55.4585933039996,-44.5414066960004,-70.17976286600607,41.45233196159122,100.0,58.970155876882735,469 days 22:00:00,465,0.0,233,31.03448275862069,34.16143156291644,-14.131233595800532,4.867883780708092,-2.3759820073184694,1 days 06:48:20,0 days 16:18:45,0.8194162581198694,-0.19249982166794144,-0.2480136078633167,-0.6066399366458677,0.9866830472063006,-0.3777409390641428,long
603,"{'window_k': 42, 'window_d': 87, 'window_ma': 177}","open_time
2022-01-01 00:00:00    100.000000
2022-01-01 01:00:00    100.000000
2022-01-01 02:00:00    100.000000
2022-01-01 03:00:00    100.000000
2022-01-01 04:00:00    100.000000
                          ...    
2023-05-01 19:00:00     53.293862
2023-05-01 20:00:00     53.293862
2023-05-01 21:00:00     53.293862
2023-05-01 22:00:00     53.293862
2023-05-01 23:00:00     53.293862
Freq: H, Length: 11664, dtype: float64",2022-01-01,2023-05-01 23:00:00,486 days,100.0,45.79414929765,123.76029978933306,53.29386240292242,-46.70613759707758,-70.17976286600607,40.32064471879287,100.0,62.064634746620506,194 days 16:00:00,112,0.0,56,28.57142857142857,31.21311475409836,-16.69907354454992,9.750289941648017,-4.942568406567718,4 days 03:18:45,3 days 05:50:59.999999999,0.7098915800470973,-0.8340381713763856,-0.3205543609051969,-0.6068795142294543,0.9825073117716523,-0.48701887967389695,long
3854,"{'window_k': 237, 'window_d': 12, 'window_ma': 222}","open_time
2022-01-01 00:00:00    100.000000
2022-01-01 01:00:00    100.000000
2022-01-01 02:00:00    100.000000
2022-01-01 03:00:00    100.000000
2022-01-01 04:00:00    100.000000
                          ...    
2023-05-01 19:00:00     42.429593
2023-05-01 20:00:00     42.332151
2023-05-01 21:00:00     42.545304
2023-05-01 22:00:00     42.734097
2023-05-01 23:00:00     42.734097
Freq: H, Length: 11664, dtype: float64",2022-01-01,2023-05-01 23:00:00,486 days,100.0,27.596589523114005,123.9509241940599,42.734096816232,-57.26590318376801,-70.17976286600607,40.74931412894376,100.0,77.73587433692042,454 days 07:00:00,437,0.0,219,33.48623853211009,24.026093348033807,-16.33320749968542,4.3006644480994805,-2.5738885310978454,1 days 10:03:17.260273972,0 days 15:34:45.517241379,0.7367020720192565,-0.26207303397551096,-0.533542381095799,-0.6070792976982461,0.9714060486279283,-0.8106918963753098,long
374,"{'window_k': 27, 'window_d': 117, 'window_ma': 102}","open_time
2022-01-01 00:00:00    100.000000
2022-01-01 01:00:00    100.000000
2022-01-01 02:00:00    100.000000
2022-01-01 03:00:00    100.000000
2022-01-01 04:00:00    100.000000
                          ...    
2023-05-01 19:00:00     49.929534
2023-05-01 20:00:00     49.929534
2023-05-01 21:00:00     49.929534
2023-05-01 22:00:00     49.929534
2023-05-01 23:00:00     49.929534
Freq: H, Length: 11664, dtype: float64",2022-01-01,2023-05-01 23:00:00,486 days,100.0,44.27329828167895,133.9321472211751,49.92953381096621,-50.070466189033795,-70.17976286600607,40.44924554183814,100.0,66.94348653384449,397 days 07:00:00,100,0.0,50,40.0,27.525190464487586,-21.93840840408691,7.942774932577821,-6.852835763959142,4 days 23:18:00,3 days 05:44:00,0.685200605229076,-1.0014093237806763,-0.5304158353439574,-0.6071529111028945,0.9739884896399352,-0.7358626050111466,long
1083,"{'window_k': 72, 'window_d': 57, 'window_ma': 177}","open_time
2022-01-01 00:00:00    100.00000
2022-01-01 01:00:00    100.00000
2022-01-01 02:00:00    100.00000
2022-01-01 03:00:00    100.00000
2022-01-01 04:00:00    100.00000
                         ...    
2023-05-01 19:00:00     50.49129
2023-05-01 20:00:00     50.49129
2023-05-01 21:00:00     50.49129
2023-05-01 22:00:00     50.49129
2023-05-01 23:00:00     50.49129
Freq: H, Length: 11664, dtype: float64",2022-01-01,2023-05-01 23:00:00,486 days,100.0,42.507793801100675,125.40322038445696,50.4912903018713,-49.5087096981287,-70.17976286600607,41.9753086419753,100.0,66.10310830074242,391 days 18:00:00,130,0.0,65,32.30769230769231,22.99802761341223,-18.94652283681432,6.878258483813937,-4.482413039352759,3 days 22:42:51.428571428,2 days 18:04:05.454545454,0.6704397517850185,-0.7616724568942872,-0.3558823023918488,-0.6072950822087994,0.9809501344483618,-0.5448965129426195,long
1498,"{'window_k': 87, 'window_d': 207, 'window_ma': 162}","open_time
2022-01-01 00:00:00    100.000000
2022-01-01 01:00:00    100.000000
2022-01-01 02:00:00    100.000000
2022-01-01 03:00:00    100.000000
2022-01-01 04:00:00    100.000000
                          ...    
2023-05-01 19:00:00     42.500750
2023-05-01 20:00:00     42.403146
2023-05-01 21:00:00     42.616656
2023-05-01 22:00:00     42.805765
2023-05-01 23:00:00     42.805765
Freq: H, Length: 11664, dtype: float64",2022-01-01,2023-05-01 23:00:00,486 days,100.0,27.39022367898427,122.0274950152167,42.80576512875884,-57.19423487124116,-70.17976286600607,34.64506172839506,100.0,77.55405560396963,451 days 16:00:00,49,0.0,25,33.33333333333333,42.96274393849793,-38.4896176171384,16.90329351402716,-11.539083551768003,10 days 15:52:30,5 days 02:56:15,0.5268020004553288,-2.397581318606233,-0.8319955553674406,-0.6076450797392596,0.9567697888840382,-1.1193279028727956,long
2807,"{'window_k': 162, 'window_d': 237, 'window_ma': 117}","open_time
2022-01-01 00:00:00    100.000000
2022-01-01 01:00:00    100.000000
2022-01-01 02:00:00    100.000000
2022-01-01 03:00:00    100.000000
2022-01-01 04:00:00    100.000000
                          ...    
2023-05-01 19:00:00     51.837327
2023-05-01 20:00:00     51.837327
2023-05-01 21:00:00     51.837327
2023-05-01 22:00:00     51.837327
2023-05-01 23:00:00     51.837327
Freq: H, Length: 11664, dtype: float64",2022-01-01,2023-05-01 23:00:00,486 days,100.0,45.31948004891836,126.11498648087696,51.837327110481354,-48.162672889518646,-70.17976286600607,27.014746227709193,100.0,64.06495269633143,349 days 17:00:00,36,0.0,18,27.77777777777778,25.765400221320522,-22.04117582296597,10.903906490285447,-8.313698768225379,9 days 20:00:00,6 days 07:36:55.384615384,0.4425425713965151,-2.675704049417702,-0.8033799355132687,-0.6079707896491822,0.95290810585445,-1.1065410024641447,long
3494,"{'window_k': 207, 'window_d': 162, 'window_ma': 102}","open_time
2022-01-01 00:00:00    100.000000
2022-01-01 01:00:00    100.000000
2022-01-01 02:00:00    100.000000
2022-01-01 03:00:00    100.000000
2022-01-01 04:00:00    100.000000
                          ...    
2023-05-01 19:00:00     46.306735
2023-05-01 20:00:00     46.200390
2023-05-01 21:00:00     46.433020
2023-05-01 22:00:00     46.639064
2023-05-01 23:00:00     46.639064
Freq: H, Length: 11664, dtype: float64",2022-01-01,2023-05-01 23:00:00,486 days,100.0,34.43185825010029,121.53010033444815,46.63906393503844,-53.360936064961564,-70.17976286600607,30.949931412894376,100.0,71.66804095829382,451 days 16:00:00,49,0.0,25,33.33333333333333,37.53300088002347,-29.87071751777634,10.169344528919538,-8.634391073286453,7 days 23:00:00,5 days 08:37:30,0.42433194178797423,-2.2355577358615797,-0.7794157737893134,-0.6084646622526765,0.9567426119959095,-1.0669732281175097,long
1271,"{'window_k': 72, 'window_d': 237, 'window_ma': 117}","open_time
2022-01-01 00:00:00    100.000000
2022-01-01 01:00:00    100.000000
2022-01-01 02:00:00    100.000000
2022-01-01 03:00:00    100.000000
2022-01-01 04:00:00    100.000000
                          ...    
2023-05-01 19:00:00     47.373162
2023-05-01 20:00:00     47.373162
2023-05-01 21:00:00     47.373162
2023-05-01 22:00:00     47.373162
2023-05-01 23:00:00     47.373162
Freq: H, Length: 11664, dtype: float64",2022-01-01,2023-05-01 23:00:00,486 days,100.0,36.22996698573244,123.08773550999659,47.373161623023236,-52.62683837697676,-70.17976286600607,29.912551440329217,100.0,70.56573765402482,430 days 01:00:00,48,0.0,24,33.33333333333333,26.254397333827058,-26.827921360724538,7.597215440416726,-7.628778058033882,7 days 03:30:00,5 days 12:18:45,0.4001819346174601,-2.1927849323740327,-0.9465365982436308,-0.6085409652884946,0.9490096315916245,-1.297669482604571,long
3528,"{'window_k': 207, 'window_d': 192, 'window_ma': 132}","open_time
2022-01-01 00:00:00    100.00000
2022-01-01 01:00:00    100.00000
2022-01-01 02:00:00    100.00000
2022-01-01 03:00:00    100.00000
2022-01-01 04:00:00    100.00000
                         ...    
2023-05-01 19:00:00     52.88969
2023-05-01 20:00:00     52.88969
2023-05-01 21:00:00     52.88969
2023-05-01 22:00:00     52.88969
2023-05-01 23:00:00     52.88969
Freq: H, Length: 11664, dtype: float64",2022-01-01,2023-05-01 23:00:00,486 days,100.0,45.0057862576877,119.8639315534481,52.88968961040632,-47.11031038959368,-70.17976286600607,32.107338820301784,100.0,62.452602985394876,451 days 16:00:00,40,0.0,20,25.0,37.284167398302614,-25.65936522127849,20.024358527046264,-9.449536067315911,10 days 06:12:00,6 days 23:36:00,0.5624029735139585,-2.3555155194796824,-0.639207889724541,-0.6087997369892488,0.9655147188222698,-0.8903504802958242,long
3561,"{'window_k': 207, 'window_d': 222, 'window_ma': 147}","open_time
2022-01-01 00:00:00    100.000000
2022-01-01 01:00:00    100.000000
2022-01-01 02:00:00    100.000000
2022-01-01 03:00:00    100.000000
2022-01-01 04:00:00    100.000000
                          ...    
2023-05-01 19:00:00     53.037923
2023-05-01 20:00:00     53.037923
2023-05-01 21:00:00     53.037923
2023-05-01 22:00:00     53.037923
2023-05-01 23:00:00     53.037923
Freq: H, Length: 11664, dtype: float64",2022-01-01,2023-05-01 23:00:00,486 days,100.0,47.1055582575324,124.74313219561665,53.03792347574237,-46.96207652425763,-70.17976286600607,31.95301783264746,100.0,62.23795456437349,349 days 17:00:00,36,0.0,18,33.33333333333333,21.95571955719558,-20.625566636446056,8.63140865505948,-8.733073033834389,9 days 15:10:00,8 days 03:00:00,0.4203206676765657,-2.6090042513476464,-0.6608604733270671,-0.6088039719570113,0.9643652571921075,-0.9141322017166451,long
940,"{'window_k': 57, 'window_d': 162, 'window_ma': 192}","open_time
2022-01-01 00:00:00    100.000000
2022-01-01 01:00:00    100.000000
2022-01-01 02:00:00    100.000000
2022-01-01 03:00:00    100.000000
2022-01-01 04:00:00    100.000000
                          ...    
2023-05-01 19:00:00     44.835007
2023-05-01 20:00:00     44.732042
2023-05-01 21:00:00     44.957278
2023-05-01 22:00:00     45.156774
2023-05-01 23:00:00     45.156774
Freq: H, Length: 11664, dtype: float64",2022-01-01,2023-05-01 23:00:00,486 days,100.0,35.50046942525167,135.46666771589497,45.1567739754708,-54.8432260245292,-70.17976286600607,39.68621399176955,100.0,73.79394501701009,391 days 18:00:00,73,0.0,37,30.555555555555557,40.06273167949815,-27.921728202980074,13.50966749335173,-7.963123431506154,8 days 03:43:38.181818181,3 days 23:52:48,0.6344582734252137,-1.5303945624086133,-0.6557837360422137,-0.6092494257616835,0.9687296173757654,-0.9048292422112291,long
294,"{'window_k': 27, 'window_d': 42, 'window_ma': 102}","open_time
2022-01-01 00:00:00    100.000000
2022-01-01 01:00:00    100.000000
2022-01-01 02:00:00    100.000000
2022-01-01 03:00:00    100.000000
2022-01-01 04:00:00    100.000000
                          ...    
2023-05-01 19:00:00     48.976075
2023-05-01 20:00:00     48.976075
2023-05-01 21:00:00     48.976075
2023-05-01 22:00:00     48.976075
2023-05-01 23:00:00     48.976075
Freq: H, Length: 11664, dtype: float64",2022-01-01,2023-05-01 23:00:00,486 days,100.0,31.897786277041522,100.0,48.9760751615634,-51.0239248384366,-70.17976286600607,37.637174211248286,100.0,68.10221372295848,481 days 07:00:00,212,0.0,106,34.90566037735849,23.5236358535559,-15.801114023591087,5.267348652601413,-3.5898086942951815,2 days 07:25:56.756756756,1 days 09:53:54.782608695,0.6146322852888401,-0.48135778149468467,-0.42503573804410016,-0.6093520826033938,0.9758774385383755,-0.6546684379620756,long
721,"{'window_k': 42, 'window_d': 207, 'window_ma': 27}","open_time
2022-01-01 00:00:00    100.000000
2022-01-01 01:00:00    100.000000
2022-01-01 02:00:00    100.000000
2022-01-01 03:00:00    100.000000
2022-01-01 04:00:00    100.000000
                          ...    
2023-05-01 19:00:00     49.143158
2023-05-01 20:00:00     49.030299
2023-05-01 21:00:00     49.277179
2023-05-01 22:00:00     49.495843
2023-05-01 23:00:00     49.495843
Freq: H, Length: 11664, dtype: float64",2022-01-01,2023-05-01 23:00:00,486 days,100.0,38.2247268641254,116.94095964897163,49.49584341173013,-50.50415658826988,-70.17976286600607,19.375857338820303,100.0,67.31279871580774,451 days 16:00:00,61,0.0,31,40.0,19.653117113247063,-31.79342947758961,6.4065216483266445,-7.233920869531511,3 days 14:15:00,2 days 17:03:20,0.4736316480589371,-1.6639566375788122,-0.9998856953648889,-0.6095802716268821,0.9324876124994564,-1.3167599001115065,long
3072,"{'window_k': 192, 'window_d': 12, 'window_ma': 12}","open_time
2022-01-01 00:00:00    100.000000
2022-01-01 01:00:00    100.000000
2022-01-01 02:00:00    100.000000
2022-01-01 03:00:00    100.000000
2022-01-01 04:00:00    100.000000
                          ...    
2023-05-01 19:00:00     57.205816
2023-05-01 20:00:00     57.074441
2023-05-01 21:00:00     57.361825
2023-05-01 22:00:00     57.361825
2023-05-01 23:00:00     57.361825
Freq: H, Length: 11664, dtype: float64",2022-01-01,2023-05-01 23:00:00,486 days,100.0,46.55771353190562,105.67008833340493,57.361824644087264,-42.638175355912736,-70.17976286600607,30.135459533607683,100.0,55.94049908900514,471 days 06:00:00,458,0.0,229,34.49781659388647,35.04566210045661,-14.13123359580053,3.6890873933617714,-2.160213611700027,0 days 22:26:34.936708860,0 days 11:36:48,0.802287581158812,-0.1861929054843352,-0.3351125841753278,-0.610027878546446,0.9782912919399864,-0.5305581691418658,long
3908,"{'window_k': 237, 'window_d': 72, 'window_ma': 72}","open_time
2022-01-01 00:00:00    100.00000
2022-01-01 01:00:00    100.00000
2022-01-01 02:00:00    100.00000
2022-01-01 03:00:00    100.00000
2022-01-01 04:00:00    100.00000
                         ...    
2023-05-01 19:00:00     55.15161
2023-05-01 20:00:00     55.15161
2023-05-01 21:00:00     55.15161
2023-05-01 22:00:00     55.15161
2023-05-01 23:00:00     55.15161
Freq: H, Length: 11664, dtype: float64",2022-01-01,2023-05-01 23:00:00,486 days,100.0,48.2080080995135,117.79523969600625,55.151610294990824,-44.848389705009176,-70.17976286600607,31.490054869684496,100.0,59.07474001163059,355 days 14:00:00,72,0.0,36,38.88888888888889,23.663231576900653,-19.86931000110754,9.144840978104137,-7.696331067482126,5 days 12:30:00,3 days 10:38:10.909090909,0.671038606481702,-1.2457886029169227,-0.3374788942787146,-0.6100888217098555,0.9792189100388083,-0.5121141497814877,long
640,"{'window_k': 42, 'window_d': 132, 'window_ma': 12}","open_time
2022-01-01 00:00:00    100.000000
2022-01-01 01:00:00    100.000000
2022-01-01 02:00:00    100.000000
2022-01-01 03:00:00    100.000000
2022-01-01 04:00:00    100.000000
                          ...    
2023-05-01 19:00:00     69.931676
2023-05-01 20:00:00     69.931676
2023-05-01 21:00:00     69.931676
2023-05-01 22:00:00     69.931676
2023-05-01 23:00:00     69.931676
Freq: H, Length: 11664, dtype: float64",2022-01-01,2023-05-01 23:00:00,486 days,100.0,61.43573182320699,100.0,69.93167576317255,-30.068324236827447,-70.17976286600607,15.363511659807957,100.0,38.56426817679301,476 days 11:00:00,82,0.0,41,51.21951219512195,7.987264673311191,-18.897364771151164,3.3519063497777792,-4.963752898852412,1 days 16:48:34.285714285,1 days 22:45:00,0.6351165844889864,-0.7333737618738401,-0.5548059471760828,-0.6108142476654128,0.957301486397191,-0.765570482976883,long
3805,"{'window_k': 222, 'window_d': 207, 'window_ma': 207}","open_time
2022-01-01 00:00:00    100.000000
2022-01-01 01:00:00    100.000000
2022-01-01 02:00:00    100.000000
2022-01-01 03:00:00    100.000000
2022-01-01 04:00:00    100.000000
                          ...    
2023-05-01 19:00:00     53.268518
2023-05-01 20:00:00     53.268518
2023-05-01 21:00:00     53.268518
2023-05-01 22:00:00     53.268518
2023-05-01 23:00:00     53.268518
Freq: H, Length: 11664, dtype: float64",2022-01-01,2023-05-01 23:00:00,486 days,100.0,45.508915798469054,118.80459770114943,53.26851759869583,-46.73148240130417,-70.17976286600607,34.07921810699588,100.0,61.69431429501927,451 days 16:00:00,38,0.0,19,31.57894736842105,39.53488372093022,-23.347677369524426,12.401887383713232,-9.210683738509397,12 days 23:00:00,6 days 18:13:50.769230769,0.4583389811822833,-2.4595517053317986,-0.5784182778684024,-0.6108832023967572,0.9695519411274471,-0.8011857710404879,long
3792,"{'window_k': 222, 'window_d': 207, 'window_ma': 12}","open_time
2022-01-01 00:00:00    100.000000
2022-01-01 01:00:00    100.000000
2022-01-01 02:00:00    100.000000
2022-01-01 03:00:00    100.000000
2022-01-01 04:00:00    100.000000
                          ...    
2023-05-01 19:00:00     59.214919
2023-05-01 20:00:00     59.214919
2023-05-01 21:00:00     59.214919
2023-05-01 22:00:00     59.214919
2023-05-01 23:00:00     59.214919
Freq: H, Length: 11664, dtype: float64",2022-01-01,2023-05-01 23:00:00,486 days,100.0,52.61846467443835,112.52070626254101,59.21491929140211,-40.78508070859789,-70.17976286600607,13.460219478737997,100.0,53.23663846219971,426 days 23:00:00,36,0.0,18,27.77777777777778,17.055555555555564,-23.34767736952443,8.433281798603561,-6.594027250449703,3 days 12:24:00,3 days 16:18:27.692307692,0.42219718147580343,-2.2658378171443267,-0.9389895758979502,-0.6111080191593274,0.9260706054935485,-1.2648156018871988,long
1502,"{'window_k': 87, 'window_d': 207, 'window_ma': 222}","open_time
2022-01-01 00:00:00    100.000000
2022-01-01 01:00:00    100.000000
2022-01-01 02:00:00    100.000000
2022-01-01 03:00:00    100.000000
2022-01-01 04:00:00    100.000000
                          ...    
2023-05-01 19:00:00     41.892485
2023-05-01 20:00:00     41.796277
2023-05-01 21:00:00     42.006732
2023-05-01 22:00:00     42.193135
2023-05-01 23:00:00     42.193135
Freq: H, Length: 11664, dtype: float64",2022-01-01,2023-05-01 23:00:00,486 days,100.0,26.825811441907696,122.0274950152167,42.19313461786846,-57.80686538213155,-70.17976286600607,35.79389574759945,100.0,78.01658434555053,451 days 16:00:00,49,0.0,25,33.33333333333333,42.96274393849793,-38.4896176171384,16.976718484327336,-11.655383415894313,10 days 15:45:00,5 days 11:22:30,0.5222401046362088,-2.422900236684929,-0.838338778669334,-0.6113403871302533,0.9573732644718626,-1.125469009706242,long
3546,"{'window_k': 207, 'window_d': 207, 'window_ma': 162}","open_time
2022-01-01 00:00:00    100.000000
2022-01-01 01:00:00    100.000000
2022-01-01 02:00:00    100.000000
2022-01-01 03:00:00    100.000000
2022-01-01 04:00:00    100.000000
                          ...    
2023-05-01 19:00:00     52.192301
2023-05-01 20:00:00     52.192301
2023-05-01 21:00:00     52.192301
2023-05-01 22:00:00     52.192301
2023-05-01 23:00:00     52.192301
Freq: H, Length: 11664, dtype: float64",2022-01-01,2023-05-01 23:00:00,486 days,100.0,45.11401771148666,122.56073313068815,52.19230095746421,-47.80769904253579,-70.17976286600607,29.86111111111111,100.0,63.190479887729644,424 days 03:00:00,40,0.0,20,30.0,39.92373129950134,-23.30650570087189,12.86888207780528,-8.877808011788659,10 days 03:40:00,6 days 00:21:25.714285714,0.482708972429451,-2.3903849521267895,-0.6468579957197378,-0.611419777122673,0.9640999096498861,-0.9004915955340631,long
340,"{'window_k': 27, 'window_d': 87, 'window_ma': 72}","open_time
2022-01-01 00:00:00    100.000000
2022-01-01 01:00:00    100.000000
2022-01-01 02:00:00    100.000000
2022-01-01 03:00:00    100.000000
2022-01-01 04:00:00    100.000000
                          ...    
2023-05-01 19:00:00     47.991228
2023-05-01 20:00:00     47.991228
2023-05-01 21:00:00     47.991228
2023-05-01 22:00:00     47.991228
2023-05-01 23:00:00     47.991228
Freq: H, Length: 11664, dtype: float64",2022-01-01,2023-05-01 23:00:00,486 days,100.0,42.43305196124359,138.3081727235343,47.99122767926276,-52.008772320737236,-70.17976286600607,37.84293552812071,100.0,69.31992439372077,194 days 16:00:00,124,0.0,62,33.87096774193548,21.116663045839662,-20.449897750511248,8.529134615443386,-5.609584573175549,3 days 22:54:17.142857142,2 days 11:02:55.609756097,0.7406627570734972,-0.8388511664635043,-0.425416583995328,-0.6114254278263132,0.9761520630311104,-0.6479864741176518,long
239,"{'window_k': 12, 'window_d': 222, 'window_ma': 237}","open_time
2022-01-01 00:00:00    100.000000
2022-01-01 01:00:00    100.000000
2022-01-01 02:00:00    100.000000
2022-01-01 03:00:00    100.000000
2022-01-01 04:00:00    100.000000
                          ...    
2023-05-01 19:00:00     45.733933
2023-05-01 20:00:00     45.628903
2023-05-01 21:00:00     45.858656
2023-05-01 22:00:00     46.062151
2023-05-01 23:00:00     46.062151
Freq: H, Length: 11664, dtype: float64",2022-01-01,2023-05-01 23:00:00,486 days,100.0,35.468040559534394,127.43962892674416,46.06215136995727,-53.93784863004273,-70.17976286600607,35.59670781893004,100.0,72.16875091505295,391 days 18:00:00,105,0.0,53,26.923076923076923,33.32683687390371,-17.67015706806283,10.54297083671455,-5.273562482639523,7 days 16:38:34.285714285,1 days 15:22:06.315789473,0.6179113221356516,-1.0381499843692772,-0.8074525056918482,-0.611513550422258,0.9600770781780299,-1.0948984206358174,long
2993,"{'window_k': 177, 'window_d': 177, 'window_ma': 27}","open_time
2022-01-01 00:00:00    100.000000
2022-01-01 01:00:00    100.000000
2022-01-01 02:00:00    100.000000
2022-01-01 03:00:00    100.000000
2022-01-01 04:00:00    100.000000
                          ...    
2023-05-01 19:00:00     51.905548
2023-05-01 20:00:00     51.786344
2023-05-01 21:00:00     52.047101
2023-05-01 22:00:00     52.278058
2023-05-01 23:00:00     52.278058
Freq: H, Length: 11664, dtype: float64",2022-01-01,2023-05-01 23:00:00,486 days,100.0,44.874383299687054,121.39054181020984,52.2780576920881,-47.7219423079119,-70.17976286600607,23.242455418381343,100.0,63.033048019633455,451 days 16:00:00,47,0.0,24,26.08695652173913,18.50929296800155,-14.504051697609999,7.9100026075960965,-6.253235782806872,4 days 11:50:00,5 days 00:17:38.823529411,0.423423830999476,-2.125722774084526,-0.9651818650439026,-0.6117457741271302,0.940789271355959,-1.332624132266982,long
2729,"{'window_k': 162, 'window_d': 162, 'window_ma': 147}","open_time
2022-01-01 00:00:00    100.000000
2022-01-01 01:00:00    100.000000
2022-01-01 02:00:00    100.000000
2022-01-01 03:00:00    100.000000
2022-01-01 04:00:00    100.000000
                          ...    
2023-05-01 19:00:00     45.607137
2023-05-01 20:00:00     45.502398
2023-05-01 21:00:00     45.731514
2023-05-01 22:00:00     45.934445
2023-05-01 23:00:00     45.934445
Freq: H, Length: 11664, dtype: float64",2022-01-01,2023-05-01 23:00:00,486 days,100.0,37.04302123948857,133.78455395889188,45.934445018184526,-54.06555498181548,-70.17976286600607,36.171124828532236,100.0,72.31143645261857,391 days 18:00:00,51,0.0,26,32.0,30.794011749099866,-21.59383033419023,10.896279808924056,-8.686128732318442,8 days 07:45:00,6 days 07:49:24.705882352,0.5167998631763729,-2.1513627941947684,-0.7809374879909844,-0.6119161797487905,0.9613712385477496,-1.0894959271306897,long
90,"{'window_k': 12, 'window_d': 87, 'window_ma': 162}","open_time
2022-01-01 00:00:00    100.00000
2022-01-01 01:00:00    100.00000
2022-01-01 02:00:00    100.00000
2022-01-01 03:00:00    100.00000
2022-01-01 04:00:00    100.00000
                         ...    
2023-05-01 19:00:00     46.62343
2023-05-01 20:00:00     46.62343
2023-05-01 21:00:00     46.62343
2023-05-01 22:00:00     46.62343
2023-05-01 23:00:00     46.62343
Freq: H, Length: 11664, dtype: float64",2022-01-01,2023-05-01 23:00:00,486 days,100.0,41.15015149235897,143.28603633544648,46.623430238196164,-53.376569761803836,-70.17976286600607,34.807956104252405,100.0,71.28111535165752,391 days 18:00:00,150,0.0,75,26.666666666666668,23.86131883072739,-17.22511385816525,9.236042092762343,-4.34926834413474,3 days 23:54:00,1 days 14:56:43.636363636,0.7371672661265278,-0.7116875968240506,-0.6119936162938437,-0.6119666828890291,0.9648062979034595,-0.9119028250051932,long
1513,"{'window_k': 87, 'window_d': 222, 'window_ma': 147}","open_time
2022-01-01 00:00:00    100.000000
2022-01-01 01:00:00    100.000000
2022-01-01 02:00:00    100.000000
2022-01-01 03:00:00    100.000000
2022-01-01 04:00:00    100.000000
                          ...    
2023-05-01 19:00:00     42.690457
2023-05-01 20:00:00     42.592416
2023-05-01 21:00:00     42.806880
2023-05-01 22:00:00     42.996833
2023-05-01 23:00:00     42.996833
Freq: H, Length: 11664, dtype: float64",2022-01-01,2023-05-01 23:00:00,486 days,100.0,30.164539608388363,129.42124170690337,42.99683289046989,-57.003167109530104,-70.17976286600607,34.43930041152263,100.0,76.69274439763053,391 days 18:00:00,49,0.0,25,37.5,31.9814814814815,-26.82792136072455,9.84061607385717,-10.340156027204737,8 days 15:46:40,5 days 22:43:59.999999999,0.473546993344962,-2.385599815662451,-0.961810636733219,-0.6121594385178709,0.9517482360944981,-1.3219661690654188,long
2009,"{'window_k': 117, 'window_d': 207, 'window_ma': 147}","open_time
2022-01-01 00:00:00    100.000000
2022-01-01 01:00:00    100.000000
2022-01-01 02:00:00    100.000000
2022-01-01 03:00:00    100.000000
2022-01-01 04:00:00    100.000000
                          ...    
2023-05-01 19:00:00     43.897598
2023-05-01 20:00:00     43.796785
2023-05-01 21:00:00     44.017313
2023-05-01 22:00:00     44.212637
2023-05-01 23:00:00     44.212637
Freq: H, Length: 11664, dtype: float64",2022-01-01,2023-05-01 23:00:00,486 days,100.0,30.82685848701944,122.31316560648862,44.21263725462864,-55.78736274537136,-70.17976286600607,36.771262002743484,100.0,74.79677814390236,391 days 18:00:00,47,0.0,24,34.78260869565217,31.96184776510192,-26.48099027409372,10.26110026808952,-9.718517552748782,9 days 08:22:30,6 days 21:44:00,0.436798659240126,-2.4195106689014194,-0.8409919836837367,-0.6126663636022441,0.9587111084488023,-1.1637158555598703,long
4045,"{'window_k': 237, 'window_d': 192, 'window_ma': 207}","open_time
2022-01-01 00:00:00    100.00000
2022-01-01 01:00:00    100.00000
2022-01-01 02:00:00    100.00000
2022-01-01 03:00:00    100.00000
2022-01-01 04:00:00    100.00000
                         ...    
2023-05-01 19:00:00     52.90659
2023-05-01 20:00:00     52.90659
2023-05-01 21:00:00     52.90659
2023-05-01 22:00:00     52.90659
2023-05-01 23:00:00     52.90659
Freq: H, Length: 11664, dtype: float64",2022-01-01,2023-05-01 23:00:00,486 days,100.0,45.40134686958826,119.56197624800781,52.90658960320498,-47.09341039679502,-70.17976286600607,34.465020576131685,100.0,62.02693507222388,451 days 16:00:00,38,0.0,19,26.31578947368421,37.606336168964546,-24.463283056258934,15.009047214604148,-8.636246332091481,13 days 09:12:00,7 days 04:25:42.857142857,0.46536921299542355,-2.4786005471997385,-0.5849488037103905,-0.6127379215268499,0.9694182460419096,-0.8107876938323189,long
299,"{'window_k': 27, 'window_d': 42, 'window_ma': 177}","open_time
2022-01-01 00:00:00    100.000000
2022-01-01 01:00:00    100.000000
2022-01-01 02:00:00    100.000000
2022-01-01 03:00:00    100.000000
2022-01-01 04:00:00    100.000000
                          ...    
2023-05-01 19:00:00     47.907066
2023-05-01 20:00:00     47.907066
2023-05-01 21:00:00     47.907066
2023-05-01 22:00:00     47.907066
2023-05-01 23:00:00     47.907066
Freq: H, Length: 11664, dtype: float64",2022-01-01,2023-05-01 23:00:00,486 days,100.0,30.719223147491984,100.0,47.907066145832104,-52.0929338541679,-70.17976286600607,37.90294924554184,100.0,69.28077685250801,481 days 07:00:00,212,0.0,106,34.90566037735849,23.523635853555895,-15.80111402359107,5.303932440708567,-3.639661642846348,2 days 07:53:30.810810810,1 days 10:06:05.217391304,0.6041609380535475,-0.491442772209131,-0.449451452057038,-0.6128664718305064,0.9745924186677299,-0.6915467876909498,long
88,"{'window_k': 12, 'window_d': 87, 'window_ma': 132}","open_time
2022-01-01 00:00:00    100.000000
2022-01-01 01:00:00    100.000000
2022-01-01 02:00:00    100.000000
2022-01-01 03:00:00    100.000000
2022-01-01 04:00:00    100.000000
                          ...    
2023-05-01 19:00:00     46.487251
2023-05-01 20:00:00     46.487251
2023-05-01 21:00:00     46.487251
2023-05-01 22:00:00     46.487251
2023-05-01 23:00:00     46.487251
Freq: H, Length: 11664, dtype: float64",2022-01-01,2023-05-01 23:00:00,486 days,100.0,41.02995888999848,143.28603633544648,46.487251118361286,-53.512748881638714,-70.17976286600607,34.919410150891636,100.0,71.36499833525761,391 days 18:00:00,150,0.0,75,26.666666666666668,23.86131883072739,-17.22511385816525,9.236042092762343,-4.354551331525084,3 days 23:54:00,1 days 15:10:54.545454545,0.736615422389855,-0.7135033184218498,-0.6151824240881967,-0.6129809685587301,0.9646796631579452,-0.9165439326688509,long
89,"{'window_k': 12, 'window_d': 87, 'window_ma': 147}","open_time
2022-01-01 00:00:00    100.000000
2022-01-01 01:00:00    100.000000
2022-01-01 02:00:00    100.000000
2022-01-01 03:00:00    100.000000
2022-01-01 04:00:00    100.000000
                          ...    
2023-05-01 19:00:00     46.487251
2023-05-01 20:00:00     46.487251
2023-05-01 21:00:00     46.487251
2023-05-01 22:00:00     46.487251
2023-05-01 23:00:00     46.487251
Freq: H, Length: 11664, dtype: float64",2022-01-01,2023-05-01 23:00:00,486 days,100.0,41.02995888999848,143.28603633544648,46.487251118361286,-53.512748881638714,-70.17976286600607,34.919410150891636,100.0,71.36499833525761,391 days 18:00:00,150,0.0,75,26.666666666666668,23.86131883072739,-17.22511385816525,9.236042092762343,-4.354551331525084,3 days 23:54:00,1 days 15:10:54.545454545,0.736615422389855,-0.7135033184218498,-0.6151824240881967,-0.6129809685587301,0.9646796631579452,-0.9165439326688509,long
92,"{'window_k': 12, 'window_d': 87, 'window_ma': 192}","open_time
2022-01-01 00:00:00    100.000000
2022-01-01 01:00:00    100.000000
2022-01-01 02:00:00    100.000000
2022-01-01 03:00:00    100.000000
2022-01-01 04:00:00    100.000000
                          ...    
2023-05-01 19:00:00     46.487251
2023-05-01 20:00:00     46.487251
2023-05-01 21:00:00     46.487251
2023-05-01 22:00:00     46.487251
2023-05-01 23:00:00     46.487251
Freq: H, Length: 11664, dtype: float64",2022-01-01,2023-05-01 23:00:00,486 days,100.0,41.02995888999848,143.28603633544648,46.487251118361286,-53.512748881638714,-70.17976286600607,34.919410150891636,100.0,71.36499833525761,391 days 18:00:00,150,0.0,75,26.666666666666668,23.86131883072739,-17.22511385816525,9.236042092762343,-4.354551331525084,3 days 23:54:00,1 days 15:10:54.545454545,0.736615422389855,-0.7135033184218498,-0.6151824240881967,-0.6129809685587301,0.9646796631579452,-0.9165439326688509,long
94,"{'window_k': 12, 'window_d': 87, 'window_ma': 222}","open_time
2022-01-01 00:00:00    100.000000
2022-01-01 01:00:00    100.000000
2022-01-01 02:00:00    100.000000
2022-01-01 03:00:00    100.000000
2022-01-01 04:00:00    100.000000
                          ...    
2023-05-01 19:00:00     46.487251
2023-05-01 20:00:00     46.487251
2023-05-01 21:00:00     46.487251
2023-05-01 22:00:00     46.487251
2023-05-01 23:00:00     46.487251
Freq: H, Length: 11664, dtype: float64",2022-01-01,2023-05-01 23:00:00,486 days,100.0,41.02995888999848,143.28603633544648,46.487251118361286,-53.512748881638714,-70.17976286600607,34.919410150891636,100.0,71.36499833525761,391 days 18:00:00,150,0.0,75,26.666666666666668,23.86131883072739,-17.22511385816525,9.236042092762343,-4.354551331525084,3 days 23:54:00,1 days 15:10:54.545454545,0.736615422389855,-0.7135033184218498,-0.6151824240881967,-0.6129809685587301,0.9646796631579452,-0.9165439326688509,long
1796,"{'window_k': 117, 'window_d': 12, 'window_ma': 72}","open_time
2022-01-01 00:00:00    100.000000
2022-01-01 01:00:00    100.000000
2022-01-01 02:00:00    100.000000
2022-01-01 03:00:00    100.000000
2022-01-01 04:00:00    100.000000
                          ...    
2023-05-01 19:00:00     53.566717
2023-05-01 20:00:00     53.443699
2023-05-01 21:00:00     53.712801
2023-05-01 22:00:00     53.951149
2023-05-01 23:00:00     53.951149
Freq: H, Length: 11664, dtype: float64",2022-01-01,2023-05-01 23:00:00,486 days,100.0,40.96151837465505,103.69573066908471,53.95114909407534,-46.04885090592466,-70.17976286600607,40.38065843621399,100.0,60.49835599753665,353 days 18:00:00,459,0.0,230,34.93449781659388,35.12278697886921,-12.69291338582677,4.339898262489025,-2.5547816585553966,1 days 05:32:15,0 days 15:41:52.751677852,0.8258270736226319,-0.2003480390584842,-0.2790601905291302,-0.613062252212852,0.9848634085367665,-0.42518430835302445,long
1797,"{'window_k': 117, 'window_d': 12, 'window_ma': 87}","open_time
2022-01-01 00:00:00    100.000000
2022-01-01 01:00:00    100.000000
2022-01-01 02:00:00    100.000000
2022-01-01 03:00:00    100.000000
2022-01-01 04:00:00    100.000000
                          ...    
2023-05-01 19:00:00     52.175451
2023-05-01 20:00:00     52.055628
2023-05-01 21:00:00     52.317741
2023-05-01 22:00:00     52.549898
2023-05-01 23:00:00     52.549898
Freq: H, Length: 11664, dtype: float64",2022-01-01,2023-05-01 23:00:00,486 days,100.0,38.708620966018636,103.20065206835953,52.54989846732314,-47.45010153267686,-70.17976286600607,40.474965706447186,100.0,62.49188334548674,426 days 10:00:00,459,0.0,230,34.93449781659388,35.12278697886922,-12.69291338582677,4.339078732288252,-2.5715351153962422,1 days 05:26:15,0 days 15:49:31.812080536,0.8157530900098843,-0.20648622197527178,-0.3062719270540705,-0.6132062965862931,0.9834081525670557,-0.4666611442540612,long
2789,"{'window_k': 162, 'window_d': 222, 'window_ma': 87}","open_time
2022-01-01 00:00:00    100.000000
2022-01-01 01:00:00    100.000000
2022-01-01 02:00:00    100.000000
2022-01-01 03:00:00    100.000000
2022-01-01 04:00:00    100.000000
                          ...    
2023-05-01 19:00:00     51.608218
2023-05-01 20:00:00     51.608218
2023-05-01 21:00:00     51.608218
2023-05-01 22:00:00     51.608218
2023-05-01 23:00:00     51.608218
Freq: H, Length: 11664, dtype: float64",2022-01-01,2023-05-01 23:00:00,486 days,100.0,43.051777864935076,119.00080963912175,51.608218135099435,-48.391781864900565,-70.17976286600607,30.51268861454047,100.0,63.8222815496024,424 days 03:00:00,38,0.0,19,31.57894736842105,26.298403376766387,-22.326621923937367,13.275609304266341,-9.919933503141872,10 days 03:50:00,6 days 17:13:50.769230769,0.494995378888458,-2.5469358876263466,-0.7866226627687312,-0.6134594319464585,0.9570131807129981,-1.0759198733578046,long
84,"{'window_k': 12, 'window_d': 87, 'window_ma': 72}","open_time
2022-01-01 00:00:00    100.000000
2022-01-01 01:00:00    100.000000
2022-01-01 02:00:00    100.000000
2022-01-01 03:00:00    100.000000
2022-01-01 04:00:00    100.000000
                          ...    
2023-05-01 19:00:00     48.787522
2023-05-01 20:00:00     48.787522
2023-05-01 21:00:00     48.787522
2023-05-01 22:00:00     48.787522
2023-05-01 23:00:00     48.787522
Freq: H, Length: 11664, dtype: float64",2022-01-01,2023-05-01 23:00:00,486 days,100.0,43.70980835799948,136.1490345255971,48.78752201156646,-51.212477988433534,-70.17976286600607,33.47908093278464,100.0,67.89561636606267,391 days 18:00:00,150,0.0,75,26.666666666666668,23.861318830727406,-17.225113858165265,9.05132652557789,-4.206022061955908,3 days 16:57:00,1 days 14:39:16.363636363,0.7396093461614299,-0.6828330398457798,-0.5655148319196521,-0.6136988001699789,0.9668466475712467,-0.8438270341367973,long
1243,"{'window_k': 72, 'window_d': 207, 'window_ma': 177}","open_time
2022-01-01 00:00:00    100.000000
2022-01-01 01:00:00    100.000000
2022-01-01 02:00:00    100.000000
2022-01-01 03:00:00    100.000000
2022-01-01 04:00:00    100.000000
                          ...    
2023-05-01 19:00:00     40.755373
2023-05-01 20:00:00     40.661776
2023-05-01 21:00:00     40.866518
2023-05-01 22:00:00     41.047861
2023-05-01 23:00:00     41.047861
Freq: H, Length: 11664, dtype: float64",2022-01-01,2023-05-01 23:00:00,486 days,100.0,25.60867916371716,124.55012853470436,41.04786146953322,-58.95213853046678,-70.17976286600607,34.85939643347051,100.0,79.43905842170076,451 days 16:00:00,53,0.0,27,30.76923076923077,38.076923076923066,-38.48961761713841,15.065581489222465,-9.903091965931827,9 days 14:45:00,5 days 01:26:40,0.45212905699945016,-2.2696398564090545,-0.9042693271892549,-0.6138618737217144,0.9532728469742304,-1.2110231880252744,long
2711,"{'window_k': 162, 'window_d': 147, 'window_ma': 117}","open_time
2022-01-01 00:00:00    100.000000
2022-01-01 01:00:00    100.000000
2022-01-01 02:00:00    100.000000
2022-01-01 03:00:00    100.000000
2022-01-01 04:00:00    100.000000
                          ...    
2023-05-01 19:00:00     46.338989
2023-05-01 20:00:00     46.232570
2023-05-01 21:00:00     46.465362
2023-05-01 22:00:00     46.671550
2023-05-01 23:00:00     46.671550
Freq: H, Length: 11664, dtype: float64",2022-01-01,2023-05-01 23:00:00,486 days,100.0,38.14019432643094,131.4492425955234,46.6715498062244,-53.3284501937756,-70.17976286600607,32.810356652949245,100.0,70.98485044619814,451 days 16:00:00,55,0.0,28,25.925925925925924,31.727669258486653,-14.220018034265106,11.634771151325678,-7.067425280956893,7 days 21:25:42.857142857,5 days 02:24:00,0.5154216590131608,-1.9512326924480736,-0.8102794476449797,-0.61390525670792,0.9573745731489968,-1.1232822950034689,long
1236,"{'window_k': 72, 'window_d': 207, 'window_ma': 72}","open_time
2022-01-01 00:00:00    100.000000
2022-01-01 01:00:00    100.000000
2022-01-01 02:00:00    100.000000
2022-01-01 03:00:00    100.000000
2022-01-01 04:00:00    100.000000
                          ...    
2023-05-01 19:00:00     40.317589
2023-05-01 20:00:00     40.224998
2023-05-01 21:00:00     40.427541
2023-05-01 22:00:00     40.606936
2023-05-01 23:00:00     40.606936
Freq: H, Length: 11664, dtype: float64",2022-01-01,2023-05-01 23:00:00,486 days,100.0,24.443079158477513,122.75599828620393,40.60693601284011,-59.39306398715989,-70.17976286600607,30.872770919067214,100.0,80.08807756873207,453 days 11:00:00,53,0.0,27,38.46153846153847,33.85386543281278,-38.48961761713841,10.179146163807292,-10.295902505829153,6 days 03:24:00,5 days 10:48:45,0.4483560118405962,-2.2865743598405492,-1.0048026236135044,-0.6140551762909371,0.9454851777043723,-1.3284325283032001,long
233,"{'window_k': 12, 'window_d': 222, 'window_ma': 147}","open_time
2022-01-01 00:00:00    100.000000
2022-01-01 01:00:00    100.000000
2022-01-01 02:00:00    100.000000
2022-01-01 03:00:00    100.000000
2022-01-01 04:00:00    100.000000
                          ...    
2023-05-01 19:00:00     43.715261
2023-05-01 20:00:00     43.614867
2023-05-01 21:00:00     43.834478
2023-05-01 22:00:00     44.028991
2023-05-01 23:00:00     44.028991
Freq: H, Length: 11664, dtype: float64",2022-01-01,2023-05-01 23:00:00,486 days,100.0,33.90249931462716,135.0690105152457,44.0289914699119,-55.9710085300881,-70.17976286600607,34.60219478737997,100.0,74.8998684559102,391 days 18:00:00,105,0.0,53,26.923076923076923,33.3268368739037,-17.670157068062835,10.14948126379305,-5.299195565577227,7 days 05:12:51.428571428,1 days 16:31:34.736842105,0.6176688914850692,-1.07721020871268,-0.8842227400421644,-0.6140806172098929,0.9557575128007961,-1.198371585582599,long
1802,"{'window_k': 117, 'window_d': 12, 'window_ma': 162}","open_time
2022-01-01 00:00:00    100.000000
2022-01-01 01:00:00    100.000000
2022-01-01 02:00:00    100.000000
2022-01-01 03:00:00    100.000000
2022-01-01 04:00:00    100.000000
                          ...    
2023-05-01 19:00:00     53.805885
2023-05-01 20:00:00     53.682318
2023-05-01 21:00:00     53.952621
2023-05-01 22:00:00     54.192033
2023-05-01 23:00:00     54.192033
Freq: H, Length: 11664, dtype: float64",2022-01-01,2023-05-01 23:00:00,486 days,100.0,41.22449849222941,103.20065206835953,54.192033349981756,-45.807966650018244,-70.17976286600607,40.26920438957476,100.0,60.05403292905307,426 days 10:00:00,459,0.0,230,34.93449781659388,35.12278697886922,-12.69291338582677,4.3706083265472015,-2.567479275392495,1 days 05:30:00,0 days 15:37:51.140939597,0.8256178507460841,-0.1992928447939465,-0.27505554324320797,-0.6140873303767952,0.9850520132801691,-0.41923200731496985,long
3996,"{'window_k': 237, 'window_d': 147, 'window_ma': 192}","open_time
2022-01-01 00:00:00    100.000000
2022-01-01 01:00:00    100.000000
2022-01-01 02:00:00    100.000000
2022-01-01 03:00:00    100.000000
2022-01-01 04:00:00    100.000000
                          ...    
2023-05-01 19:00:00     54.010667
2023-05-01 20:00:00     53.886629
2023-05-01 21:00:00     54.157961
2023-05-01 22:00:00     54.398284
2023-05-01 23:00:00     54.398284
Freq: H, Length: 11664, dtype: float64",2022-01-01,2023-05-01 23:00:00,486 days,100.0,49.11268661376595,122.0274950152167,54.39828433223713,-45.60171566776287,-70.17976286600607,38.005829903978054,100.0,59.752769973978694,451 days 16:00:00,49,0.0,25,33.33333333333333,32.428864769727205,-22.86847323198942,13.320018703495384,-9.264656782383227,10 days 10:37:30,6 days 06:15:00,0.6206905361314848,-1.9142841394192107,-0.4400426579515412,-0.6141653654239252,0.9772842290404377,-0.6366806656058543,long
1780,"{'window_k': 102, 'window_d': 237, 'window_ma': 72}","open_time
2022-01-01 00:00:00    100.000000
2022-01-01 01:00:00    100.000000
2022-01-01 02:00:00    100.000000
2022-01-01 03:00:00    100.000000
2022-01-01 04:00:00    100.000000
                          ...    
2023-05-01 19:00:00     45.585849
2023-05-01 20:00:00     45.585849
2023-05-01 21:00:00     45.585849
2023-05-01 22:00:00     45.585849
2023-05-01 23:00:00     45.585849
Freq: H, Length: 11664, dtype: float64",2022-01-01,2023-05-01 23:00:00,486 days,100.0,32.43241397372729,118.13730543242964,45.58584873744522,-54.414151262554775,-70.17976286600607,29.672496570644718,100.0,72.54684804684538,453 days 11:00:00,44,0.0,22,27.27272727272727,28.05237919586865,-22.362539114886005,10.703249245031282,-8.04040752255672,6 days 00:00:00,6 days 18:18:45,0.3775951983031847,-2.4733705119343083,-0.9367867547153625,-0.6143147326003218,0.9492871603508746,-1.2923826306852522,long
935,"{'window_k': 57, 'window_d': 162, 'window_ma': 117}","open_time
2022-01-01 00:00:00    100.000000
2022-01-01 01:00:00    100.000000
2022-01-01 02:00:00    100.000000
2022-01-01 03:00:00    100.000000
2022-01-01 04:00:00    100.000000
                          ...    
2023-05-01 19:00:00     46.406094
2023-05-01 20:00:00     46.299521
2023-05-01 21:00:00     46.532650
2023-05-01 22:00:00     46.739136
2023-05-01 23:00:00     46.739136
Freq: H, Length: 11664, dtype: float64",2022-01-01,2023-05-01 23:00:00,486 days,100.0,38.1550471310577,130.67583909922863,46.739136373337644,-53.260863626662356,-70.17976286600607,35.228052126200275,100.0,70.80175846272188,451 days 16:00:00,73,0.0,37,36.11111111111111,40.062731679498135,-27.921728202980066,10.27329216294581,-7.941700934158175,6 days 08:46:09.230769230,3 days 16:52:10.434782608,0.625503422672064,-1.4866843474848768,-0.6895260858612994,-0.614626258814333,0.964942259248928,-0.9496463733853461,long
3851,"{'window_k': 237, 'window_d': 12, 'window_ma': 177}","open_time
2022-01-01 00:00:00    100.000000
2022-01-01 01:00:00    100.000000
2022-01-01 02:00:00    100.000000
2022-01-01 03:00:00    100.000000
2022-01-01 04:00:00    100.000000
                          ...    
2023-05-01 19:00:00     41.776918
2023-05-01 20:00:00     41.680975
2023-05-01 21:00:00     41.890849
2023-05-01 22:00:00     42.076738
2023-05-01 23:00:00     42.076738
Freq: H, Length: 11664, dtype: float64",2022-01-01,2023-05-01 23:00:00,486 days,100.0,27.596589523114005,123.9509241940599,42.07673788531169,-57.92326211468831,-70.17976286600607,40.44067215363511,100.0,77.73587433692042,454 days 07:00:00,437,0.0,219,33.02752293577982,24.026093348033807,-16.33320749968542,4.341013402301982,-2.5573836859980776,1 days 09:51:40,0 days 15:33:17.260273972,0.7335378906718291,-0.2650978959520922,-0.5530569966262416,-0.6149425168631805,0.9702718573729319,-0.8396961461643094,long
942,"{'window_k': 57, 'window_d': 162, 'window_ma': 222}","open_time
2022-01-01 00:00:00    100.000000
2022-01-01 01:00:00    100.000000
2022-01-01 02:00:00    100.000000
2022-01-01 03:00:00    100.000000
2022-01-01 04:00:00    100.000000
                          ...    
2023-05-01 19:00:00     44.086955
2023-05-01 20:00:00     43.985707
2023-05-01 21:00:00     44.207186
2023-05-01 22:00:00     44.403353
2023-05-01 23:00:00     44.403353
Freq: H, Length: 11664, dtype: float64",2022-01-01,2023-05-01 23:00:00,486 days,100.0,34.90815990513085,135.46666771589497,44.40335331493749,-55.59664668506251,-70.17976286600607,39.609053497942384,100.0,74.23118137198048,391 days 18:00:00,73,0.0,37,30.555555555555557,40.06273167949815,-27.921728202980074,13.50966749335172,-8.025063121807705,8 days 03:43:38.181818181,3 days 23:31:12,0.6306736732182099,-1.5512065957609549,-0.6765787739414635,-0.6149714588057819,0.967724835605302,-0.9333690723090795,long
371,"{'window_k': 27, 'window_d': 117, 'window_ma': 57}","open_time
2022-01-01 00:00:00    100.000000
2022-01-01 01:00:00    100.000000
2022-01-01 02:00:00    100.000000
2022-01-01 03:00:00    100.000000
2022-01-01 04:00:00    100.000000
                          ...    
2023-05-01 19:00:00     47.115651
2023-05-01 20:00:00     47.115651
2023-05-01 21:00:00     47.115651
2023-05-01 22:00:00     47.115651
2023-05-01 23:00:00     47.115651
Freq: H, Length: 11664, dtype: float64",2022-01-01,2023-05-01 23:00:00,486 days,100.0,41.77818457658177,140.01613101568245,47.11565120144742,-52.88434879855258,-70.17976286600607,36.522633744855966,100.0,70.1618775825891,430 days 01:00:00,100,0.0,50,42.0,20.629982500486108,-21.93840840408691,6.499307740651348,-6.653022078339929,4 days 10:48:34.285714285,2 days 21:33:06.206896551,0.6262767919473772,-1.0576869759710517,-0.6698665010606548,-0.6153660141492158,0.96530051905858,-0.925644206610928,long
480,"{'window_k': 27, 'window_d': 222, 'window_ma': 12}","open_time
2022-01-01 00:00:00    100.000000
2022-01-01 01:00:00    100.000000
2022-01-01 02:00:00    100.000000
2022-01-01 03:00:00    100.000000
2022-01-01 04:00:00    100.000000
                          ...    
2023-05-01 19:00:00     62.342631
2023-05-01 20:00:00     62.342631
2023-05-01 21:00:00     62.342631
2023-05-01 22:00:00     62.342631
2023-05-01 23:00:00     62.342631
Freq: H, Length: 11664, dtype: float64",2022-01-01,2023-05-01 23:00:00,486 days,100.0,60.89486586740862,118.31283373925649,62.342631117462105,-37.657368882537895,-70.17976286600607,13.117283950617283,100.0,48.530633623727034,391 days 18:00:00,64,0.0,32,34.375,17.69410958121465,-16.78962398857687,4.366295063129125,-4.249070387405615,2 days 02:21:49.090909090,1 days 22:28:34.285714285,0.5186150723212813,-1.1767927775793092,-0.8211075107561687,-0.6155744418438783,0.9342881349230882,-1.1156589863521718,long
2411,"{'window_k': 147, 'window_d': 102, 'window_ma': 177}","open_time
2022-01-01 00:00:00    100.000000
2022-01-01 01:00:00    100.000000
2022-01-01 02:00:00    100.000000
2022-01-01 03:00:00    100.000000
2022-01-01 04:00:00    100.000000
                          ...    
2023-05-01 19:00:00     47.759596
2023-05-01 20:00:00     47.649915
2023-05-01 21:00:00     47.889844
2023-05-01 22:00:00     48.102352
2023-05-01 23:00:00     48.102352
Freq: H, Length: 11664, dtype: float64",2022-01-01,2023-05-01 23:00:00,486 days,100.0,38.542477747556596,123.0866941886313,48.10235222977262,-51.89764777022739,-70.17976286600607,40.11488340192044,100.0,68.68672280003722,451 days 16:00:00,69,0.0,35,26.47058823529412,30.91313448456307,-21.6074807970611,15.448883182093098,-7.485506119475291,8 days 06:00:00,4 days 15:57:36,0.6074107414940074,-1.5259981628617316,-0.5284717980463861,-0.615603657887024,0.97340156406069,-0.7400391508845304,long
2054,"{'window_k': 132, 'window_d': 12, 'window_ma': 102}","open_time
2022-01-01 00:00:00    100.000000
2022-01-01 01:00:00    100.000000
2022-01-01 02:00:00    100.000000
2022-01-01 03:00:00    100.000000
2022-01-01 04:00:00    100.000000
                          ...    
2023-05-01 19:00:00     52.005068
2023-05-01 20:00:00     51.885637
2023-05-01 21:00:00     52.146894
2023-05-01 22:00:00     52.378293
2023-05-01 23:00:00     52.378293
Freq: H, Length: 11664, dtype: float64",2022-01-01,2023-05-01 23:00:00,486 days,100.0,37.757514812812516,100.66296838462756,52.37829265530661,-47.62170734469339,-70.17976286600607,41.117969821673526,100.0,62.49115695799555,469 days 22:00:00,465,0.0,233,31.46551724137931,34.16143156291646,-14.13123359580053,4.780584520423579,-2.4173259238042712,1 days 05:43:33.698630136,0 days 16:28:18.113207547,0.7992645211266273,-0.20574859751167318,-0.31010453487384065,-0.6156351020170935,0.983277978053508,-0.4721089944630648,long
2542,"{'window_k': 147, 'window_d': 222, 'window_ma': 222}","open_time
2022-01-01 00:00:00    100.000000
2022-01-01 01:00:00    100.000000
2022-01-01 02:00:00    100.000000
2022-01-01 03:00:00    100.000000
2022-01-01 04:00:00    100.000000
                          ...    
2023-05-01 19:00:00     49.982646
2023-05-01 20:00:00     49.982646
2023-05-01 21:00:00     49.982646
2023-05-01 22:00:00     49.982646
2023-05-01 23:00:00     49.982646
Freq: H, Length: 11664, dtype: float64",2022-01-01,2023-05-01 23:00:00,486 days,100.0,40.8338455064794,119.8639315534481,49.982646142969394,-50.01735385703061,-70.17976286600607,32.91323731138546,100.0,65.93316690244612,451 days 16:00:00,40,0.0,20,30.0,44.092516205067795,-22.90827740492169,13.54128971449606,-9.381764817468117,9 days 16:30:00,7 days 06:34:17.142857142,0.4635634942671741,-2.5008676928515308,-0.7016156362217475,-0.6157374494039358,0.9633095845448235,-0.968981943045035,long
231,"{'window_k': 12, 'window_d': 222, 'window_ma': 117}","open_time
2022-01-01 00:00:00    100.000000
2022-01-01 01:00:00    100.000000
2022-01-01 02:00:00    100.000000
2022-01-01 03:00:00    100.000000
2022-01-01 04:00:00    100.000000
                          ...    
2023-05-01 19:00:00     44.321558
2023-05-01 20:00:00     44.219771
2023-05-01 21:00:00     44.442429
2023-05-01 22:00:00     44.639640
2023-05-01 23:00:00     44.639640
Freq: H, Length: 11664, dtype: float64",2022-01-01,2023-05-01 23:00:00,486 days,100.0,34.37270080753739,131.03590859436926,44.63963959140755,-55.36036040859245,-70.17976286600607,32.107338820301784,100.0,73.7684874503061,451 days 16:00:00,105,0.0,53,26.923076923076923,33.32683687390372,-17.670157068062824,9.510379161022849,-5.071331585469721,6 days 14:17:08.571428571,1 days 14:22:06.315789473,0.6020143239315984,-1.0654786903899145,-0.9279912405943985,-0.6158861830985478,0.9516392425045609,-1.253607045239276,long
3018,"{'window_k': 177, 'window_d': 192, 'window_ma': 162}","open_time
2022-01-01 00:00:00    100.000000
2022-01-01 01:00:00    100.000000
2022-01-01 02:00:00    100.000000
2022-01-01 03:00:00    100.000000
2022-01-01 04:00:00    100.000000
                          ...    
2023-05-01 19:00:00     52.443560
2023-05-01 20:00:00     52.443560
2023-05-01 21:00:00     52.443560
2023-05-01 22:00:00     52.676276
2023-05-01 23:00:00     52.676276
Freq: H, Length: 11664, dtype: float64",2022-01-01,2023-05-01 23:00:00,486 days,100.0,45.78614498958703,120.60989523908307,52.67627554686857,-47.32372445313143,-70.17976286600607,32.27023319615912,100.0,62.03782044680008,451 days 16:00:00,43,0.0,22,38.095238095238095,37.46520146520146,-24.32581786030061,10.20589757033191,-9.883078378123567,9 days 20:22:30,5 days 23:50:46.153846153,0.508635492107585,-2.264592377895699,-0.6191342930860669,-0.61589925334724,0.9669565686689423,-0.8614624795015304,long
3321,"{'window_k': 192, 'window_d': 237, 'window_ma': 147}","open_time
2022-01-01 00:00:00    100.000000
2022-01-01 01:00:00    100.000000
2022-01-01 02:00:00    100.000000
2022-01-01 03:00:00    100.000000
2022-01-01 04:00:00    100.000000
                          ...    
2023-05-01 19:00:00     54.564937
2023-05-01 20:00:00     54.564937
2023-05-01 21:00:00     54.564937
2023-05-01 22:00:00     54.564937
2023-05-01 23:00:00     54.564937
Freq: H, Length: 11664, dtype: float64",2022-01-01,2023-05-01 23:00:00,486 days,100.0,50.52062979452028,124.20646605590827,54.56493659240535,-45.43506340759465,-70.17976286600607,32.647462277091904,100.0,59.3252820092476,349 days 17:00:00,36,0.0,18,33.33333333333333,21.800073773515305,-21.93644120192903,8.499832652638082,-8.436903750470744,9 days 15:30:00,8 days 09:35:00,0.4340698056714769,-2.524170189310814,-0.6188850710524972,-0.6161368262826752,0.9670727279638478,-0.8561735847197783,long
4047,"{'window_k': 237, 'window_d': 192, 'window_ma': 237}","open_time
2022-01-01 00:00:00    100.000000
2022-01-01 01:00:00    100.000000
2022-01-01 02:00:00    100.000000
2022-01-01 03:00:00    100.000000
2022-01-01 04:00:00    100.000000
                          ...    
2023-05-01 19:00:00     52.810875
2023-05-01 20:00:00     52.810875
2023-05-01 21:00:00     52.810875
2023-05-01 22:00:00     52.810875
2023-05-01 23:00:00     52.810875
Freq: H, Length: 11664, dtype: float64",2022-01-01,2023-05-01 23:00:00,486 days,100.0,45.66326111747969,119.56197624800781,52.81087450211333,-47.18912549788667,-70.17976286600607,34.50788751714678,100.0,61.80787358117915,451 days 16:00:00,38,0.0,19,21.052631578947366,37.60633616896453,-24.463283056258938,18.582135325169183,-8.044514934443923,15 days 10:45:00,7 days 01:28:00,0.46341144717020966,-2.483638184099299,-0.5948505154103607,-0.6162727120909736,0.9689538680943125,-0.82697722204593,long
3140,"{'window_k': 192, 'window_d': 72, 'window_ma': 72}","open_time
2022-01-01 00:00:00    100.000000
2022-01-01 01:00:00    100.000000
2022-01-01 02:00:00    100.000000
2022-01-01 03:00:00    100.000000
2022-01-01 04:00:00    100.000000
                          ...    
2023-05-01 19:00:00     48.985117
2023-05-01 20:00:00     48.985117
2023-05-01 21:00:00     48.985117
2023-05-01 22:00:00     48.985117
2023-05-01 23:00:00     48.985117
Freq: H, Length: 11664, dtype: float64",2022-01-01,2023-05-01 23:00:00,486 days,100.0,43.71682860403862,133.7437368408148,48.98511712387204,-51.01488287612796,-70.17976286600607,33.33333333333333,100.0,67.31299002354667,355 days 14:00:00,76,0.0,38,34.21052631578947,18.821699397238977,-23.168488258846445,8.798503677523277,-6.74911433205641,5 days 07:41:32.307692307,3 days 17:07:12,0.6142905256792095,-1.3424969177928414,-0.4705727570266608,-0.6163760423449275,0.971991376416605,-0.7145313639223467,long
2559,"{'window_k': 147, 'window_d': 237, 'window_ma': 237}","open_time
2022-01-01 00:00:00    100.000000
2022-01-01 01:00:00    100.000000
2022-01-01 02:00:00    100.000000
2022-01-01 03:00:00    100.000000
2022-01-01 04:00:00    100.000000
                          ...    
2023-05-01 19:00:00     55.406586
2023-05-01 20:00:00     55.406586
2023-05-01 21:00:00     55.406586
2023-05-01 22:00:00     55.406586
2023-05-01 23:00:00     55.406586
Freq: H, Length: 11664, dtype: float64",2022-01-01,2023-05-01 23:00:00,486 days,100.0,49.78133146783655,118.78639288997854,55.40658551272869,-44.59341448727131,-70.17976286600607,33.91632373113855,100.0,58.091722244697976,451 days 16:00:00,36,0.0,18,33.33333333333333,43.35040234089246,-22.36052456101355,12.945637546063423,-9.87259599738199,13 days 01:10:00,7 days 05:05:00,0.5067105142955638,-2.4774119159595163,-0.5747734447052396,-0.6165920028073074,0.9697748193937743,-0.7975542063020544,long
2761,"{'window_k': 162, 'window_d': 192, 'window_ma': 147}","open_time
2022-01-01 00:00:00    100.000000
2022-01-01 01:00:00    100.000000
2022-01-01 02:00:00    100.000000
2022-01-01 03:00:00    100.000000
2022-01-01 04:00:00    100.000000
                          ...    
2023-05-01 19:00:00     50.120903
2023-05-01 20:00:00     50.005799
2023-05-01 21:00:00     50.257590
2023-05-01 22:00:00     50.480606
2023-05-01 23:00:00     50.480606
Freq: H, Length: 11664, dtype: float64",2022-01-01,2023-05-01 23:00:00,486 days,100.0,42.06558179390891,120.59738643434972,50.480605528073,-49.519394471927,-70.17976286600607,32.13305898491084,100.0,65.1189938375585,451 days 16:00:00,43,0.0,22,33.33333333333333,23.730113091815202,-24.14402474044622,8.603386405473447,-8.321397931441961,9 days 07:25:42.857142857,6 days 11:25:42.857142857,0.4376321345481454,-2.3505297860834187,-0.7284876568081038,-0.6166189519235756,0.9614574055726428,-1.0052215179776223,long
4081,"{'window_k': 237, 'window_d': 237, 'window_ma': 27}","open_time
2022-01-01 00:00:00    100.00000
2022-01-01 01:00:00    100.00000
2022-01-01 02:00:00    100.00000
2022-01-01 03:00:00    100.00000
2022-01-01 04:00:00    100.00000
                         ...    
2023-05-01 19:00:00     56.76838
2023-05-01 20:00:00     56.76838
2023-05-01 21:00:00     56.76838
2023-05-01 22:00:00     56.76838
2023-05-01 23:00:00     56.76838
Freq: H, Length: 11664, dtype: float64",2022-01-01,2023-05-01 23:00:00,486 days,100.0,51.45536157670765,117.35378715244485,56.76838043647789,-43.23161956352211,-70.17976286600607,18.792866941015088,100.0,56.15364205514209,451 days 16:00:00,36,0.0,18,22.22222222222222,14.07229804500183,-21.494147349093407,8.771090612683606,-6.010587977512281,4 days 08:15:00,5 days 06:47:08.571428571,0.3614403822904189,-2.4017566424178947,-0.9233400388567519,-0.616839133406416,0.935860285881627,-1.2838294562670114,long
3003,"{'window_k': 177, 'window_d': 177, 'window_ma': 177}","open_time
2022-01-01 00:00:00    100.000000
2022-01-01 01:00:00    100.000000
2022-01-01 02:00:00    100.000000
2022-01-01 03:00:00    100.000000
2022-01-01 04:00:00    100.000000
                          ...    
2023-05-01 19:00:00     47.222298
2023-05-01 20:00:00     47.113851
2023-05-01 21:00:00     47.351080
2023-05-01 22:00:00     47.561198
2023-05-01 23:00:00     47.561198
Freq: H, Length: 11664, dtype: float64",2022-01-01,2023-05-01 23:00:00,486 days,100.0,37.25225867455448,121.39054181020984,47.561198263380696,-52.4388017366193,-70.17976286600607,37.86865569272977,100.0,69.3120583209875,451 days 16:00:00,47,0.0,24,26.08695652173913,43.4654919236417,-22.652724270776005,16.08972664122271,-8.870007159389514,10 days 18:40:00,6 days 23:24:42.352941176,0.4790598338718366,-2.326215092001466,-0.6979993515985128,-0.6170951451010486,0.9656161858431399,-0.9752505247860223,long
3763,"{'window_k': 222, 'window_d': 177, 'window_ma': 57}","open_time
2022-01-01 00:00:00    100.000000
2022-01-01 01:00:00    100.000000
2022-01-01 02:00:00    100.000000
2022-01-01 03:00:00    100.000000
2022-01-01 04:00:00    100.000000
                          ...    
2023-05-01 19:00:00     48.911703
2023-05-01 20:00:00     48.911703
2023-05-01 21:00:00     48.911703
2023-05-01 22:00:00     48.911703
2023-05-01 23:00:00     48.911703
Freq: H, Length: 11664, dtype: float64",2022-01-01,2023-05-01 23:00:00,486 days,100.0,39.5291214260114,121.01811559230359,48.91170345917808,-51.08829654082192,-70.17976286600607,24.23696844993141,100.0,67.33619488905235,424 days 03:00:00,42,0.0,21,19.047619047619047,28.20273050308583,-14.933875890132246,13.113310876769818,-6.6540959469229115,5 days 07:00:00,5 days 16:24:42.352941176,0.3855093532877228,-2.432776025753424,-1.038802138095548,-0.6171418394586042,0.9367844322976524,-1.41598046546733,long
1765,"{'window_k': 102, 'window_d': 222, 'window_ma': 87}","open_time
2022-01-01 00:00:00    100.000000
2022-01-01 01:00:00    100.000000
2022-01-01 02:00:00    100.000000
2022-01-01 03:00:00    100.000000
2022-01-01 04:00:00    100.000000
                          ...    
2023-05-01 19:00:00     46.079281
2023-05-01 20:00:00     46.079281
2023-05-01 21:00:00     46.079281
2023-05-01 22:00:00     46.079281
2023-05-01 23:00:00     46.079281
Freq: H, Length: 11664, dtype: float64",2022-01-01,2023-05-01 23:00:00,486 days,100.0,34.44604525637616,120.60989523908307,46.07928063149848,-53.92071936850152,-70.17976286600607,33.281893004115226,100.0,71.44011675982779,451 days 16:00:00,50,0.0,25,36.0,26.298403376766398,-24.20771711331034,10.259473112159139,-9.451912378188274,8 days 06:40:00,5 days 10:52:30,0.4823939962219062,-2.156828774740061,-0.8715253603010369,-0.6175321185795297,0.9552090899284518,-1.200038635287549,long
3998,"{'window_k': 237, 'window_d': 147, 'window_ma': 222}","open_time
2022-01-01 00:00:00    100.000000
2022-01-01 01:00:00    100.000000
2022-01-01 02:00:00    100.000000
2022-01-01 03:00:00    100.000000
2022-01-01 04:00:00    100.000000
                          ...    
2023-05-01 19:00:00     50.942506
2023-05-01 20:00:00     50.825515
2023-05-01 21:00:00     51.081434
2023-05-01 22:00:00     51.308105
2023-05-01 23:00:00     51.308105
Freq: H, Length: 11664, dtype: float64",2022-01-01,2023-05-01 23:00:00,486 days,100.0,44.16629806813256,122.0274950152167,51.30810472767668,-48.69189527232332,-70.17976286600607,36.35116598079561,100.0,63.80627328076752,451 days 16:00:00,49,0.0,25,33.33333333333333,32.42886476972719,-22.868473231989416,12.178412173811868,-9.111078692546956,9 days 23:00:00,6 days 00:00:00,0.5610570651893309,-2.0422342509495417,-0.5141829853217084,-0.6177812524095545,0.9732368737864051,-0.7410541230432084,long
1521,"{'window_k': 87, 'window_d': 237, 'window_ma': 27}","open_time
2022-01-01 00:00:00    100.000000
2022-01-01 01:00:00    100.000000
2022-01-01 02:00:00    100.000000
2022-01-01 03:00:00    100.000000
2022-01-01 04:00:00    100.000000
                          ...    
2023-05-01 19:00:00     46.388217
2023-05-01 20:00:00     46.388217
2023-05-01 21:00:00     46.388217
2023-05-01 22:00:00     46.388217
2023-05-01 23:00:00     46.388217
Freq: H, Length: 11664, dtype: float64",2022-01-01,2023-05-01 23:00:00,486 days,100.0,30.762105831204213,105.71495218101236,46.38821692636622,-53.61178307363378,-70.17976286600607,21.87071330589849,100.0,70.9008941530511,469 days 22:00:00,50,0.0,25,40.0,14.07229804500184,-18.628411476557034,5.484418027828945,-8.106432585169202,3 days 20:00:00,4 days 12:44:00,0.3517305373856813,-2.1444713229453516,-1.1934791483494485,-0.6182632122142081,0.9258792994743725,-1.6345791463296733,long
2225,"{'window_k': 132, 'window_d': 177, 'window_ma': 27}","open_time
2022-01-01 00:00:00    100.000000
2022-01-01 01:00:00    100.000000
2022-01-01 02:00:00    100.000000
2022-01-01 03:00:00    100.000000
2022-01-01 04:00:00    100.000000
                          ...    
2023-05-01 19:00:00     50.241832
2023-05-01 20:00:00     50.126449
2023-05-01 21:00:00     50.378848
2023-05-01 22:00:00     50.602402
2023-05-01 23:00:00     50.602402
Freq: H, Length: 11664, dtype: float64",2022-01-01,2023-05-01 23:00:00,486 days,100.0,45.484905722859814,129.06752881318633,50.60240182181891,-49.39759817818109,-70.17976286600607,23.834019204389577,100.0,64.75883117844833,376 days 12:00:00,53,0.0,27,26.923076923076923,23.411225158331533,-14.298787462823151,8.384823957026457,-6.159029233811957,4 days 12:42:51.428571428,4 days 08:28:25.263157894,0.49200273832359404,-1.9026812380620408,-1.0338399330298893,-0.6183742648897321,0.9379303234996419,-1.421471150151464,long
234,"{'window_k': 12, 'window_d': 222, 'window_ma': 162}","open_time
2022-01-01 00:00:00    100.000000
2022-01-01 01:00:00    100.000000
2022-01-01 02:00:00    100.000000
2022-01-01 03:00:00    100.000000
2022-01-01 04:00:00    100.000000
                          ...    
2023-05-01 19:00:00     44.813004
2023-05-01 20:00:00     44.710089
2023-05-01 21:00:00     44.935216
2023-05-01 22:00:00     45.134613
2023-05-01 23:00:00     45.134613
Freq: H, Length: 11664, dtype: float64",2022-01-01,2023-05-01 23:00:00,486 days,100.0,34.753832492575135,127.43962892674416,45.13461323785489,-54.86538676214511,-70.17976286600607,35.939643347050755,100.0,72.72917946696737,391 days 18:00:00,105,0.0,53,26.923076923076923,33.32683687390372,-17.670157068062828,10.542970836714547,-5.319156342650279,7 days 16:38:34.285714285,1 days 16:25:15.789473684,0.610591299870413,-1.055969462082845,-0.832250305673058,-0.6184478718109577,0.9591400627252209,-1.1292173191808974,long
3050,"{'window_k': 177, 'window_d': 222, 'window_ma': 162}","open_time
2022-01-01 00:00:00    100.000000
2022-01-01 01:00:00    100.000000
2022-01-01 02:00:00    100.000000
2022-01-01 03:00:00    100.000000
2022-01-01 04:00:00    100.000000
                          ...    
2023-05-01 19:00:00     53.960423
2023-05-01 20:00:00     53.960423
2023-05-01 21:00:00     53.960423
2023-05-01 22:00:00     53.960423
2023-05-01 23:00:00     53.960423
Freq: H, Length: 11664, dtype: float64",2022-01-01,2023-05-01 23:00:00,486 days,100.0,49.57592308265535,123.64156383783342,53.96042259964546,-46.03957740035454,-70.17976286600607,28.76371742112483,100.0,59.90351339483343,424 days 03:00:00,38,0.0,19,31.57894736842105,42.60780287474334,-22.65790353124653,13.060784462519335,-9.370121017184413,10 days 05:10:00,6 days 00:55:23.076923076,0.5057158166293085,-2.423135652650239,-0.6298892085859875,-0.6190143978617416,0.9644133181697802,-0.8758743012113819,long
2794,"{'window_k': 162, 'window_d': 222, 'window_ma': 162}","open_time
2022-01-01 00:00:00    100.0000
2022-01-01 01:00:00    100.0000
2022-01-01 02:00:00    100.0000
2022-01-01 03:00:00    100.0000
2022-01-01 04:00:00    100.0000
                         ...   
2023-05-01 19:00:00     53.8115
2023-05-01 20:00:00     53.8115
2023-05-01 21:00:00     53.8115
2023-05-01 22:00:00     53.8115
2023-05-01 23:00:00     53.8115
Freq: H, Length: 11664, dtype: float64",2022-01-01,2023-05-01 23:00:00,486 days,100.0,48.10519617096698,120.5502712291058,53.811500298667525,-46.188499701332475,-70.17976286600607,29.226680384087793,100.0,60.095323153986904,424 days 03:00:00,38,0.0,19,21.052631578947366,43.72891301158866,-22.326621923937356,19.075830241050852,-7.976412622721468,11 days 04:15:00,6 days 11:43:59.999999999,0.49138093841491115,-2.4309736684911813,-0.6509106195134408,-0.6192095069707573,0.9635125383460483,-0.902705969815657,long
1553,"{'window_k': 102, 'window_d': 27, 'window_ma': 27}","open_time
2022-01-01 00:00:00    100.000000
2022-01-01 01:00:00    100.000000
2022-01-01 02:00:00    100.000000
2022-01-01 03:00:00    100.000000
2022-01-01 04:00:00    100.000000
                          ...    
2023-05-01 19:00:00     61.008798
2023-05-01 20:00:00     61.008798
2023-05-01 21:00:00     61.008798
2023-05-01 22:00:00     61.008798
2023-05-01 23:00:00     61.008798
Freq: H, Length: 11664, dtype: float64",2022-01-01,2023-05-01 23:00:00,486 days,100.0,50.59431459734178,101.30651377009117,61.00879768126188,-38.99120231873812,-70.17976286600607,27.246227709190673,100.0,50.05818213016151,477 days 04:00:00,198,0.0,99,40.4040404040404,23.765599565925122,-12.435505949247126,4.1819829717243,-3.4321949800336253,1 days 16:22:30,1 days 02:29:29.491525423,0.7346062160784568,-0.39385052847210233,-0.4620094482260191,-0.619360408826802,0.9723162539159911,-0.6597390608641939,long
3253,"{'window_k': 192, 'window_d': 177, 'window_ma': 87}","open_time
2022-01-01 00:00:00    100.000000
2022-01-01 01:00:00    100.000000
2022-01-01 02:00:00    100.000000
2022-01-01 03:00:00    100.000000
2022-01-01 04:00:00    100.000000
                          ...    
2023-05-01 19:00:00     47.935663
2023-05-01 20:00:00     47.825577
2023-05-01 21:00:00     48.066390
2023-05-01 22:00:00     48.279682
2023-05-01 23:00:00     48.279682
Freq: H, Length: 11664, dtype: float64",2022-01-01,2023-05-01 23:00:00,486 days,100.0,39.03652022946637,121.93791946308724,48.2796824737521,-51.7203175262479,-70.17976286600607,33.08470507544581,100.0,67.98656201339945,451 days 16:00:00,47,0.0,24,26.08695652173913,32.677848467322164,-23.751657092355273,14.206240686333782,-8.739261277178853,8 days 16:10:00,6 days 01:37:30,0.48936730370073966,-2.258581318681434,-0.7475579575105266,-0.6195941074609498,0.9600146549176707,-1.0364190190891935,long
2554,"{'window_k': 147, 'window_d': 237, 'window_ma': 162}","open_time
2022-01-01 00:00:00    100.000000
2022-01-01 01:00:00    100.000000
2022-01-01 02:00:00    100.000000
2022-01-01 03:00:00    100.000000
2022-01-01 04:00:00    100.000000
                          ...    
2023-05-01 19:00:00     54.531921
2023-05-01 20:00:00     54.531921
2023-05-01 21:00:00     54.531921
2023-05-01 22:00:00     54.531921
2023-05-01 23:00:00     54.531921
Freq: H, Length: 11664, dtype: float64",2022-01-01,2023-05-01 23:00:00,486 days,100.0,48.69693244028968,118.78639288997854,54.53192142425191,-45.46807857574809,-70.17976286600607,29.235253772290807,100.0,59.004620600447566,451 days 16:00:00,36,0.0,18,33.33333333333333,43.35040234089245,-22.36052456101356,12.994721582212712,-9.958197935930805,10 days 04:30:00,6 days 17:55:00,0.5039973431344134,-2.526004365319338,-0.6289940643400291,-0.6199739025045908,0.964706587870913,-0.8727908803214124,long
87,"{'window_k': 12, 'window_d': 87, 'window_ma': 117}","open_time
2022-01-01 00:00:00    100.000000
2022-01-01 01:00:00    100.000000
2022-01-01 02:00:00    100.000000
2022-01-01 03:00:00    100.000000
2022-01-01 04:00:00    100.000000
                          ...    
2023-05-01 19:00:00     45.543649
2023-05-01 20:00:00     45.543649
2023-05-01 21:00:00     45.543649
2023-05-01 22:00:00     45.543649
2023-05-01 23:00:00     45.543649
Freq: H, Length: 11664, dtype: float64",2022-01-01,2023-05-01 23:00:00,486 days,100.0,40.197129348299434,143.28603633544648,45.54364900197723,-54.45635099802277,-70.17976286600607,34.89368998628258,100.0,71.94623399715374,391 days 18:00:00,150,0.0,75,26.666666666666668,23.86131883072739,-17.22511385816525,9.236042092762345,-4.391073314949721,3 days 23:54:00,1 days 15:07:38.181818181,0.7328052458404795,-0.7260846799736376,-0.640055013546975,-0.6199788255480291,0.9632581200315977,-0.953432219813665,long
2609,"{'window_k': 162, 'window_d': 57, 'window_ma': 27}","open_time
2022-01-01 00:00:00    100.000000
2022-01-01 01:00:00    100.000000
2022-01-01 02:00:00    100.000000
2022-01-01 03:00:00    100.000000
2022-01-01 04:00:00    100.000000
                          ...    
2023-05-01 19:00:00     66.265556
2023-05-01 20:00:00     66.113374
2023-05-01 21:00:00     66.446272
2023-05-01 22:00:00     66.741123
2023-05-01 23:00:00     66.741123
Freq: H, Length: 11664, dtype: float64",2022-01-01,2023-05-01 23:00:00,486 days,100.0,64.0303893817439,110.80353183001098,66.74112333507084,-33.25887666492916,-70.17976286600607,24.845679012345677,100.0,42.212681920666576,439 days 04:00:00,101,0.0,51,36.0,19.010967866076577,-20.093245394587214,6.120611649933778,-4.227999950996694,2 days 21:46:39.999999999,1 days 23:15:00,0.7317063627338967,-0.632458498914567,-0.40084786022262137,-0.6204326272884517,0.9756162235954383,-0.5576603911006751,long
528,"{'window_k': 42, 'window_d': 27, 'window_ma': 12}","open_time
2022-01-01 00:00:00    100.000000
2022-01-01 01:00:00    100.000000
2022-01-01 02:00:00    100.000000
2022-01-01 03:00:00    100.000000
2022-01-01 04:00:00    100.000000
                          ...    
2023-05-01 19:00:00     42.202851
2023-05-01 20:00:00     42.202851
2023-05-01 21:00:00     42.202851
2023-05-01 22:00:00     42.202851
2023-05-01 23:00:00     42.202851
Freq: H, Length: 11664, dtype: float64",2022-01-01,2023-05-01 23:00:00,486 days,100.0,23.32166506732325,100.63671311869294,42.2028513649393,-57.7971486350607,-70.17976286600607,29.363854595336075,100.0,76.82588754680688,481 days 09:00:00,260,0.0,130,35.38461538461539,21.90639759553455,-23.330197554092198,4.921632304974037,-3.463682884823242,1 days 10:27:23.478260869,0 days 21:54:17.142857142,0.5733975902844273,-0.4445934510389288,-0.7598640812095203,-0.620697581760076,0.9512837545834328,-1.146216758470172,long
370,"{'window_k': 27, 'window_d': 117, 'window_ma': 42}","open_time
2022-01-01 00:00:00    100.000000
2022-01-01 01:00:00    100.000000
2022-01-01 02:00:00    100.000000
2022-01-01 03:00:00    100.000000
2022-01-01 04:00:00    100.000000
                          ...    
2023-05-01 19:00:00     44.877643
2023-05-01 20:00:00     44.877643
2023-05-01 21:00:00     44.877643
2023-05-01 22:00:00     44.877643
2023-05-01 23:00:00     44.877643
Freq: H, Length: 11664, dtype: float64",2022-01-01,2023-05-01 23:00:00,486 days,100.0,37.939245146945936,139.70559752335274,44.87764263815791,-55.12235736184209,-70.17976286600607,30.81275720164609,100.0,72.84343231801851,399 days 10:00:00,100,0.0,50,42.0,18.66583476316748,-21.938408404086907,5.776707856080708,-6.398951584298228,3 days 17:54:17.142857142,2 days 10:49:39.310344827,0.6312874768221258,-1.102447147236841,-0.9018617223289781,-0.6207098824555477,0.9497533806846085,-1.2343570623584246,long
3983,"{'window_k': 237, 'window_d': 132, 'window_ma': 237}","open_time
2022-01-01 00:00:00    100.000000
2022-01-01 01:00:00    100.000000
2022-01-01 02:00:00    100.000000
2022-01-01 03:00:00    100.000000
2022-01-01 04:00:00    100.000000
                          ...    
2023-05-01 19:00:00     47.051341
2023-05-01 20:00:00     46.943286
2023-05-01 21:00:00     47.179657
2023-05-01 22:00:00     47.389014
2023-05-01 23:00:00     47.389014
Freq: H, Length: 11664, dtype: float64",2022-01-01,2023-05-01 23:00:00,486 days,100.0,37.90157066875687,122.84612540277851,47.38901431144947,-52.61098568855053,-70.17976286600607,40.33779149519891,100.0,69.14711754685946,451 days 16:00:00,53,0.0,27,26.923076923076923,36.6877854722263,-22.782723376195186,14.529586010215981,-8.150140177456363,10 days 13:51:25.714285714,6 days 08:06:18.947368421,0.5122242426746619,-2.018564230301364,-0.5531798969952519,-0.6208184005988252,0.9721110204444995,-0.7906097726242536,long
3491,"{'window_k': 207, 'window_d': 162, 'window_ma': 57}","open_time
2022-01-01 00:00:00    100.000000
2022-01-01 01:00:00    100.000000
2022-01-01 02:00:00    100.000000
2022-01-01 03:00:00    100.000000
2022-01-01 04:00:00    100.000000
                          ...    
2023-05-01 19:00:00     45.264950
2023-05-01 20:00:00     45.160997
2023-05-01 21:00:00     45.388394
2023-05-01 22:00:00     45.589802
2023-05-01 23:00:00     45.589802
Freq: H, Length: 11664, dtype: float64",2022-01-01,2023-05-01 23:00:00,486 days,100.0,34.35663285694034,121.71301815726451,45.589802289126304,-54.410197710873696,-70.17976286600607,24.97427983539095,100.0,71.77242551610348,424 days 03:00:00,49,0.0,25,33.33333333333333,31.776239907727778,-29.87071751777634,8.257216328024086,-8.056721158681295,5 days 16:15:00,4 days 16:26:15,0.4115524716651372,-2.27900283025701,-1.0236575435482886,-0.6208928655605338,0.9357439941690918,-1.3886803062003978,long
162,"{'window_k': 12, 'window_d': 162, 'window_ma': 42}","open_time
2022-01-01 00:00:00    100.000000
2022-01-01 01:00:00    100.000000
2022-01-01 02:00:00    100.000000
2022-01-01 03:00:00    100.000000
2022-01-01 04:00:00    100.000000
                          ...    
2023-05-01 19:00:00     52.150633
2023-05-01 20:00:00     52.150633
2023-05-01 21:00:00     52.150633
2023-05-01 22:00:00     52.150633
2023-05-01 23:00:00     52.150633
Freq: H, Length: 11664, dtype: float64",2022-01-01,2023-05-01 23:00:00,486 days,100.0,46.027380037141164,122.0360479126627,52.150632932924,-47.849367067076,-70.17976286600607,23.756858710562415,100.0,62.283783501345845,451 days 16:00:00,110,0.0,55,27.27272727272727,27.45563783708258,-13.820114701356822,6.070819940615186,-3.5984600968943883,3 days 14:00:00,1 days 13:01:30,0.5783731646009239,-0.8699884921286547,-0.8572300342700151,-0.6209113158615649,0.9469840995976814,-1.1877139382331716,long
3541,"{'window_k': 207, 'window_d': 207, 'window_ma': 87}","open_time
2022-01-01 00:00:00    100.000000
2022-01-01 01:00:00    100.000000
2022-01-01 02:00:00    100.000000
2022-01-01 03:00:00    100.000000
2022-01-01 04:00:00    100.000000
                          ...    
2023-05-01 19:00:00     49.809735
2023-05-01 20:00:00     49.809735
2023-05-01 21:00:00     49.809735
2023-05-01 22:00:00     49.809735
2023-05-01 23:00:00     49.809735
Freq: H, Length: 11664, dtype: float64",2022-01-01,2023-05-01 23:00:00,486 days,100.0,41.94095731011376,121.90755890691852,49.80973508223018,-50.19026491776981,-70.17976286600607,31.352880658436217,100.0,65.5960978251255,424 days 03:00:00,40,0.0,20,30.0,27.657206455203102,-23.3065057008719,13.87129335945256,-9.679743329768243,10 days 03:00:00,6 days 13:04:17.142857142,0.49557661688096405,-2.5095132458884906,-0.7760838737020197,-0.6212552732394078,0.9579183480587764,-1.06633876405567,long
4057,"{'window_k': 237, 'window_d': 207, 'window_ma': 147}","open_time
2022-01-01 00:00:00    100.000000
2022-01-01 01:00:00    100.000000
2022-01-01 02:00:00    100.000000
2022-01-01 03:00:00    100.000000
2022-01-01 04:00:00    100.000000
                          ...    
2023-05-01 19:00:00     55.456833
2023-05-01 20:00:00     55.456833
2023-05-01 21:00:00     55.456833
2023-05-01 22:00:00     55.456833
2023-05-01 23:00:00     55.456833
Freq: H, Length: 11664, dtype: float64",2022-01-01,2023-05-01 23:00:00,486 days,100.0,50.77872362899309,119.70968240078241,55.4568326042213,-44.5431673957787,-70.17976286600607,30.049725651577504,100.0,57.58177399636873,451 days 16:00:00,38,0.0,19,31.57894736842105,22.29629629629629,-16.94533380766038,8.514481734496952,-7.743666572985605,9 days 15:50:00,6 days 18:36:55.384615384,0.4331572996776431,-2.3443772313567734,-0.6106694443763319,-0.6212935194588932,0.9661661037129017,-0.845074623407738,long
373,"{'window_k': 27, 'window_d': 117, 'window_ma': 87}","open_time
2022-01-01 00:00:00    100.000000
2022-01-01 01:00:00    100.000000
2022-01-01 02:00:00    100.000000
2022-01-01 03:00:00    100.000000
2022-01-01 04:00:00    100.000000
                          ...    
2023-05-01 19:00:00     47.040284
2023-05-01 20:00:00     47.040284
2023-05-01 21:00:00     47.040284
2023-05-01 22:00:00     47.040284
2023-05-01 23:00:00     47.040284
Freq: H, Length: 11664, dtype: float64",2022-01-01,2023-05-01 23:00:00,486 days,100.0,38.832505482131026,127.7406861330669,47.04028373535082,-52.95971626464918,-70.17976286600607,39.96913580246913,100.0,69.60051910032847,439 days 04:00:00,100,0.0,50,40.0,27.525190464487604,-21.938408404086914,7.6622154557991955,-6.8651191362948225,4 days 19:54:00,3 days 06:08:00,0.6530650165158145,-1.0591943252929845,-0.6122824738980984,-0.6213102495796046,0.9698755904232534,-0.8496992132272686,long
3512,"{'window_k': 207, 'window_d': 177, 'window_ma': 132}","open_time
2022-01-01 00:00:00    100.000000
2022-01-01 01:00:00    100.000000
2022-01-01 02:00:00    100.000000
2022-01-01 03:00:00    100.000000
2022-01-01 04:00:00    100.000000
                          ...    
2023-05-01 19:00:00     49.527756
2023-05-01 20:00:00     49.414013
2023-05-01 21:00:00     49.662825
2023-05-01 22:00:00     49.883201
2023-05-01 23:00:00     49.883201
Freq: H, Length: 11664, dtype: float64",2022-01-01,2023-05-01 23:00:00,486 days,100.0,41.65817487239541,120.60989523908307,49.88320121462419,-50.11679878537581,-70.17976286600607,34.48216735253772,100.0,65.46040041754692,451 days 16:00:00,47,0.0,24,30.434782608695656,44.03656199321837,-25.04409171075838,14.103999333543166,-9.07397314568045,8 days 13:34:17.142857142,6 days 17:00:00,0.527212342431757,-2.1836274953076784,-0.6422624189079786,-0.6215407062712406,0.9658104088636977,-0.9090045991917529,long
1726,"{'window_k': 102, 'window_d': 177, 'window_ma': 222}","open_time
2022-01-01 00:00:00    100.000000
2022-01-01 01:00:00    100.000000
2022-01-01 02:00:00    100.000000
2022-01-01 03:00:00    100.000000
2022-01-01 04:00:00    100.000000
                          ...    
2023-05-01 19:00:00     40.831599
2023-05-01 20:00:00     40.737827
2023-05-01 21:00:00     40.942952
2023-05-01 22:00:00     41.124635
2023-05-01 23:00:00     41.124635
Freq: H, Length: 11664, dtype: float64",2022-01-01,2023-05-01 23:00:00,486 days,100.0,30.59748458658647,140.8494029989948,41.124634619681736,-58.875365380318264,-70.17976286600607,34.48216735253772,100.0,78.27645418787836,391 days 18:00:00,51,0.0,26,32.0,48.33638583638584,-44.82603056448429,17.59343289952635,-11.079556911780228,9 days 17:15:00,5 days 04:03:31.764705882,0.5512825003967641,-2.3641573300490863,-0.847249745345349,-0.6220600753742609,0.955901744969785,-1.1480955931330694,long
3260,"{'window_k': 192, 'window_d': 177, 'window_ma': 192}","open_time
2022-01-01 00:00:00    100.000000
2022-01-01 01:00:00    100.000000
2022-01-01 02:00:00    100.000000
2022-01-01 03:00:00    100.000000
2022-01-01 04:00:00    100.000000
                          ...    
2023-05-01 19:00:00     47.981076
2023-05-01 20:00:00     47.870885
2023-05-01 21:00:00     48.111927
2023-05-01 22:00:00     48.325421
2023-05-01 23:00:00     48.325421
Freq: H, Length: 11664, dtype: float64",2022-01-01,2023-05-01 23:00:00,486 days,100.0,39.471307200712076,121.93791946308724,48.32542104269619,-51.67457895730381,-70.17976286600607,36.42832647462277,100.0,67.62999780994234,451 days 16:00:00,47,0.0,24,26.08695652173913,43.6884643644379,-23.751657092355284,16.65231687041414,-9.379622938587595,10 days 01:20:00,6 days 13:33:45,0.5107994730081706,-2.2566020375226,-0.6572819097512242,-0.6222519698179304,0.9661880605817801,-0.9145820593468468,long
4018,"{'window_k': 237, 'window_d': 177, 'window_ma': 42}","open_time
2022-01-01 00:00:00    100.000000
2022-01-01 01:00:00    100.000000
2022-01-01 02:00:00    100.000000
2022-01-01 03:00:00    100.000000
2022-01-01 04:00:00    100.000000
                          ...    
2023-05-01 19:00:00     50.832967
2023-05-01 20:00:00     50.832967
2023-05-01 21:00:00     50.832967
2023-05-01 22:00:00     50.832967
2023-05-01 23:00:00     50.832967
Freq: H, Length: 11664, dtype: float64",2022-01-01,2023-05-01 23:00:00,486 days,100.0,43.23318699430376,120.08366963117537,50.8329672962434,-49.1670327037566,-70.17976286600607,22.66803840877915,100.0,63.997446840948456,424 days 03:00:00,44,0.0,22,22.727272727272727,30.839723209276215,-25.626118067978528,14.836909688111058,-7.359943134065984,5 days 04:00:00,4 days 23:03:31.764705882,0.4871175908605763,-2.2348651228980274,-0.8942568119754902,-0.6225271088824988,0.9439719316118693,-1.229958806757528,long
619,"{'window_k': 42, 'window_d': 102, 'window_ma': 177}","open_time
2022-01-01 00:00:00    100.000000
2022-01-01 01:00:00    100.000000
2022-01-01 02:00:00    100.000000
2022-01-01 03:00:00    100.000000
2022-01-01 04:00:00    100.000000
                          ...    
2023-05-01 19:00:00     48.553969
2023-05-01 20:00:00     48.553969
2023-05-01 21:00:00     48.553969
2023-05-01 22:00:00     48.553969
2023-05-01 23:00:00     48.553969
Freq: H, Length: 11664, dtype: float64",2022-01-01,2023-05-01 23:00:00,486 days,100.0,42.89427779029116,131.0134280557893,48.55396919851828,-51.446030801481726,-70.17976286600607,43.20130315500686,100.0,67.25963252253383,439 days 04:00:00,96,0.0,48,37.5,28.20419103313842,-22.45883644346872,8.924433070613368,-7.256206955741722,5 days 19:03:19.999999999,3 days 13:02:04.137931034,0.695916115629724,-1.0717923083642025,-0.4069255256658544,-0.6226216808744256,0.9788775982398402,-0.6071347796801332,long
171,"{'window_k': 12, 'window_d': 162, 'window_ma': 177}","open_time
2022-01-01 00:00:00    100.000000
2022-01-01 01:00:00    100.000000
2022-01-01 02:00:00    100.000000
2022-01-01 03:00:00    100.000000
2022-01-01 04:00:00    100.000000
                          ...    
2023-05-01 19:00:00     50.438766
2023-05-01 20:00:00     50.322931
2023-05-01 21:00:00     50.576319
2023-05-01 22:00:00     50.800749
2023-05-01 23:00:00     50.800749
Freq: H, Length: 11664, dtype: float64",2022-01-01,2023-05-01 23:00:00,486 days,100.0,44.1210177581208,122.60527235309306,50.800749128086196,-49.199250871913804,-70.17976286600607,30.81275720164609,100.0,64.01376799599946,439 days 04:00:00,107,0.0,54,26.41509433962264,43.80326952633786,-11.867149572320258,8.686188548761502,-4.362564247113431,4 days 08:04:17.142857142,2 days 04:09:13.846153846,0.6056080765681875,-0.9286975448186576,-0.7211001975090903,-0.6228157705428868,0.9608981577744597,-1.002045572776993,long
1355,"{'window_k': 87, 'window_d': 72, 'window_ma': 177}","open_time
2022-01-01 00:00:00    100.000000
2022-01-01 01:00:00    100.000000
2022-01-01 02:00:00    100.000000
2022-01-01 03:00:00    100.000000
2022-01-01 04:00:00    100.000000
                          ...    
2023-05-01 19:00:00     52.834242
2023-05-01 20:00:00     52.834242
2023-05-01 21:00:00     52.834242
2023-05-01 22:00:00     52.834242
2023-05-01 23:00:00     52.834242
Freq: H, Length: 11664, dtype: float64",2022-01-01,2023-05-01 23:00:00,486 days,100.0,45.35730322234678,116.65400663774969,52.83424164130765,-47.16575835869235,-70.17976286600607,41.7781207133059,100.0,61.11809227162114,439 days 04:00:00,112,0.0,56,35.714285714285715,25.389863547758303,-17.183166525985776,8.52180719502714,-5.930746346964956,5 days 00:36:00,2 days 20:21:40,0.7322813386558182,-0.8422456849766489,-0.33338386421060345,-0.6228914004629518,0.9823851536606554,-0.49959590423821487,long
170,"{'window_k': 12, 'window_d': 162, 'window_ma': 162}","open_time
2022-01-01 00:00:00    100.000000
2022-01-01 01:00:00    100.000000
2022-01-01 02:00:00    100.000000
2022-01-01 03:00:00    100.000000
2022-01-01 04:00:00    100.000000
                          ...    
2023-05-01 19:00:00     50.408384
2023-05-01 20:00:00     50.292619
2023-05-01 21:00:00     50.545855
2023-05-01 22:00:00     50.770150
2023-05-01 23:00:00     50.770150
Freq: H, Length: 11664, dtype: float64",2022-01-01,2023-05-01 23:00:00,486 days,100.0,44.09444166772454,122.60527235309306,50.77014953248237,-49.22985046751763,-70.17976286600607,30.81275720164609,100.0,64.03544413592901,439 days 04:00:00,107,0.0,54,26.41509433962264,43.80326952633784,-11.931818181818187,8.892794755696489,-4.426433493201711,4 days 07:12:51.428571428,2 days 04:27:41.538461538,0.6076061133678965,-0.9292746488424843,-0.7143723243596005,-0.623029775160313,0.9611918372189754,-0.9928459364324048,long
2556,"{'window_k': 147, 'window_d': 237, 'window_ma': 192}","open_time
2022-01-01 00:00:00    100.00000
2022-01-01 01:00:00    100.00000
2022-01-01 02:00:00    100.00000
2022-01-01 03:00:00    100.00000
2022-01-01 04:00:00    100.00000
                         ...    
2023-05-01 19:00:00     53.26171
2023-05-01 20:00:00     53.26171
2023-05-01 21:00:00     53.26171
2023-05-01 22:00:00     53.26171
2023-05-01 23:00:00     53.26171
Freq: H, Length: 11664, dtype: float64",2022-01-01,2023-05-01 23:00:00,486 days,100.0,46.96289383846651,118.78639288997854,53.261709930980516,-46.738290069019484,-70.17976286600607,33.95919067215363,100.0,60.464416255181575,451 days 16:00:00,36,0.0,18,33.33333333333333,43.35040234089246,-22.360524561013545,14.690308048551714,-10.898066524038803,12 days 07:40:00,7 days 14:15:00,0.5221358984819994,-2.5965716705010844,-0.6310815155295912,-0.6234080053879926,0.9668391851169599,-0.8714064198037825,long
1509,"{'window_k': 87, 'window_d': 222, 'window_ma': 87}","open_time
2022-01-01 00:00:00    100.000000
2022-01-01 01:00:00    100.000000
2022-01-01 02:00:00    100.000000
2022-01-01 03:00:00    100.000000
2022-01-01 04:00:00    100.000000
                          ...    
2023-05-01 19:00:00     46.960734
2023-05-01 20:00:00     46.852887
2023-05-01 21:00:00     47.088802
2023-05-01 22:00:00     47.297756
2023-05-01 23:00:00     47.297756
Freq: H, Length: 11664, dtype: float64",2022-01-01,2023-05-01 23:00:00,486 days,100.0,33.92107671899502,109.37804898695002,47.29775645205439,-52.70224354794561,-70.17976286600607,34.4221536351166,100.0,68.98730866643803,391 days 18:00:00,49,0.0,25,37.5,27.444444444444464,-26.827921360724545,11.824222114668721,-10.708921987226045,8 days 13:00:00,6 days 00:16:00,0.5296759943245262,-2.2074417544918803,-0.8578250900730863,-0.6234532891361919,0.9569214955493396,-1.1758941554982343,long
2257,"{'window_k': 132, 'window_d': 207, 'window_ma': 27}","open_time
2022-01-01 00:00:00    100.000000
2022-01-01 01:00:00    100.000000
2022-01-01 02:00:00    100.000000
2022-01-01 03:00:00    100.000000
2022-01-01 04:00:00    100.000000
                          ...    
2023-05-01 19:00:00     46.300669
2023-05-01 20:00:00     46.300669
2023-05-01 21:00:00     46.300669
2023-05-01 22:00:00     46.300669
2023-05-01 23:00:00     46.300669
Freq: H, Length: 11664, dtype: float64",2022-01-01,2023-05-01 23:00:00,486 days,100.0,36.252693183268,122.55480607082632,46.3006686267068,-53.699331373293205,-70.17976286600607,22.43655692729767,100.0,70.41919909504242,451 days 16:00:00,45,0.0,23,36.36363636363637,15.672339629698879,-25.733259546209176,6.434216955773962,-8.322658422936591,4 days 04:00:00,5 days 09:38:34.285714285,0.37208228878849636,-2.4408786987860545,-1.136067204352977,-0.6236231355103974,0.929013593968536,-1.561137745305249,long
2481,"{'window_k': 147, 'window_d': 177, 'window_ma': 27}","open_time
2022-01-01 00:00:00    100.000000
2022-01-01 01:00:00    100.000000
2022-01-01 02:00:00    100.000000
2022-01-01 03:00:00    100.000000
2022-01-01 04:00:00    100.000000
                          ...    
2023-05-01 19:00:00     49.345028
2023-05-01 20:00:00     49.231705
2023-05-01 21:00:00     49.479599
2023-05-01 22:00:00     49.699162
2023-05-01 23:00:00     49.699162
Freq: H, Length: 11664, dtype: float64",2022-01-01,2023-05-01 23:00:00,486 days,100.0,42.85501607953321,124.23076923076923,49.69916204560747,-50.30083795439253,-70.17976286600607,23.722565157750342,100.0,65.50370222700113,451 days 16:00:00,49,0.0,25,25.0,18.147086914995217,-16.37567730282963,8.210175578090263,-6.147929745578352,5 days 02:10:00,4 days 15:23:20,0.4247118920432967,-2.10649226734843,-1.0634123885951714,-0.6236399912424535,0.9361228348218286,-1.4573503902085918,long
274,"{'window_k': 27, 'window_d': 27, 'window_ma': 42}","open_time
2022-01-01 00:00:00    100.000000
2022-01-01 01:00:00    100.000000
2022-01-01 02:00:00    100.000000
2022-01-01 03:00:00    100.000000
2022-01-01 04:00:00    100.000000
                          ...    
2023-05-01 19:00:00     42.795709
2023-05-01 20:00:00     42.795709
2023-05-01 21:00:00     42.795709
2023-05-01 22:00:00     42.795709
2023-05-01 23:00:00     42.795709
Freq: H, Length: 11664, dtype: float64",2022-01-01,2023-05-01 23:00:00,486 days,100.0,24.86719111878703,101.8232648596086,42.79570859946295,-57.20429140053705,-70.17976286600607,40.474965706447186,100.0,75.5780850741004,481 days 09:00:00,313,0.0,157,38.46153846153847,31.827201953900158,-24.01326012638558,4.833201527366851,-3.6057087384377,1 days 16:21:00,0 days 23:56:15,0.656191268456383,-0.36669417564446827,-0.582804150403092,-0.6236552546852526,0.9683876022594073,-0.8944547971456414,long
2557,"{'window_k': 147, 'window_d': 237, 'window_ma': 207}","open_time
2022-01-01 00:00:00    100.00000
2022-01-01 01:00:00    100.00000
2022-01-01 02:00:00    100.00000
2022-01-01 03:00:00    100.00000
2022-01-01 04:00:00    100.00000
                         ...    
2023-05-01 19:00:00     53.85821
2023-05-01 20:00:00     53.85821
2023-05-01 21:00:00     53.85821
2023-05-01 22:00:00     53.85821
2023-05-01 23:00:00     53.85821
Freq: H, Length: 11664, dtype: float64",2022-01-01,2023-05-01 23:00:00,486 days,100.0,48.02556018761638,118.78639288997854,53.85820983632633,-46.14179016367367,-70.17976286600607,34.21639231824417,100.0,59.569813495306434,451 days 16:00:00,36,0.0,18,33.33333333333333,43.350402340892444,-22.36052456101356,13.072398109443705,-10.13217221586205,12 days 23:00:00,7 days 09:05:00,0.4942287019840329,-2.5634327868707585,-0.6032244045026712,-0.6239849569374712,0.9684221132858182,-0.8338935733294632,long
1515,"{'window_k': 87, 'window_d': 222, 'window_ma': 177}","open_time
2022-01-01 00:00:00    100.000000
2022-01-01 01:00:00    100.000000
2022-01-01 02:00:00    100.000000
2022-01-01 03:00:00    100.000000
2022-01-01 04:00:00    100.000000
                          ...    
2023-05-01 19:00:00     45.850722
2023-05-01 20:00:00     45.745424
2023-05-01 21:00:00     45.975763
2023-05-01 22:00:00     46.179778
2023-05-01 23:00:00     46.179778
Freq: H, Length: 11664, dtype: float64",2022-01-01,2023-05-01 23:00:00,486 days,100.0,32.59615619149546,110.68473324375904,46.17977844338534,-53.82022155661467,-70.17976286600607,36.75411522633745,100.0,70.55044969958999,391 days 18:00:00,49,0.0,25,29.166666666666668,41.32158590308369,-26.82792136072453,16.238340649937477,-9.791426928020943,10 days 15:51:25.714285714,6 days 02:28:14.117647058,0.5076925785099138,-2.2537519926544105,-0.8022397879481312,-0.624022326624947,0.9604532301694841,-1.1108476332641988,long
4042,"{'window_k': 237, 'window_d': 192, 'window_ma': 162}","open_time
2022-01-01 00:00:00    100.000000
2022-01-01 01:00:00    100.000000
2022-01-01 02:00:00    100.000000
2022-01-01 03:00:00    100.000000
2022-01-01 04:00:00    100.000000
                          ...    
2023-05-01 19:00:00     52.221484
2023-05-01 20:00:00     52.221484
2023-05-01 21:00:00     52.221484
2023-05-01 22:00:00     52.221484
2023-05-01 23:00:00     52.221484
Freq: H, Length: 11664, dtype: float64",2022-01-01,2023-05-01 23:00:00,486 days,100.0,47.564475186769336,124.72535681508677,52.221483825662176,-47.778516174337824,-70.17976286600607,29.723936899862824,100.0,61.86463089675769,424 days 03:00:00,38,0.0,19,26.31578947368421,37.60633616896454,-24.463283056258938,15.027477512317306,-8.726649036230684,9 days 23:48:00,6 days 18:00:00,0.4806376381032411,-2.514658746017779,-0.644728656266615,-0.624106887368582,0.9641857722112334,-0.8971376181887543,long
3022,"{'window_k': 177, 'window_d': 192, 'window_ma': 222}","open_time
2022-01-01 00:00:00    100.000000
2022-01-01 01:00:00    100.000000
2022-01-01 02:00:00    100.000000
2022-01-01 03:00:00    100.000000
2022-01-01 04:00:00    100.000000
                          ...    
2023-05-01 19:00:00     51.357301
2023-05-01 20:00:00     51.357301
2023-05-01 21:00:00     51.357301
2023-05-01 22:00:00     51.585196
2023-05-01 23:00:00     51.585196
Freq: H, Length: 11664, dtype: float64",2022-01-01,2023-05-01 23:00:00,486 days,100.0,44.97280845613061,120.60989523908307,51.58519626304918,-48.41480373695082,-70.17976286600607,33.47908093278464,100.0,62.7121735186141,451 days 16:00:00,43,0.0,22,38.095238095238095,37.46520146520147,-24.325817860300603,10.035988751619831,-9.93694638122994,9 days 15:45:00,6 days 13:32:18.461538461,0.4926691685685696,-2.316319000158381,-0.6301862754317525,-0.6246437501209917,0.96715573538705,-0.8763021334859806,long
1963,"{'window_k': 117, 'window_d': 162, 'window_ma': 177}","open_time
2022-01-01 00:00:00    100.000000
2022-01-01 01:00:00    100.000000
2022-01-01 02:00:00    100.000000
2022-01-01 03:00:00    100.000000
2022-01-01 04:00:00    100.000000
                          ...    
2023-05-01 19:00:00     42.955664
2023-05-01 20:00:00     42.857015
2023-05-01 21:00:00     43.072811
2023-05-01 22:00:00     43.263944
2023-05-01 23:00:00     43.263944
Freq: H, Length: 11664, dtype: float64",2022-01-01,2023-05-01 23:00:00,486 days,100.0,33.610604744734964,133.15774405954767,43.26394397743342,-56.736056022566586,-70.17976286600607,36.36831275720165,100.0,74.75880581928122,451 days 16:00:00,53,0.0,27,26.923076923076923,41.10787172011662,-35.7243557209722,17.547324467943838,-9.152400097841845,10 days 07:42:51.428571428,5 days 09:15:47.368421052,0.5487277834275316,-2.1622364028910304,-0.7689733884183737,-0.6246870403904144,0.9606499011460405,-1.0517250395025493,long
3029,"{'window_k': 177, 'window_d': 207, 'window_ma': 87}","open_time
2022-01-01 00:00:00    100.000000
2022-01-01 01:00:00    100.000000
2022-01-01 02:00:00    100.000000
2022-01-01 03:00:00    100.000000
2022-01-01 04:00:00    100.000000
                          ...    
2023-05-01 19:00:00     50.320579
2023-05-01 20:00:00     50.320579
2023-05-01 21:00:00     50.320579
2023-05-01 22:00:00     50.320579
2023-05-01 23:00:00     50.320579
Freq: H, Length: 11664, dtype: float64",2022-01-01,2023-05-01 23:00:00,486 days,100.0,42.57436520760376,119.8639315534481,50.32057930037495,-49.67942069962505,-70.17976286600607,29.509602194787384,100.0,64.4810872997107,451 days 16:00:00,42,0.0,21,28.57142857142857,28.132563768385783,-24.32522864153469,13.419198904448606,-8.800767576238073,9 days 00:30:00,5 days 22:52:00,0.49535938145827496,-2.3656866999821453,-0.8074986960255096,-0.6249296671509198,0.9554590723157783,-1.1094077315257993,long
1794,"{'window_k': 117, 'window_d': 12, 'window_ma': 42}","open_time
2022-01-01 00:00:00    100.000000
2022-01-01 01:00:00    100.000000
2022-01-01 02:00:00    100.000000
2022-01-01 03:00:00    100.000000
2022-01-01 04:00:00    100.000000
                          ...    
2023-05-01 19:00:00     52.722596
2023-05-01 20:00:00     52.601516
2023-05-01 21:00:00     52.866378
2023-05-01 22:00:00     53.100969
2023-05-01 23:00:00     53.100969
Freq: H, Length: 11664, dtype: float64",2022-01-01,2023-05-01 23:00:00,486 days,100.0,40.48604684944943,102.57221959862572,53.10096946967708,-46.89903053032292,-70.17976286600607,40.192043895747595,100.0,60.5292280815654,426 days 10:00:00,459,0.0,230,34.49781659388647,35.122786978869215,-12.692913385826765,4.359960364587382,-2.5320125337353883,1 days 05:41:00.759493670,0 days 15:34:00,0.8194903884958558,-0.20407225366153425,-0.3019176322970877,-0.6250744569406622,0.983580271414938,-0.4614064295874204,long
2780,"{'window_k': 162, 'window_d': 207, 'window_ma': 192}","open_time
2022-01-01 00:00:00    100.000000
2022-01-01 01:00:00    100.000000
2022-01-01 02:00:00    100.000000
2022-01-01 03:00:00    100.000000
2022-01-01 04:00:00    100.000000
                          ...    
2023-05-01 19:00:00     52.200407
2023-05-01 20:00:00     52.200407
2023-05-01 21:00:00     52.200407
2023-05-01 22:00:00     52.200407
2023-05-01 23:00:00     52.200407
Freq: H, Length: 11664, dtype: float64",2022-01-01,2023-05-01 23:00:00,486 days,100.0,45.809377626123464,119.71584474415731,52.20040699491678,-47.79959300508322,-70.17976286600607,33.341906721536354,100.0,61.73490842083444,451 days 16:00:00,42,0.0,21,28.57142857142857,40.825285338015796,-26.23132263420034,13.995221750938994,-8.64586256507895,10 days 20:40:00,6 days 11:00:00,0.5050444705115986,-2.2761710954801533,-0.6441736561836651,-0.625719751803472,0.9661114394644968,-0.8917007124713384,long
1961,"{'window_k': 117, 'window_d': 162, 'window_ma': 147}","open_time
2022-01-01 00:00:00    100.000000
2022-01-01 01:00:00    100.000000
2022-01-01 02:00:00    100.000000
2022-01-01 03:00:00    100.000000
2022-01-01 04:00:00    100.000000
                          ...    
2023-05-01 19:00:00     41.993920
2023-05-01 20:00:00     41.897479
2023-05-01 21:00:00     42.108443
2023-05-01 22:00:00     42.295297
2023-05-01 23:00:00     42.295297
Freq: H, Length: 11664, dtype: float64",2022-01-01,2023-05-01 23:00:00,486 days,100.0,33.07259849860919,138.2075319499432,42.29529734154387,-57.70470265845613,-70.17976286600607,36.522633744855966,100.0,76.07033565248267,391 days 18:00:00,53,0.0,27,26.923076923076923,29.95661196000754,-35.7243557209722,15.36409331036022,-8.704510999792898,9 days 15:17:08.571428571,5 days 16:15:47.368421052,0.5570640211803684,-2.1999380273056492,-0.808028666721505,-0.6257314526510456,0.9591172068294792,-1.1033835553481348,long
3262,"{'window_k': 192, 'window_d': 177, 'window_ma': 222}","open_time
2022-01-01 00:00:00    100.000000
2022-01-01 01:00:00    100.000000
2022-01-01 02:00:00    100.000000
2022-01-01 03:00:00    100.000000
2022-01-01 04:00:00    100.000000
                          ...    
2023-05-01 19:00:00     46.562302
2023-05-01 20:00:00     46.455370
2023-05-01 21:00:00     46.689284
2023-05-01 22:00:00     46.896465
2023-05-01 23:00:00     46.896465
Freq: H, Length: 11664, dtype: float64",2022-01-01,2023-05-01 23:00:00,486 days,100.0,37.47586521874388,121.93791946308724,46.896464964472216,-53.103535035527784,-70.17976286600607,34.84224965706447,100.0,69.26643870605938,451 days 16:00:00,45,0.0,23,27.27272727272727,43.688464364437905,-23.751657092355288,15.10898109135381,-9.639239964868528,9 days 09:40:00,6 days 18:00:00,0.46294840240793017,-2.4238219433850627,-0.6945324046118916,-0.6261890803355367,0.9639343834392609,-0.9648603364718278,long
2886,"{'window_k': 177, 'window_d': 72, 'window_ma': 102}","open_time
2022-01-01 00:00:00    100.000000
2022-01-01 01:00:00    100.000000
2022-01-01 02:00:00    100.000000
2022-01-01 03:00:00    100.000000
2022-01-01 04:00:00    100.000000
                          ...    
2023-05-01 19:00:00     50.978726
2023-05-01 20:00:00     50.861652
2023-05-01 21:00:00     51.117753
2023-05-01 22:00:00     51.344585
2023-05-01 23:00:00     51.344585
Freq: H, Length: 11664, dtype: float64",2022-01-01,2023-05-01 23:00:00,486 days,100.0,45.58820346751053,122.80869028949824,51.34458481591389,-48.65541518408611,-70.17976286600607,35.37379972565158,100.0,62.87868280327316,355 days 14:00:00,79,0.0,40,41.02564102564102,20.07751937984497,-22.96842790495824,6.943812515321038,-7.11393190647134,5 days 11:41:15,3 days 10:49:33.913043478,0.6223990306977966,-1.2614586101267253,-0.4150678196483217,-0.6263803726007886,0.9758886277464143,-0.6325911196173921,long
375,"{'window_k': 27, 'window_d': 117, 'window_ma': 117}","open_time
2022-01-01 00:00:00    100.000000
2022-01-01 01:00:00    100.000000
2022-01-01 02:00:00    100.000000
2022-01-01 03:00:00    100.000000
2022-01-01 04:00:00    100.000000
                          ...    
2023-05-01 19:00:00     46.275684
2023-05-01 20:00:00     46.275684
2023-05-01 21:00:00     46.275684
2023-05-01 22:00:00     46.275684
2023-05-01 23:00:00     46.275684
Freq: H, Length: 11664, dtype: float64",2022-01-01,2023-05-01 23:00:00,486 days,100.0,39.52488876331104,132.13199998526494,46.27568443481545,-53.72431556518455,-70.17976286600607,40.75788751714678,100.0,70.08681563306483,397 days 07:00:00,100,0.0,50,42.0,27.525190464487586,-21.938408404086907,7.658150119575607,-7.387220040490279,4 days 23:28:34.285714285,3 days 05:24:49.655172413,0.6699056914462242,-1.0744863113036902,-0.6200888588491379,-0.6269049593320183,0.9697838765922947,-0.8593767531851961,long
1715,"{'window_k': 102, 'window_d': 177, 'window_ma': 57}","open_time
2022-01-01 00:00:00    100.000000
2022-01-01 01:00:00    100.000000
2022-01-01 02:00:00    100.000000
2022-01-01 03:00:00    100.000000
2022-01-01 04:00:00    100.000000
                          ...    
2023-05-01 19:00:00     41.272358
2023-05-01 20:00:00     41.177575
2023-05-01 21:00:00     41.384914
2023-05-01 22:00:00     41.568557
2023-05-01 23:00:00     41.568557
Freq: H, Length: 11664, dtype: float64",2022-01-01,2023-05-01 23:00:00,486 days,100.0,29.563525276091433,128.5864404284356,41.56855711598653,-58.43144288401347,-70.17976286600607,22.796639231824418,100.0,77.00883143075656,424 days 03:00:00,51,0.0,26,32.0,30.62118902439025,-44.8260305644843,11.054577278819153,-9.302166137197672,5 days 12:45:00,3 days 22:26:15,0.45944777785838964,-2.346499121816424,-1.1907295044251978,-0.6269055438134157,0.924384112108838,-1.5707366227001953,long
3802,"{'window_k': 222, 'window_d': 207, 'window_ma': 162}","open_time
2022-01-01 00:00:00    100.000000
2022-01-01 01:00:00    100.000000
2022-01-01 02:00:00    100.000000
2022-01-01 03:00:00    100.000000
2022-01-01 04:00:00    100.000000
                          ...    
2023-05-01 19:00:00     51.641627
2023-05-01 20:00:00     51.641627
2023-05-01 21:00:00     51.641627
2023-05-01 22:00:00     51.641627
2023-05-01 23:00:00     51.641627
Freq: H, Length: 11664, dtype: float64",2022-01-01,2023-05-01 23:00:00,486 days,100.0,44.915421176240294,119.46702773039796,51.641626903904495,-48.358373096095505,-70.17976286600607,29.19238683127572,100.0,62.40349991999364,424 days 03:00:00,38,0.0,19,31.57894736842105,39.53488372093022,-23.347677369524437,13.191011018816825,-9.75074899390074,10 days 02:10:00,6 days 06:09:13.846153846,0.4842859075184456,-2.5451775313734473,-0.6630646554080981,-0.6269327849728877,0.9628364150294314,-0.9214089831826907,long
236,"{'window_k': 12, 'window_d': 222, 'window_ma': 192}","open_time
2022-01-01 00:00:00    100.000000
2022-01-01 01:00:00    100.000000
2022-01-01 02:00:00    100.000000
2022-01-01 03:00:00    100.000000
2022-01-01 04:00:00    100.000000
                          ...    
2023-05-01 19:00:00     43.670500
2023-05-01 20:00:00     43.570209
2023-05-01 21:00:00     43.789596
2023-05-01 22:00:00     43.983910
2023-05-01 23:00:00     43.983910
Freq: H, Length: 11664, dtype: float64",2022-01-01,2023-05-01 23:00:00,486 days,100.0,33.86778636163914,127.43962892674416,43.98390994666428,-56.016090053335724,-70.17976286600607,36.51406035665295,100.0,73.4244468170044,391 days 18:00:00,105,0.0,53,26.923076923076923,33.326836873903716,-17.67015706806282,10.71957091556854,-5.433182281680084,7 days 16:04:17.142857142,1 days 18:23:41.052631578,0.6069362279286341,-1.0780762962308121,-0.8584442581927161,-0.6269858879469871,0.9582270821106255,-1.1636912640523156,long
344,"{'window_k': 27, 'window_d': 87, 'window_ma': 132}","open_time
2022-01-01 00:00:00    100.000000
2022-01-01 01:00:00    100.000000
2022-01-01 02:00:00    100.000000
2022-01-01 03:00:00    100.000000
2022-01-01 04:00:00    100.000000
                          ...    
2023-05-01 19:00:00     45.888505
2023-05-01 20:00:00     45.888505
2023-05-01 21:00:00     45.888505
2023-05-01 22:00:00     45.888505
2023-05-01 23:00:00     45.888505
Freq: H, Length: 11664, dtype: float64",2022-01-01,2023-05-01 23:00:00,486 days,100.0,40.45180661118989,137.73129184193243,45.88850525566542,-54.11149474433458,-70.17976286600607,39.420438957475994,100.0,70.62990837433335,194 days 16:00:00,124,0.0,62,33.87096774193548,21.116663045839662,-20.44989775051124,8.6833463268134,-5.789302645428413,4 days 05:57:08.571428571,2 days 11:55:36.585365853,0.7373832161079432,-0.8727660442634608,-0.4681398723662223,-0.6270773951499222,0.9742237095705366,-0.712008281553045,long
346,"{'window_k': 27, 'window_d': 87, 'window_ma': 162}","open_time
2022-01-01 00:00:00    100.000000
2022-01-01 01:00:00    100.000000
2022-01-01 02:00:00    100.000000
2022-01-01 03:00:00    100.000000
2022-01-01 04:00:00    100.000000
                          ...    
2023-05-01 19:00:00     45.886338
2023-05-01 20:00:00     45.886338
2023-05-01 21:00:00     45.886338
2023-05-01 22:00:00     45.886338
2023-05-01 23:00:00     45.886338
Freq: H, Length: 11664, dtype: float64",2022-01-01,2023-05-01 23:00:00,486 days,100.0,40.449896563249034,137.73129184193243,45.88633849842228,-54.11366150157772,-70.17976286600607,38.93175582990398,100.0,70.63129516735279,194 days 16:00:00,124,0.0,62,35.483870967741936,21.116663045839662,-20.44989775051124,8.297750878193613,-5.939439044988979,4 days 01:51:49.090909090,2 days 11:42:00,0.7374563535906772,-0.8728009919609301,-0.4694015788431516,-0.627093053321318,0.9740391530245838,-0.713808980211616,long
4036,"{'window_k': 237, 'window_d': 192, 'window_ma': 72}","open_time
2022-01-01 00:00:00    100.000000
2022-01-01 01:00:00    100.000000
2022-01-01 02:00:00    100.000000
2022-01-01 03:00:00    100.000000
2022-01-01 04:00:00    100.000000
                          ...    
2023-05-01 19:00:00     44.926957
2023-05-01 20:00:00     44.926957
2023-05-01 21:00:00     44.926957
2023-05-01 22:00:00     44.926957
2023-05-01 23:00:00     44.926957
Freq: H, Length: 11664, dtype: float64",2022-01-01,2023-05-01 23:00:00,486 days,100.0,33.651414783086786,120.29023059755893,44.926957037083014,-55.073042962916986,-70.17976286600607,28.06927297668038,100.0,72.02481480339794,424 days 03:00:00,38,0.0,19,26.31578947368421,29.848513184963533,-24.463283056258938,12.099020469775324,-8.944875034136013,8 days 01:12:00,6 days 20:51:25.714285714,0.3456468995701116,-2.898581208574578,-0.9245774542648781,-0.6271370701844061,0.9480384545990563,-1.2728192142582322,long
1516,"{'window_k': 87, 'window_d': 222, 'window_ma': 192}","open_time
2022-01-01 00:00:00    100.000000
2022-01-01 01:00:00    100.000000
2022-01-01 02:00:00    100.000000
2022-01-01 03:00:00    100.000000
2022-01-01 04:00:00    100.000000
                          ...    
2023-05-01 19:00:00     45.072178
2023-05-01 20:00:00     44.968668
2023-05-01 21:00:00     45.195097
2023-05-01 22:00:00     45.395647
2023-05-01 23:00:00     45.395647
Freq: H, Length: 11664, dtype: float64",2022-01-01,2023-05-01 23:00:00,486 days,100.0,32.042674545212826,111.71424065836916,45.39564734376567,-54.60435265623433,-70.17976286600607,37.51714677640604,100.0,71.31728743231417,391 days 18:00:00,49,0.0,25,33.33333333333333,41.3215859030837,-26.827921360724545,15.06758400039405,-10.84757330594481,10 days 06:37:30,6 days 05:48:45,0.5210389412244592,-2.2862332200957844,-0.8108990854400464,-0.6273428832445395,0.9604260445312409,-1.1228298138565165,long
1805,"{'window_k': 117, 'window_d': 12, 'window_ma': 207}","open_time
2022-01-01 00:00:00    100.000000
2022-01-01 01:00:00    100.000000
2022-01-01 02:00:00    100.000000
2022-01-01 03:00:00    100.000000
2022-01-01 04:00:00    100.000000
                          ...    
2023-05-01 19:00:00     52.380219
2023-05-01 20:00:00     52.259925
2023-05-01 21:00:00     52.523067
2023-05-01 22:00:00     52.756135
2023-05-01 23:00:00     52.756135
Freq: H, Length: 11664, dtype: float64",2022-01-01,2023-05-01 23:00:00,486 days,100.0,40.48696101932801,103.20065206835953,52.75613524842237,-47.24386475157763,-70.17976286600607,40.44067215363511,100.0,60.76869650735378,426 days 10:00:00,459,0.0,230,34.93449781659388,35.12278697886922,-12.692913385826769,4.353188928087517,-2.576203279425368,1 days 05:25:30,0 days 15:48:19.328859060,0.8203728272905191,-0.20558280108654092,-0.3023001443148258,-0.6276044722532237,0.9836147741311886,-0.4606268192125918,long
161,"{'window_k': 12, 'window_d': 162, 'window_ma': 27}","open_time
2022-01-01 00:00:00    100.000000
2022-01-01 01:00:00    100.000000
2022-01-01 02:00:00    100.000000
2022-01-01 03:00:00    100.000000
2022-01-01 04:00:00    100.000000
                          ...    
2023-05-01 19:00:00     51.330318
2023-05-01 20:00:00     51.212436
2023-05-01 21:00:00     51.470303
2023-05-01 22:00:00     51.698699
2023-05-01 23:00:00     51.698699
Freq: H, Length: 11664, dtype: float64",2022-01-01,2023-05-01 23:00:00,486 days,100.0,46.34205487704671,122.60527235309306,51.69869947826763,-48.30130052173237,-70.17976286600607,23.58539094650206,100.0,62.20223324198864,439 days 04:00:00,107,0.0,54,30.18867924528302,25.17308224868457,-11.867149572320262,6.1229309523794155,-4.0835978606456065,2 days 20:30:00,1 days 17:56:45.405405405,0.5870431688969602,-0.9117623288440506,-0.8553030477810628,-0.6281491214863554,0.9468949598136948,-1.194398223753846,long
3673,"{'window_k': 222, 'window_d': 87, 'window_ma': 147}","open_time
2022-01-01 00:00:00    100.000000
2022-01-01 01:00:00    100.000000
2022-01-01 02:00:00    100.000000
2022-01-01 03:00:00    100.000000
2022-01-01 04:00:00    100.000000
                          ...    
2023-05-01 19:00:00     48.087841
2023-05-01 20:00:00     47.977405
2023-05-01 21:00:00     48.218983
2023-05-01 22:00:00     48.432953
2023-05-01 23:00:00     48.432953
Freq: H, Length: 11664, dtype: float64",2022-01-01,2023-05-01 23:00:00,486 days,100.0,37.83059054222631,113.90400857754061,48.432952548600134,-51.56704745139986,-70.17976286600607,39.5661865569273,100.0,66.78730536821011,309 days 12:00:00,67,0.0,34,36.36363636363637,30.365599545368454,-21.523959151610377,11.433137948213538,-8.948264681974567,8 days 16:40:00,4 days 00:34:17.142857142,0.6299883415533686,-1.5785338479284796,-0.4227362168250943,-0.6286544646516193,0.9770292777933749,-0.6389931701665998,long
1777,"{'window_k': 102, 'window_d': 237, 'window_ma': 27}","open_time
2022-01-01 00:00:00    100.000000
2022-01-01 01:00:00    100.000000
2022-01-01 02:00:00    100.000000
2022-01-01 03:00:00    100.000000
2022-01-01 04:00:00    100.000000
                          ...    
2023-05-01 19:00:00     47.764694
2023-05-01 20:00:00     47.764694
2023-05-01 21:00:00     47.764694
2023-05-01 22:00:00     47.764694
2023-05-01 23:00:00     47.764694
Freq: H, Length: 11664, dtype: float64",2022-01-01,2023-05-01 23:00:00,486 days,100.0,38.67691298380519,119.8639315534481,47.76469424433423,-52.23530575566577,-70.17976286600607,22.856652949245543,100.0,67.73265111318419,451 days 16:00:00,44,0.0,22,27.27272727272727,14.738309466480787,-22.362539114885998,7.96513959914078,-6.9538880925768005,3 days 18:40:00,5 days 12:37:30,0.36765325707707763,-2.3743320798029903,-1.100995490301914,-0.6287711748449788,0.9318565691734529,-1.522354960083458,long
3659,"{'window_k': 222, 'window_d': 72, 'window_ma': 177}","open_time
2022-01-01 00:00:00    100.000000
2022-01-01 01:00:00    100.000000
2022-01-01 02:00:00    100.000000
2022-01-01 03:00:00    100.000000
2022-01-01 04:00:00    100.000000
                          ...    
2023-05-01 19:00:00     50.315027
2023-05-01 20:00:00     50.199476
2023-05-01 21:00:00     50.452243
2023-05-01 22:00:00     50.676122
2023-05-01 23:00:00     50.676122
Freq: H, Length: 11664, dtype: float64",2022-01-01,2023-05-01 23:00:00,486 days,100.0,44.28653256552785,121.55597071554223,50.67612214661434,-49.32387785338566,-70.17976286600607,34.113511659807955,100.0,63.566962359122236,355 days 14:00:00,71,0.0,36,37.142857142857146,23.114119922630564,-21.995165897604927,8.666202065653382,-7.379830759266381,5 days 20:04:36.923076923,3 days 21:32:43.636363636,0.6219046550166523,-1.4032697870679591,-0.42391612773651294,-0.628936889684833,0.9748253869444945,-0.6400436040526932,long
3979,"{'window_k': 237, 'window_d': 132, 'window_ma': 177}","open_time
2022-01-01 00:00:00    100.000000
2022-01-01 01:00:00    100.000000
2022-01-01 02:00:00    100.000000
2022-01-01 03:00:00    100.000000
2022-01-01 04:00:00    100.000000
                          ...    
2023-05-01 19:00:00     45.951588
2023-05-01 20:00:00     45.846058
2023-05-01 21:00:00     46.076905
2023-05-01 22:00:00     46.281368
2023-05-01 23:00:00     46.281368
Freq: H, Length: 11664, dtype: float64",2022-01-01,2023-05-01 23:00:00,486 days,100.0,37.05735779174765,122.84612540277851,46.28136847119442,-53.71863152880558,-70.17976286600607,40.03772290809328,100.0,69.83432919007676,451 days 16:00:00,53,0.0,27,26.923076923076923,36.68778547222632,-22.782723376195182,14.4880068026735,-8.246683383132696,10 days 07:25:42.857142857,6 days 08:37:53.684210526,0.5085851942687971,-2.0612813466015276,-0.5891760469955188,-0.629097482872625,0.9701895659350823,-0.8422700643932449,long
875,"{'window_k': 57, 'window_d': 102, 'window_ma': 177}","open_time
2022-01-01 00:00:00    100.000000
2022-01-01 01:00:00    100.000000
2022-01-01 02:00:00    100.000000
2022-01-01 03:00:00    100.000000
2022-01-01 04:00:00    100.000000
                          ...    
2023-05-01 19:00:00     46.794141
2023-05-01 20:00:00     46.686677
2023-05-01 21:00:00     46.921756
2023-05-01 22:00:00     47.129968
2023-05-01 23:00:00     47.129968
Freq: H, Length: 11664, dtype: float64",2022-01-01,2023-05-01 23:00:00,486 days,100.0,43.45412896022316,138.39406375323145,47.12996848646169,-52.87003151353831,-70.17976286600607,42.378257887517144,100.0,68.60116121909273,439 days 04:00:00,93,0.0,47,41.30434782608695,34.78205778003042,-20.87924318308292,8.352408050551388,-7.696195139251222,5 days 19:37:53.684210526,3 days 07:55:33.333333333,0.7091673580585727,-1.1270087116136285,-0.45057814993740325,-0.62917691446622,0.9764044656213664,-0.6677303171743664,long
348,"{'window_k': 27, 'window_d': 87, 'window_ma': 192}","open_time
2022-01-01 00:00:00    100.0000
2022-01-01 01:00:00    100.0000
2022-01-01 02:00:00    100.0000
2022-01-01 03:00:00    100.0000
2022-01-01 04:00:00    100.0000
                         ...   
2023-05-01 19:00:00     45.5548
2023-05-01 20:00:00     45.5548
2023-05-01 21:00:00     45.5548
2023-05-01 22:00:00     45.5548
2023-05-01 23:00:00     45.5548
Freq: H, Length: 11664, dtype: float64",2022-01-01,2023-05-01 23:00:00,486 days,100.0,40.15763751044769,137.73129184193243,45.5548000035067,-54.4451999964933,-70.17976286600607,39.4718792866941,100.0,70.84349026760405,194 days 16:00:00,124,0.0,62,33.87096774193548,21.116663045839662,-20.44989775051124,8.683346326813398,-5.8073483732426325,4 days 05:57:08.571428571,2 days 12:04:23.414634146,0.7359288832797826,-0.8781483870402149,-0.4756162856029512,-0.6294855829434262,0.9738383717243673,-0.7233314519744298,long
350,"{'window_k': 27, 'window_d': 87, 'window_ma': 222}","open_time
2022-01-01 00:00:00    100.0000
2022-01-01 01:00:00    100.0000
2022-01-01 02:00:00    100.0000
2022-01-01 03:00:00    100.0000
2022-01-01 04:00:00    100.0000
                         ...   
2023-05-01 19:00:00     45.5548
2023-05-01 20:00:00     45.5548
2023-05-01 21:00:00     45.5548
2023-05-01 22:00:00     45.5548
2023-05-01 23:00:00     45.5548
Freq: H, Length: 11664, dtype: float64",2022-01-01,2023-05-01 23:00:00,486 days,100.0,40.15763751044769,137.73129184193243,45.5548000035067,-54.4451999964933,-70.17976286600607,39.4718792866941,100.0,70.84349026760405,194 days 16:00:00,124,0.0,62,33.87096774193548,21.116663045839662,-20.44989775051124,8.683346326813398,-5.8073483732426325,4 days 05:57:08.571428571,2 days 12:04:23.414634146,0.7359288832797826,-0.8781483870402149,-0.4756162856029512,-0.6294855829434262,0.9738383717243673,-0.7233314519744298,long
345,"{'window_k': 27, 'window_d': 87, 'window_ma': 147}","open_time
2022-01-01 00:00:00    100.0000
2022-01-01 01:00:00    100.0000
2022-01-01 02:00:00    100.0000
2022-01-01 03:00:00    100.0000
2022-01-01 04:00:00    100.0000
                         ...   
2023-05-01 19:00:00     45.5548
2023-05-01 20:00:00     45.5548
2023-05-01 21:00:00     45.5548
2023-05-01 22:00:00     45.5548
2023-05-01 23:00:00     45.5548
Freq: H, Length: 11664, dtype: float64",2022-01-01,2023-05-01 23:00:00,486 days,100.0,40.15763751044769,137.73129184193243,45.5548000035067,-54.4451999964933,-70.17976286600607,39.4718792866941,100.0,70.84349026760405,194 days 16:00:00,124,0.0,62,33.87096774193548,21.116663045839662,-20.44989775051124,8.683346326813398,-5.8073483732426325,4 days 05:57:08.571428571,2 days 12:04:23.414634146,0.7359288832797826,-0.8781483870402149,-0.4756162856029512,-0.6294855829434262,0.9738383717243673,-0.7233314519744298,long
3044,"{'window_k': 177, 'window_d': 222, 'window_ma': 72}","open_time
2022-01-01 00:00:00    100.000000
2022-01-01 01:00:00    100.000000
2022-01-01 02:00:00    100.000000
2022-01-01 03:00:00    100.000000
2022-01-01 04:00:00    100.000000
                          ...    
2023-05-01 19:00:00     45.961713
2023-05-01 20:00:00     45.961713
2023-05-01 21:00:00     45.961713
2023-05-01 22:00:00     45.961713
2023-05-01 23:00:00     45.961713
Freq: H, Length: 11664, dtype: float64",2022-01-01,2023-05-01 23:00:00,486 days,100.0,35.4756317178767,119.24497636471594,45.961713019795816,-54.038286980204184,-70.17976286600607,27.33196159122085,100.0,70.24978929982515,424 days 03:00:00,38,0.0,19,36.84210526315789,27.417874839420076,-22.657903531246536,8.711163823949272,-10.369964412076866,8 days 11:17:08.571428571,6 days 03:05:00,0.361650024069617,-2.8441203673791664,-0.9334610057587237,-0.6295205213615104,0.9468731668196883,-1.2815847623194168,long
1724,"{'window_k': 102, 'window_d': 177, 'window_ma': 192}","open_time
2022-01-01 00:00:00    100.000000
2022-01-01 01:00:00    100.000000
2022-01-01 02:00:00    100.000000
2022-01-01 03:00:00    100.000000
2022-01-01 04:00:00    100.000000
                          ...    
2023-05-01 19:00:00     39.988508
2023-05-01 20:00:00     39.896673
2023-05-01 21:00:00     40.097562
2023-05-01 22:00:00     40.275493
2023-05-01 23:00:00     40.275493
Freq: H, Length: 11664, dtype: float64",2022-01-01,2023-05-01 23:00:00,486 days,100.0,29.965707752230955,140.12738595281476,40.27549320086592,-59.72450679913408,-70.17976286600607,35.88820301783265,100.0,78.61538089183985,391 days 18:00:00,51,0.0,26,32.0,48.33638583638583,-44.8260305644843,17.88863191856566,-11.29914528687863,9 days 13:52:30,5 days 15:17:38.823529411,0.5505441116143844,-2.3979342080339623,-0.8693590187365243,-0.6295250966489938,0.9553429562386769,-1.1785086291661673,long
3829,"{'window_k': 222, 'window_d': 237, 'window_ma': 87}","open_time
2022-01-01 00:00:00    100.000000
2022-01-01 01:00:00    100.000000
2022-01-01 02:00:00    100.000000
2022-01-01 03:00:00    100.000000
2022-01-01 04:00:00    100.000000
                          ...    
2023-05-01 19:00:00     55.141238
2023-05-01 20:00:00     55.141238
2023-05-01 21:00:00     55.141238
2023-05-01 22:00:00     55.141238
2023-05-01 23:00:00     55.141238
Freq: H, Length: 11664, dtype: float64",2022-01-01,2023-05-01 23:00:00,486 days,100.0,47.397803294282106,110.79680541286545,55.14123842135137,-44.85876157864863,-70.17976286600607,31.90157750342936,100.0,57.22096578717929,451 days 16:00:00,38,0.0,19,36.84210526315789,26.74033149171271,-22.803691063076727,10.362400912260952,-9.811377525048666,8 days 17:42:51.428571428,7 days 19:45:00,0.4895185862147621,-2.360987451507822,-0.6825183663213651,-0.6300116013508652,0.9635662173104907,-0.9347222396121069,long
3803,"{'window_k': 222, 'window_d': 207, 'window_ma': 177}","open_time
2022-01-01 00:00:00    100.000000
2022-01-01 01:00:00    100.000000
2022-01-01 02:00:00    100.000000
2022-01-01 03:00:00    100.000000
2022-01-01 04:00:00    100.000000
                          ...    
2023-05-01 19:00:00     53.569765
2023-05-01 20:00:00     53.569765
2023-05-01 21:00:00     53.569765
2023-05-01 22:00:00     53.569765
2023-05-01 23:00:00     53.569765
Freq: H, Length: 11664, dtype: float64",2022-01-01,2023-05-01 23:00:00,486 days,100.0,48.25760345204996,118.80459770114943,53.56976458307938,-46.43023541692062,-70.17976286600607,34.01063100137174,100.0,59.38069368877373,451 days 16:00:00,38,0.0,19,26.31578947368421,39.53488372093023,-23.347677369524426,15.703859856263557,-8.769885491101622,13 days 18:00:00,6 days 21:30:00,0.49600892803715707,-2.4436966008905587,-0.5851658582809739,-0.6302309514485632,0.9691005747834917,-0.8108746709895389,long
2028,"{'window_k': 117, 'window_d': 222, 'window_ma': 192}","open_time
2022-01-01 00:00:00    100.000000
2022-01-01 01:00:00    100.000000
2022-01-01 02:00:00    100.000000
2022-01-01 03:00:00    100.000000
2022-01-01 04:00:00    100.000000
                          ...    
2023-05-01 19:00:00     46.417539
2023-05-01 20:00:00     46.417539
2023-05-01 21:00:00     46.417539
2023-05-01 22:00:00     46.417539
2023-05-01 23:00:00     46.417539
Freq: H, Length: 11664, dtype: float64",2022-01-01,2023-05-01 23:00:00,486 days,100.0,36.58179224285291,119.97523730912091,46.41753879881172,-53.58246120118828,-70.17976286600607,38.49451303155007,100.0,69.50888111302628,451 days 16:00:00,46,0.0,23,34.78260869565217,43.37137840210711,-24.29978966013507,11.753404622412594,-9.9267766095655,10 days 04:00:00,7 days 01:12:00,0.4637592779046489,-2.3296722261386216,-0.7349635146416752,-0.6302612460791233,0.9642810110583441,-1.0208806676840794,long
3559,"{'window_k': 207, 'window_d': 222, 'window_ma': 117}","open_time
2022-01-01 00:00:00    100.000000
2022-01-01 01:00:00    100.000000
2022-01-01 02:00:00    100.000000
2022-01-01 03:00:00    100.000000
2022-01-01 04:00:00    100.000000
                          ...    
2023-05-01 19:00:00     48.508309
2023-05-01 20:00:00     48.508309
2023-05-01 21:00:00     48.508309
2023-05-01 22:00:00     48.508309
2023-05-01 23:00:00     48.508309
Freq: H, Length: 11664, dtype: float64",2022-01-01,2023-05-01 23:00:00,486 days,100.0,40.24107253209424,120.14101664034783,48.50830902802762,-51.49169097197238,-70.17976286600607,28.789437585733886,100.0,66.50513400218739,349 days 17:00:00,36,0.0,18,27.77777777777778,25.811808118081164,-20.62556663644606,10.560035915681729,-8.689489946159178,9 days 22:00:00,6 days 22:46:09.230769230,0.38734773013185597,-2.8606494984429105,-0.8581650685438518,-0.6303026236725983,0.9511328927745312,-1.1820389390886126,long
3019,"{'window_k': 177, 'window_d': 192, 'window_ma': 177}","open_time
2022-01-01 00:00:00    100.000000
2022-01-01 01:00:00    100.000000
2022-01-01 02:00:00    100.000000
2022-01-01 03:00:00    100.000000
2022-01-01 04:00:00    100.000000
                          ...    
2023-05-01 19:00:00     50.257046
2023-05-01 20:00:00     50.257046
2023-05-01 21:00:00     50.257046
2023-05-01 22:00:00     50.480059
2023-05-01 23:00:00     50.480059
Freq: H, Length: 11664, dtype: float64",2022-01-01,2023-05-01 23:00:00,486 days,100.0,43.81370773462396,120.60989523908307,50.48005902303715,-49.51994097696285,-70.17976286600607,34.25925925925926,100.0,63.67320637517116,451 days 16:00:00,43,0.0,22,33.33333333333333,37.465201465201474,-24.325817860300614,11.53271826693196,-9.411874491104925,9 days 23:00:00,6 days 21:42:51.428571428,0.48894579882607714,-2.3687120914857283,-0.6732316644651866,-0.6306277727814675,0.9649046243016997,-0.9353493904568702,long
1499,"{'window_k': 87, 'window_d': 207, 'window_ma': 177}","open_time
2022-01-01 00:00:00    100.000000
2022-01-01 01:00:00    100.000000
2022-01-01 02:00:00    100.000000
2022-01-01 03:00:00    100.000000
2022-01-01 04:00:00    100.000000
                          ...    
2023-05-01 19:00:00     39.540864
2023-05-01 20:00:00     39.450056
2023-05-01 21:00:00     39.648697
2023-05-01 22:00:00     39.824636
2023-05-01 23:00:00     39.824636
Freq: H, Length: 11664, dtype: float64",2022-01-01,2023-05-01 23:00:00,486 days,100.0,25.482681747278487,122.0274950152167,39.82463606392004,-60.17536393607996,-70.17976286600607,34.02777777777778,100.0,79.11726226609763,451 days 16:00:00,49,0.0,25,29.166666666666668,42.96274393849793,-38.4896176171384,17.09767920883058,-10.484154617566029,10 days 18:51:25.714285714,5 days 05:17:38.823529411,0.4369702212472622,-2.520786025575487,-0.9505168610754071,-0.6309065337976636,0.9501233877676066,-1.271766211254132,long
2217,"{'window_k': 132, 'window_d': 162, 'window_ma': 147}","open_time
2022-01-01 00:00:00    100.000000
2022-01-01 01:00:00    100.000000
2022-01-01 02:00:00    100.000000
2022-01-01 03:00:00    100.000000
2022-01-01 04:00:00    100.000000
                          ...    
2023-05-01 19:00:00     41.961179
2023-05-01 20:00:00     41.864813
2023-05-01 21:00:00     42.075613
2023-05-01 22:00:00     42.262321
2023-05-01 23:00:00     42.262321
Freq: H, Length: 11664, dtype: float64",2022-01-01,2023-05-01 23:00:00,486 days,100.0,33.60192384675158,137.07381968532513,42.26232111948067,-57.737678880519326,-70.17976286600607,36.942729766803836,100.0,75.48625702275594,391 days 18:00:00,53,0.0,27,30.76923076923077,29.492481203007532,-26.321913380736916,13.719681279623764,-9.600733495177733,9 days 06:07:30,5 days 18:00:00,0.5643343674796996,-2.219753365015325,-0.8187916456977841,-0.6309795934133268,0.959005808091927,-1.1272909711997519,long
3842,"{'window_k': 237, 'window_d': 12, 'window_ma': 42}","open_time
2022-01-01 00:00:00    100.000000
2022-01-01 01:00:00    100.000000
2022-01-01 02:00:00    100.000000
2022-01-01 03:00:00    100.000000
2022-01-01 04:00:00    100.000000
                          ...    
2023-05-01 19:00:00     39.439134
2023-05-01 20:00:00     39.348560
2023-05-01 21:00:00     39.546690
2023-05-01 22:00:00     39.722176
2023-05-01 23:00:00     39.722176
Freq: H, Length: 11664, dtype: float64",2022-01-01,2023-05-01 23:00:00,486 days,100.0,25.7673153318468,124.23947162576962,39.72217611809654,-60.27782388190346,-70.17976286600607,39.600480109739365,100.0,79.2599606271167,454 days 07:00:00,435,0.0,218,33.17972350230415,24.026093348033807,-16.33320749968542,4.182778155079458,-2.542392147838067,1 days 08:51:40,0 days 15:28:57.931034482,0.7140267811152421,-0.2772040792996584,-0.6265825624563149,-0.6309920284391517,0.9659255656259788,-0.9552158971986201,long
1717,"{'window_k': 102, 'window_d': 177, 'window_ma': 87}","open_time
2022-01-01 00:00:00    100.000000
2022-01-01 01:00:00    100.000000
2022-01-01 02:00:00    100.000000
2022-01-01 03:00:00    100.000000
2022-01-01 04:00:00    100.000000
                          ...    
2023-05-01 19:00:00     40.615792
2023-05-01 20:00:00     40.615792
2023-05-01 21:00:00     40.615792
2023-05-01 22:00:00     40.615792
2023-05-01 23:00:00     40.615792
Freq: H, Length: 11664, dtype: float64",2022-01-01,2023-05-01 23:00:00,486 days,100.0,31.158089027252625,140.8494029989948,40.61579154617717,-59.38420845382283,-70.17976286600607,32.52743484224966,100.0,77.8784372785201,391 days 18:00:00,52,0.0,26,38.46153846153847,31.13567073170735,-44.826030564484306,13.039842648233785,-11.460560216165836,7 days 08:12:00,5 days 07:00:00,0.571479391361582,-2.2840080174547257,-0.9457064448078236,-0.6313708491454536,0.9494322312854986,-1.2706323113286795,long
3553,"{'window_k': 207, 'window_d': 222, 'window_ma': 27}","open_time
2022-01-01 00:00:00    100.000000
2022-01-01 01:00:00    100.000000
2022-01-01 02:00:00    100.000000
2022-01-01 03:00:00    100.000000
2022-01-01 04:00:00    100.000000
                          ...    
2023-05-01 19:00:00     57.384166
2023-05-01 20:00:00     57.384166
2023-05-01 21:00:00     57.384166
2023-05-01 22:00:00     57.384166
2023-05-01 23:00:00     57.384166
Freq: H, Length: 11664, dtype: float64",2022-01-01,2023-05-01 23:00:00,486 days,100.0,54.937991097104856,119.46510237269128,57.38416576711562,-42.61583423288438,-70.17976286600607,20.16460905349794,100.0,54.013356196928,351 days 13:00:00,36,0.0,18,38.88888888888889,16.859485566662944,-20.62556663644606,7.667988657509885,-9.017125002164677,3 days 14:25:42.857142857,6 days 14:49:05.454545454,0.5182818222064512,-2.367546346271354,-0.745277023135986,-0.631436340802304,0.9495476815820528,-1.0400706235310297,long
3737,"{'window_k': 222, 'window_d': 147, 'window_ma': 147}","open_time
2022-01-01 00:00:00    100.000000
2022-01-01 01:00:00    100.000000
2022-01-01 02:00:00    100.000000
2022-01-01 03:00:00    100.000000
2022-01-01 04:00:00    100.000000
                          ...    
2023-05-01 19:00:00     48.207036
2023-05-01 20:00:00     48.096327
2023-05-01 21:00:00     48.338503
2023-05-01 22:00:00     48.553003
2023-05-01 23:00:00     48.553003
Freq: H, Length: 11664, dtype: float64",2022-01-01,2023-05-01 23:00:00,486 days,100.0,41.94072502570058,124.40355194179949,48.553002973251765,-51.44699702674823,-70.17976286600607,36.47976680384088,100.0,66.28655342146342,451 days 16:00:00,47,0.0,24,34.78260869565217,25.472960061150406,-23.78864284148213,9.47625866286796,-8.898060852584173,9 days 16:07:30,6 days 13:48:00,0.5086007347793903,-2.237427639351879,-0.6020618812317231,-0.6317748015104195,0.9685645675602284,-0.8638800430212482,long
2558,"{'window_k': 147, 'window_d': 237, 'window_ma': 222}","open_time
2022-01-01 00:00:00    100.000000
2022-01-01 01:00:00    100.000000
2022-01-01 02:00:00    100.000000
2022-01-01 03:00:00    100.000000
2022-01-01 04:00:00    100.000000
                          ...    
2023-05-01 19:00:00     50.583875
2023-05-01 20:00:00     50.583875
2023-05-01 21:00:00     50.583875
2023-05-01 22:00:00     50.583875
2023-05-01 23:00:00     50.583875
Freq: H, Length: 11664, dtype: float64",2022-01-01,2023-05-01 23:00:00,486 days,100.0,43.48057556352055,118.78639288997854,50.58387471376064,-49.41612528623936,-70.17976286600607,33.470507544581615,100.0,63.395996371577,451 days 16:00:00,36,0.0,18,38.88888888888889,43.35040234089247,-22.360524561013552,11.334435113741291,-11.59927318132253,11 days 03:25:42.857142857,7 days 16:43:38.181818181,0.46453897311658165,-2.7453402936799653,-0.6857849011506728,-0.6319276253686013,0.9641897674335407,-0.9465827556178721,long
3825,"{'window_k': 222, 'window_d': 237, 'window_ma': 27}","open_time
2022-01-01 00:00:00    100.000000
2022-01-01 01:00:00    100.000000
2022-01-01 02:00:00    100.000000
2022-01-01 03:00:00    100.000000
2022-01-01 04:00:00    100.000000
                          ...    
2023-05-01 19:00:00     60.427173
2023-05-01 20:00:00     60.427173
2023-05-01 21:00:00     60.427173
2023-05-01 22:00:00     60.427173
2023-05-01 23:00:00     60.427173
Freq: H, Length: 11664, dtype: float64",2022-01-01,2023-05-01 23:00:00,486 days,100.0,55.57975579973415,110.79680541286545,60.427173327631714,-39.572826672368286,-70.17976286600607,18.55281207133059,100.0,49.83631920376617,451 days 16:00:00,38,0.0,19,31.57894736842105,13.904235727440145,-14.9550629119233,7.763938467539469,-6.922245541742781,5 days 00:10:00,4 days 15:00:00,0.4698120262130071,-2.082780351177278,-0.7569594561239131,-0.6320420336862826,0.9470439082945532,-1.0550596059526174,long
1807,"{'window_k': 117, 'window_d': 12, 'window_ma': 237}","open_time
2022-01-01 00:00:00    100.000000
2022-01-01 01:00:00    100.000000
2022-01-01 02:00:00    100.000000
2022-01-01 03:00:00    100.000000
2022-01-01 04:00:00    100.000000
                          ...    
2023-05-01 19:00:00     51.720305
2023-05-01 20:00:00     51.601527
2023-05-01 21:00:00     51.861353
2023-05-01 22:00:00     52.091485
2023-05-01 23:00:00     52.091485
Freq: H, Length: 11664, dtype: float64",2022-01-01,2023-05-01 23:00:00,486 days,100.0,39.97688478774035,103.20065206835953,52.09148544554395,-47.90851455445605,-70.17976286600607,40.474965706447186,100.0,61.262953298725385,426 days 10:00:00,459,0.0,230,34.93449781659388,35.12278697886922,-12.692913385826769,4.33717298262732,-2.57620327942537,1 days 05:28:30,0 days 15:48:19.328859060,0.8165814466449474,-0.2084943017044787,-0.31536135640297736,-0.6321104245436364,0.9829164337364519,-0.48050670426084807,long
228,"{'window_k': 12, 'window_d': 222, 'window_ma': 72}","open_time
2022-01-01 00:00:00    100.000000
2022-01-01 01:00:00    100.000000
2022-01-01 02:00:00    100.000000
2022-01-01 03:00:00    100.000000
2022-01-01 04:00:00    100.000000
                          ...    
2023-05-01 19:00:00     42.241938
2023-05-01 20:00:00     42.144927
2023-05-01 21:00:00     42.357137
2023-05-01 22:00:00     42.545095
2023-05-01 23:00:00     42.545095
Freq: H, Length: 11664, dtype: float64",2022-01-01,2023-05-01 23:00:00,486 days,100.0,32.27861563179181,128.7435944761763,42.545094924019075,-57.454905075980925,-70.17976286600607,32.458847736625515,100.0,74.9279832032615,391 days 18:00:00,105,0.0,53,28.846153846153843,35.31475345936464,-17.670157068062828,8.764889015238825,-5.273954461974326,6 days 03:43:59.999999999,1 days 16:30:48.648648648,0.5769180818609557,-1.1057182134120063,-0.9684255314003284,-0.6321716222391993,0.9500679548554513,-1.3083258280717562,long
2233,"{'window_k': 132, 'window_d': 177, 'window_ma': 147}","open_time
2022-01-01 00:00:00    100.000000
2022-01-01 01:00:00    100.000000
2022-01-01 02:00:00    100.000000
2022-01-01 03:00:00    100.000000
2022-01-01 04:00:00    100.000000
                          ...    
2023-05-01 19:00:00     42.158384
2023-05-01 20:00:00     42.061566
2023-05-01 21:00:00     42.273356
2023-05-01 22:00:00     42.460942
2023-05-01 23:00:00     42.460942
Freq: H, Length: 11664, dtype: float64",2022-01-01,2023-05-01 23:00:00,486 days,100.0,34.57316375941582,138.5487022300238,42.46094214808624,-57.53905785191375,-70.17976286600607,36.18827160493827,100.0,75.04620165837703,391 days 18:00:00,53,0.0,27,26.923076923076923,31.65234001910222,-21.502192982456137,12.74145851699952,-8.306015559153721,9 days 08:42:51.428571428,5 days 17:34:44.210526315,0.5131454340179009,-2.215368053235327,-0.896928255049171,-0.6322178770054084,0.9555417339625414,-1.245186112324506,long
1753,"{'window_k': 102, 'window_d': 207, 'window_ma': 147}","open_time
2022-01-01 00:00:00    100.000000
2022-01-01 01:00:00    100.000000
2022-01-01 02:00:00    100.000000
2022-01-01 03:00:00    100.000000
2022-01-01 04:00:00    100.000000
                          ...    
2023-05-01 19:00:00     38.503899
2023-05-01 20:00:00     38.415473
2023-05-01 21:00:00     38.608905
2023-05-01 22:00:00     38.780230
2023-05-01 23:00:00     38.780230
Freq: H, Length: 11664, dtype: float64",2022-01-01,2023-05-01 23:00:00,486 days,100.0,26.01143068420112,133.23738003173392,38.780229580256155,-61.219770419743845,-70.17976286600607,35.42524005486968,100.0,80.47737753623959,391 days 18:00:00,49,0.0,25,33.33333333333333,32.08010580011337,-36.755009696186164,12.249075374406711,-10.490916187712553,9 days 08:07:30,6 days 01:07:30,0.4493826264502855,-2.577305445329628,-0.9710600209199932,-0.632541831831418,0.9504408777429273,-1.315406826611426,long
3021,"{'window_k': 177, 'window_d': 192, 'window_ma': 207}","open_time
2022-01-01 00:00:00    100.000000
2022-01-01 01:00:00    100.000000
2022-01-01 02:00:00    100.000000
2022-01-01 03:00:00    100.000000
2022-01-01 04:00:00    100.000000
                          ...    
2023-05-01 19:00:00     50.179405
2023-05-01 20:00:00     50.179405
2023-05-01 21:00:00     50.179405
2023-05-01 22:00:00     50.402074
2023-05-01 23:00:00     50.402074
Freq: H, Length: 11664, dtype: float64",2022-01-01,2023-05-01 23:00:00,486 days,100.0,43.94134298450494,120.60989523908307,50.402073602513745,-49.597926397486255,-70.17976286600607,34.465020576131685,100.0,63.56738151757722,451 days 16:00:00,43,0.0,22,33.33333333333333,37.46520146520148,-24.325817860300617,11.489899898290254,-9.411874491104925,10 days 02:25:42.857142857,6 days 21:42:51.428571428,0.48872923597517764,-2.3724092768775105,-0.6629031870447367,-0.6327701521102997,0.9656018183632535,-0.9213547788684424,long
3547,"{'window_k': 207, 'window_d': 207, 'window_ma': 177}","open_time
2022-01-01 00:00:00    100.000000
2022-01-01 01:00:00    100.000000
2022-01-01 02:00:00    100.000000
2022-01-01 03:00:00    100.000000
2022-01-01 04:00:00    100.000000
                          ...    
2023-05-01 19:00:00     52.359737
2023-05-01 20:00:00     52.359737
2023-05-01 21:00:00     52.359737
2023-05-01 22:00:00     52.359737
2023-05-01 23:00:00     52.359737
Freq: H, Length: 11664, dtype: float64",2022-01-01,2023-05-01 23:00:00,486 days,100.0,47.182714444987255,120.42007811161123,52.35973671185576,-47.64026328814424,-70.17976286600607,34.57647462277092,100.0,60.818232984987766,424 days 03:00:00,40,0.0,20,30.0,39.92373129950133,-23.306505700871888,13.485991986021132,-9.067604130751487,12 days 15:10:00,6 days 14:08:34.285714285,0.49313480855244013,-2.3820131644072107,-0.6147601578345743,-0.6328385281297308,0.9678294305508753,-0.8526265032923496,long
164,"{'window_k': 12, 'window_d': 162, 'window_ma': 72}","open_time
2022-01-01 00:00:00    100.000000
2022-01-01 01:00:00    100.000000
2022-01-01 02:00:00    100.000000
2022-01-01 03:00:00    100.000000
2022-01-01 04:00:00    100.000000
                          ...    
2023-05-01 19:00:00     50.764645
2023-05-01 20:00:00     50.764645
2023-05-01 21:00:00     50.764645
2023-05-01 22:00:00     50.764645
2023-05-01 23:00:00     50.764645
Freq: H, Length: 11664, dtype: float64",2022-01-01,2023-05-01 23:00:00,486 days,100.0,44.45074002568029,120.27813270580243,50.76464498431691,-49.23535501568309,-70.17976286600607,28.88374485596708,100.0,63.04337369918621,453 days 11:00:00,108,0.0,54,27.77777777777778,43.80326952633786,-11.931818181818187,7.820112911701663,-4.283906205790008,3 days 23:08:00,2 days 01:47:41.538461538,0.5918798166463636,-0.9117658336237611,-0.7430815136886819,-0.6329116002549997,0.9584600907936125,-1.032442442316005,long
3313,"{'window_k': 192, 'window_d': 237, 'window_ma': 27}","open_time
2022-01-01 00:00:00    100.00000
2022-01-01 01:00:00    100.00000
2022-01-01 02:00:00    100.00000
2022-01-01 03:00:00    100.00000
2022-01-01 04:00:00    100.00000
                         ...    
2023-05-01 19:00:00     58.92902
2023-05-01 20:00:00     58.92902
2023-05-01 21:00:00     58.92902
2023-05-01 22:00:00     58.92902
2023-05-01 23:00:00     58.92902
Freq: H, Length: 11664, dtype: float64",2022-01-01,2023-05-01 23:00:00,486 days,100.0,57.626958968121976,119.52107132499364,58.92901954034799,-41.07098045965201,-70.17976286600607,20.361796982167352,100.0,51.78510506199645,424 days 03:00:00,36,0.0,18,38.88888888888889,15.522984676882082,-15.92457300819429,6.199133973088204,-8.071109355823335,3 days 10:17:08.571428571,6 days 19:32:43.636363636,0.4707870045684191,-2.281721136647335,-0.7086791759204135,-0.6329643346848433,0.9524047352886738,-0.9888304142429392,long
3721,"{'window_k': 222, 'window_d': 132, 'window_ma': 147}","open_time
2022-01-01 00:00:00    100.000000
2022-01-01 01:00:00    100.000000
2022-01-01 02:00:00    100.000000
2022-01-01 03:00:00    100.000000
2022-01-01 04:00:00    100.000000
                          ...    
2023-05-01 19:00:00     42.643290
2023-05-01 20:00:00     42.545358
2023-05-01 21:00:00     42.759585
2023-05-01 22:00:00     42.949328
2023-05-01 23:00:00     42.949328
Freq: H, Length: 11664, dtype: float64",2022-01-01,2023-05-01 23:00:00,486 days,100.0,31.869804110527962,123.69554810914313,42.94932805606309,-57.05067194393691,-70.17976286600607,38.460219478738,100.0,74.23528607318386,451 days 16:00:00,53,0.0,27,30.76923076923077,36.22992065028062,-22.236827691970635,12.56481983387612,-9.079340719563584,9 days 01:45:00,6 days 06:00:00,0.5077392757235538,-2.196139922030309,-0.6954332439754367,-0.6330172174921054,0.9642156165084215,-0.9875313566543069,long
4005,"{'window_k': 237, 'window_d': 162, 'window_ma': 87}","open_time
2022-01-01 00:00:00    100.000000
2022-01-01 01:00:00    100.000000
2022-01-01 02:00:00    100.000000
2022-01-01 03:00:00    100.000000
2022-01-01 04:00:00    100.000000
                          ...    
2023-05-01 19:00:00     48.555021
2023-05-01 20:00:00     48.443513
2023-05-01 21:00:00     48.687438
2023-05-01 22:00:00     48.903486
2023-05-01 23:00:00     48.903486
Freq: H, Length: 11664, dtype: float64",2022-01-01,2023-05-01 23:00:00,486 days,100.0,42.13094347822026,122.55480607082632,48.903485765935095,-51.096514234064905,-70.17976286600607,33.96776406035665,100.0,65.62277332977693,451 days 16:00:00,47,0.0,24,26.08695652173913,32.2952710495963,-23.434903047091417,15.196335682503284,-8.43645125478671,9 days 02:00:00,6 days 11:38:49.411764705,0.5346297559336921,-2.214921301024114,-0.6388544208560493,-0.6333678956524561,0.9651713695171399,-0.91520380299216,long
1799,"{'window_k': 117, 'window_d': 12, 'window_ma': 117}","open_time
2022-01-01 00:00:00    100.000000
2022-01-01 01:00:00    100.000000
2022-01-01 02:00:00    100.000000
2022-01-01 03:00:00    100.000000
2022-01-01 04:00:00    100.000000
                          ...    
2023-05-01 19:00:00     50.831714
2023-05-01 20:00:00     50.714977
2023-05-01 21:00:00     50.970340
2023-05-01 22:00:00     51.196518
2023-05-01 23:00:00     51.196518
Freq: H, Length: 11664, dtype: float64",2022-01-01,2023-05-01 23:00:00,486 days,100.0,39.290054401452686,104.45116097164397,51.19651788464403,-48.80348211535597,-70.17976286600607,40.54355281207133,100.0,62.38428176770673,426 days 10:00:00,459,0.0,230,34.49781659388647,35.122786978869215,-12.692913385826765,4.3887179261452856,-2.5688403873538643,1 days 05:46:19.746835443,0 days 15:47:36,0.8129709071751263,-0.21241471000868883,-0.33245210570939987,-0.6334495997073759,0.9820215045463356,-0.5061991339003263,long
3540,"{'window_k': 207, 'window_d': 207, 'window_ma': 72}","open_time
2022-01-01 00:00:00    100.000000
2022-01-01 01:00:00    100.000000
2022-01-01 02:00:00    100.000000
2022-01-01 03:00:00    100.000000
2022-01-01 04:00:00    100.000000
                          ...    
2023-05-01 19:00:00     45.089692
2023-05-01 20:00:00     45.089692
2023-05-01 21:00:00     45.089692
2023-05-01 22:00:00     45.089692
2023-05-01 23:00:00     45.089692
Freq: H, Length: 11664, dtype: float64",2022-01-01,2023-05-01 23:00:00,486 days,100.0,34.21753421524284,118.20257906620847,45.08969186842242,-54.91030813157758,-70.17976286600607,28.21502057613169,100.0,71.05178712210952,424 days 03:00:00,40,0.0,20,35.0,28.78872194398069,-23.306505700871906,9.027387694733308,-9.836274666201355,8 days 06:34:17.142857142,6 days 02:13:50.769230769,0.3566742863960042,-2.7455154065788783,-0.9223016792622027,-0.633627107079179,0.948220210851059,-1.2693018155841962,long
229,"{'window_k': 12, 'window_d': 222, 'window_ma': 87}","open_time
2022-01-01 00:00:00    100.000000
2022-01-01 01:00:00    100.000000
2022-01-01 02:00:00    100.000000
2022-01-01 03:00:00    100.000000
2022-01-01 04:00:00    100.000000
                          ...    
2023-05-01 19:00:00     44.274618
2023-05-01 20:00:00     44.274618
2023-05-01 21:00:00     44.274618
2023-05-01 22:00:00     44.274618
2023-05-01 23:00:00     44.274618
Freq: H, Length: 11664, dtype: float64",2022-01-01,2023-05-01 23:00:00,486 days,100.0,33.951429497568164,122.15416353515705,44.274618235425045,-55.725381764574955,-70.17976286600607,33.830589849108364,100.0,72.20608081213979,451 days 16:00:00,106,0.0,53,24.528301886792452,34.12590138374586,-17.67015706806282,11.844118095266335,-5.221239016245266,7 days 07:36:55.384615384,1 days 17:34:30,0.5969411572108803,-1.0514222974448102,-0.9140606863116256,-0.6338585556240778,0.9537696049734621,-1.2383931160840256,long
3144,"{'window_k': 192, 'window_d': 72, 'window_ma': 132}","open_time
2022-01-01 00:00:00    100.000000
2022-01-01 01:00:00    100.000000
2022-01-01 02:00:00    100.000000
2022-01-01 03:00:00    100.000000
2022-01-01 04:00:00    100.000000
                          ...    
2023-05-01 19:00:00     49.117621
2023-05-01 20:00:00     49.004820
2023-05-01 21:00:00     49.251571
2023-05-01 22:00:00     49.470123
2023-05-01 23:00:00     49.470123
Freq: H, Length: 11664, dtype: float64",2022-01-01,2023-05-01 23:00:00,486 days,100.0,43.791038847496786,124.2873846397306,49.470122613266,-50.529877386734,-70.17976286600607,33.521947873799725,100.0,64.76630434019269,355 days 14:00:00,75,0.0,38,35.13513513513514,27.863233572981116,-23.16848825884644,8.706725985202937,-6.946503654402554,5 days 11:36:55.384615384,3 days 15:10:00,0.6159639701753901,-1.383773812906004,-0.4599427183795953,-0.6339032253907688,0.972762300233831,-0.6980804962098994,long
1798,"{'window_k': 117, 'window_d': 12, 'window_ma': 102}","open_time
2022-01-01 00:00:00    100.000000
2022-01-01 01:00:00    100.000000
2022-01-01 02:00:00    100.000000
2022-01-01 03:00:00    100.000000
2022-01-01 04:00:00    100.000000
                          ...    
2023-05-01 19:00:00     51.518958
2023-05-01 20:00:00     51.400642
2023-05-01 21:00:00     51.659457
2023-05-01 22:00:00     51.888693
2023-05-01 23:00:00     51.888693
Freq: H, Length: 11664, dtype: float64",2022-01-01,2023-05-01 23:00:00,486 days,100.0,39.47865372234982,102.17440136573971,51.888693295533706,-48.111306704466294,-70.17976286600607,40.23491083676269,100.0,61.36150229935433,480 days 05:00:00,459,0.0,230,34.49781659388647,35.12278697886921,-12.692913385826762,4.35410034309663,-2.5603647202321578,1 days 05:31:53.924050632,0 days 15:46:42.684563758,0.8100815575893925,-0.2093826333755502,-0.32184928038121285,-0.6340162831631865,0.9825003670918271,-0.49014953094447833,long
238,"{'window_k': 12, 'window_d': 222, 'window_ma': 222}","open_time
2022-01-01 00:00:00    100.000000
2022-01-01 01:00:00    100.000000
2022-01-01 02:00:00    100.000000
2022-01-01 03:00:00    100.000000
2022-01-01 04:00:00    100.000000
                          ...    
2023-05-01 19:00:00     42.713400
2023-05-01 20:00:00     42.615307
2023-05-01 21:00:00     42.829885
2023-05-01 22:00:00     43.019940
2023-05-01 23:00:00     43.019940
Freq: H, Length: 11664, dtype: float64",2022-01-01,2023-05-01 23:00:00,486 days,100.0,33.125526008147546,127.43962892674416,43.01994046261402,-56.98005953738598,-70.17976286600607,36.58264746227709,100.0,74.00688758503132,391 days 18:00:00,105,0.0,53,26.923076923076923,33.32683687390371,-17.67015706806282,10.542970836714547,-5.433182281680086,7 days 16:38:34.285714285,1 days 18:23:41.052631578,0.5965675477381492,-1.096595677960875,-0.8870962754108153,-0.6340866026474351,0.956908165848635,-1.2016477313382277,long
2247,"{'window_k': 132, 'window_d': 192, 'window_ma': 117}","open_time
2022-01-01 00:00:00    100.000000
2022-01-01 01:00:00    100.000000
2022-01-01 02:00:00    100.000000
2022-01-01 03:00:00    100.000000
2022-01-01 04:00:00    100.000000
                          ...    
2023-05-01 19:00:00     42.191765
2023-05-01 20:00:00     42.094870
2023-05-01 21:00:00     42.306828
2023-05-01 22:00:00     42.494562
2023-05-01 23:00:00     42.494562
Freq: H, Length: 11664, dtype: float64",2022-01-01,2023-05-01 23:00:00,486 days,100.0,30.99968038043382,122.84612540277851,42.494562361223046,-57.505437638776954,-70.17976286600607,31.25,100.0,74.76543905736186,451 days 16:00:00,51,0.0,26,28.000000000000004,31.08419838523644,-24.35996044390727,9.400264768110048,-7.661495890143656,8 days 15:17:08.571428571,5 days 00:56:40,0.37236335343978966,-2.3280748501230644,-1.0241303252332679,-0.6341740519564222,0.945383758970546,-1.4126110410585355,long
3841,"{'window_k': 237, 'window_d': 12, 'window_ma': 27}","open_time
2022-01-01 00:00:00    100.000000
2022-01-01 01:00:00    100.000000
2022-01-01 02:00:00    100.000000
2022-01-01 03:00:00    100.000000
2022-01-01 04:00:00    100.000000
                          ...    
2023-05-01 19:00:00     39.160427
2023-05-01 20:00:00     39.070493
2023-05-01 21:00:00     39.267223
2023-05-01 22:00:00     39.441469
2023-05-01 23:00:00     39.441469
Freq: H, Length: 11664, dtype: float64",2022-01-01,2023-05-01 23:00:00,486 days,100.0,25.407065664975367,122.46471813567041,39.441468897404455,-60.558531102595545,-70.17976286600607,37.7400548696845,100.0,79.2535629430604,454 days 07:00:00,437,0.0,219,33.94495412844037,22.280898876404486,-16.333207499685432,3.9046104463151274,-2.4974393941334103,1 days 07:10:32.432432432,0 days 14:29:35,0.7054431127465645,-0.27722418584431907,-0.7829615883303254,-0.6343934184969152,0.9594647177253033,-1.1297683110954235,long
2788,"{'window_k': 162, 'window_d': 222, 'window_ma': 72}","open_time
2022-01-01 00:00:00    100.000000
2022-01-01 01:00:00    100.000000
2022-01-01 02:00:00    100.000000
2022-01-01 03:00:00    100.000000
2022-01-01 04:00:00    100.000000
                          ...    
2023-05-01 19:00:00     44.817594
2023-05-01 20:00:00     44.817594
2023-05-01 21:00:00     44.817594
2023-05-01 22:00:00     44.817594
2023-05-01 23:00:00     44.817594
Freq: H, Length: 11664, dtype: float64",2022-01-01,2023-05-01 23:00:00,486 days,100.0,33.52998168007834,116.9438775510204,44.81759406738382,-55.18240593261618,-70.17976286600607,27.914951989026065,100.0,71.32814271063499,453 days 11:00:00,38,0.0,19,36.84210526315789,27.41787483942008,-22.32662192393737,8.081155496275796,-10.203879165799938,8 days 03:34:17.142857142,6 days 13:15:00,0.33023292260903925,-2.9043371543482186,-0.9941651639594786,-0.6346681742527698,0.9441056586993757,-1.3596548282149687,long
1800,"{'window_k': 117, 'window_d': 12, 'window_ma': 132}","open_time
2022-01-01 00:00:00    100.000000
2022-01-01 01:00:00    100.000000
2022-01-01 02:00:00    100.000000
2022-01-01 03:00:00    100.000000
2022-01-01 04:00:00    100.000000
                          ...    
2023-05-01 19:00:00     50.509482
2023-05-01 20:00:00     50.393485
2023-05-01 21:00:00     50.647229
2023-05-01 22:00:00     50.871973
2023-05-01 23:00:00     50.871973
Freq: H, Length: 11664, dtype: float64",2022-01-01,2023-05-01 23:00:00,486 days,100.0,38.47806701924683,103.20065206835953,50.87197291848469,-49.12802708151531,-70.17976286600607,40.526406035665296,100.0,62.71528692109505,426 days 10:00:00,459,0.0,230,34.93449781659388,35.12278697886923,-12.692913385826769,4.33568677147991,-2.5910848229066277,1 days 06:03:45,0 days 15:31:48.724832214,0.8096375322919136,-0.213836380285923,-0.33903954673295744,-0.634701386515763,0.9816633162669364,-0.5161846348347933,long
1725,"{'window_k': 102, 'window_d': 177, 'window_ma': 207}","open_time
2022-01-01 00:00:00    100.000000
2022-01-01 01:00:00    100.000000
2022-01-01 02:00:00    100.000000
2022-01-01 03:00:00    100.000000
2022-01-01 04:00:00    100.000000
                          ...    
2023-05-01 19:00:00     41.146754
2023-05-01 20:00:00     41.052258
2023-05-01 21:00:00     41.258967
2023-05-01 22:00:00     41.442051
2023-05-01 23:00:00     41.442051
Freq: H, Length: 11664, dtype: float64",2022-01-01,2023-05-01 23:00:00,486 days,100.0,30.52819419170582,128.52141641278007,41.44205101133114,-58.55794898866886,-70.17976286600607,34.396433470507546,100.0,76.24660928599125,409 days 07:00:00,51,0.0,26,32.0,48.33638583638583,-44.82603056448429,17.72157324027136,-11.105376908310886,9 days 15:52:30,5 days 04:07:03.529411764,0.5545790186718226,-2.3515312415159264,-0.861687406396067,-0.6347236542055577,0.9546678757255703,-1.1665339810454116,long
4037,"{'window_k': 237, 'window_d': 192, 'window_ma': 87}","open_time
2022-01-01 00:00:00    100.00000
2022-01-01 01:00:00    100.00000
2022-01-01 02:00:00    100.00000
2022-01-01 03:00:00    100.00000
2022-01-01 04:00:00    100.00000
                         ...    
2023-05-01 19:00:00     48.36987
2023-05-01 20:00:00     48.36987
2023-05-01 21:00:00     48.36987
2023-05-01 22:00:00     48.36987
2023-05-01 23:00:00     48.36987
Freq: H, Length: 11664, dtype: float64",2022-01-01,2023-05-01 23:00:00,486 days,100.0,40.413256288470926,119.56197624800781,48.369869661137635,-51.630130338862365,-70.17976286600607,31.258573388203022,100.0,66.198905741871,451 days 16:00:00,38,0.0,19,26.31578947368421,28.707686553207402,-24.463283056258938,15.870898514110888,-9.618503803210622,12 days 04:12:00,6 days 12:04:17.142857142,0.4616397356573909,-2.717375280992755,-0.8152966663505552,-0.6350995615245885,0.9558327034638383,-1.119700088249497,long
3063,"{'window_k': 177, 'window_d': 237, 'window_ma': 117}","open_time
2022-01-01 00:00:00    100.000000
2022-01-01 01:00:00    100.000000
2022-01-01 02:00:00    100.000000
2022-01-01 03:00:00    100.000000
2022-01-01 04:00:00    100.000000
                          ...    
2023-05-01 19:00:00     49.965459
2023-05-01 20:00:00     49.965459
2023-05-01 21:00:00     49.965459
2023-05-01 22:00:00     49.965459
2023-05-01 23:00:00     49.965459
Freq: H, Length: 11664, dtype: float64",2022-01-01,2023-05-01 23:00:00,486 days,100.0,42.704091831633136,118.38126749809112,49.965458773261716,-50.034541226738284,-70.17976286600607,26.877572016460903,100.0,63.9266475734248,451 days 16:00:00,36,0.0,18,27.77777777777778,26.347971095052785,-19.44696282864914,7.9804811187489015,-7.632277834290689,9 days 19:48:00,6 days 06:27:41.538461538,0.30725384018288104,-2.7796967348187938,-0.8546854558548928,-0.6353041045628474,0.9499924632689439,-1.177010073850418,long
343,"{'window_k': 27, 'window_d': 87, 'window_ma': 117}","open_time
2022-01-01 00:00:00    100.00000
2022-01-01 01:00:00    100.00000
2022-01-01 02:00:00    100.00000
2022-01-01 03:00:00    100.00000
2022-01-01 04:00:00    100.00000
                         ...    
2023-05-01 19:00:00     44.73808
2023-05-01 20:00:00     44.73808
2023-05-01 21:00:00     44.73808
2023-05-01 22:00:00     44.73808
2023-05-01 23:00:00     44.73808
Freq: H, Length: 11664, dtype: float64",2022-01-01,2023-05-01 23:00:00,486 days,100.0,39.43767986583807,137.73129184193243,44.73808048153149,-55.2619195184685,-70.17976286600607,39.291838134430726,100.0,71.36621653770676,194 days 16:00:00,124,0.0,62,33.87096774193548,21.116663045839662,-20.44989775051124,8.683346326813403,-5.850535145751166,4 days 05:57:08.571428571,2 days 11:33:39.512195121,0.7326528815975858,-0.8913212825559444,-0.495166226100701,-0.6353516489180684,0.972709640603202,-0.7530572799645905,long
3065,"{'window_k': 177, 'window_d': 237, 'window_ma': 147}","open_time
2022-01-01 00:00:00    100.000000
2022-01-01 01:00:00    100.000000
2022-01-01 02:00:00    100.000000
2022-01-01 03:00:00    100.000000
2022-01-01 04:00:00    100.000000
                          ...    
2023-05-01 19:00:00     53.826236
2023-05-01 20:00:00     53.826236
2023-05-01 21:00:00     53.826236
2023-05-01 22:00:00     53.826236
2023-05-01 23:00:00     53.826236
Freq: H, Length: 11664, dtype: float64",2022-01-01,2023-05-01 23:00:00,486 days,100.0,49.095197363212336,118.38126749809112,53.82623621177233,-46.17376378822767,-70.17976286600607,29.98113854595336,100.0,58.52790023218497,451 days 16:00:00,36,0.0,18,33.33333333333333,21.215490087085414,-19.446962828649152,8.522122546102437,-8.60605292383797,9 days 14:10:00,7 days 08:20:00,0.4266157639295034,-2.56520909934598,-0.6725960076168597,-0.6355717938214432,0.9628335436575713,-0.9302543960748824,long
175,"{'window_k': 12, 'window_d': 162, 'window_ma': 237}","open_time
2022-01-01 00:00:00    100.000000
2022-01-01 01:00:00    100.000000
2022-01-01 02:00:00    100.000000
2022-01-01 03:00:00    100.000000
2022-01-01 04:00:00    100.000000
                          ...    
2023-05-01 19:00:00     48.583968
2023-05-01 20:00:00     48.472393
2023-05-01 21:00:00     48.716463
2023-05-01 22:00:00     48.932640
2023-05-01 23:00:00     48.932640
Freq: H, Length: 11664, dtype: float64",2022-01-01,2023-05-01 23:00:00,486 days,100.0,42.498543846177284,122.60527235309306,48.932639679220706,-51.0673603207793,-70.17976286600607,30.95850480109739,100.0,65.3370992694466,439 days 04:00:00,107,0.0,54,26.41509433962264,43.80326952633786,-11.867149572320258,8.6861885487615,-4.449491209040393,4 days 08:04:17.142857142,2 days 04:35:23.076923076,0.5909759436372198,-0.9639298235012714,-0.7653626469536787,-0.6357367647587474,0.958613454379999,-1.063053496261197,long
582,"{'window_k': 42, 'window_d': 72, 'window_ma': 102}","open_time
2022-01-01 00:00:00    100.000000
2022-01-01 01:00:00    100.000000
2022-01-01 02:00:00    100.000000
2022-01-01 03:00:00    100.000000
2022-01-01 04:00:00    100.000000
                          ...    
2023-05-01 19:00:00     52.334813
2023-05-01 20:00:00     52.334813
2023-05-01 21:00:00     52.334813
2023-05-01 22:00:00     52.334813
2023-05-01 23:00:00     52.334813
Freq: H, Length: 11664, dtype: float64",2022-01-01,2023-05-01 23:00:00,486 days,100.0,46.285637053505425,117.3756407015992,52.33481256633442,-47.66518743366558,-70.17976286600607,40.32921810699588,100.0,60.566232672436605,391 days 18:00:00,130,0.0,65,40.0,19.010967866076562,-20.993179880647915,6.180732112763603,-5.294656950232362,4 days 01:16:09.230769230,2 days 07:46:09.230769230,0.7111736264734582,-0.7333105759025469,-0.35207608780283983,-0.6358347104870177,0.9807826714137586,-0.5355525334225252,long
3768,"{'window_k': 222, 'window_d': 177, 'window_ma': 132}","open_time
2022-01-01 00:00:00    100.000000
2022-01-01 01:00:00    100.000000
2022-01-01 02:00:00    100.000000
2022-01-01 03:00:00    100.000000
2022-01-01 04:00:00    100.000000
                          ...    
2023-05-01 19:00:00     47.397677
2023-05-01 20:00:00     47.397677
2023-05-01 21:00:00     47.397677
2023-05-01 22:00:00     47.397677
2023-05-01 23:00:00     47.397677
Freq: H, Length: 11664, dtype: float64",2022-01-01,2023-05-01 23:00:00,486 days,100.0,39.17820431616102,120.49740932642486,47.39767654967485,-52.60232345032515,-70.17976286600607,34.00205761316872,100.0,67.48626834787117,451 days 16:00:00,44,0.0,22,22.727272727272727,47.46286218561554,-24.54179704962002,20.450259962631517,-8.978754921073941,10 days 20:00:00,6 days 12:49:24.705882352,0.5095386729021691,-2.391014702287508,-0.7651101860057055,-0.6359807594531017,0.9598326540158866,-1.0573039091475718,long
3400,"{'window_k': 207, 'window_d': 72, 'window_ma': 132}","open_time
2022-01-01 00:00:00    100.000000
2022-01-01 01:00:00    100.000000
2022-01-01 02:00:00    100.000000
2022-01-01 03:00:00    100.000000
2022-01-01 04:00:00    100.000000
                          ...    
2023-05-01 19:00:00     48.161426
2023-05-01 20:00:00     48.050822
2023-05-01 21:00:00     48.292769
2023-05-01 22:00:00     48.507066
2023-05-01 23:00:00     48.507066
Freq: H, Length: 11664, dtype: float64",2022-01-01,2023-05-01 23:00:00,486 days,100.0,42.23781939151448,123.72190110463606,48.50706590657545,-51.492934093424545,-70.17976286600607,34.37071330589849,100.0,65.86067703906971,355 days 14:00:00,71,0.0,36,28.57142857142857,27.331002331002342,-22.063666300768386,11.745654658327291,-6.82148643892386,6 days 04:06:00,4 days 01:02:24,0.6209167036887145,-1.4664864877208497,-0.47891288206243904,-0.6364872061983038,0.9719640287504108,-0.7267008373552493,long
2884,"{'window_k': 177, 'window_d': 72, 'window_ma': 72}","open_time
2022-01-01 00:00:00    100.00000
2022-01-01 01:00:00    100.00000
2022-01-01 02:00:00    100.00000
2022-01-01 03:00:00    100.00000
2022-01-01 04:00:00    100.00000
                         ...    
2023-05-01 19:00:00     48.19013
2023-05-01 20:00:00     48.19013
2023-05-01 21:00:00     48.19013
2023-05-01 22:00:00     48.19013
2023-05-01 23:00:00     48.19013
Freq: H, Length: 11664, dtype: float64",2022-01-01,2023-05-01 23:00:00,486 days,100.0,43.13781768007284,127.95902532858908,48.19013047313562,-51.80986952686438,-70.17976286600607,34.60219478737997,100.0,66.28778816554893,355 days 14:00:00,80,0.0,40,35.0,20.07751937984496,-22.968427904958233,8.105124073104818,-6.555211649910772,5 days 10:00:00,3 days 13:13:50.769230769,0.6032649716088352,-1.2952467381716086,-0.4816491687450678,-0.6366891581847484,0.9719059259836855,-0.7340540444765584,long
1517,"{'window_k': 87, 'window_d': 222, 'window_ma': 207}","open_time
2022-01-01 00:00:00    100.000000
2022-01-01 01:00:00    100.000000
2022-01-01 02:00:00    100.000000
2022-01-01 03:00:00    100.000000
2022-01-01 04:00:00    100.000000
                          ...    
2023-05-01 19:00:00     45.722850
2023-05-01 20:00:00     45.617846
2023-05-01 21:00:00     45.847543
2023-05-01 22:00:00     46.050989
2023-05-01 23:00:00     46.050989
Freq: H, Length: 11664, dtype: float64",2022-01-01,2023-05-01 23:00:00,486 days,100.0,32.87261744545572,107.15974652416534,46.05098885861392,-53.94901114138608,-70.17976286600607,35.939643347050755,100.0,69.32372601493351,469 days 22:00:00,49,0.0,25,29.166666666666668,41.32158590308371,-26.827921360724545,15.927050758428365,-9.697380481643112,10 days 15:08:34.285714285,5 days 21:10:35.294117647,0.5014054167985521,-2.2590868707086913,-0.8237069286366906,-0.6367565617006841,0.9589077203448281,-1.1412125392857118,long
1519,"{'window_k': 87, 'window_d': 222, 'window_ma': 237}","open_time
2022-01-01 00:00:00    100.000000
2022-01-01 01:00:00    100.000000
2022-01-01 02:00:00    100.000000
2022-01-01 03:00:00    100.000000
2022-01-01 04:00:00    100.000000
                          ...    
2023-05-01 19:00:00     45.177337
2023-05-01 20:00:00     45.073585
2023-05-01 21:00:00     45.300542
2023-05-01 22:00:00     45.501561
2023-05-01 23:00:00     45.501561
Freq: H, Length: 11664, dtype: float64",2022-01-01,2023-05-01 23:00:00,486 days,100.0,32.72700131712889,109.37804898695002,45.50156066034236,-54.49843933965764,-70.17976286600607,36.55692729766804,100.0,70.07900431554273,391 days 18:00:00,49,0.0,25,29.166666666666668,41.321585903083694,-26.827921360724545,15.767165728542235,-9.719377214615434,10 days 20:08:34.285714285,5 days 23:21:10.588235294,0.49513832795624135,-2.2818459505097852,-0.8231299837995063,-0.6370466204958443,0.9594332610675534,-1.1439830121232981,long
2061,"{'window_k': 132, 'window_d': 12, 'window_ma': 207}","open_time
2022-01-01 00:00:00    100.000000
2022-01-01 01:00:00    100.000000
2022-01-01 02:00:00    100.000000
2022-01-01 03:00:00    100.000000
2022-01-01 04:00:00    100.000000
                          ...    
2023-05-01 19:00:00     52.136028
2023-05-01 20:00:00     52.016296
2023-05-01 21:00:00     52.278211
2023-05-01 22:00:00     52.510193
2023-05-01 23:00:00     52.510193
Freq: H, Length: 11664, dtype: float64",2022-01-01,2023-05-01 23:00:00,486 days,100.0,40.05772752902944,100.66296838462756,52.51019252015947,-47.48980747984053,-70.17976286600607,41.598079561042525,100.0,60.20609349013918,469 days 22:00:00,465,0.0,233,31.46551724137931,34.16143156291643,-14.131233595800527,4.814455788381529,-2.4298845030565555,1 days 06:20:32.876712328,0 days 16:32:27.169811320,0.8053868163765037,-0.2051812789468458,-0.30415937211667626,-0.6370687504189112,0.9837036039100117,-0.4631615448953148,long
16,"{'window_k': 12, 'window_d': 27, 'window_ma': 12}","open_time
2022-01-01 00:00:00    100.000000
2022-01-01 01:00:00    100.000000
2022-01-01 02:00:00    100.000000
2022-01-01 03:00:00    100.000000
2022-01-01 04:00:00    100.000000
                          ...    
2023-05-01 19:00:00     51.607451
2023-05-01 20:00:00     51.488932
2023-05-01 21:00:00     51.748192
2023-05-01 22:00:00     51.748192
2023-05-01 23:00:00     51.748192
Freq: H, Length: 11664, dtype: float64",2022-01-01,2023-05-01 23:00:00,486 days,100.0,45.232710965743955,116.70381831579314,51.74819189877027,-48.25180810122973,-70.17976286600607,30.29835390946502,100.0,61.24144726494971,353 days 18:00:00,386,0.0,193,35.751295336787564,27.72641594111841,-13.85061638868744,4.1342794989446,-2.624809662078389,0 days 23:49:33.913043478,0 days 15:14:30.967741935,0.7836584387643566,-0.25000936840015353,-0.45800477160371783,-0.6372886244241238,0.9700985539389991,-0.6938159912450325,long
2517,"{'window_k': 147, 'window_d': 207, 'window_ma': 87}","open_time
2022-01-01 00:00:00    100.000000
2022-01-01 01:00:00    100.000000
2022-01-01 02:00:00    100.000000
2022-01-01 03:00:00    100.000000
2022-01-01 04:00:00    100.000000
                          ...    
2023-05-01 19:00:00     48.629254
2023-05-01 20:00:00     48.629254
2023-05-01 21:00:00     48.629254
2023-05-01 22:00:00     48.629254
2023-05-01 23:00:00     48.629254
Freq: H, Length: 11664, dtype: float64",2022-01-01,2023-05-01 23:00:00,486 days,100.0,41.43880316660544,120.44124501527784,48.629254002226034,-51.37074599777397,-70.17976286600607,30.169753086419753,100.0,65.59417568180321,451 days 16:00:00,42,0.0,21,33.33333333333333,28.132563768385783,-25.916897506925203,11.039372866961775,-9.472083973545931,10 days 03:34:17.142857142,5 days 09:34:17.142857142,0.4599819463385319,-2.446225999893998,-0.8647750535535303,-0.6373985837703843,0.9531119921922766,-1.1841927732581639,long
3261,"{'window_k': 192, 'window_d': 177, 'window_ma': 207}","open_time
2022-01-01 00:00:00    100.000000
2022-01-01 01:00:00    100.000000
2022-01-01 02:00:00    100.000000
2022-01-01 03:00:00    100.000000
2022-01-01 04:00:00    100.000000
                          ...    
2023-05-01 19:00:00     46.024786
2023-05-01 20:00:00     45.919088
2023-05-01 21:00:00     46.150302
2023-05-01 22:00:00     46.355091
2023-05-01 23:00:00     46.355091
Freq: H, Length: 11664, dtype: float64",2022-01-01,2023-05-01 23:00:00,486 days,100.0,38.037219823595315,121.93791946308724,46.35509142865125,-53.64490857134875,-70.17976286600607,35.92249657064472,100.0,68.806077722927,451 days 16:00:00,47,0.0,24,26.08695652173913,43.688464364437905,-23.751657092355284,14.678463513191428,-8.967611125872988,8 days 19:30:00,6 days 21:03:45,0.4496311395557268,-2.3418656645184655,-0.7102999090186596,-0.6375241840561098,0.9632868024250235,-0.9864772518443785,long
2801,"{'window_k': 162, 'window_d': 237, 'window_ma': 27}","open_time
2022-01-01 00:00:00    100.000000
2022-01-01 01:00:00    100.000000
2022-01-01 02:00:00    100.000000
2022-01-01 03:00:00    100.000000
2022-01-01 04:00:00    100.000000
                          ...    
2023-05-01 19:00:00     54.021434
2023-05-01 20:00:00     54.021434
2023-05-01 21:00:00     54.021434
2023-05-01 22:00:00     54.021434
2023-05-01 23:00:00     54.021434
Freq: H, Length: 11664, dtype: float64",2022-01-01,2023-05-01 23:00:00,486 days,100.0,52.57485480988168,125.40546261374571,54.02143403559335,-45.97856596440665,-70.17976286600607,21.03909465020576,100.0,58.07610472933343,351 days 13:00:00,36,0.0,18,38.88888888888889,16.859485566662944,-22.04117582296598,8.193263628474854,-9.7862844538546,3 days 12:17:08.571428571,7 days 01:27:16.363636363,0.5282984126157902,-2.5543647758003702,-0.855130724683146,-0.6375723099221631,0.9436506672764359,-1.1875487659181378,long
2727,"{'window_k': 162, 'window_d': 162, 'window_ma': 117}","open_time
2022-01-01 00:00:00    100.000000
2022-01-01 01:00:00    100.000000
2022-01-01 02:00:00    100.000000
2022-01-01 03:00:00    100.000000
2022-01-01 04:00:00    100.000000
                          ...    
2023-05-01 19:00:00     45.042122
2023-05-01 20:00:00     44.938681
2023-05-01 21:00:00     45.164958
2023-05-01 22:00:00     45.365376
2023-05-01 23:00:00     45.365376
Freq: H, Length: 11664, dtype: float64",2022-01-01,2023-05-01 23:00:00,486 days,100.0,38.107451898316675,127.74500092638132,45.365375526601746,-54.634624473398254,-70.17976286600607,31.601508916323727,100.0,70.16912472349681,424 days 03:00:00,51,0.0,26,36.0,29.221148379761214,-21.593830334190233,7.670040629706529,-8.309081551633765,6 days 16:00:00,5 days 17:52:30,0.46064174203946234,-2.174265063600921,-0.898743257498944,-0.638002401533868,0.9524090678491842,-1.2490535591017216,long
3249,"{'window_k': 192, 'window_d': 177, 'window_ma': 27}","open_time
2022-01-01 00:00:00    100.000000
2022-01-01 01:00:00    100.000000
2022-01-01 02:00:00    100.000000
2022-01-01 03:00:00    100.000000
2022-01-01 04:00:00    100.000000
                          ...    
2023-05-01 19:00:00     48.840902
2023-05-01 20:00:00     48.728736
2023-05-01 21:00:00     48.974098
2023-05-01 22:00:00     49.191418
2023-05-01 23:00:00     49.191418
Freq: H, Length: 11664, dtype: float64",2022-01-01,2023-05-01 23:00:00,486 days,100.0,42.99814280023383,121.93791946308724,49.191417577104374,-50.80858242289562,-70.17976286600607,22.367969821673526,100.0,64.73767718068198,451 days 16:00:00,47,0.0,24,21.73913043478261,19.24040871409291,-16.45307059782207,8.760392857655361,-5.911405392997116,5 days 04:48:00,4 days 13:36:40,0.38032976054445267,-2.2191270866498334,-1.0150929583855102,-0.6380387599814804,0.9342271631433411,-1.4031735253923299,long
1785,"{'window_k': 102, 'window_d': 237, 'window_ma': 147}","open_time
2022-01-01 00:00:00    100.000000
2022-01-01 01:00:00    100.000000
2022-01-01 02:00:00    100.000000
2022-01-01 03:00:00    100.000000
2022-01-01 04:00:00    100.000000
                          ...    
2023-05-01 19:00:00     47.195476
2023-05-01 20:00:00     47.195476
2023-05-01 21:00:00     47.195476
2023-05-01 22:00:00     47.195476
2023-05-01 23:00:00     47.195476
Freq: H, Length: 11664, dtype: float64",2022-01-01,2023-05-01 23:00:00,486 days,100.0,38.899046482989924,119.8639315534481,47.19547606104792,-52.80452393895207,-70.17976286600607,34.07064471879287,100.0,67.54732972725445,451 days 16:00:00,44,0.0,22,31.818181818181817,18.756916267060102,-22.362539114885998,8.505803518961095,-8.177748617464156,9 days 12:25:42.857142857,6 days 14:20:00,0.4119971230263504,-2.4002056335887314,-0.8167363432338874,-0.6381147197500858,0.9582764103470957,-1.1342727913292534,long
2063,"{'window_k': 132, 'window_d': 12, 'window_ma': 237}","open_time
2022-01-01 00:00:00    100.000000
2022-01-01 01:00:00    100.000000
2022-01-01 02:00:00    100.000000
2022-01-01 03:00:00    100.000000
2022-01-01 04:00:00    100.000000
                          ...    
2023-05-01 19:00:00     51.703956
2023-05-01 20:00:00     51.585216
2023-05-01 21:00:00     51.844961
2023-05-01 22:00:00     52.075020
2023-05-01 23:00:00     52.075020
Freq: H, Length: 11664, dtype: float64",2022-01-01,2023-05-01 23:00:00,486 days,100.0,39.57344312025982,100.66296838462756,52.07501976229732,-47.92498023770268,-70.17976286600607,41.48662551440329,100.0,60.68718839181068,469 days 22:00:00,463,0.0,232,31.16883116883117,34.161431562916434,-14.131233595800536,4.86422477199257,-2.4274751361263207,1 days 06:32:30,0 days 16:33:35.094339622,0.8024594889136943,-0.20794934727128012,-0.31326740844817996,-0.6383472252064198,0.9831907941503543,-0.47710331812587503,long
173,"{'window_k': 12, 'window_d': 162, 'window_ma': 207}","open_time
2022-01-01 00:00:00    100.000000
2022-01-01 01:00:00    100.000000
2022-01-01 02:00:00    100.000000
2022-01-01 03:00:00    100.000000
2022-01-01 04:00:00    100.000000
                          ...    
2023-05-01 19:00:00     48.183304
2023-05-01 20:00:00     48.072649
2023-05-01 21:00:00     48.314706
2023-05-01 22:00:00     48.529100
2023-05-01 23:00:00     48.529100
Freq: H, Length: 11664, dtype: float64",2022-01-01,2023-05-01 23:00:00,486 days,100.0,42.14806531026397,122.60527235309306,48.5291002079574,-51.4708997920426,-70.17976286600607,31.009945130315504,100.0,65.62295853894355,439 days 04:00:00,107,0.0,54,26.41509433962264,43.80326952633784,-11.931818181818187,8.6861885487615,-4.468268727817914,4 days 08:04:17.142857142,2 days 04:44:36.923076923,0.5878182831588266,-0.9715405205723746,-0.7761756736762816,-0.6384909482775797,0.9580837645081943,-1.0779744700974412,long
172,"{'window_k': 12, 'window_d': 162, 'window_ma': 192}","open_time
2022-01-01 00:00:00    100.000000
2022-01-01 01:00:00    100.000000
2022-01-01 02:00:00    100.000000
2022-01-01 03:00:00    100.000000
2022-01-01 04:00:00    100.000000
                          ...    
2023-05-01 19:00:00     48.183304
2023-05-01 20:00:00     48.072649
2023-05-01 21:00:00     48.314706
2023-05-01 22:00:00     48.529100
2023-05-01 23:00:00     48.529100
Freq: H, Length: 11664, dtype: float64",2022-01-01,2023-05-01 23:00:00,486 days,100.0,42.14806531026397,122.60527235309306,48.5291002079574,-51.4708997920426,-70.17976286600607,31.009945130315504,100.0,65.62295853894355,439 days 04:00:00,107,0.0,54,26.41509433962264,43.80326952633784,-11.931818181818187,8.6861885487615,-4.468268727817914,4 days 08:04:17.142857142,2 days 04:44:36.923076923,0.5878182831588266,-0.9715405205723746,-0.7761756736762816,-0.6384909482775797,0.9580837645081943,-1.0779744700974412,long
169,"{'window_k': 12, 'window_d': 162, 'window_ma': 147}","open_time
2022-01-01 00:00:00    100.000000
2022-01-01 01:00:00    100.000000
2022-01-01 02:00:00    100.000000
2022-01-01 03:00:00    100.000000
2022-01-01 04:00:00    100.000000
                          ...    
2023-05-01 19:00:00     48.183304
2023-05-01 20:00:00     48.072649
2023-05-01 21:00:00     48.314706
2023-05-01 22:00:00     48.529100
2023-05-01 23:00:00     48.529100
Freq: H, Length: 11664, dtype: float64",2022-01-01,2023-05-01 23:00:00,486 days,100.0,42.14806531026397,122.60527235309306,48.5291002079574,-51.4708997920426,-70.17976286600607,31.009945130315504,100.0,65.62295853894355,439 days 04:00:00,107,0.0,54,26.41509433962264,43.80326952633784,-11.931818181818187,8.6861885487615,-4.468268727817914,4 days 08:04:17.142857142,2 days 04:44:36.923076923,0.5878182831588266,-0.9715405205723746,-0.7761756736762816,-0.6384909482775797,0.9580837645081943,-1.0779744700974412,long
174,"{'window_k': 12, 'window_d': 162, 'window_ma': 222}","open_time
2022-01-01 00:00:00    100.000000
2022-01-01 01:00:00    100.000000
2022-01-01 02:00:00    100.000000
2022-01-01 03:00:00    100.000000
2022-01-01 04:00:00    100.000000
                          ...    
2023-05-01 19:00:00     48.183304
2023-05-01 20:00:00     48.072649
2023-05-01 21:00:00     48.314706
2023-05-01 22:00:00     48.529100
2023-05-01 23:00:00     48.529100
Freq: H, Length: 11664, dtype: float64",2022-01-01,2023-05-01 23:00:00,486 days,100.0,42.14806531026397,122.60527235309306,48.5291002079574,-51.4708997920426,-70.17976286600607,31.009945130315504,100.0,65.62295853894355,439 days 04:00:00,107,0.0,54,26.41509433962264,43.80326952633784,-11.931818181818187,8.6861885487615,-4.468268727817914,4 days 08:04:17.142857142,2 days 04:44:36.923076923,0.5878182831588266,-0.9715405205723746,-0.7761756736762816,-0.6384909482775797,0.9580837645081943,-1.0779744700974412,long
1783,"{'window_k': 102, 'window_d': 237, 'window_ma': 117}","open_time
2022-01-01 00:00:00    100.000000
2022-01-01 01:00:00    100.000000
2022-01-01 02:00:00    100.000000
2022-01-01 03:00:00    100.000000
2022-01-01 04:00:00    100.000000
                          ...    
2023-05-01 19:00:00     46.237901
2023-05-01 20:00:00     46.237901
2023-05-01 21:00:00     46.237901
2023-05-01 22:00:00     46.237901
2023-05-01 23:00:00     46.237901
Freq: H, Length: 11664, dtype: float64",2022-01-01,2023-05-01 23:00:00,486 days,100.0,37.3615374495332,119.8639315534481,46.23790063338396,-53.76209936661604,-70.17976286600607,28.875171467764062,100.0,68.83004172704491,451 days 16:00:00,44,0.0,22,31.818181818181817,25.765400221320522,-22.362539114886005,7.404423230129685,-7.809019736354017,7 days 04:08:34.285714285,6 days 00:11:59.999999999,0.35691255622966195,-2.4437317893916384,-0.9529927226363055,-0.6388511851516603,0.947242560181284,-1.3229397444860407,long
896,"{'window_k': 57, 'window_d': 132, 'window_ma': 12}","open_time
2022-01-01 00:00:00    100.000000
2022-01-01 01:00:00    100.000000
2022-01-01 02:00:00    100.000000
2022-01-01 03:00:00    100.000000
2022-01-01 04:00:00    100.000000
                          ...    
2023-05-01 19:00:00     70.005881
2023-05-01 20:00:00     70.005881
2023-05-01 21:00:00     70.005881
2023-05-01 22:00:00     70.005881
2023-05-01 23:00:00     70.005881
Freq: H, Length: 11664, dtype: float64",2022-01-01,2023-05-01 23:00:00,486 days,100.0,63.43850046604914,100.29553877187223,70.00588050668406,-29.994119493315935,-70.17976286600607,16.040809327846365,100.0,36.748432439907894,476 days 16:00:00,72,0.0,36,44.44444444444444,11.24444071494504,-19.067215363511654,3.9861467502740813,-4.631909727638485,2 days 09:37:30,1 days 23:27:00,0.6127768788611231,-0.8331699859254429,-0.5246620282679589,-0.6393386309263385,0.9604148208444848,-0.7163111892661238,long
3047,"{'window_k': 177, 'window_d': 222, 'window_ma': 117}","open_time
2022-01-01 00:00:00    100.000000
2022-01-01 01:00:00    100.000000
2022-01-01 02:00:00    100.000000
2022-01-01 03:00:00    100.000000
2022-01-01 04:00:00    100.000000
                          ...    
2023-05-01 19:00:00     45.762258
2023-05-01 20:00:00     45.762258
2023-05-01 21:00:00     45.762258
2023-05-01 22:00:00     45.762258
2023-05-01 23:00:00     45.762258
Freq: H, Length: 11664, dtype: float64",2022-01-01,2023-05-01 23:00:00,486 days,100.0,38.94558429581656,127.49549945658624,45.76225810105949,-54.23774189894052,-70.17976286600607,26.69753086419753,100.0,69.45336544285,424 days 03:00:00,38,0.0,19,31.57894736842105,25.1422279317306,-22.657903531246532,9.0190182983446,-9.16619565722918,10 days 03:40:00,5 days 07:04:36.923076923,0.39154647754404737,-2.85461799468108,-0.9948611344169822,-0.6393580180591482,0.9418805366800714,-1.3620558667292602,long
1514,"{'window_k': 87, 'window_d': 222, 'window_ma': 162}","open_time
2022-01-01 00:00:00    100.000000
2022-01-01 01:00:00    100.000000
2022-01-01 02:00:00    100.000000
2022-01-01 03:00:00    100.000000
2022-01-01 04:00:00    100.000000
                          ...    
2023-05-01 19:00:00     43.138778
2023-05-01 20:00:00     43.039708
2023-05-01 21:00:00     43.256424
2023-05-01 22:00:00     43.448372
2023-05-01 23:00:00     43.448372
Freq: H, Length: 11664, dtype: float64",2022-01-01,2023-05-01 23:00:00,486 days,100.0,30.66818342315011,112.6523272984136,43.448371870045335,-56.551628129954665,-70.17976286600607,36.35116598079561,100.0,72.77625402100149,391 days 18:00:00,49,0.0,25,29.166666666666668,41.321585903083694,-26.827921360724538,16.530466728556842,-10.199771804690723,10 days 18:17:08.571428571,5 days 22:42:21.176470588,0.4941695616335841,-2.3668956215533914,-0.8750777743774455,-0.6393611426315051,0.9569071333671401,-1.2110324504196726,long
2549,"{'window_k': 147, 'window_d': 237, 'window_ma': 87}","open_time
2022-01-01 00:00:00    100.000000
2022-01-01 01:00:00    100.000000
2022-01-01 02:00:00    100.000000
2022-01-01 03:00:00    100.000000
2022-01-01 04:00:00    100.000000
                          ...    
2023-05-01 19:00:00     50.191545
2023-05-01 20:00:00     50.191545
2023-05-01 21:00:00     50.191545
2023-05-01 22:00:00     50.191545
2023-05-01 23:00:00     50.191545
Freq: H, Length: 11664, dtype: float64",2022-01-01,2023-05-01 23:00:00,486 days,100.0,43.7098826027851,118.78639288997854,50.19154512079105,-49.80845487920895,-70.17976286600607,30.521262002743484,100.0,63.202954867676006,451 days 16:00:00,34,0.0,17,29.411764705882355,26.92733308742162,-22.360524561013555,15.125560902037433,-10.651217661434217,12 days 02:12:00,7 days 07:45:00,0.47441671818823017,-2.9299091105417046,-0.8265599061847424,-0.6393871954029439,0.9548523627156482,-1.1307009503523375,long
237,"{'window_k': 12, 'window_d': 222, 'window_ma': 207}","open_time
2022-01-01 00:00:00    100.000000
2022-01-01 01:00:00    100.000000
2022-01-01 02:00:00    100.000000
2022-01-01 03:00:00    100.000000
2022-01-01 04:00:00    100.000000
                          ...    
2023-05-01 19:00:00     43.318531
2023-05-01 20:00:00     43.219048
2023-05-01 21:00:00     43.436667
2023-05-01 22:00:00     43.629414
2023-05-01 23:00:00     43.629414
Freq: H, Length: 11664, dtype: float64",2022-01-01,2023-05-01 23:00:00,486 days,100.0,33.59482341862868,122.15416353515705,43.62941445717615,-56.37058554282385,-70.17976286600607,34.85939643347051,100.0,72.49801198224424,451 days 16:00:00,105,0.0,53,25.0,33.32683687390373,-17.670157068062835,10.666377708116247,-5.063925401237697,7 days 14:23:04.615384615,1 days 17:38:27.692307692,0.5719910727159553,-1.084886716477552,-0.907657261593279,-0.639508107760344,0.9547851075905989,-1.2286594727420015,long
3914,"{'window_k': 237, 'window_d': 72, 'window_ma': 162}","open_time
2022-01-01 00:00:00    100.000000
2022-01-01 01:00:00    100.000000
2022-01-01 02:00:00    100.000000
2022-01-01 03:00:00    100.000000
2022-01-01 04:00:00    100.000000
                          ...    
2023-05-01 19:00:00     48.359583
2023-05-01 20:00:00     48.248523
2023-05-01 21:00:00     48.491466
2023-05-01 22:00:00     48.706645
2023-05-01 23:00:00     48.706645
Freq: H, Length: 11664, dtype: float64",2022-01-01,2023-05-01 23:00:00,486 days,100.0,42.22862748598674,121.56986323361299,48.706644723869765,-51.293355276130235,-70.17976286600607,33.67626886145405,100.0,65.26390146146773,355 days 14:00:00,71,0.0,36,34.285714285714285,23.66323157690064,-19.869310001107547,10.007163455962809,-7.544772466555805,6 days 07:09:59.999999999,3 days 15:39:07.826086956,0.6218393412615,-1.4651277944712153,-0.45543601642886455,-0.6395587334567815,0.9730700363561848,-0.6868756665297318,long
3023,"{'window_k': 177, 'window_d': 192, 'window_ma': 237}","open_time
2022-01-01 00:00:00    100.000000
2022-01-01 01:00:00    100.000000
2022-01-01 02:00:00    100.000000
2022-01-01 03:00:00    100.000000
2022-01-01 04:00:00    100.000000
                          ...    
2023-05-01 19:00:00     49.542589
2023-05-01 20:00:00     49.542589
2023-05-01 21:00:00     49.542589
2023-05-01 22:00:00     49.762432
2023-05-01 23:00:00     49.762432
Freq: H, Length: 11664, dtype: float64",2022-01-01,2023-05-01 23:00:00,486 days,100.0,43.71305010770929,120.60989523908307,49.76243152665144,-50.23756847334856,-70.17976286600607,34.29355281207133,100.0,63.75666356308691,451 days 16:00:00,43,0.0,22,28.57142857142857,37.46520146520147,-24.325817860300614,12.51361283928992,-8.555631026827205,10 days 21:00:00,6 days 18:04:00,0.4584923375018882,-2.402733859638926,-0.6897282620296703,-0.639841901061295,0.964192412633493,-0.9615397176596263,long
1025,"{'window_k': 72, 'window_d': 12, 'window_ma': 27}","open_time
2022-01-01 00:00:00    100.000000
2022-01-01 01:00:00    100.000000
2022-01-01 02:00:00    100.000000
2022-01-01 03:00:00    100.000000
2022-01-01 04:00:00    100.000000
                          ...    
2023-05-01 19:00:00     42.035867
2023-05-01 20:00:00     41.939330
2023-05-01 21:00:00     42.150505
2023-05-01 22:00:00     42.337546
2023-05-01 23:00:00     42.337546
Freq: H, Length: 11664, dtype: float64",2022-01-01,2023-05-01 23:00:00,486 days,100.0,25.679377105414318,100.0309652304698,42.33754565464814,-57.66245434535187,-70.17976286600607,38.83744855967078,100.0,74.32857211139627,480 days 01:00:00,467,0.0,234,32.61802575107296,23.443579766536963,-14.636025163692388,4.370200619679292,-2.499302307251133,1 days 03:56:03.157894736,0 days 15:16:25.987261146,0.7166519493946358,-0.24758192539391022,-0.6419407287415005,-0.6398655950872641,0.9660536545025945,-0.9520937182897982,long
2209,"{'window_k': 132, 'window_d': 162, 'window_ma': 27}","open_time
2022-01-01 00:00:00    100.000000
2022-01-01 01:00:00    100.000000
2022-01-01 02:00:00    100.000000
2022-01-01 03:00:00    100.000000
2022-01-01 04:00:00    100.000000
                          ...    
2023-05-01 19:00:00     45.949854
2023-05-01 20:00:00     45.844328
2023-05-01 21:00:00     46.075166
2023-05-01 22:00:00     46.279622
2023-05-01 23:00:00     46.279622
Freq: H, Length: 11664, dtype: float64",2022-01-01,2023-05-01 23:00:00,486 days,100.0,40.214919041089274,127.94894366197184,46.279621719833905,-53.720378280166095,-70.17976286600607,22.87379972565158,100.0,68.56955759843315,451 days 16:00:00,51,0.0,26,32.0,22.689260563380287,-26.321913380736916,9.027037795879197,-7.928115322268161,4 days 04:52:30,4 days 10:38:49.411764705,0.4895826552645859,-2.1477598740490023,-1.0864642806141556,-0.6407244192121444,0.9309029449626428,-1.4725118751625588,long
3234,"{'window_k': 192, 'window_d': 162, 'window_ma': 42}","open_time
2022-01-01 00:00:00    100.000000
2022-01-01 01:00:00    100.000000
2022-01-01 02:00:00    100.000000
2022-01-01 03:00:00    100.000000
2022-01-01 04:00:00    100.000000
                          ...    
2023-05-01 19:00:00     43.838275
2023-05-01 20:00:00     43.737599
2023-05-01 21:00:00     43.957828
2023-05-01 22:00:00     44.152889
2023-05-01 23:00:00     44.152889
Freq: H, Length: 11664, dtype: float64",2022-01-01,2023-05-01 23:00:00,486 days,100.0,35.35186848066435,124.40355194179949,44.15288892642386,-55.84711107357614,-70.17976286600607,25.094307270233195,100.0,71.58291067348041,451 days 16:00:00,49,0.0,25,33.33333333333333,33.63896848137537,-35.979314802844215,10.836077155393063,-8.946576282718153,6 days 05:30:00,4 days 10:18:45,0.47545264643399443,-2.3143784127524563,-1.0014623759715713,-0.6409415631965399,0.9391666399454688,-1.3491529463937033,long
1795,"{'window_k': 117, 'window_d': 12, 'window_ma': 57}","open_time
2022-01-01 00:00:00    100.000000
2022-01-01 01:00:00    100.000000
2022-01-01 02:00:00    100.000000
2022-01-01 03:00:00    100.000000
2022-01-01 04:00:00    100.000000
                          ...    
2023-05-01 19:00:00     50.395434
2023-05-01 20:00:00     50.279698
2023-05-01 21:00:00     50.532869
2023-05-01 22:00:00     50.757106
2023-05-01 23:00:00     50.757106
Freq: H, Length: 11664, dtype: float64",2022-01-01,2023-05-01 23:00:00,486 days,100.0,38.952833929891206,103.20065206835953,50.75710607505573,-49.24289392494427,-70.17976286600607,40.22633744855967,100.0,62.255244371819394,426 days 10:00:00,459,0.0,230,34.49781659388647,35.12278697886922,-12.692913385826774,4.400091400583186,-2.5800101508910696,1 days 05:21:15.949367088,0 days 15:46:00,0.8103684652986322,-0.21433955486624312,-0.34643632070961283,-0.6410317090660849,0.9811575777923647,-0.5277149931005957,long
4055,"{'window_k': 237, 'window_d': 207, 'window_ma': 117}","open_time
2022-01-01 00:00:00    100.000000
2022-01-01 01:00:00    100.000000
2022-01-01 02:00:00    100.000000
2022-01-01 03:00:00    100.000000
2022-01-01 04:00:00    100.000000
                          ...    
2023-05-01 19:00:00     48.648201
2023-05-01 20:00:00     48.648201
2023-05-01 21:00:00     48.648201
2023-05-01 22:00:00     48.648201
2023-05-01 23:00:00     48.648201
Freq: H, Length: 11664, dtype: float64",2022-01-01,2023-05-01 23:00:00,486 days,100.0,41.72070862000978,119.70968240078241,48.6482013177229,-51.35179868227709,-70.17976286600607,26.851851851851855,100.0,65.14842593907248,451 days 16:00:00,38,0.0,19,26.31578947368421,26.277777777777782,-17.205840251932443,8.067038668911355,-7.359735580085203,10 days 00:12:00,5 days 17:55:42.857142857,0.2961281567704053,-2.7027262464356365,-0.8728586103357657,-0.641498349916958,0.9488233510195001,-1.2017558529007741,long
3397,"{'window_k': 207, 'window_d': 72, 'window_ma': 87}","open_time
2022-01-01 00:00:00    100.00000
2022-01-01 01:00:00    100.00000
2022-01-01 02:00:00    100.00000
2022-01-01 03:00:00    100.00000
2022-01-01 04:00:00    100.00000
                         ...    
2023-05-01 19:00:00     47.83558
2023-05-01 20:00:00     47.83558
2023-05-01 21:00:00     47.83558
2023-05-01 22:00:00     47.83558
2023-05-01 23:00:00     47.83558
Freq: H, Length: 11664, dtype: float64",2022-01-01,2023-05-01 23:00:00,486 days,100.0,41.7304308797725,123.72190110463606,47.835580304690495,-52.164419695309505,-70.17976286600607,34.48216735253772,100.0,66.27078107660213,355 days 14:00:00,72,0.0,36,30.555555555555557,19.342359767891676,-22.063666300768386,9.588631468704078,-6.5056893258739725,5 days 15:54:32.727272727,4 days 05:04:48,0.5857605267952831,-1.449011658203042,-0.505436689018446,-0.6416758633237596,0.970257469887762,-0.7689491026447032,long
3833,"{'window_k': 222, 'window_d': 237, 'window_ma': 147}","open_time
2022-01-01 00:00:00    100.000000
2022-01-01 01:00:00    100.000000
2022-01-01 02:00:00    100.000000
2022-01-01 03:00:00    100.000000
2022-01-01 04:00:00    100.000000
                          ...    
2023-05-01 19:00:00     53.112245
2023-05-01 20:00:00     53.112245
2023-05-01 21:00:00     53.112245
2023-05-01 22:00:00     53.112245
2023-05-01 23:00:00     53.112245
Freq: H, Length: 11664, dtype: float64",2022-01-01,2023-05-01 23:00:00,486 days,100.0,45.51216969817192,110.79680541286545,53.11224549625745,-46.88775450374255,-70.17976286600607,30.48696844993141,100.0,58.92285023148587,451 days 16:00:00,38,0.0,19,42.10526315789473,21.215469613259668,-22.803691063076734,7.194126559332871,-9.978839017688301,8 days 16:37:30,7 days 03:32:43.636363636,0.43551529746529755,-2.4677765528285547,-0.7135601202389287,-0.6419472303802637,0.9608511165395706,-0.9843281914237089,long
3263,"{'window_k': 192, 'window_d': 177, 'window_ma': 237}","open_time
2022-01-01 00:00:00    100.000000
2022-01-01 01:00:00    100.000000
2022-01-01 02:00:00    100.000000
2022-01-01 03:00:00    100.000000
2022-01-01 04:00:00    100.000000
                          ...    
2023-05-01 19:00:00     45.955241
2023-05-01 20:00:00     45.849703
2023-05-01 21:00:00     46.080568
2023-05-01 22:00:00     46.285048
2023-05-01 23:00:00     46.285048
Freq: H, Length: 11664, dtype: float64",2022-01-01,2023-05-01 23:00:00,486 days,100.0,38.49572745690443,121.93791946308724,46.28504780011879,-53.7149521998812,-70.17976286600607,35.94821673525377,100.0,68.43006045501886,451 days 16:00:00,47,0.0,24,26.08695652173913,43.68846436443791,-23.751657092355277,14.41722754352843,-8.908564966848935,9 days 05:50:00,6 days 17:22:30,0.44561536055504963,-2.344896717685436,-0.7166674999070959,-0.6419584154161543,0.9629952029123655,-0.9976898184049299,long
3783,"{'window_k': 222, 'window_d': 192, 'window_ma': 117}","open_time
2022-01-01 00:00:00    100.000000
2022-01-01 01:00:00    100.000000
2022-01-01 02:00:00    100.000000
2022-01-01 03:00:00    100.000000
2022-01-01 04:00:00    100.000000
                          ...    
2023-05-01 19:00:00     45.175244
2023-05-01 20:00:00     45.175244
2023-05-01 21:00:00     45.175244
2023-05-01 22:00:00     45.175244
2023-05-01 23:00:00     45.175244
Freq: H, Length: 11664, dtype: float64",2022-01-01,2023-05-01 23:00:00,486 days,100.0,37.133933108778,123.78050229035941,45.17524444839227,-54.82475555160773,-70.17976286600607,28.240740740740737,100.0,70.00017577754637,424 days 03:00:00,38,0.0,19,26.31578947368421,27.52945576959041,-23.192131440706383,10.933184876605504,-8.612898947328247,10 days 03:24:00,6 days 04:21:25.714285714,0.37141830199526943,-2.885513450084617,-0.960863768607028,-0.6420271197594203,0.945178229149065,-1.3160777368696175,long
1801,"{'window_k': 117, 'window_d': 12, 'window_ma': 147}","open_time
2022-01-01 00:00:00    100.000000
2022-01-01 01:00:00    100.000000
2022-01-01 02:00:00    100.000000
2022-01-01 03:00:00    100.000000
2022-01-01 04:00:00    100.000000
                          ...    
2023-05-01 19:00:00     50.223148
2023-05-01 20:00:00     50.107808
2023-05-01 21:00:00     50.360113
2023-05-01 22:00:00     50.583584
2023-05-01 23:00:00     50.583584
Freq: H, Length: 11664, dtype: float64",2022-01-01,2023-05-01 23:00:00,486 days,100.0,38.819666495923535,103.20065206835953,50.583583563605025,-49.416416436394975,-70.17976286600607,40.552126200274344,100.0,62.38428176770666,426 days 10:00:00,459,0.0,230,34.49781659388647,35.12278697886922,-12.69291338582677,4.388717926145286,-2.576610395123871,1 days 05:46:19.746835443,0 days 15:48:00,0.809272572740963,-0.21509967079063963,-0.3447543486178928,-0.6421800397339543,0.9813667694248824,-0.5248604656350239,long
1803,"{'window_k': 117, 'window_d': 12, 'window_ma': 177}","open_time
2022-01-01 00:00:00    100.000000
2022-01-01 01:00:00    100.000000
2022-01-01 02:00:00    100.000000
2022-01-01 03:00:00    100.000000
2022-01-01 04:00:00    100.000000
                          ...    
2023-05-01 19:00:00     50.223148
2023-05-01 20:00:00     50.107808
2023-05-01 21:00:00     50.360113
2023-05-01 22:00:00     50.583584
2023-05-01 23:00:00     50.583584
Freq: H, Length: 11664, dtype: float64",2022-01-01,2023-05-01 23:00:00,486 days,100.0,38.819666495923535,103.20065206835953,50.583583563605025,-49.416416436394975,-70.17976286600607,40.552126200274344,100.0,62.38428176770666,426 days 10:00:00,459,0.0,230,34.49781659388647,35.12278697886922,-12.69291338582677,4.388717926145286,-2.576610395123871,1 days 05:46:19.746835443,0 days 15:48:00,0.809272572740963,-0.21509967079063963,-0.3447543486178928,-0.6421800397339543,0.9813667694248824,-0.5248604656350239,long
2055,"{'window_k': 132, 'window_d': 12, 'window_ma': 117}","open_time
2022-01-01 00:00:00    100.000000
2022-01-01 01:00:00    100.000000
2022-01-01 02:00:00    100.000000
2022-01-01 03:00:00    100.000000
2022-01-01 04:00:00    100.000000
                          ...    
2023-05-01 19:00:00     51.103116
2023-05-01 20:00:00     50.985756
2023-05-01 21:00:00     51.242482
2023-05-01 22:00:00     51.469868
2023-05-01 23:00:00     51.469868
Freq: H, Length: 11664, dtype: float64",2022-01-01,2023-05-01 23:00:00,486 days,100.0,39.11356899975328,100.66296838462756,51.469867619210504,-48.530132380789496,-70.17976286600607,41.69238683127572,100.0,61.144033771880714,469 days 22:00:00,465,0.0,233,31.03448275862069,34.16143156291643,-14.131233595800532,4.867883780708093,-2.421216963543314,1 days 06:48:20,0 days 16:29:15,0.8002293598927446,-0.209655852369792,-0.32399046960899064,-0.6423346061665524,0.9826732774558875,-0.49302535811007997,long
2053,"{'window_k': 132, 'window_d': 12, 'window_ma': 87}","open_time
2022-01-01 00:00:00    100.000000
2022-01-01 01:00:00    100.000000
2022-01-01 02:00:00    100.000000
2022-01-01 03:00:00    100.000000
2022-01-01 04:00:00    100.000000
                          ...    
2023-05-01 19:00:00     49.929557
2023-05-01 20:00:00     49.814892
2023-05-01 21:00:00     50.065722
2023-05-01 22:00:00     50.287886
2023-05-01 23:00:00     50.287886
Freq: H, Length: 11664, dtype: float64",2022-01-01,2023-05-01 23:00:00,486 days,100.0,37.47598298651177,100.66296838462756,50.28788596472418,-49.71211403527582,-70.17976286600607,41.32373113854595,100.0,62.7708346098854,469 days 22:00:00,465,0.0,233,31.03448275862069,34.161431562916434,-14.131233595800527,4.835801779839353,-2.4214665437142546,1 days 06:15:00,0 days 16:28:07.500000,0.7915913461661318,-0.21473971001152448,-0.3498024472226917,-0.6424206270894717,0.9812161961325125,-0.5326197114405717,long
2555,"{'window_k': 147, 'window_d': 237, 'window_ma': 177}","open_time
2022-01-01 00:00:00    100.000000
2022-01-01 01:00:00    100.000000
2022-01-01 02:00:00    100.000000
2022-01-01 03:00:00    100.000000
2022-01-01 04:00:00    100.000000
                          ...    
2023-05-01 19:00:00     52.348738
2023-05-01 20:00:00     52.348738
2023-05-01 21:00:00     52.348738
2023-05-01 22:00:00     52.348738
2023-05-01 23:00:00     52.348738
Freq: H, Length: 11664, dtype: float64",2022-01-01,2023-05-01 23:00:00,486 days,100.0,47.670618062144456,118.78639288997854,52.34873805520905,-47.65126194479095,-70.17976286600607,34.20781893004115,100.0,59.868620552947014,451 days 16:00:00,36,0.0,18,27.77777777777778,43.35040234089245,-22.360524561013552,15.371472540970743,-9.45546344086318,13 days 20:48:00,7 days 10:55:23.076923077,0.47809241880667475,-2.647292330266166,-0.6552274467482251,-0.6430384582122886,0.9656562711380354,-0.9050785213159265,long
1489,"{'window_k': 87, 'window_d': 207, 'window_ma': 27}","open_time
2022-01-01 00:00:00    100.000000
2022-01-01 01:00:00    100.000000
2022-01-01 02:00:00    100.000000
2022-01-01 03:00:00    100.000000
2022-01-01 04:00:00    100.000000
                          ...    
2023-05-01 19:00:00     40.534869
2023-05-01 20:00:00     40.441779
2023-05-01 21:00:00     40.645413
2023-05-01 22:00:00     40.825775
2023-05-01 23:00:00     40.825775
Freq: H, Length: 11664, dtype: float64",2022-01-01,2023-05-01 23:00:00,486 days,100.0,29.094166295896287,122.0274950152167,40.825774998642785,-59.174225001357215,-70.17976286600607,20.044581618655695,100.0,76.15769602394258,451 days 16:00:00,49,0.0,25,37.5,17.264603030695504,-38.48961761713841,6.8574087400115555,-8.880070657268652,3 days 17:06:40,4 days 04:36:00,0.3508173127427989,-2.4794107525144056,-1.350116668925033,-0.6430464884255265,0.9098280400884716,-1.7562289002068132,long
1772,"{'window_k': 102, 'window_d': 222, 'window_ma': 192}","open_time
2022-01-01 00:00:00    100.000000
2022-01-01 01:00:00    100.000000
2022-01-01 02:00:00    100.000000
2022-01-01 03:00:00    100.000000
2022-01-01 04:00:00    100.000000
                          ...    
2023-05-01 19:00:00     43.671326
2023-05-01 20:00:00     43.671326
2023-05-01 21:00:00     43.671326
2023-05-01 22:00:00     43.671326
2023-05-01 23:00:00     43.671326
Freq: H, Length: 11664, dtype: float64",2022-01-01,2023-05-01 23:00:00,486 days,100.0,33.7444041911988,120.60989523908307,43.67132622470512,-56.32867377529488,-70.17976286600607,37.714334705075444,100.0,72.02186095568047,451 days 16:00:00,50,0.0,25,32.0,44.19873212442873,-24.207717113310352,12.770136389066863,-9.50689213530861,10 days 05:52:30,5 days 23:03:31.764705882,0.4667669125179549,-2.2531469510117956,-0.8271374050481801,-0.6431987938835747,0.9595913571403599,-1.1498187091962135,long
1775,"{'window_k': 102, 'window_d': 222, 'window_ma': 237}","open_time
2022-01-01 00:00:00    100.000000
2022-01-01 01:00:00    100.000000
2022-01-01 02:00:00    100.000000
2022-01-01 03:00:00    100.000000
2022-01-01 04:00:00    100.000000
                          ...    
2023-05-01 19:00:00     44.327523
2023-05-01 20:00:00     44.327523
2023-05-01 21:00:00     44.327523
2023-05-01 22:00:00     44.327523
2023-05-01 23:00:00     44.327523
Freq: H, Length: 11664, dtype: float64",2022-01-01,2023-05-01 23:00:00,486 days,100.0,34.901510351420036,120.60989523908307,44.32752279875658,-55.67247720124342,-70.17976286600607,36.89986282578875,100.0,71.0624818285139,451 days 16:00:00,50,0.0,25,28.000000000000004,44.19873212442872,-24.207717113310345,13.650193777147287,-8.624686239543964,10 days 21:17:08.571428571,5 days 17:30:00,0.45540882105144487,-2.2268990880497377,-0.8204460413387493,-0.6433743905319141,0.9595740497791263,-1.1449886571651835,long
2538,"{'window_k': 147, 'window_d': 222, 'window_ma': 162}","open_time
2022-01-01 00:00:00    100.000000
2022-01-01 01:00:00    100.000000
2022-01-01 02:00:00    100.000000
2022-01-01 03:00:00    100.000000
2022-01-01 04:00:00    100.000000
                          ...    
2023-05-01 19:00:00     49.663073
2023-05-01 20:00:00     49.663073
2023-05-01 21:00:00     49.663073
2023-05-01 22:00:00     49.663073
2023-05-01 23:00:00     49.663073
Freq: H, Length: 11664, dtype: float64",2022-01-01,2023-05-01 23:00:00,486 days,100.0,43.72633323136413,119.8639315534481,49.66307284150662,-50.33692715849338,-70.17976286600607,30.92421124828532,100.0,63.520024193544586,451 days 16:00:00,40,0.0,20,20.0,44.09251620506779,-22.90827740492169,19.331957888645967,-8.027675702096754,10 days 03:00:00,6 days 20:41:15,0.4622604800549591,-2.516846357924669,-0.7370832674374849,-0.6436236365021576,0.9600813847096351,-1.0183370942882686,long
2782,"{'window_k': 162, 'window_d': 207, 'window_ma': 222}","open_time
2022-01-01 00:00:00    100.000000
2022-01-01 01:00:00    100.000000
2022-01-01 02:00:00    100.000000
2022-01-01 03:00:00    100.000000
2022-01-01 04:00:00    100.000000
                          ...    
2023-05-01 19:00:00     48.740953
2023-05-01 20:00:00     48.740953
2023-05-01 21:00:00     48.740953
2023-05-01 22:00:00     48.740953
2023-05-01 23:00:00     48.740953
Freq: H, Length: 11664, dtype: float64",2022-01-01,2023-05-01 23:00:00,486 days,100.0,42.22157953768254,119.71584474415731,48.740953152094875,-51.25904684790512,-70.17976286600607,32.55315500685871,100.0,64.73183676904794,451 days 16:00:00,42,0.0,21,28.57142857142857,40.82528533801581,-26.231322634200332,12.857905060551255,-8.665909323572233,9 days 18:40:00,6 days 15:16:00,0.44922014613753963,-2.4409069927573874,-0.7272948300697157,-0.6443395166014644,0.9618047350467803,-1.0069618113609446,long
3508,"{'window_k': 207, 'window_d': 177, 'window_ma': 72}","open_time
2022-01-01 00:00:00    100.000000
2022-01-01 01:00:00    100.000000
2022-01-01 02:00:00    100.000000
2022-01-01 03:00:00    100.000000
2022-01-01 04:00:00    100.000000
                          ...    
2023-05-01 19:00:00     46.741771
2023-05-01 20:00:00     46.634427
2023-05-01 21:00:00     46.869243
2023-05-01 22:00:00     47.077222
2023-05-01 23:00:00     47.077222
Freq: H, Length: 11664, dtype: float64",2022-01-01,2023-05-01 23:00:00,486 days,100.0,39.184623821610735,118.87252359713722,47.07722228752091,-52.92277771247909,-70.17976286600607,27.15192043895748,100.0,67.03643311686672,453 days 11:00:00,47,0.0,24,39.130434782608695,30.728676332140825,-25.044091710758376,6.1952912389906585,-8.416577631332501,3 days 22:26:40,6 days 21:00:00,0.38026796096001225,-2.3053657858417056,-0.8227819686185263,-0.6445755707417621,0.9516568108373912,-1.159833697859257,long
1773,"{'window_k': 102, 'window_d': 222, 'window_ma': 207}","open_time
2022-01-01 00:00:00    100.000000
2022-01-01 01:00:00    100.000000
2022-01-01 02:00:00    100.000000
2022-01-01 03:00:00    100.000000
2022-01-01 04:00:00    100.000000
                          ...    
2023-05-01 19:00:00     43.871139
2023-05-01 20:00:00     43.871139
2023-05-01 21:00:00     43.871139
2023-05-01 22:00:00     43.871139
2023-05-01 23:00:00     43.871139
Freq: H, Length: 11664, dtype: float64",2022-01-01,2023-05-01 23:00:00,486 days,100.0,34.28191514205783,120.60989523908307,43.87113920155208,-56.128860798447924,-70.17976286600607,37.38854595336077,100.0,71.57620021632442,451 days 16:00:00,50,0.0,25,28.000000000000004,44.198732124428744,-24.207717113310345,13.834446131427208,-8.734493896877327,10 days 15:08:34.285714285,5 days 23:03:19.999999999,0.455080507908266,-2.2451544319379177,-0.8211095445039907,-0.6446281907186794,0.9597327703426265,-1.1420777337136736,long
2289,"{'window_k': 132, 'window_d': 237, 'window_ma': 27}","open_time
2022-01-01 00:00:00    100.000000
2022-01-01 01:00:00    100.000000
2022-01-01 02:00:00    100.000000
2022-01-01 03:00:00    100.000000
2022-01-01 04:00:00    100.000000
                          ...    
2023-05-01 19:00:00     47.580229
2023-05-01 20:00:00     47.580229
2023-05-01 21:00:00     47.580229
2023-05-01 22:00:00     47.580229
2023-05-01 23:00:00     47.580229
Freq: H, Length: 11664, dtype: float64",2022-01-01,2023-05-01 23:00:00,486 days,100.0,40.229335641519164,119.45143561559401,47.58022909360203,-52.419770906397964,-70.17976286600607,21.853566529492454,100.0,66.32159719621875,451 days 16:00:00,38,0.0,19,26.31578947368421,16.166281755196305,-21.736694677871153,9.75562918646723,-7.958541222813875,4 days 01:48:00,6 days 03:08:34.285714285,0.3652773729959735,-2.7589353108630528,-1.1184494403315615,-0.6446608601346978,0.9287887800550149,-1.5340378609578251,long
1804,"{'window_k': 117, 'window_d': 12, 'window_ma': 192}","open_time
2022-01-01 00:00:00    100.000000
2022-01-01 01:00:00    100.000000
2022-01-01 02:00:00    100.000000
2022-01-01 03:00:00    100.000000
2022-01-01 04:00:00    100.000000
                          ...    
2023-05-01 19:00:00     50.049825
2023-05-01 20:00:00     49.934883
2023-05-01 21:00:00     50.186318
2023-05-01 22:00:00     50.409017
2023-05-01 23:00:00     50.409017
Freq: H, Length: 11664, dtype: float64",2022-01-01,2023-05-01 23:00:00,486 days,100.0,38.68569758591155,102.84450066062993,50.40901669669925,-49.59098330330075,-70.17976286600607,40.534979423868315,100.0,62.38428176770672,426 days 10:00:00,459,0.0,230,34.49781659388647,35.12278697886923,-12.69291338582678,4.388717926145287,-2.5788868178881,1 days 05:46:19.746835443,0 days 15:47:12,0.8082611407746191,-0.21586436151749588,-0.34834914105006054,-0.6446713230652408,0.9811703664762444,-0.5303227300181559,long
2060,"{'window_k': 132, 'window_d': 12, 'window_ma': 192}","open_time
2022-01-01 00:00:00    100.000000
2022-01-01 01:00:00    100.000000
2022-01-01 02:00:00    100.000000
2022-01-01 03:00:00    100.000000
2022-01-01 04:00:00    100.000000
                          ...    
2023-05-01 19:00:00     50.707341
2023-05-01 20:00:00     50.590889
2023-05-01 21:00:00     50.845627
2023-05-01 22:00:00     51.071252
2023-05-01 23:00:00     51.071252
Freq: H, Length: 11664, dtype: float64",2022-01-01,2023-05-01 23:00:00,486 days,100.0,38.81064829647807,100.66296838462756,51.07125177065958,-48.92874822934042,-70.17976286600607,41.69238683127572,100.0,61.444959433160406,469 days 22:00:00,465,0.0,233,31.03448275862069,34.16143156291643,-14.131233595800532,4.867883780708092,-2.4258631980690795,1 days 06:48:20,0 days 16:29:15,0.7978052786597822,-0.21137035125400017,-0.33191445292116123,-0.6449426490091874,0.9822560572145876,-0.5050472885748304,long
2781,"{'window_k': 162, 'window_d': 207, 'window_ma': 207}","open_time
2022-01-01 00:00:00    100.000000
2022-01-01 01:00:00    100.000000
2022-01-01 02:00:00    100.000000
2022-01-01 03:00:00    100.000000
2022-01-01 04:00:00    100.000000
                          ...    
2023-05-01 19:00:00     49.939264
2023-05-01 20:00:00     49.939264
2023-05-01 21:00:00     49.939264
2023-05-01 22:00:00     49.939264
2023-05-01 23:00:00     49.939264
Freq: H, Length: 11664, dtype: float64",2022-01-01,2023-05-01 23:00:00,486 days,100.0,44.32037430307327,119.71584474415731,49.939263947830526,-50.060736052169474,-70.17976286600607,33.41906721536351,100.0,62.97868974838745,451 days 16:00:00,42,0.0,21,28.57142857142857,40.8252853380158,-26.231322634200342,12.872269548057199,-8.508446043540188,10 days 12:00:00,6 days 15:04:00,0.4650596750254366,-2.383844573912832,-0.695600417574951,-0.6452380318040534,0.9635150875767945,-0.9634493404924221,long
2989,"{'window_k': 177, 'window_d': 162, 'window_ma': 207}","open_time
2022-01-01 00:00:00    100.000000
2022-01-01 01:00:00    100.000000
2022-01-01 02:00:00    100.000000
2022-01-01 03:00:00    100.000000
2022-01-01 04:00:00    100.000000
                          ...    
2023-05-01 19:00:00     40.434581
2023-05-01 20:00:00     40.341721
2023-05-01 21:00:00     40.544852
2023-05-01 22:00:00     40.724767
2023-05-01 23:00:00     40.724767
Freq: H, Length: 11664, dtype: float64",2022-01-01,2023-05-01 23:00:00,486 days,100.0,29.850628092614425,124.55012853470436,40.72476732940338,-59.27523267059662,-70.17976286600607,37.97153635116598,100.0,76.03324184101751,451 days 16:00:00,49,0.0,25,29.166666666666668,37.60834435140295,-26.76644121456325,14.827407172640727,-9.808679225296142,10 days 14:17:08.571428571,6 days 09:45:52.941176470,0.44886294409172905,-2.474879624266626,-0.8561977475373267,-0.6453464569164197,0.9576532855958719,-1.182371131339682,long
4049,"{'window_k': 237, 'window_d': 207, 'window_ma': 27}","open_time
2022-01-01 00:00:00    100.000000
2022-01-01 01:00:00    100.000000
2022-01-01 02:00:00    100.000000
2022-01-01 03:00:00    100.000000
2022-01-01 04:00:00    100.000000
                          ...    
2023-05-01 19:00:00     56.852679
2023-05-01 20:00:00     56.852679
2023-05-01 21:00:00     56.852679
2023-05-01 22:00:00     56.852679
2023-05-01 23:00:00     56.852679
Freq: H, Length: 11664, dtype: float64",2022-01-01,2023-05-01 23:00:00,486 days,100.0,55.59649562651595,119.70968240078241,56.852678604161305,-43.147321395838695,-70.17976286600607,20.05315500685871,100.0,53.55722735911914,451 days 16:00:00,38,0.0,19,36.84210526315789,16.859485566662947,-17.205840251932447,5.939039757291364,-7.486618745553798,3 days 16:25:42.857142857,5 days 23:20:00,0.44040715235397904,-2.270911652412564,-0.7572412668976654,-0.6453822296725122,0.9487992669288468,-1.0546430837740468,long
1771,"{'window_k': 102, 'window_d': 222, 'window_ma': 177}","open_time
2022-01-01 00:00:00    100.000000
2022-01-01 01:00:00    100.000000
2022-01-01 02:00:00    100.000000
2022-01-01 03:00:00    100.000000
2022-01-01 04:00:00    100.000000
                          ...    
2023-05-01 19:00:00     43.604288
2023-05-01 20:00:00     43.604288
2023-05-01 21:00:00     43.604288
2023-05-01 22:00:00     43.604288
2023-05-01 23:00:00     43.604288
Freq: H, Length: 11664, dtype: float64",2022-01-01,2023-05-01 23:00:00,486 days,100.0,33.94550942360262,120.60989523908307,43.604287642491165,-56.395712357508835,-70.17976286600607,37.10562414266118,100.0,71.85512071268035,451 days 16:00:00,50,0.0,25,28.000000000000004,44.198732124428744,-24.207717113310345,13.716957860552137,-8.727547624466457,10 days 16:51:25.714285714,5 days 20:33:19.999999999,0.446775727082213,-2.255828494300353,-0.8425520637510076,-0.6455527060670465,0.9585249887439564,-1.1712319825149036,long
1239,"{'window_k': 72, 'window_d': 207, 'window_ma': 117}","open_time
2022-01-01 00:00:00    100.000000
2022-01-01 01:00:00    100.000000
2022-01-01 02:00:00    100.000000
2022-01-01 03:00:00    100.000000
2022-01-01 04:00:00    100.000000
                          ...    
2023-05-01 19:00:00     37.298431
2023-05-01 20:00:00     37.212774
2023-05-01 21:00:00     37.400149
2023-05-01 22:00:00     37.566111
2023-05-01 23:00:00     37.566111
Freq: H, Length: 11664, dtype: float64",2022-01-01,2023-05-01 23:00:00,486 days,100.0,24.122320516611836,124.55012853470436,37.56611050060168,-62.43388949939832,-70.17976286600607,29.903978052126202,100.0,80.63244028697213,451 days 16:00:00,53,0.0,27,34.61538461538461,31.61750530171582,-38.4896176171384,10.391369285322154,-9.75581727949992,7 days 06:26:40,4 days 14:49:24.705882352,0.43366423186585995,-2.403362513688099,-1.1756388429896145,-0.6456982864026252,0.9348635058267925,-1.5519809581827968,long
3918,"{'window_k': 237, 'window_d': 72, 'window_ma': 222}","open_time
2022-01-01 00:00:00    100.000000
2022-01-01 01:00:00    100.000000
2022-01-01 02:00:00    100.000000
2022-01-01 03:00:00    100.000000
2022-01-01 04:00:00    100.000000
                          ...    
2023-05-01 19:00:00     47.358166
2023-05-01 20:00:00     47.249406
2023-05-01 21:00:00     47.487318
2023-05-01 22:00:00     47.698040
2023-05-01 23:00:00     47.698040
Freq: H, Length: 11664, dtype: float64",2022-01-01,2023-05-01 23:00:00,486 days,100.0,41.35416824304887,121.56986323361299,47.69804041425982,-52.30195958574018,-70.17976286600607,33.359053497942384,100.0,65.98320739772386,355 days 14:00:00,71,0.0,36,34.285714285714285,23.66323157690066,-19.869310001107547,10.00716345596281,-7.62862427213168,6 days 07:09:59.999999999,3 days 14:02:36.521739130,0.6160066615114025,-1.4939532740174286,-0.4801999978844967,-0.6463541260968539,0.9715301454696822,-0.7246589171226487,long
4004,"{'window_k': 237, 'window_d': 162, 'window_ma': 72}","open_time
2022-01-01 00:00:00    100.000000
2022-01-01 01:00:00    100.000000
2022-01-01 02:00:00    100.000000
2022-01-01 03:00:00    100.000000
2022-01-01 04:00:00    100.000000
                          ...    
2023-05-01 19:00:00     44.978604
2023-05-01 20:00:00     44.875309
2023-05-01 21:00:00     45.101267
2023-05-01 22:00:00     45.301401
2023-05-01 23:00:00     45.301401
Freq: H, Length: 11664, dtype: float64",2022-01-01,2023-05-01 23:00:00,486 days,100.0,37.03978370750166,120.78941821247894,45.30140127567558,-54.69859872432442,-70.17976286600607,28.68655692729767,100.0,69.33524123582953,453 days 11:00:00,47,0.0,24,30.434782608695656,33.46789696270665,-23.43490304709141,8.046725807481737,-7.56853279027799,5 days 10:25:42.857142857,6 days 07:33:45,0.366697879211437,-2.372024687996973,-0.7703544522057795,-0.6465193708722274,0.9547914034842836,-1.0997086808431584,long
3919,"{'window_k': 237, 'window_d': 72, 'window_ma': 237}","open_time
2022-01-01 00:00:00    100.000000
2022-01-01 01:00:00    100.000000
2022-01-01 02:00:00    100.000000
2022-01-01 03:00:00    100.000000
2022-01-01 04:00:00    100.000000
                          ...    
2023-05-01 19:00:00     47.307576
2023-05-01 20:00:00     47.198933
2023-05-01 21:00:00     47.436591
2023-05-01 22:00:00     47.647088
2023-05-01 23:00:00     47.647088
Freq: H, Length: 11664, dtype: float64",2022-01-01,2023-05-01 23:00:00,486 days,100.0,41.309992677756576,121.56986323361299,47.647088164748915,-52.35291183525108,-70.17976286600607,34.59362139917695,100.0,66.0195449933395,355 days 14:00:00,71,0.0,36,34.285714285714285,23.663231576900642,-19.869310001107547,10.08773915544323,-7.669957865692677,6 days 06:45:00,3 days 20:31:18.260869565,0.6184877106382751,-1.4954094675039298,-0.4776368083080939,-0.6466953950291702,0.9720440273397829,-0.7202978213542376,long
2057,"{'window_k': 132, 'window_d': 12, 'window_ma': 147}","open_time
2022-01-01 00:00:00    100.000000
2022-01-01 01:00:00    100.000000
2022-01-01 02:00:00    100.000000
2022-01-01 03:00:00    100.000000
2022-01-01 04:00:00    100.000000
                          ...    
2023-05-01 19:00:00     50.335616
2023-05-01 20:00:00     50.220018
2023-05-01 21:00:00     50.472889
2023-05-01 22:00:00     50.696859
2023-05-01 23:00:00     50.696859
Freq: H, Length: 11664, dtype: float64",2022-01-01,2023-05-01 23:00:00,486 days,100.0,38.526135785917006,100.66296838462756,50.6968594145266,-49.3031405854734,-70.17976286600607,41.72668038408779,100.0,61.72759813846259,469 days 22:00:00,465,0.0,233,31.03448275862069,34.161431562916434,-14.131233595800527,4.867883780708091,-2.430395407340366,1 days 06:48:20,0 days 16:30:45,0.7955408111315413,-0.21298066173006303,-0.33934890848140264,-0.6473791898377406,0.9818701139092006,-0.5163107951221515,long
2062,"{'window_k': 132, 'window_d': 12, 'window_ma': 222}","open_time
2022-01-01 00:00:00    100.000000
2022-01-01 01:00:00    100.000000
2022-01-01 02:00:00    100.000000
2022-01-01 03:00:00    100.000000
2022-01-01 04:00:00    100.000000
                          ...    
2023-05-01 19:00:00     50.335616
2023-05-01 20:00:00     50.220018
2023-05-01 21:00:00     50.472889
2023-05-01 22:00:00     50.696859
2023-05-01 23:00:00     50.696859
Freq: H, Length: 11664, dtype: float64",2022-01-01,2023-05-01 23:00:00,486 days,100.0,38.526135785917006,100.66296838462756,50.6968594145266,-49.3031405854734,-70.17976286600607,41.72668038408779,100.0,61.72759813846259,469 days 22:00:00,465,0.0,233,31.03448275862069,34.161431562916434,-14.131233595800527,4.867883780708091,-2.430395407340366,1 days 06:48:20,0 days 16:30:45,0.7955408111315413,-0.21298066173006303,-0.33934890848140264,-0.6473791898377406,0.9818701139092006,-0.5163107951221515,long
3796,"{'window_k': 222, 'window_d': 207, 'window_ma': 72}","open_time
2022-01-01 00:00:00    100.000000
2022-01-01 01:00:00    100.000000
2022-01-01 02:00:00    100.000000
2022-01-01 03:00:00    100.000000
2022-01-01 04:00:00    100.000000
                          ...    
2023-05-01 19:00:00     43.018663
2023-05-01 20:00:00     43.018663
2023-05-01 21:00:00     43.018663
2023-05-01 22:00:00     43.018663
2023-05-01 23:00:00     43.018663
Freq: H, Length: 11664, dtype: float64",2022-01-01,2023-05-01 23:00:00,486 days,100.0,32.23700188196863,117.09323116219669,43.01866250309409,-56.9813374969059,-70.17976286600607,27.56344307270233,100.0,72.46894499194906,453 days 11:00:00,38,0.0,19,36.84210526315789,28.574074074074062,-23.347677369524433,8.801419668981254,-10.880193984572996,7 days 12:08:34.285714285,6 days 18:50:00,0.33588332695607653,-2.999017762995047,-0.9933945992882258,-0.6475595857825097,0.9437399069672163,-1.3637287687845134,long
3399,"{'window_k': 207, 'window_d': 72, 'window_ma': 117}","open_time
2022-01-01 00:00:00    100.000000
2022-01-01 01:00:00    100.000000
2022-01-01 02:00:00    100.000000
2022-01-01 03:00:00    100.000000
2022-01-01 04:00:00    100.000000
                          ...    
2023-05-01 19:00:00     46.762063
2023-05-01 20:00:00     46.654672
2023-05-01 21:00:00     46.889590
2023-05-01 22:00:00     47.097660
2023-05-01 23:00:00     47.097660
Freq: H, Length: 11664, dtype: float64",2022-01-01,2023-05-01 23:00:00,486 days,100.0,41.01057074319696,123.1499118024522,47.097660025180616,-52.90233997481938,-70.17976286600607,34.164951989026065,100.0,66.69866007782204,355 days 14:00:00,71,0.0,36,28.57142857142857,26.898101898101906,-22.063666300768382,10.836396571818971,-6.626215231532097,5 days 14:18:00,4 days 05:36:00,0.5969501482101556,-1.5068929569523135,-0.5328760666266199,-0.6475622143284149,0.9683808096824879,-0.8118355053520462,long
3319,"{'window_k': 192, 'window_d': 237, 'window_ma': 117}","open_time
2022-01-01 00:00:00    100.000000
2022-01-01 01:00:00    100.000000
2022-01-01 02:00:00    100.000000
2022-01-01 03:00:00    100.000000
2022-01-01 04:00:00    100.000000
                          ...    
2023-05-01 19:00:00     49.265857
2023-05-01 20:00:00     49.265857
2023-05-01 21:00:00     49.265857
2023-05-01 22:00:00     49.265857
2023-05-01 23:00:00     49.265857
Freq: H, Length: 11664, dtype: float64",2022-01-01,2023-05-01 23:00:00,486 days,100.0,43.40953696930072,119.52107132499364,49.26585687072214,-50.73414312927787,-70.17976286600607,29.35528120713306,100.0,63.68043183677259,424 days 03:00:00,36,0.0,18,27.77777777777778,25.765400221320533,-21.93644120192903,8.481772303330834,-7.870389518477977,9 days 18:36:00,7 days 05:09:13.846153846,0.32973020323170504,-2.8185635071821045,-0.8376623418831591,-0.647584382388738,0.9529066744101773,-1.1527875301553432,long
1716,"{'window_k': 102, 'window_d': 177, 'window_ma': 72}","open_time
2022-01-01 00:00:00    100.000000
2022-01-01 01:00:00    100.000000
2022-01-01 02:00:00    100.000000
2022-01-01 03:00:00    100.000000
2022-01-01 04:00:00    100.000000
                          ...    
2023-05-01 19:00:00     37.906662
2023-05-01 20:00:00     37.819608
2023-05-01 21:00:00     38.010039
2023-05-01 22:00:00     38.178707
2023-05-01 23:00:00     38.178707
Freq: H, Length: 11664, dtype: float64",2022-01-01,2023-05-01 23:00:00,486 days,100.0,28.41793368546631,138.34187661430462,38.178706510869,-61.821293489131,-70.17976286600607,29.45816186556927,100.0,79.45818404307529,391 days 18:00:00,51,0.0,26,36.0,32.298018292682926,-44.8260305644843,11.038145299545214,-10.300036831635085,6 days 13:46:40,5 days 03:03:45,0.48211534429890657,-2.481339523825886,-1.0488600368961571,-0.6478670132724291,0.9414667975767195,-1.4061789554590312,long
2779,"{'window_k': 162, 'window_d': 207, 'window_ma': 177}","open_time
2022-01-01 00:00:00    100.000000
2022-01-01 01:00:00    100.000000
2022-01-01 02:00:00    100.000000
2022-01-01 03:00:00    100.000000
2022-01-01 04:00:00    100.000000
                          ...    
2023-05-01 19:00:00     49.314231
2023-05-01 20:00:00     49.314231
2023-05-01 21:00:00     49.314231
2023-05-01 22:00:00     49.314231
2023-05-01 23:00:00     49.314231
Freq: H, Length: 11664, dtype: float64",2022-01-01,2023-05-01 23:00:00,486 days,100.0,43.61353345386931,119.71584474415731,49.314231007798384,-50.685768992201616,-70.17976286600607,33.27331961591221,100.0,63.569121909405524,451 days 16:00:00,42,0.0,21,28.57142857142857,40.82528533801581,-26.231322634200342,12.73269250386931,-8.546468234077253,10 days 01:30:00,6 days 18:08:00,0.4532763235339438,-2.4136080472476977,-0.7266023360250815,-0.6480367252713188,0.9617404669910381,-1.005719397911854,long
2027,"{'window_k': 117, 'window_d': 222, 'window_ma': 177}","open_time
2022-01-01 00:00:00    100.000000
2022-01-01 01:00:00    100.000000
2022-01-01 02:00:00    100.000000
2022-01-01 03:00:00    100.000000
2022-01-01 04:00:00    100.000000
                          ...    
2023-05-01 19:00:00     44.023758
2023-05-01 20:00:00     44.023758
2023-05-01 21:00:00     44.023758
2023-05-01 22:00:00     44.023758
2023-05-01 23:00:00     44.023758
Freq: H, Length: 11664, dtype: float64",2022-01-01,2023-05-01 23:00:00,486 days,100.0,34.868434407999324,119.97523730912091,44.02375790406433,-55.97624209593567,-70.17976286600607,38.16015089163237,100.0,70.93697400392765,451 days 16:00:00,46,0.0,23,21.73913043478261,43.371378402107105,-24.299789660135065,17.126182712783418,-8.159695686876727,11 days 15:00:00,7 days 01:46:40,0.41370510494367996,-2.4337496563450305,-0.8151418749786771,-0.6484541995854072,0.9602636546119917,-1.131043372443691,long
3843,"{'window_k': 237, 'window_d': 12, 'window_ma': 57}","open_time
2022-01-01 00:00:00    100.000000
2022-01-01 01:00:00    100.000000
2022-01-01 02:00:00    100.000000
2022-01-01 03:00:00    100.000000
2022-01-01 04:00:00    100.000000
                          ...    
2023-05-01 19:00:00     36.947587
2023-05-01 20:00:00     36.862735
2023-05-01 21:00:00     37.048348
2023-05-01 22:00:00     37.212748
2023-05-01 23:00:00     37.212748
Freq: H, Length: 11664, dtype: float64",2022-01-01,2023-05-01 23:00:00,486 days,100.0,23.82185032746767,123.9509241940599,37.21274798593915,-62.78725201406085,-70.17976286600607,40.080589849108364,100.0,80.7812241156252,454 days 07:00:00,435,0.0,218,33.6405529953917,24.026093348033804,-16.333207499685415,4.110148713708313,-2.5978849939073023,1 days 09:08:13.150684931,0 days 15:36:40,0.6986588493835434,-0.28880452077014696,-0.688513549666428,-0.6487060451494855,0.9628057058346304,-1.0450641388380095,long
3916,"{'window_k': 237, 'window_d': 72, 'window_ma': 192}","open_time
2022-01-01 00:00:00    100.000000
2022-01-01 01:00:00    100.000000
2022-01-01 02:00:00    100.000000
2022-01-01 03:00:00    100.000000
2022-01-01 04:00:00    100.000000
                          ...    
2023-05-01 19:00:00     46.917439
2023-05-01 20:00:00     46.809691
2023-05-01 21:00:00     47.045389
2023-05-01 22:00:00     47.254150
2023-05-01 23:00:00     47.254150
Freq: H, Length: 11664, dtype: float64",2022-01-01,2023-05-01 23:00:00,486 days,100.0,40.9693159288145,121.56986323361299,47.25415042643595,-52.74584957356405,-70.17976286600607,34.636488340192045,100.0,66.29977624463852,355 days 14:00:00,71,0.0,36,34.285714285714285,23.663231576900642,-19.869310001107532,10.00716345596281,-7.669957865692675,6 days 07:09:59.999999999,3 days 20:31:18.260869565,0.613455062205046,-1.5066394599110158,-0.4861467165498493,-0.6493208814442154,0.9715825345722068,-0.7330218627187156,long
3917,"{'window_k': 237, 'window_d': 72, 'window_ma': 207}","open_time
2022-01-01 00:00:00    100.000000
2022-01-01 01:00:00    100.000000
2022-01-01 02:00:00    100.000000
2022-01-01 03:00:00    100.000000
2022-01-01 04:00:00    100.000000
                          ...    
2023-05-01 19:00:00     46.917439
2023-05-01 20:00:00     46.809691
2023-05-01 21:00:00     47.045389
2023-05-01 22:00:00     47.254150
2023-05-01 23:00:00     47.254150
Freq: H, Length: 11664, dtype: float64",2022-01-01,2023-05-01 23:00:00,486 days,100.0,40.9693159288145,121.56986323361299,47.25415042643595,-52.74584957356405,-70.17976286600607,34.636488340192045,100.0,66.29977624463852,355 days 14:00:00,71,0.0,36,34.285714285714285,23.663231576900642,-19.869310001107532,10.00716345596281,-7.669957865692675,6 days 07:09:59.999999999,3 days 20:31:18.260869565,0.613455062205046,-1.5066394599110158,-0.4861467165498493,-0.6493208814442154,0.9715825345722068,-0.7330218627187156,long
3913,"{'window_k': 237, 'window_d': 72, 'window_ma': 147}","open_time
2022-01-01 00:00:00    100.000000
2022-01-01 01:00:00    100.000000
2022-01-01 02:00:00    100.000000
2022-01-01 03:00:00    100.000000
2022-01-01 04:00:00    100.000000
                          ...    
2023-05-01 19:00:00     46.917439
2023-05-01 20:00:00     46.809691
2023-05-01 21:00:00     47.045389
2023-05-01 22:00:00     47.254150
2023-05-01 23:00:00     47.254150
Freq: H, Length: 11664, dtype: float64",2022-01-01,2023-05-01 23:00:00,486 days,100.0,40.9693159288145,121.56986323361299,47.25415042643595,-52.74584957356405,-70.17976286600607,34.636488340192045,100.0,66.29977624463852,355 days 14:00:00,71,0.0,36,34.285714285714285,23.663231576900642,-19.869310001107532,10.00716345596281,-7.669957865692675,6 days 07:09:59.999999999,3 days 20:31:18.260869565,0.613455062205046,-1.5066394599110158,-0.4861467165498493,-0.6493208814442154,0.9715825345722068,-0.7330218627187156,long
2029,"{'window_k': 117, 'window_d': 222, 'window_ma': 207}","open_time
2022-01-01 00:00:00    100.000000
2022-01-01 01:00:00    100.000000
2022-01-01 02:00:00    100.000000
2022-01-01 03:00:00    100.000000
2022-01-01 04:00:00    100.000000
                          ...    
2023-05-01 19:00:00     44.128982
2023-05-01 20:00:00     44.128982
2023-05-01 21:00:00     44.128982
2023-05-01 22:00:00     44.128982
2023-05-01 23:00:00     44.128982
Freq: H, Length: 11664, dtype: float64",2022-01-01,2023-05-01 23:00:00,486 days,100.0,35.17123053421256,119.97523730912091,44.12898243071222,-55.87101756928779,-70.17976286600607,38.348765432098766,100.0,70.68459181823286,451 days 16:00:00,46,0.0,23,26.08695652173913,43.371378402107105,-24.299789660135055,14.374019795771956,-8.664770660102047,11 days 08:49:59.999999999,6 days 22:49:24.705882352,0.41894525427728885,-2.4291746769255527,-0.7988713452551268,-0.6493985507129565,0.961196792382776,-1.108939067799689,long
3921,"{'window_k': 237, 'window_d': 87, 'window_ma': 27}","open_time
2022-01-01 00:00:00    100.000000
2022-01-01 01:00:00    100.000000
2022-01-01 02:00:00    100.000000
2022-01-01 03:00:00    100.000000
2022-01-01 04:00:00    100.000000
                          ...    
2023-05-01 19:00:00     46.101278
2023-05-01 20:00:00     45.995404
2023-05-01 21:00:00     46.227002
2023-05-01 22:00:00     46.432132
2023-05-01 23:00:00     46.432132
Freq: H, Length: 11664, dtype: float64",2022-01-01,2023-05-01 23:00:00,486 days,100.0,40.78569221136526,125.25157001448481,46.43213221825696,-53.56786778174304,-70.17976286600607,27.143347050754457,100.0,67.43698126366914,430 days 01:00:00,69,0.0,35,38.23529411764706,22.614234284131836,-20.949099799955555,7.445693780261788,-7.542109297996384,4 days 00:36:55.384615384,3 days 15:08:34.285714285,0.5516252070400288,-1.5835049570599102,-0.9209103162362356,-0.649428338617386,0.947388644209234,-1.272190335485995,long
2039,"{'window_k': 117, 'window_d': 237, 'window_ma': 117}","open_time
2022-01-01 00:00:00    100.000000
2022-01-01 01:00:00    100.000000
2022-01-01 02:00:00    100.000000
2022-01-01 03:00:00    100.000000
2022-01-01 04:00:00    100.000000
                          ...    
2023-05-01 19:00:00     46.384694
2023-05-01 20:00:00     46.384694
2023-05-01 21:00:00     46.384694
2023-05-01 22:00:00     46.384694
2023-05-01 23:00:00     46.384694
Freq: H, Length: 11664, dtype: float64",2022-01-01,2023-05-01 23:00:00,486 days,100.0,38.61989620542758,118.77425944841674,46.38469350677215,-53.61530649322784,-70.17976286600607,30.229766803840878,100.0,67.48462471180461,451 days 16:00:00,44,0.0,22,22.727272727272727,25.765400221320533,-22.22719141323792,10.002268125453284,-6.770258494905722,9 days 03:24:00,5 days 22:52:56.470588235,0.3484734245730521,-2.437059386055812,-0.9151693816899209,-0.6496089837123905,0.9501414629898308,-1.2666862226748883,long
3141,"{'window_k': 192, 'window_d': 72, 'window_ma': 87}","open_time
2022-01-01 00:00:00    100.000000
2022-01-01 01:00:00    100.000000
2022-01-01 02:00:00    100.000000
2022-01-01 03:00:00    100.000000
2022-01-01 04:00:00    100.000000
                          ...    
2023-05-01 19:00:00     47.218677
2023-05-01 20:00:00     47.218677
2023-05-01 21:00:00     47.218677
2023-05-01 22:00:00     47.218677
2023-05-01 23:00:00     47.218677
Freq: H, Length: 11664, dtype: float64",2022-01-01,2023-05-01 23:00:00,486 days,100.0,41.875636008297896,124.2873846397306,47.21867713278795,-52.78132286721204,-70.17976286600607,33.89060356652949,100.0,66.30741234946575,355 days 14:00:00,76,0.0,38,34.21052631578947,18.82169939723898,-23.16848825884644,7.6335115558918085,-6.357605147288008,5 days 15:13:50.769230769,3 days 15:48:00,0.5633633494712008,-1.388982180716107,-0.5202132829050229,-0.6497303788554721,0.9692463614072658,-0.7908826145437315,long
2051,"{'window_k': 132, 'window_d': 12, 'window_ma': 57}","open_time
2022-01-01 00:00:00    100.000000
2022-01-01 01:00:00    100.000000
2022-01-01 02:00:00    100.000000
2022-01-01 03:00:00    100.000000
2022-01-01 04:00:00    100.000000
                          ...    
2023-05-01 19:00:00     49.448765
2023-05-01 20:00:00     49.335204
2023-05-01 21:00:00     49.583619
2023-05-01 22:00:00     49.803644
2023-05-01 23:00:00     49.803644
Freq: H, Length: 11664, dtype: float64",2022-01-01,2023-05-01 23:00:00,486 days,100.0,37.54349394721273,100.66296838462756,49.8036437671261,-50.19635623287391,-70.17976286600607,41.60665294924554,100.0,62.70376827776314,469 days 22:00:00,465,0.0,233,31.03448275862069,34.161431562916434,-14.131233595800524,4.878290041114352,-2.4457678560574845,1 days 06:45:50,0 days 16:26:37.500000,0.7903720610559369,-0.2168224990187525,-0.3579937211713249,-0.649998628370547,0.980857393283668,-0.5446145334751769,long
2524,"{'window_k': 147, 'window_d': 207, 'window_ma': 192}","open_time
2022-01-01 00:00:00    100.000000
2022-01-01 01:00:00    100.000000
2022-01-01 02:00:00    100.000000
2022-01-01 03:00:00    100.000000
2022-01-01 04:00:00    100.000000
                          ...    
2023-05-01 19:00:00     47.289074
2023-05-01 20:00:00     47.289074
2023-05-01 21:00:00     47.289074
2023-05-01 22:00:00     47.289074
2023-05-01 23:00:00     47.289074
Freq: H, Length: 11664, dtype: float64",2022-01-01,2023-05-01 23:00:00,486 days,100.0,40.75065538208536,120.44124501527784,47.28907417389591,-52.71092582610408,-70.17976286600607,33.78772290809328,100.0,66.16553127052431,451 days 16:00:00,42,0.0,21,38.095238095238095,41.55022797470216,-25.916897506925206,11.202924236501778,-11.04288756825436,10 days 07:52:30,6 days 06:36:55.384615384,0.4769362337676871,-2.510044086957339,-0.7875106424850371,-0.650160599469365,0.9590860203381294,-1.0849064132492903,long
2548,"{'window_k': 147, 'window_d': 237, 'window_ma': 72}","open_time
2022-01-01 00:00:00    100.000000
2022-01-01 01:00:00    100.000000
2022-01-01 02:00:00    100.000000
2022-01-01 03:00:00    100.000000
2022-01-01 04:00:00    100.000000
                          ...    
2023-05-01 19:00:00     43.314455
2023-05-01 20:00:00     43.314455
2023-05-01 21:00:00     43.314455
2023-05-01 22:00:00     43.314455
2023-05-01 23:00:00     43.314455
Freq: H, Length: 11664, dtype: float64",2022-01-01,2023-05-01 23:00:00,486 days,100.0,33.074795030320296,117.0752885892328,43.3144552314776,-56.6855447685224,-70.17976286600607,27.906378600823047,100.0,71.7491236375546,453 days 11:00:00,36,0.0,18,33.33333333333333,28.052379195868678,-22.360524561013545,9.633642188670336,-10.549959773049807,8 days 12:40:00,7 days 00:55:00,0.32429797470644256,-3.1491969315845765,-1.042045379978928,-0.6502397093965457,0.9414750129951026,-1.424868618413952,long
3143,"{'window_k': 192, 'window_d': 72, 'window_ma': 117}","open_time
2022-01-01 00:00:00    100.000000
2022-01-01 01:00:00    100.000000
2022-01-01 02:00:00    100.000000
2022-01-01 03:00:00    100.000000
2022-01-01 04:00:00    100.000000
                          ...    
2023-05-01 19:00:00     46.941043
2023-05-01 20:00:00     46.833241
2023-05-01 21:00:00     47.069058
2023-05-01 22:00:00     47.277924
2023-05-01 23:00:00     47.277924
Freq: H, Length: 11664, dtype: float64",2022-01-01,2023-05-01 23:00:00,486 days,100.0,41.85050097562641,123.71278100225328,47.27792418674702,-52.72207581325298,-70.17976286600607,33.26474622770919,100.0,66.17123902916373,355 days 14:00:00,75,0.0,38,32.432432432432435,27.42852365825112,-23.16848825884644,8.59048972952694,-6.499471147183375,5 days 10:54:59.999999999,3 days 16:04:48,0.5827243157297428,-1.4422202788568956,-0.5318454029497965,-0.6502570112134838,0.9680651104573245,-0.8103506480483127,long
1284,"{'window_k': 87, 'window_d': 12, 'window_ma': 72}","open_time
2022-01-01 00:00:00    100.000000
2022-01-01 01:00:00    100.000000
2022-01-01 02:00:00    100.000000
2022-01-01 03:00:00    100.000000
2022-01-01 04:00:00    100.000000
                          ...    
2023-05-01 19:00:00     41.238542
2023-05-01 20:00:00     41.143836
2023-05-01 21:00:00     41.351005
2023-05-01 22:00:00     41.534498
2023-05-01 23:00:00     41.534498
Freq: H, Length: 11664, dtype: float64",2022-01-01,2023-05-01 23:00:00,486 days,100.0,26.080568008263786,101.42055773033617,41.5344978580552,-58.4655021419448,-70.17976286600607,43.132716049382715,100.0,74.28473221611682,481 days 09:00:00,481,0.0,241,34.583333333333336,30.742374127159135,-16.33320749968542,4.353862309676282,-2.671921871019557,1 days 07:27:28.192771084,0 days 15:21:47.006369426,0.7213075353021102,-0.2430636724960511,-0.5025718881509291,-0.6503233312893278,0.9732727645122512,-0.7724756970653808,long
3797,"{'window_k': 222, 'window_d': 207, 'window_ma': 87}","open_time
2022-01-01 00:00:00    100.000000
2022-01-01 01:00:00    100.000000
2022-01-01 02:00:00    100.000000
2022-01-01 03:00:00    100.000000
2022-01-01 04:00:00    100.000000
                          ...    
2023-05-01 19:00:00     46.474534
2023-05-01 20:00:00     46.474534
2023-05-01 21:00:00     46.474534
2023-05-01 22:00:00     46.474534
2023-05-01 23:00:00     46.474534
Freq: H, Length: 11664, dtype: float64",2022-01-01,2023-05-01 23:00:00,486 days,100.0,38.942448853767935,118.80459770114943,46.47453396392997,-53.52546603607002,-70.17976286600607,30.675582990397803,100.0,67.22142946712644,451 days 16:00:00,38,0.0,19,26.31578947368421,27.444444444444454,-23.34767736952443,15.084684392463576,-9.645545787560046,12 days 01:36:00,6 days 08:08:34.285714285,0.427291676920878,-2.817129791372107,-0.8798220434102296,-0.6509374201868185,0.9519204870519081,-1.2052643586200043,long
2783,"{'window_k': 162, 'window_d': 207, 'window_ma': 237}","open_time
2022-01-01 00:00:00    100.000000
2022-01-01 01:00:00    100.000000
2022-01-01 02:00:00    100.000000
2022-01-01 03:00:00    100.000000
2022-01-01 04:00:00    100.000000
                          ...    
2023-05-01 19:00:00     49.494407
2023-05-01 20:00:00     49.494407
2023-05-01 21:00:00     49.494407
2023-05-01 22:00:00     49.494407
2023-05-01 23:00:00     49.494407
Freq: H, Length: 11664, dtype: float64",2022-01-01,2023-05-01 23:00:00,486 days,100.0,44.25904179823075,119.71584474415731,49.49440742539964,-50.50559257460036,-70.17976286600607,33.20473251028807,100.0,63.029921483813624,451 days 16:00:00,42,0.0,21,19.047619047619047,40.8252853380158,-26.231322634200342,19.137245467890914,-7.543546350493827,12 days 19:45:00,6 days 11:24:42.352941176,0.45977528389512967,-2.405028217838112,-0.7196729971405867,-0.6510215784512273,0.9622046377907525,-1.0003001081229346,long
1285,"{'window_k': 87, 'window_d': 12, 'window_ma': 87}","open_time
2022-01-01 00:00:00    100.000000
2022-01-01 01:00:00    100.000000
2022-01-01 02:00:00    100.000000
2022-01-01 03:00:00    100.000000
2022-01-01 04:00:00    100.000000
                          ...    
2023-05-01 19:00:00     40.242621
2023-05-01 20:00:00     40.150202
2023-05-01 21:00:00     40.352368
2023-05-01 22:00:00     40.531430
2023-05-01 23:00:00     40.531430
Freq: H, Length: 11664, dtype: float64",2022-01-01,2023-05-01 23:00:00,486 days,100.0,24.716831608749565,101.42055773033617,40.53142980209788,-59.46857019790212,-70.17976286600607,43.192729766803836,100.0,75.62936729803012,481 days 09:00:00,481,0.0,241,35.0,30.742374127159124,-16.33320749968542,4.3070018347704035,-2.706699554597934,1 days 07:07:08.571428571,0 days 15:29:13.846153846,0.7106076125887709,-0.2472562263212159,-0.526925967795627,-0.6511952791419295,0.9720096226940187,-0.8099401765454366,long
2031,"{'window_k': 117, 'window_d': 222, 'window_ma': 237}","open_time
2022-01-01 00:00:00    100.000000
2022-01-01 01:00:00    100.000000
2022-01-01 02:00:00    100.000000
2022-01-01 03:00:00    100.000000
2022-01-01 04:00:00    100.000000
                          ...    
2023-05-01 19:00:00     44.140699
2023-05-01 20:00:00     44.140699
2023-05-01 21:00:00     44.140699
2023-05-01 22:00:00     44.140699
2023-05-01 23:00:00     44.140699
Freq: H, Length: 11664, dtype: float64",2022-01-01,2023-05-01 23:00:00,486 days,100.0,35.44765020125265,119.97523730912091,44.14069893311271,-55.85930106688729,-70.17976286600607,37.954389574759944,100.0,70.45419455189709,451 days 16:00:00,46,0.0,23,21.73913043478261,43.37137840210711,-24.29978966013506,17.00959170989443,-8.145769668487116,12 days 02:12:00,6 days 21:20:00,0.4129965568007695,-2.428665263777708,-0.8112745572242259,-0.651369090921152,0.9604470331517785,-1.1297294105756535,long
2986,"{'window_k': 177, 'window_d': 162, 'window_ma': 162}","open_time
2022-01-01 00:00:00    100.000000
2022-01-01 01:00:00    100.000000
2022-01-01 02:00:00    100.000000
2022-01-01 03:00:00    100.000000
2022-01-01 04:00:00    100.000000
                          ...    
2023-05-01 19:00:00     39.625557
2023-05-01 20:00:00     39.534555
2023-05-01 21:00:00     39.733622
2023-05-01 22:00:00     39.909937
2023-05-01 23:00:00     39.909937
Freq: H, Length: 11664, dtype: float64",2022-01-01,2023-05-01 23:00:00,486 days,100.0,29.265620506196036,124.55012853470436,39.90993748786422,-60.09006251213578,-70.17976286600607,35.80246913580247,100.0,76.50293833455055,451 days 16:00:00,49,0.0,25,29.166666666666668,37.60834435140295,-26.766441214563248,15.049628410701974,-9.982854396882491,10 days 15:42:51.428571428,5 days 18:17:38.823529411,0.44917815643458897,-2.5087292606936824,-0.8990133418499193,-0.6514135544041919,0.9544828191308957,-1.2409013654683325,long
384,"{'window_k': 27, 'window_d': 132, 'window_ma': 12}","open_time
2022-01-01 00:00:00    100.000000
2022-01-01 01:00:00    100.000000
2022-01-01 02:00:00    100.000000
2022-01-01 03:00:00    100.000000
2022-01-01 04:00:00    100.000000
                          ...    
2023-05-01 19:00:00     66.729312
2023-05-01 20:00:00     66.729312
2023-05-01 21:00:00     66.729312
2023-05-01 22:00:00     66.729312
2023-05-01 23:00:00     66.729312
Freq: H, Length: 11664, dtype: float64",2022-01-01,2023-05-01 23:00:00,486 days,100.0,60.1118866173728,100.55409466566492,66.72931170338947,-33.27068829661053,-70.17976286600607,13.906035665294924,100.0,40.21935474906272,476 days 19:00:00,90,0.0,45,51.11111111111111,12.440944881889763,-18.306264501160086,3.1337565850495177,-4.796144481463524,1 days 14:02:36.521739130,1 days 09:57:16.363636363,0.5963233272754221,-0.7393486288135678,-0.7223733363170022,-0.6514260595452641,0.9413589318571874,-0.98003862334937,long
2059,"{'window_k': 132, 'window_d': 12, 'window_ma': 177}","open_time
2022-01-01 00:00:00    100.000000
2022-01-01 01:00:00    100.000000
2022-01-01 02:00:00    100.000000
2022-01-01 03:00:00    100.000000
2022-01-01 04:00:00    100.000000
                          ...    
2023-05-01 19:00:00     49.742378
2023-05-01 20:00:00     49.628142
2023-05-01 21:00:00     49.878032
2023-05-01 22:00:00     50.099363
2023-05-01 23:00:00     50.099363
Freq: H, Length: 11664, dtype: float64",2022-01-01,2023-05-01 23:00:00,486 days,100.0,38.103384783308755,100.66296838462756,50.099363399858966,-49.900636600141034,-70.17976286600607,41.70096021947874,100.0,62.147564894254,469 days 22:00:00,465,0.0,233,31.03448275862069,34.161431562916455,-14.131233595800532,4.867883780708091,-2.4377472314770445,1 days 06:48:20,0 days 16:29:37.499999999,0.7921544124644462,-0.21555057021260393,-0.35166651446342195,-0.6515681202801998,0.9812093489291025,-0.5350046217837489,long
1793,"{'window_k': 117, 'window_d': 12, 'window_ma': 27}","open_time
2022-01-01 00:00:00    100.000000
2022-01-01 01:00:00    100.000000
2022-01-01 02:00:00    100.000000
2022-01-01 03:00:00    100.000000
2022-01-01 04:00:00    100.000000
                          ...    
2023-05-01 19:00:00     48.975400
2023-05-01 20:00:00     48.862926
2023-05-01 21:00:00     49.108963
2023-05-01 22:00:00     49.326881
2023-05-01 23:00:00     49.326881
Freq: H, Length: 11664, dtype: float64",2022-01-01,2023-05-01 23:00:00,486 days,100.0,39.011610325137134,105.95181997342588,49.32688111224451,-50.6731188877555,-70.17976286600607,37.92866941015089,100.0,63.17985822714346,426 days 10:00:00,459,0.0,230,34.06113537117904,22.231966673975005,-12.692913385826765,4.108864517130619,-2.4368568593988433,1 days 04:03:04.615384615,0 days 14:45:17.880794701,0.7951224722283536,-0.22060465995614553,-0.4897437491414486,-0.6518501006954439,0.9744720420468378,-0.7095750365649682,long
941,"{'window_k': 57, 'window_d': 162, 'window_ma': 207}","open_time
2022-01-01 00:00:00    100.000000
2022-01-01 01:00:00    100.000000
2022-01-01 02:00:00    100.000000
2022-01-01 03:00:00    100.000000
2022-01-01 04:00:00    100.000000
                          ...    
2023-05-01 19:00:00     42.134877
2023-05-01 20:00:00     42.038112
2023-05-01 21:00:00     42.249785
2023-05-01 22:00:00     42.437266
2023-05-01 23:00:00     42.437266
Freq: H, Length: 11664, dtype: float64",2022-01-01,2023-05-01 23:00:00,486 days,100.0,33.36249958623607,122.65981930938446,42.437265688683766,-57.562734311316234,-70.17976286600607,38.52023319615912,100.0,72.80079183706773,397 days 07:00:00,73,0.0,37,27.77777777777778,40.062731679498135,-27.921728202980066,14.26523066563194,-7.67741836571182,8 days 02:18:00,3 days 23:02:18.461538461,0.5986290620598406,-1.6055166026331489,-0.7542835989922549,-0.6520198374319021,0.9635311902032044,-1.0398071935015993,long
3997,"{'window_k': 237, 'window_d': 147, 'window_ma': 207}","open_time
2022-01-01 00:00:00    100.000000
2022-01-01 01:00:00    100.000000
2022-01-01 02:00:00    100.000000
2022-01-01 03:00:00    100.000000
2022-01-01 04:00:00    100.000000
                          ...    
2023-05-01 19:00:00     48.965522
2023-05-01 20:00:00     48.853071
2023-05-01 21:00:00     49.099058
2023-05-01 22:00:00     49.316932
2023-05-01 23:00:00     49.316932
Freq: H, Length: 11664, dtype: float64",2022-01-01,2023-05-01 23:00:00,486 days,100.0,44.96615140496893,122.0274950152167,49.31693239449226,-50.68306760550774,-70.17976286600607,37.48285322359396,100.0,63.150803514108276,451 days 16:00:00,49,0.0,25,29.166666666666668,32.4288647697272,-22.868473231989423,13.788435674925466,-8.736741850678111,10 days 09:00:00,6 days 09:14:07.058823529,0.5505318804047818,-2.1246795307420387,-0.5584197339151855,-0.6522910880687698,0.9710967957798619,-0.8057446850633143,long
3756,"{'window_k': 222, 'window_d': 162, 'window_ma': 192}","open_time
2022-01-01 00:00:00    100.000000
2022-01-01 01:00:00    100.000000
2022-01-01 02:00:00    100.000000
2022-01-01 03:00:00    100.000000
2022-01-01 04:00:00    100.000000
                          ...    
2023-05-01 19:00:00     47.763371
2023-05-01 20:00:00     47.653681
2023-05-01 21:00:00     47.893629
2023-05-01 22:00:00     48.106154
2023-05-01 23:00:00     48.106154
Freq: H, Length: 11664, dtype: float64",2022-01-01,2023-05-01 23:00:00,486 days,100.0,42.43366992650458,120.59738643434972,48.10615417204688,-51.89384582795312,-70.17976286600607,37.81721536351166,100.0,64.81377318271782,451 days 16:00:00,47,0.0,24,30.434782608695656,37.79573842762675,-23.320420586607643,13.477906648790219,-9.2803748709308,11 days 00:00:00,6 days 15:15:00,0.5153866073129608,-2.2824845111678296,-0.5796317616893046,-0.6523362197982252,0.9699823387973301,-0.830728186164958,long
3588,"{'window_k': 222, 'window_d': 12, 'window_ma': 72}","open_time
2022-01-01 00:00:00    100.000000
2022-01-01 01:00:00    100.000000
2022-01-01 02:00:00    100.000000
2022-01-01 03:00:00    100.000000
2022-01-01 04:00:00    100.000000
                          ...    
2023-05-01 19:00:00     37.950541
2023-05-01 20:00:00     37.863386
2023-05-01 21:00:00     38.054038
2023-05-01 22:00:00     38.222900
2023-05-01 23:00:00     38.222900
Freq: H, Length: 11664, dtype: float64",2022-01-01,2023-05-01 23:00:00,486 days,100.0,25.285515943321727,119.51416585746973,38.22290029131994,-61.77709970868006,-70.17976286600607,40.483539094650205,100.0,78.84308043158939,453 days 11:00:00,435,0.0,218,32.71889400921659,25.397120297259633,-16.333207499685425,4.134789482909429,-2.541373663936982,1 days 10:50:42.253521126,0 days 14:58:45,0.7012283140223771,-0.2850636289880448,-0.6562941292720179,-0.6523864831142158,0.9648956493256406,-0.9989271387921966,long
2030,"{'window_k': 117, 'window_d': 222, 'window_ma': 222}","open_time
2022-01-01 00:00:00    100.000000
2022-01-01 01:00:00    100.000000
2022-01-01 02:00:00    100.000000
2022-01-01 03:00:00    100.000000
2022-01-01 04:00:00    100.000000
                          ...    
2023-05-01 19:00:00     41.761282
2023-05-01 20:00:00     41.761282
2023-05-01 21:00:00     41.761282
2023-05-01 22:00:00     41.761282
2023-05-01 23:00:00     41.761282
Freq: H, Length: 11664, dtype: float64",2022-01-01,2023-05-01 23:00:00,486 days,100.0,31.524964506743405,119.97523730912091,41.76128166955298,-58.23871833044703,-70.17976286600607,37.525720164609055,100.0,73.72377399386335,451 days 16:00:00,46,0.0,23,26.08695652173913,43.3713784021071,-24.29978966013506,15.154209874885863,-9.18343001587144,10 days 04:20:00,7 days 03:14:07.058823529,0.4047866492563899,-2.5321181882803057,-0.8746975692180406,-0.6523983505815231,0.9575074953188414,-1.2100162910268053,long
2056,"{'window_k': 132, 'window_d': 12, 'window_ma': 132}","open_time
2022-01-01 00:00:00    100.000000
2022-01-01 01:00:00    100.000000
2022-01-01 02:00:00    100.000000
2022-01-01 03:00:00    100.000000
2022-01-01 04:00:00    100.000000
                          ...    
2023-05-01 19:00:00     49.877996
2023-05-01 20:00:00     49.763449
2023-05-01 21:00:00     50.014020
2023-05-01 22:00:00     50.235955
2023-05-01 23:00:00     50.235955
Freq: H, Length: 11664, dtype: float64",2022-01-01,2023-05-01 23:00:00,486 days,100.0,38.405813232153704,100.66296838462756,50.23595497401259,-49.76404502598741,-70.17976286600607,41.26371742112483,100.0,61.84712824540674,469 days 22:00:00,465,0.0,233,31.03448275862069,34.16143156291645,-14.131233595800532,4.863520126209788,-2.4341069423412653,1 days 06:43:20,0 days 16:12:44.999999999,0.7932270323930977,-0.21496307199262588,-0.34929355065529466,-0.6527638037288698,0.9812717028004484,-0.5314288950004059,long
2991,"{'window_k': 177, 'window_d': 162, 'window_ma': 237}","open_time
2022-01-01 00:00:00    100.000000
2022-01-01 01:00:00    100.000000
2022-01-01 02:00:00    100.000000
2022-01-01 03:00:00    100.000000
2022-01-01 04:00:00    100.000000
                          ...    
2023-05-01 19:00:00     39.633010
2023-05-01 20:00:00     39.541991
2023-05-01 21:00:00     39.741095
2023-05-01 22:00:00     39.917444
2023-05-01 23:00:00     39.917444
Freq: H, Length: 11664, dtype: float64",2022-01-01,2023-05-01 23:00:00,486 days,100.0,29.480997847714132,124.55012853470436,39.917443698936864,-60.082556301063136,-70.17976286600607,37.94581618655693,100.0,76.33001411194881,451 days 16:00:00,49,0.0,25,29.166666666666668,37.60834435140296,-26.76644121456325,14.954122033187495,-9.954793040774222,10 days 18:08:34.285714285,6 days 08:00:00,0.4517127227647505,-2.5084174379022235,-0.8830191867879813,-0.6527964890499601,0.9562985854032249,-1.219315929169879,long
3496,"{'window_k': 207, 'window_d': 162, 'window_ma': 132}","open_time
2022-01-01 00:00:00    100.000000
2022-01-01 01:00:00    100.000000
2022-01-01 02:00:00    100.000000
2022-01-01 03:00:00    100.000000
2022-01-01 04:00:00    100.000000
                          ...    
2023-05-01 19:00:00     41.022557
2023-05-01 20:00:00     40.928347
2023-05-01 21:00:00     41.134432
2023-05-01 22:00:00     41.316963
2023-05-01 23:00:00     41.316963
Freq: H, Length: 11664, dtype: float64",2022-01-01,2023-05-01 23:00:00,486 days,100.0,31.26035163036949,121.53010033444815,41.31696346994548,-58.68303653005452,-70.17976286600607,36.231138545953364,100.0,74.27768796015005,451 days 16:00:00,49,0.0,25,29.166666666666668,37.53300088002348,-29.87071751777634,14.939732886078458,-9.851077036073153,9 days 21:51:25.714285714,6 days 05:14:07.058823529,0.44962328092285075,-2.4559214153963604,-0.8458391517030133,-0.6531241506756118,0.9561699314366635,-1.1677985395392514,long
1806,"{'window_k': 117, 'window_d': 12, 'window_ma': 222}","open_time
2022-01-01 00:00:00    100.000000
2022-01-01 01:00:00    100.000000
2022-01-01 02:00:00    100.000000
2022-01-01 03:00:00    100.000000
2022-01-01 04:00:00    100.000000
                          ...    
2023-05-01 19:00:00     49.125761
2023-05-01 20:00:00     49.012941
2023-05-01 21:00:00     49.259734
2023-05-01 22:00:00     49.478321
2023-05-01 23:00:00     49.478321
Freq: H, Length: 11664, dtype: float64",2022-01-01,2023-05-01 23:00:00,486 days,100.0,37.97144823240028,102.17440136573971,49.478321120981605,-50.521678879018395,-70.17976286600607,40.39780521262003,100.0,62.836632537264315,480 days 05:00:00,459,0.0,230,34.49781659388647,35.122786978869215,-12.69291338582677,4.360430109012336,-2.576610395123872,1 days 05:32:39.493670886,0 days 15:48:00,0.801262290449251,-0.21994127650653117,-0.3682256591719981,-0.6532532246452046,0.9800752087242735,-0.5604478189919916,long
2033,"{'window_k': 117, 'window_d': 237, 'window_ma': 27}","open_time
2022-01-01 00:00:00    100.000000
2022-01-01 01:00:00    100.000000
2022-01-01 02:00:00    100.000000
2022-01-01 03:00:00    100.000000
2022-01-01 04:00:00    100.000000
                          ...    
2023-05-01 19:00:00     46.336926
2023-05-01 20:00:00     46.336926
2023-05-01 21:00:00     46.336926
2023-05-01 22:00:00     46.336926
2023-05-01 23:00:00     46.336926
Freq: H, Length: 11664, dtype: float64",2022-01-01,2023-05-01 23:00:00,486 days,100.0,38.99418868482847,118.77425944841674,46.33692617075224,-53.66307382924775,-70.17976286600607,24.511316872427983,100.0,67.16949542273213,451 days 16:00:00,44,0.0,22,27.27272727272727,15.381674525296285,-22.227191413237918,7.7210844873422255,-7.044312382769058,4 days 14:40:00,5 days 17:11:15,0.3406427441924052,-2.4392306286021714,-1.1084733676235383,-0.6533034059309561,0.9334370098010173,-1.523396123451044,long
3675,"{'window_k': 222, 'window_d': 87, 'window_ma': 177}","open_time
2022-01-01 00:00:00    100.000000
2022-01-01 01:00:00    100.000000
2022-01-01 02:00:00    100.000000
2022-01-01 03:00:00    100.000000
2022-01-01 04:00:00    100.000000
                          ...    
2023-05-01 19:00:00     48.605791
2023-05-01 20:00:00     48.494166
2023-05-01 21:00:00     48.738346
2023-05-01 22:00:00     48.954620
2023-05-01 23:00:00     48.954620
Freq: H, Length: 11664, dtype: float64",2022-01-01,2023-05-01 23:00:00,486 days,100.0,38.49656494704605,105.5967152289496,48.95461998312851,-51.04538001687149,-70.17976286600607,37.954389574759944,100.0,63.54378555849991,309 days 12:00:00,67,0.0,34,27.27272727272727,30.629652605459057,-21.523959151610374,16.374390223333577,-8.071498273761083,9 days 18:53:20,3 days 20:55:00,0.6309341363584418,-1.5628969588881771,-0.42774722513694646,-0.653367971750872,0.9762426468283973,-0.6451621953368487,long
1282,"{'window_k': 87, 'window_d': 12, 'window_ma': 42}","open_time
2022-01-01 00:00:00    100.000000
2022-01-01 01:00:00    100.000000
2022-01-01 02:00:00    100.000000
2022-01-01 03:00:00    100.000000
2022-01-01 04:00:00    100.000000
                          ...    
2023-05-01 19:00:00     40.674625
2023-05-01 20:00:00     40.581214
2023-05-01 21:00:00     40.785550
2023-05-01 22:00:00     40.966534
2023-05-01 23:00:00     40.966534
Freq: H, Length: 11664, dtype: float64",2022-01-01,2023-05-01 23:00:00,486 days,100.0,25.652167609779955,101.42055773033617,40.96653382175624,-59.03346617824376,-70.17976286600607,42.781207133058984,100.0,74.70713217927111,481 days 09:00:00,481,0.0,241,35.41666666666667,30.742374127159124,-16.33320749968542,4.226201153474375,-2.7018514449842357,1 days 07:16:14.117647058,0 days 14:59:36.774193548,0.7169263837283112,-0.24543760891920696,-0.5216072801510832,-0.6537644417663107,0.9721079468350651,-0.8031974702874479,long
1511,"{'window_k': 87, 'window_d': 222, 'window_ma': 117}","open_time
2022-01-01 00:00:00    100.000000
2022-01-01 01:00:00    100.000000
2022-01-01 02:00:00    100.000000
2022-01-01 03:00:00    100.000000
2022-01-01 04:00:00    100.000000
                          ...    
2023-05-01 19:00:00     40.707505
2023-05-01 20:00:00     40.614019
2023-05-01 21:00:00     40.818520
2023-05-01 22:00:00     40.999650
2023-05-01 23:00:00     40.999650
Freq: H, Length: 11664, dtype: float64",2022-01-01,2023-05-01 23:00:00,486 days,100.0,31.75858005332709,125.23057774424788,40.99965023384648,-59.00034976615351,-70.17976286600607,29.612482853223593,100.0,74.63991572554585,451 days 16:00:00,49,0.0,25,33.33333333333333,26.27777777777776,-26.827921360724538,8.494908049093262,-8.90290407566014,6 days 20:30:00,5 days 13:15:00,0.42282753509009724,-2.4683295328528745,-1.169223414662831,-0.6539371026887041,0.9368484777839503,-1.596719946590937,long
2306,"{'window_k': 147, 'window_d': 12, 'window_ma': 42}","open_time
2022-01-01 00:00:00    100.000000
2022-01-01 01:00:00    100.000000
2022-01-01 02:00:00    100.000000
2022-01-01 03:00:00    100.000000
2022-01-01 04:00:00    100.000000
                          ...    
2023-05-01 19:00:00     47.168050
2023-05-01 20:00:00     47.059726
2023-05-01 21:00:00     47.296684
2023-05-01 22:00:00     47.506560
2023-05-01 23:00:00     47.506560
Freq: H, Length: 11664, dtype: float64",2022-01-01,2023-05-01 23:00:00,486 days,100.0,35.094863760469494,101.60273315888524,47.50656023143373,-52.49343976856626,-70.17976286600607,40.62071330589849,100.0,65.45874045967983,453 days 11:00:00,463,0.0,232,31.601731601731604,28.488482771749496,-14.13123359580053,4.581916041614945,-2.4170888147651555,1 days 07:41:55.068493150,0 days 15:17:50.886075949,0.7665206526230891,-0.2276839519975301,-0.41710073910069745,-0.654175689451782,0.977402446107619,-0.6372985421398184,long
3289,"{'window_k': 192, 'window_d': 207, 'window_ma': 147}","open_time
2022-01-01 00:00:00    100.00000
2022-01-01 01:00:00    100.00000
2022-01-01 02:00:00    100.00000
2022-01-01 03:00:00    100.00000
2022-01-01 04:00:00    100.00000
                         ...    
2023-05-01 19:00:00     48.14481
2023-05-01 20:00:00     48.14481
2023-05-01 21:00:00     48.14481
2023-05-01 22:00:00     48.14481
2023-05-01 23:00:00     48.14481
Freq: H, Length: 11664, dtype: float64",2022-01-01,2023-05-01 23:00:00,486 days,100.0,43.76489824111258,123.4945699136195,48.14481010122988,-51.855189898770114,-70.17976286600607,30.65843621399177,100.0,64.5612772515223,424 days 03:00:00,40,0.0,20,30.0,21.46998316813165,-23.655913978494617,9.115479611056145,-8.29744058746236,8 days 18:20:00,6 days 21:17:08.571428571,0.4113473624340187,-2.592759494938508,-0.8162601722036977,-0.6543479883317507,0.955495417966645,-1.125932723650667,long
2,"{'window_k': 12, 'window_d': 12, 'window_ma': 42}","open_time
2022-01-01 00:00:00    100.000000
2022-01-01 01:00:00    100.000000
2022-01-01 02:00:00    100.000000
2022-01-01 03:00:00    100.000000
2022-01-01 04:00:00    100.000000
                          ...    
2023-05-01 19:00:00     39.268314
2023-05-01 20:00:00     39.178133
2023-05-01 21:00:00     39.375405
2023-05-01 22:00:00     39.550131
2023-05-01 23:00:00     39.550131
Freq: H, Length: 11664, dtype: float64",2022-01-01,2023-05-01 23:00:00,486 days,100.0,23.591536460186212,101.06073665910789,39.55013090747846,-60.44986909252154,-70.17976286600607,41.28086419753087,100.0,76.65608104583306,482 days 09:00:00,697,0.0,349,39.36781609195402,31.197497765862376,-12.69291338582677,3.2085722034444237,-2.390006858285955,0 days 18:02:11.386861313,0 days 11:02:50.616113744,0.7655749468992903,-0.1746459087924639,-0.6010955191921915,-0.6545481248215002,0.9680040411540686,-0.9078538128682834,long
1295,"{'window_k': 87, 'window_d': 12, 'window_ma': 237}","open_time
2022-01-01 00:00:00    100.000000
2022-01-01 01:00:00    100.000000
2022-01-01 02:00:00    100.000000
2022-01-01 03:00:00    100.000000
2022-01-01 04:00:00    100.000000
                          ...    
2023-05-01 19:00:00     40.705297
2023-05-01 20:00:00     40.611816
2023-05-01 21:00:00     40.816306
2023-05-01 22:00:00     40.997426
2023-05-01 23:00:00     40.997426
Freq: H, Length: 11664, dtype: float64",2022-01-01,2023-05-01 23:00:00,486 days,100.0,25.79396070680903,101.42055773033617,40.997426347191244,-59.002573652808756,-70.17976286600607,42.969821673525374,100.0,74.56732512219884,481 days 09:00:00,481,0.0,241,35.0,30.742374127159124,-16.33320749968543,4.3209221068799755,-2.7064099437318045,1 days 06:59:17.142857142,0 days 15:23:27.692307692,0.7175574407181183,-0.24530848649833825,-0.5164406610581764,-0.6546016704176875,0.9724815665977643,-0.7941005402511532,long
2988,"{'window_k': 177, 'window_d': 162, 'window_ma': 192}","open_time
2022-01-01 00:00:00    100.000000
2022-01-01 01:00:00    100.000000
2022-01-01 02:00:00    100.000000
2022-01-01 03:00:00    100.000000
2022-01-01 04:00:00    100.000000
                          ...    
2023-05-01 19:00:00     39.148447
2023-05-01 20:00:00     39.058541
2023-05-01 21:00:00     39.255211
2023-05-01 22:00:00     39.429404
2023-05-01 23:00:00     39.429404
Freq: H, Length: 11664, dtype: float64",2022-01-01,2023-05-01 23:00:00,486 days,100.0,28.913248996927088,124.55012853470436,39.4294035144106,-60.5705964855894,-70.17976286600607,38.425925925925924,100.0,76.78585374653326,451 days 16:00:00,49,0.0,25,29.166666666666668,37.60834435140297,-26.76644121456324,15.98454765272547,-10.38547106002689,10 days 07:25:42.857142857,6 days 15:42:21.176470588,0.4606427616237713,-2.528691588363875,-0.8977025641260834,-0.6549300432554249,0.9558824786682804,-1.2407351783214795,long
1290,"{'window_k': 87, 'window_d': 12, 'window_ma': 162}","open_time
2022-01-01 00:00:00    100.000000
2022-01-01 01:00:00    100.000000
2022-01-01 02:00:00    100.000000
2022-01-01 03:00:00    100.000000
2022-01-01 04:00:00    100.000000
                          ...    
2023-05-01 19:00:00     40.982480
2023-05-01 20:00:00     40.888362
2023-05-01 21:00:00     41.094245
2023-05-01 22:00:00     41.276599
2023-05-01 23:00:00     41.276599
Freq: H, Length: 11664, dtype: float64",2022-01-01,2023-05-01 23:00:00,486 days,100.0,26.24800981983151,101.42055773033617,41.27659885828296,-58.723401141717034,-70.17976286600607,42.969821673525374,100.0,74.11963569592913,481 days 09:00:00,481,0.0,241,35.0,30.742374127159124,-16.33320749968542,4.324838282086314,-2.7046931937503667,1 days 07:00:42.857142857,0 days 15:22:41.538461538,0.7186263087495821,-0.24414162072855705,-0.5095088921856316,-0.6550266100729186,0.9728554234004503,-0.783362129498605,long
933,"{'window_k': 57, 'window_d': 162, 'window_ma': 87}","open_time
2022-01-01 00:00:00    100.000000
2022-01-01 01:00:00    100.000000
2022-01-01 02:00:00    100.000000
2022-01-01 03:00:00    100.000000
2022-01-01 04:00:00    100.000000
                          ...    
2023-05-01 19:00:00     43.238822
2023-05-01 20:00:00     43.238822
2023-05-01 21:00:00     43.238822
2023-05-01 22:00:00     43.238822
2023-05-01 23:00:00     43.238822
Freq: H, Length: 11664, dtype: float64",2022-01-01,2023-05-01 23:00:00,486 days,100.0,35.07854250667839,122.18554997232289,43.2388219924605,-56.761178007539506,-70.17976286600607,36.07681755829904,100.0,71.29076022931984,451 days 16:00:00,74,0.0,37,32.432432432432435,44.91017964071857,-27.921728202980066,12.241972255518514,-8.003515635207508,6 days 16:35:00,3 days 19:14:24,0.6086907748282412,-1.534085892095662,-0.7794730114223183,-0.6554019391666077,0.9610205088895082,-1.0738737666253677,long
2400,"{'window_k': 147, 'window_d': 102, 'window_ma': 12}","open_time
2022-01-01 00:00:00    100.000000
2022-01-01 01:00:00    100.000000
2022-01-01 02:00:00    100.000000
2022-01-01 03:00:00    100.000000
2022-01-01 04:00:00    100.000000
                          ...    
2023-05-01 19:00:00     56.324219
2023-05-01 20:00:00     56.324219
2023-05-01 21:00:00     56.324219
2023-05-01 22:00:00     56.324219
2023-05-01 23:00:00     56.324219
Freq: H, Length: 11664, dtype: float64",2022-01-01,2023-05-01 23:00:00,486 days,100.0,50.40866516208521,108.1033180954064,56.32421899304355,-43.67578100695645,-70.17976286600607,16.65809327846365,100.0,53.36991865726348,391 days 18:00:00,72,0.0,36,38.88888888888889,19.852104664391366,-21.607480797061108,5.908861298571492,-5.751165815418901,1 days 21:34:17.142857142,2 days 11:19:05.454545454,0.5388339736478709,-1.2132161390821241,-0.9267323472965243,-0.6562163985541206,0.9305959963082803,-1.2189158384585506,long
341,"{'window_k': 27, 'window_d': 87, 'window_ma': 87}","open_time
2022-01-01 00:00:00    100.000000
2022-01-01 01:00:00    100.000000
2022-01-01 02:00:00    100.000000
2022-01-01 03:00:00    100.000000
2022-01-01 04:00:00    100.000000
                          ...    
2023-05-01 19:00:00     43.642974
2023-05-01 20:00:00     43.642974
2023-05-01 21:00:00     43.642974
2023-05-01 22:00:00     43.642974
2023-05-01 23:00:00     43.642974
Freq: H, Length: 11664, dtype: float64",2022-01-01,2023-05-01 23:00:00,486 days,100.0,38.345980437290045,130.51491429996676,43.64297374912404,-56.35702625087596,-70.17976286600607,38.7002743484225,100.0,70.61946472327429,194 days 16:00:00,124,0.0,62,33.87096774193548,21.073213121877025,-20.44989775051124,8.479515588804565,-5.8103471785819165,4 days 02:31:25.714285714,2 days 11:38:02.926829268,0.7141160286828061,-0.9089842943689681,-0.5272357947660408,-0.6563423820804121,0.9706936730086616,-0.8014761374256023,long
85,"{'window_k': 12, 'window_d': 87, 'window_ma': 87}","open_time
2022-01-01 00:00:00    100.000000
2022-01-01 01:00:00    100.000000
2022-01-01 02:00:00    100.000000
2022-01-01 03:00:00    100.000000
2022-01-01 04:00:00    100.000000
                          ...    
2023-05-01 19:00:00     42.616531
2023-05-01 20:00:00     42.616531
2023-05-01 21:00:00     42.616531
2023-05-01 22:00:00     42.616531
2023-05-01 23:00:00     42.616531
Freq: H, Length: 11664, dtype: float64",2022-01-01,2023-05-01 23:00:00,486 days,100.0,37.61363576991984,134.5897616645535,42.61653140327836,-57.38346859672164,-70.17976286600607,34.37928669410151,100.0,72.05312253716099,399 days 10:00:00,150,0.0,75,25.333333333333336,23.86131883072739,-17.22511385816526,9.322983237514093,-4.30126695324871,3 days 20:18:56.842105263,1 days 16:17:08.571428571,0.6977415746297769,-0.7651129146229554,-0.727703938850116,-0.6564737969713652,0.9579355781352052,-1.0823529348992602,long
3525,"{'window_k': 207, 'window_d': 192, 'window_ma': 87}","open_time
2022-01-01 00:00:00    100.000000
2022-01-01 01:00:00    100.000000
2022-01-01 02:00:00    100.000000
2022-01-01 03:00:00    100.000000
2022-01-01 04:00:00    100.000000
                          ...    
2023-05-01 19:00:00     46.485239
2023-05-01 20:00:00     46.485239
2023-05-01 21:00:00     46.485239
2023-05-01 22:00:00     46.485239
2023-05-01 23:00:00     46.485239
Freq: H, Length: 11664, dtype: float64",2022-01-01,2023-05-01 23:00:00,486 days,100.0,39.987100180438496,119.8639315534481,46.485239206700115,-53.514760793299885,-70.17976286600607,30.169753086419753,100.0,66.6395890221505,451 days 16:00:00,40,0.0,20,30.0,28.755846585594025,-25.659365221278485,12.959915074449018,-9.772187384722342,8 days 23:00:00,6 days 15:12:51.428571428,0.4610403944603546,-2.6757380396649943,-0.899163471835922,-0.6564748512217053,0.9508284198053473,-1.238598862561263,long
2887,"{'window_k': 177, 'window_d': 72, 'window_ma': 117}","open_time
2022-01-01 00:00:00    100.000000
2022-01-01 01:00:00    100.000000
2022-01-01 02:00:00    100.000000
2022-01-01 03:00:00    100.000000
2022-01-01 04:00:00    100.000000
                          ...    
2023-05-01 19:00:00     46.730200
2023-05-01 20:00:00     46.622883
2023-05-01 21:00:00     46.857640
2023-05-01 22:00:00     47.065568
2023-05-01 23:00:00     47.065568
Freq: H, Length: 11664, dtype: float64",2022-01-01,2023-05-01 23:00:00,486 days,100.0,41.78891931606199,122.28009777072117,47.06556848018942,-52.93443151981057,-70.17976286600607,35.24519890260631,100.0,65.82524868894245,355 days 14:00:00,79,0.0,40,35.8974358974359,23.96714378659727,-22.96842790495824,7.947858576936535,-6.853430235786387,5 days 15:55:42.857142857,3 days 11:45:36,0.6100777667017215,-1.3700199078503306,-0.5230556423960726,-0.6565961603925636,0.9695507498995194,-0.7978149718939984,long
1241,"{'window_k': 72, 'window_d': 207, 'window_ma': 147}","open_time
2022-01-01 00:00:00    100.000000
2022-01-01 01:00:00    100.000000
2022-01-01 02:00:00    100.000000
2022-01-01 03:00:00    100.000000
2022-01-01 04:00:00    100.000000
                          ...    
2023-05-01 19:00:00     35.386407
2023-05-01 20:00:00     35.305140
2023-05-01 21:00:00     35.482910
2023-05-01 22:00:00     35.640364
2023-05-01 23:00:00     35.640364
Freq: H, Length: 11664, dtype: float64",2022-01-01,2023-05-01 23:00:00,486 days,100.0,22.27701870052466,124.55012853470436,35.64036398613557,-64.35963601386443,-70.17976286600607,35.288065843621396,100.0,82.1140138813125,451 days 16:00:00,53,0.0,27,34.61538461538461,31.617505301715827,-38.489617617138414,12.065415097432249,-10.76049625491415,8 days 11:40:00,5 days 12:17:38.823529411,0.4460900834339291,-2.477324133418556,-1.1102736516847411,-0.6566697193562551,0.9437606089092525,-1.4794357854391587,long
235,"{'window_k': 12, 'window_d': 222, 'window_ma': 177}","open_time
2022-01-01 00:00:00    100.000000
2022-01-01 01:00:00    100.000000
2022-01-01 02:00:00    100.000000
2022-01-01 03:00:00    100.000000
2022-01-01 04:00:00    100.000000
                          ...    
2023-05-01 19:00:00     40.872378
2023-05-01 20:00:00     40.778512
2023-05-01 21:00:00     40.983842
2023-05-01 22:00:00     41.165706
2023-05-01 23:00:00     41.165706
Freq: H, Length: 11664, dtype: float64",2022-01-01,2023-05-01 23:00:00,486 days,100.0,31.697758003765465,122.15416353515705,41.165705920713165,-58.83429407928683,-70.17976286600607,34.69650205761317,100.0,74.05102119614403,451 days 16:00:00,105,0.0,53,26.923076923076923,33.32683687390371,-17.670157068062828,9.358022486161968,-5.181295709674202,7 days 10:21:25.714285714,1 days 14:55:15.789473684,0.5293171426917346,-1.132218462568379,-0.9924709878852768,-0.6570358878108415,0.9506349245343566,-1.3369722269827957,long
2778,"{'window_k': 162, 'window_d': 207, 'window_ma': 162}","open_time
2022-01-01 00:00:00    100.000000
2022-01-01 01:00:00    100.000000
2022-01-01 02:00:00    100.000000
2022-01-01 03:00:00    100.000000
2022-01-01 04:00:00    100.000000
                          ...    
2023-05-01 19:00:00     49.360994
2023-05-01 20:00:00     49.360994
2023-05-01 21:00:00     49.360994
2023-05-01 22:00:00     49.360994
2023-05-01 23:00:00     49.360994
Freq: H, Length: 11664, dtype: float64",2022-01-01,2023-05-01 23:00:00,486 days,100.0,44.73661627847176,119.71584474415731,49.36099433853942,-50.63900566146058,-70.17976286600607,31.121399176954732,100.0,62.6309981155146,451 days 16:00:00,42,0.0,21,23.809523809523807,40.82528533801581,-26.23132263420033,15.436898165508273,-8.06113446033863,9 days 17:48:00,6 days 09:48:45,0.4621927974718591,-2.4113812219743136,-0.7309392953421147,-0.6570748050612366,0.9605530589743727,-1.0124632839102246,long
3017,"{'window_k': 177, 'window_d': 192, 'window_ma': 147}","open_time
2022-01-01 00:00:00    100.000000
2022-01-01 01:00:00    100.000000
2022-01-01 02:00:00    100.000000
2022-01-01 03:00:00    100.000000
2022-01-01 04:00:00    100.000000
                          ...    
2023-05-01 19:00:00     46.457267
2023-05-01 20:00:00     46.457267
2023-05-01 21:00:00     46.457267
2023-05-01 22:00:00     46.663418
2023-05-01 23:00:00     46.663418
Freq: H, Length: 11664, dtype: float64",2022-01-01,2023-05-01 23:00:00,486 days,100.0,40.606851406485276,120.60989523908307,46.663418226656226,-53.336581773343774,-70.17976286600607,32.42455418381344,100.0,66.33207306416197,451 days 16:00:00,43,0.0,22,38.095238095238095,21.996968548692703,-24.325817860300617,6.687574897182441,-9.129156931155888,9 days 07:07:30,6 days 09:23:04.615384615,0.3913659639230788,-2.549653971433862,-0.833219533612226,-0.6570781508717126,0.9559783977807839,-1.1500538914036098,long
2990,"{'window_k': 177, 'window_d': 162, 'window_ma': 222}","open_time
2022-01-01 00:00:00    100.000000
2022-01-01 01:00:00    100.000000
2022-01-01 02:00:00    100.000000
2022-01-01 03:00:00    100.000000
2022-01-01 04:00:00    100.000000
                          ...    
2023-05-01 19:00:00     39.444124
2023-05-01 20:00:00     39.353539
2023-05-01 21:00:00     39.551694
2023-05-01 22:00:00     39.727202
2023-05-01 23:00:00     39.727202
Freq: H, Length: 11664, dtype: float64",2022-01-01,2023-05-01 23:00:00,486 days,100.0,29.790550309075133,124.55012853470436,39.727202147238344,-60.27279785276165,-70.17976286600607,36.634087791495205,100.0,76.08147766722347,451 days 16:00:00,49,0.0,25,29.166666666666668,37.60834435140297,-26.76644121456325,15.065777637678535,-10.020290099221883,10 days 18:34:17.142857142,5 days 22:49:24.705882352,0.4523192746795691,-2.5163204466410165,-0.8954219242984955,-0.6572907723401417,0.9554129793683341,-1.2331317802108048,long
3258,"{'window_k': 192, 'window_d': 177, 'window_ma': 162}","open_time
2022-01-01 00:00:00    100.000000
2022-01-01 01:00:00    100.000000
2022-01-01 02:00:00    100.000000
2022-01-01 03:00:00    100.000000
2022-01-01 04:00:00    100.000000
                          ...    
2023-05-01 19:00:00     43.143462
2023-05-01 20:00:00     43.044382
2023-05-01 21:00:00     43.261121
2023-05-01 22:00:00     43.453090
2023-05-01 23:00:00     43.453090
Freq: H, Length: 11664, dtype: float64",2022-01-01,2023-05-01 23:00:00,486 days,100.0,35.629391919247375,121.93791946308724,43.45308954752276,-56.54691045247724,-70.17976286600607,34.20781893004115,100.0,70.78071195889723,451 days 16:00:00,47,0.0,24,26.08695652173913,43.6884643644379,-23.751657092355284,15.351929974138187,-9.578035502017196,9 days 15:00:00,6 days 01:15:00,0.45037464942379984,-2.467446280152556,-0.8069725939376149,-0.657325242599434,0.9576436492160271,-1.1210520141624714,long
2295,"{'window_k': 132, 'window_d': 237, 'window_ma': 117}","open_time
2022-01-01 00:00:00    100.000000
2022-01-01 01:00:00    100.000000
2022-01-01 02:00:00    100.000000
2022-01-01 03:00:00    100.000000
2022-01-01 04:00:00    100.000000
                          ...    
2023-05-01 19:00:00     46.742001
2023-05-01 20:00:00     46.742001
2023-05-01 21:00:00     46.742001
2023-05-01 22:00:00     46.742001
2023-05-01 23:00:00     46.742001
Freq: H, Length: 11664, dtype: float64",2022-01-01,2023-05-01 23:00:00,486 days,100.0,40.408306920616546,119.45143561559401,46.7420005515058,-53.25799944849421,-70.17976286600607,27.9320987654321,100.0,66.17176954603184,451 days 16:00:00,40,0.0,20,35.0,25.76540022132053,-21.73669467787115,6.813477084787094,-8.560978734750828,8 days 13:34:17.142857142,5 days 19:55:23.076923076,0.3572274930451771,-2.662899972424711,-0.9345595140631647,-0.6575919111591669,0.9469900885800979,-1.2889761168182883,long
3594,"{'window_k': 222, 'window_d': 12, 'window_ma': 162}","open_time
2022-01-01 00:00:00    100.000000
2022-01-01 01:00:00    100.000000
2022-01-01 02:00:00    100.000000
2022-01-01 03:00:00    100.000000
2022-01-01 04:00:00    100.000000
                          ...    
2023-05-01 19:00:00     37.966680
2023-05-01 20:00:00     37.879488
2023-05-01 21:00:00     38.070220
2023-05-01 22:00:00     38.239155
2023-05-01 23:00:00     38.239155
Freq: H, Length: 11664, dtype: float64",2022-01-01,2023-05-01 23:00:00,486 days,100.0,26.089960309186665,119.51416585746973,38.23915467011378,-61.76084532988623,-70.17976286600607,39.72908093278464,100.0,78.16998502060329,453 days 11:00:00,433,0.0,217,31.944444444444443,25.397120297259647,-16.33320749968542,4.202578576816235,-2.4999190763325174,1 days 10:34:46.956521739,0 days 14:52:33.103448275,0.6972849522370352,-0.28630827712055373,-0.6633046326188786,-0.6578055580452654,0.9641839515420186,-1.0102465205168845,long
1959,"{'window_k': 117, 'window_d': 162, 'window_ma': 117}","open_time
2022-01-01 00:00:00    100.000000
2022-01-01 01:00:00    100.000000
2022-01-01 02:00:00    100.000000
2022-01-01 03:00:00    100.000000
2022-01-01 04:00:00    100.000000
                          ...    
2023-05-01 19:00:00     39.351576
2023-05-01 20:00:00     39.261204
2023-05-01 21:00:00     39.458894
2023-05-01 22:00:00     39.633990
2023-05-01 23:00:00     39.633990
Freq: H, Length: 11664, dtype: float64",2022-01-01,2023-05-01 23:00:00,486 days,100.0,31.79865571102949,133.15774405954767,39.633990425989246,-60.36600957401075,-70.17976286600607,32.16735253772291,100.0,76.11955959781864,451 days 16:00:00,53,0.0,27,26.923076923076923,29.956611960007535,-35.7243557209722,14.329454300037952,-8.753700989400645,8 days 02:17:08.571428571,5 days 03:09:28.421052631,0.5357391242086137,-2.303521305319227,-0.9876309057146079,-0.65811957522819,0.9465648184925387,-1.339664713888286,long
2980,"{'window_k': 177, 'window_d': 162, 'window_ma': 72}","open_time
2022-01-01 00:00:00    100.000000
2022-01-01 01:00:00    100.000000
2022-01-01 02:00:00    100.000000
2022-01-01 03:00:00    100.000000
2022-01-01 04:00:00    100.000000
                          ...    
2023-05-01 19:00:00     39.965176
2023-05-01 20:00:00     39.873394
2023-05-01 21:00:00     40.074166
2023-05-01 22:00:00     40.251993
2023-05-01 23:00:00     40.251993
Freq: H, Length: 11664, dtype: float64",2022-01-01,2023-05-01 23:00:00,486 days,100.0,30.4207157813651,122.75599828620393,40.25199334664807,-59.74800665335193,-70.17976286600607,29.53532235939643,100.0,75.21855045287512,453 days 11:00:00,49,0.0,25,37.5,32.44944677603966,-26.76644121456324,7.614148797631562,-9.427998469816037,6 days 06:46:40,5 days 16:52:00,0.38142421755209704,-2.4945195866398873,-1.0182944568917953,-0.6582484018194813,0.9438048685961885,-1.3894218091203963,long
3235,"{'window_k': 192, 'window_d': 162, 'window_ma': 57}","open_time
2022-01-01 00:00:00    100.000000
2022-01-01 01:00:00    100.000000
2022-01-01 02:00:00    100.000000
2022-01-01 03:00:00    100.000000
2022-01-01 04:00:00    100.000000
                          ...    
2023-05-01 19:00:00     40.419680
2023-05-01 20:00:00     40.326855
2023-05-01 21:00:00     40.529911
2023-05-01 22:00:00     40.709760
2023-05-01 23:00:00     40.709760
Freq: H, Length: 11664, dtype: float64",2022-01-01,2023-05-01 23:00:00,486 days,100.0,31.71319369048499,124.66570270273705,40.70975999049611,-59.29024000950389,-70.17976286600607,25.522976680384087,100.0,74.56141263960588,424 days 03:00:00,49,0.0,25,29.166666666666668,30.94555873925501,-35.97931480284422,9.592527029206448,-8.04312015419301,6 days 12:51:25.714285714,4 days 12:45:52.941176470,0.40209593253889003,-2.458823486218855,-1.224241010185848,-0.6582745429027262,0.9258011400410154,-1.6286865857417783,long
165,"{'window_k': 12, 'window_d': 162, 'window_ma': 87}","open_time
2022-01-01 00:00:00    100.000000
2022-01-01 01:00:00    100.000000
2022-01-01 02:00:00    100.000000
2022-01-01 03:00:00    100.000000
2022-01-01 04:00:00    100.000000
                          ...    
2023-05-01 19:00:00     45.999097
2023-05-01 20:00:00     45.999097
2023-05-01 21:00:00     45.999097
2023-05-01 22:00:00     45.999097
2023-05-01 23:00:00     45.999097
Freq: H, Length: 11664, dtype: float64",2022-01-01,2023-05-01 23:00:00,486 days,100.0,40.30678825804036,122.60527235309306,45.999096819488805,-54.000903180511195,-70.17976286600607,28.9437585733882,100.0,67.12475125705838,439 days 04:00:00,108,0.0,54,25.925925925925924,42.014810674863774,-11.931818181818185,8.093548809535775,-4.319927763732651,3 days 17:34:17.142857142,2 days 05:03:00,0.5687483987854525,-1.000016725565021,-0.9073343419255102,-0.6583207374072221,0.9493478521392616,-1.255447752529542,long
591,"{'window_k': 42, 'window_d': 72, 'window_ma': 237}","open_time
2022-01-01 00:00:00    100.000000
2022-01-01 01:00:00    100.000000
2022-01-01 02:00:00    100.000000
2022-01-01 03:00:00    100.000000
2022-01-01 04:00:00    100.000000
                          ...    
2023-05-01 19:00:00     50.321976
2023-05-01 20:00:00     50.321976
2023-05-01 21:00:00     50.321976
2023-05-01 22:00:00     50.321976
2023-05-01 23:00:00     50.321976
Freq: H, Length: 11664, dtype: float64",2022-01-01,2023-05-01 23:00:00,486 days,100.0,44.505456511772024,114.70891392516957,50.321976167903614,-49.678023832096386,-70.17976286600607,40.012002743484224,100.0,61.20139665797447,391 days 18:00:00,130,0.0,65,40.0,19.010967866076573,-20.993179880647908,6.1758186255569125,-5.389594153395475,3 days 22:55:23.076923076,2 days 08:23:04.615384615,0.7015807399635987,-0.7642772897245587,-0.3993680261737607,-0.658398368620996,0.9781470103094334,-0.6091248550413847,long
3995,"{'window_k': 237, 'window_d': 147, 'window_ma': 177}","open_time
2022-01-01 00:00:00    100.000000
2022-01-01 01:00:00    100.000000
2022-01-01 02:00:00    100.000000
2022-01-01 03:00:00    100.000000
2022-01-01 04:00:00    100.000000
                          ...    
2023-05-01 19:00:00     47.439502
2023-05-01 20:00:00     47.330555
2023-05-01 21:00:00     47.568876
2023-05-01 22:00:00     47.779960
2023-05-01 23:00:00     47.779960
Freq: H, Length: 11664, dtype: float64",2022-01-01,2023-05-01 23:00:00,486 days,100.0,43.13743072300311,122.0274950152167,47.779960405879514,-52.22003959412048,-70.17976286600607,37.57716049382716,100.0,64.64941715174608,451 days 16:00:00,49,0.0,25,29.166666666666668,32.4288647697272,-22.868473231989412,13.952502644824843,-8.970395896656285,10 days 03:25:42.857142857,6 days 12:10:35.294117647,0.5438372512455016,-2.1883184652142544,-0.6048040998926673,-0.6585451203877608,0.9687228696320447,-0.8729283903294928,long
3001,"{'window_k': 177, 'window_d': 177, 'window_ma': 147}","open_time
2022-01-01 00:00:00    100.000000
2022-01-01 01:00:00    100.000000
2022-01-01 02:00:00    100.000000
2022-01-01 03:00:00    100.000000
2022-01-01 04:00:00    100.000000
                          ...    
2023-05-01 19:00:00     41.689715
2023-05-01 20:00:00     41.593973
2023-05-01 21:00:00     41.803409
2023-05-01 22:00:00     41.988909
2023-05-01 23:00:00     41.988909
Freq: H, Length: 11664, dtype: float64",2022-01-01,2023-05-01 23:00:00,486 days,100.0,33.13587052738443,121.39054181020984,41.9889090328839,-58.0110909671161,-70.17976286600607,36.14540466392318,100.0,72.70308705006747,451 days 16:00:00,47,0.0,24,30.434782608695656,31.38532285878522,-22.652724270776,10.272520290458042,-9.0847981490744,9 days 07:34:17.142857142,6 days 20:30:00,0.41191228116996037,-2.563067854058877,-0.9097886554836432,-0.6586369907347766,0.9547892793028702,-1.2632873837696563,long
3758,"{'window_k': 222, 'window_d': 162, 'window_ma': 222}","open_time
2022-01-01 00:00:00    100.000000
2022-01-01 01:00:00    100.000000
2022-01-01 02:00:00    100.000000
2022-01-01 03:00:00    100.000000
2022-01-01 04:00:00    100.000000
                          ...    
2023-05-01 19:00:00     45.760958
2023-05-01 20:00:00     45.655867
2023-05-01 21:00:00     45.885755
2023-05-01 22:00:00     46.089371
2023-05-01 23:00:00     46.089371
Freq: H, Length: 11664, dtype: float64",2022-01-01,2023-05-01 23:00:00,486 days,100.0,39.83836486032174,120.59738643434972,46.089370645423635,-53.910629354576365,-70.17976286600607,36.02537722908094,100.0,66.96581407093032,451 days 16:00:00,47,0.0,24,30.434782608695656,37.795738427626745,-23.320420586607636,11.57113811474579,-8.792920664079517,10 days 00:00:00,6 days 12:41:15,0.4410033608308778,-2.3690710807781077,-0.635711219567035,-0.6586551257536353,0.9667243443402692,-0.9078353981596968,long
2981,"{'window_k': 177, 'window_d': 162, 'window_ma': 87}","open_time
2022-01-01 00:00:00    100.000000
2022-01-01 01:00:00    100.000000
2022-01-01 02:00:00    100.000000
2022-01-01 03:00:00    100.000000
2022-01-01 04:00:00    100.000000
                          ...    
2023-05-01 19:00:00     40.704395
2023-05-01 20:00:00     40.704395
2023-05-01 21:00:00     40.704395
2023-05-01 22:00:00     40.704395
2023-05-01 23:00:00     40.704395
Freq: H, Length: 11664, dtype: float64",2022-01-01,2023-05-01 23:00:00,486 days,100.0,31.732535058181476,124.55012853470436,40.70439548546701,-59.29560451453298,-70.17976286600607,34.97942386831276,100.0,74.5222783536995,451 days 16:00:00,50,0.0,25,36.0,31.285768790537976,-26.766441214563248,11.02889864339671,-10.324991378470964,7 days 11:06:40,6 days 10:15:00,0.49256454806105326,-2.37182418058132,-0.9512359165801929,-0.6586878470828479,0.9514875595132849,-1.3041715040047277,long
2026,"{'window_k': 117, 'window_d': 222, 'window_ma': 162}","open_time
2022-01-01 00:00:00    100.000000
2022-01-01 01:00:00    100.000000
2022-01-01 02:00:00    100.000000
2022-01-01 03:00:00    100.000000
2022-01-01 04:00:00    100.000000
                          ...    
2023-05-01 19:00:00     41.899264
2023-05-01 20:00:00     41.899264
2023-05-01 21:00:00     41.899264
2023-05-01 22:00:00     41.899264
2023-05-01 23:00:00     41.899264
Freq: H, Length: 11664, dtype: float64",2022-01-01,2023-05-01 23:00:00,486 days,100.0,32.62340049392882,119.97523730912091,41.89926443359431,-58.10073556640569,-70.17976286600607,35.96536351165981,100.0,72.80822174173046,451 days 16:00:00,46,0.0,23,26.08695652173913,43.37137840210711,-24.29978966013507,14.711301755291434,-9.032630906334585,10 days 11:10:00,6 days 14:07:03.529411764,0.4092345568384207,-2.5261189376698123,-0.8875867567706542,-0.6588339291151826,0.9557609764783858,-1.2311080986422522,long
1283,"{'window_k': 87, 'window_d': 12, 'window_ma': 57}","open_time
2022-01-01 00:00:00    100.000000
2022-01-01 01:00:00    100.000000
2022-01-01 02:00:00    100.000000
2022-01-01 03:00:00    100.000000
2022-01-01 04:00:00    100.000000
                          ...    
2023-05-01 19:00:00     40.168791
2023-05-01 20:00:00     40.076542
2023-05-01 21:00:00     40.278337
2023-05-01 22:00:00     40.457070
2023-05-01 23:00:00     40.457070
Freq: H, Length: 11664, dtype: float64",2022-01-01,2023-05-01 23:00:00,486 days,100.0,25.522211194188227,101.42055773033617,40.45706999737453,-59.54293000262547,-70.17976286600607,43.081275720164605,100.0,74.83526834663205,481 days 09:00:00,481,0.0,241,35.41666666666667,30.742374127159128,-16.33320749968543,4.286810972878098,-2.741304076389138,1 days 06:55:45.882352941,0 days 15:24:23.225806451,0.7155884462166536,-0.24756703024112947,-0.5283414622085949,-0.6590399255817072,0.9719164659930033,-0.811726483742047,long
3287,"{'window_k': 192, 'window_d': 207, 'window_ma': 117}","open_time
2022-01-01 00:00:00    100.000000
2022-01-01 01:00:00    100.000000
2022-01-01 02:00:00    100.000000
2022-01-01 03:00:00    100.000000
2022-01-01 04:00:00    100.000000
                          ...    
2023-05-01 19:00:00     44.538599
2023-05-01 20:00:00     44.538599
2023-05-01 21:00:00     44.538599
2023-05-01 22:00:00     44.538599
2023-05-01 23:00:00     44.538599
Freq: H, Length: 11664, dtype: float64",2022-01-01,2023-05-01 23:00:00,486 days,100.0,38.2088143323041,123.4945699136195,44.53859909910629,-55.46140090089371,-70.17976286600607,28.275034293552814,100.0,69.06032843465916,424 days 03:00:00,40,0.0,20,25.0,27.5294557695904,-23.655913978494624,11.01274724877288,-8.161998142004887,10 days 01:48:00,5 days 19:16:00,0.38384811535695434,-2.7730700450446863,-0.9943563913227397,-0.6592175207758567,0.943408025322131,-1.3640163299018597,long
3049,"{'window_k': 177, 'window_d': 222, 'window_ma': 147}","open_time
2022-01-01 00:00:00    100.000000
2022-01-01 01:00:00    100.000000
2022-01-01 02:00:00    100.000000
2022-01-01 03:00:00    100.000000
2022-01-01 04:00:00    100.000000
                          ...    
2023-05-01 19:00:00     47.488982
2023-05-01 20:00:00     47.488982
2023-05-01 21:00:00     47.488982
2023-05-01 22:00:00     47.488982
2023-05-01 23:00:00     47.488982
Freq: H, Length: 11664, dtype: float64",2022-01-01,2023-05-01 23:00:00,486 days,100.0,44.65222738061314,127.49549945658624,47.48898186187725,-52.51101813812276,-70.17976286600607,29.406721536351167,100.0,64.97740895095849,424 days 03:00:00,38,0.0,19,31.57894736842105,18.82914296201138,-22.657903531246536,9.675609461753453,-9.23640596659993,9 days 04:40:00,6 days 18:00:00,0.4388405118063929,-2.763737796743303,-0.8699912100274737,-0.6592661625143601,0.9517072122445402,-1.1971124775718924,long
2489,"{'window_k': 147, 'window_d': 177, 'window_ma': 147}","open_time
2022-01-01 00:00:00    100.000000
2022-01-01 01:00:00    100.000000
2022-01-01 02:00:00    100.000000
2022-01-01 03:00:00    100.000000
2022-01-01 04:00:00    100.000000
                          ...    
2023-05-01 19:00:00     39.786656
2023-05-01 20:00:00     39.695284
2023-05-01 21:00:00     39.895160
2023-05-01 22:00:00     40.072192
2023-05-01 23:00:00     40.072192
Freq: H, Length: 11664, dtype: float64",2022-01-01,2023-05-01 23:00:00,486 days,100.0,30.6326660807986,124.23076923076923,40.07219249931463,-59.92780750068537,-70.17976286600607,36.291152263374485,100.0,75.34212637458936,451 days 16:00:00,51,0.0,26,32.0,32.76026743075454,-21.691096040253782,9.52733522929909,-8.896268393405387,8 days 05:52:30,6 days 10:10:35.294117647,0.4210065569533347,-2.405335751245744,-0.9698208191741265,-0.6594180526305283,0.9521374730540741,-1.3422899682992302,long
167,"{'window_k': 12, 'window_d': 162, 'window_ma': 117}","open_time
2022-01-01 00:00:00    100.000000
2022-01-01 01:00:00    100.000000
2022-01-01 02:00:00    100.000000
2022-01-01 03:00:00    100.000000
2022-01-01 04:00:00    100.000000
                          ...    
2023-05-01 19:00:00     45.398016
2023-05-01 20:00:00     45.293757
2023-05-01 21:00:00     45.521823
2023-05-01 22:00:00     45.723823
2023-05-01 23:00:00     45.723823
Freq: H, Length: 11664, dtype: float64",2022-01-01,2023-05-01 23:00:00,486 days,100.0,39.991352198721096,122.60527235309306,45.7238233883561,-54.2761766116439,-70.17976286600607,29.09807956104252,100.0,67.38202898522235,439 days 04:00:00,109,0.0,55,25.925925925925924,43.80326952633785,-11.867149572320253,7.68447733033285,-4.215668631932077,3 days 20:04:17.142857142,2 days 02:03:00,0.5677693141257351,-1.0054763900212458,-0.9173200761234241,-0.6595324874762906,0.9488699663545661,-1.2676245333294163,long
369,"{'window_k': 27, 'window_d': 117, 'window_ma': 27}","open_time
2022-01-01 00:00:00    100.000000
2022-01-01 01:00:00    100.000000
2022-01-01 02:00:00    100.000000
2022-01-01 03:00:00    100.000000
2022-01-01 04:00:00    100.000000
                          ...    
2023-05-01 19:00:00     46.062255
2023-05-01 20:00:00     46.062255
2023-05-01 21:00:00     46.062255
2023-05-01 22:00:00     46.062255
2023-05-01 23:00:00     46.062255
Freq: H, Length: 11664, dtype: float64",2022-01-01,2023-05-01 23:00:00,486 days,100.0,42.27789970700856,127.7406861330669,46.062255130276014,-53.93774486972398,-70.17976286600607,30.77846364883402,100.0,66.90334067646398,439 days 04:00:00,106,0.0,53,39.62264150943396,20.26054831810229,-21.93840840408691,5.935937827552956,-5.765418474733897,3 days 20:31:25.714285714,2 days 03:28:07.500000,0.6000630711597331,-1.0176932994287549,-0.7679268591765284,-0.6596393265175589,0.9568925249819131,-1.057226045052451,long
1289,"{'window_k': 87, 'window_d': 12, 'window_ma': 147}","open_time
2022-01-01 00:00:00    100.000000
2022-01-01 01:00:00    100.000000
2022-01-01 02:00:00    100.000000
2022-01-01 03:00:00    100.000000
2022-01-01 04:00:00    100.000000
                          ...    
2023-05-01 19:00:00     40.403553
2023-05-01 20:00:00     40.310764
2023-05-01 21:00:00     40.513739
2023-05-01 22:00:00     40.693516
2023-05-01 23:00:00     40.693516
Freq: H, Length: 11664, dtype: float64",2022-01-01,2023-05-01 23:00:00,486 days,100.0,25.949028167709724,101.42055773033617,40.6935163775803,-59.306483622419705,-70.17976286600607,43.09842249657064,100.0,74.41442963003146,481 days 09:00:00,481,0.0,241,35.0,30.742374127159106,-16.33320749968542,4.3121638863379514,-2.7069676953723816,1 days 07:07:08.571428571,0 days 15:25:00,0.7147585091693598,-0.24657874817004732,-0.5236195371100368,-0.659779821843367,0.9721571567416242,-0.8052089249472175,long
1492,"{'window_k': 87, 'window_d': 207, 'window_ma': 72}","open_time
2022-01-01 00:00:00    100.000000
2022-01-01 01:00:00    100.000000
2022-01-01 02:00:00    100.000000
2022-01-01 03:00:00    100.000000
2022-01-01 04:00:00    100.000000
                          ...    
2023-05-01 19:00:00     35.780548
2023-05-01 20:00:00     35.698376
2023-05-01 21:00:00     35.878126
2023-05-01 22:00:00     36.037334
2023-05-01 23:00:00     36.037334
Freq: H, Length: 11664, dtype: float64",2022-01-01,2023-05-01 23:00:00,486 days,100.0,22.75004731456575,120.26970301185854,36.03733350145727,-63.96266649854273,-70.17976286600607,29.655349794238685,100.0,81.08414110549303,453 days 11:00:00,49,0.0,25,33.33333333333333,31.546040166729817,-38.48961761713841,12.114623175837322,-10.737055775546036,7 days 04:00:00,5 days 08:30:00,0.42107664562629,-2.677308434455949,-1.1879648112706935,-0.6602631341561603,0.9342813211766912,-1.5653772153702306,long
3754,"{'window_k': 222, 'window_d': 162, 'window_ma': 162}","open_time
2022-01-01 00:00:00    100.000000
2022-01-01 01:00:00    100.000000
2022-01-01 02:00:00    100.000000
2022-01-01 03:00:00    100.000000
2022-01-01 04:00:00    100.000000
                          ...    
2023-05-01 19:00:00     46.633114
2023-05-01 20:00:00     46.526019
2023-05-01 21:00:00     46.760289
2023-05-01 22:00:00     46.967786
2023-05-01 23:00:00     46.967786
Freq: H, Length: 11664, dtype: float64",2022-01-01,2023-05-01 23:00:00,486 days,100.0,41.493142172024235,120.59738643434972,46.967785607227896,-53.032214392772104,-70.17976286600607,34.97085048010974,100.0,65.59366384394069,451 days 16:00:00,45,0.0,23,31.818181818181817,37.79573842762675,-23.320420586607646,11.776377727737552,-9.343061995983186,10 days 04:34:17.142857142,6 days 12:48:00,0.4567684082286459,-2.4373289124303192,-0.622265696727478,-0.6602653435757321,0.9667388631431705,-0.8911713052504976,long
3259,"{'window_k': 192, 'window_d': 177, 'window_ma': 177}","open_time
2022-01-01 00:00:00    100.000000
2022-01-01 01:00:00    100.000000
2022-01-01 02:00:00    100.000000
2022-01-01 03:00:00    100.000000
2022-01-01 04:00:00    100.000000
                          ...    
2023-05-01 19:00:00     42.851453
2023-05-01 20:00:00     42.753043
2023-05-01 21:00:00     42.968315
2023-05-01 22:00:00     43.158985
2023-05-01 23:00:00     43.158985
Freq: H, Length: 11664, dtype: float64",2022-01-01,2023-05-01 23:00:00,486 days,100.0,35.51606461395548,121.93791946308724,43.15898507953208,-56.84101492046793,-70.17976286600607,36.1539780521262,100.0,70.87365048514968,451 days 16:00:00,47,0.0,24,21.73913043478261,43.6884643644379,-23.751657092355273,17.783204176671997,-8.881927287017032,10 days 15:48:00,6 days 12:21:10.588235294,0.4372045188440853,-2.4801732946976465,-0.8109480364232448,-0.6603017840031273,0.9582860675083577,-1.1254384746083583,long
3276,"{'window_k': 192, 'window_d': 192, 'window_ma': 192}","open_time
2022-01-01 00:00:00    100.000000
2022-01-01 01:00:00    100.000000
2022-01-01 02:00:00    100.000000
2022-01-01 03:00:00    100.000000
2022-01-01 04:00:00    100.000000
                          ...    
2023-05-01 19:00:00     47.632839
2023-05-01 20:00:00     47.632839
2023-05-01 21:00:00     47.632839
2023-05-01 22:00:00     47.632839
2023-05-01 23:00:00     47.632839
Freq: H, Length: 11664, dtype: float64",2022-01-01,2023-05-01 23:00:00,486 days,100.0,42.44070778953224,120.12396694214875,47.63283918077308,-52.367160819226925,-70.17976286600607,33.67626886145405,100.0,64.6692422254324,451 days 16:00:00,40,0.0,20,35.0,37.961464921311965,-25.164016457244525,11.82845361100205,-10.606413759856046,10 days 15:34:17.142857142,6 days 20:32:18.461538461,0.4774663063987919,-2.6183580409613456,-0.7538207957412283,-0.6603975147885285,0.9604360755614322,-1.0452574602562417,long
1497,"{'window_k': 87, 'window_d': 207, 'window_ma': 147}","open_time
2022-01-01 00:00:00    100.000000
2022-01-01 01:00:00    100.000000
2022-01-01 02:00:00    100.000000
2022-01-01 03:00:00    100.000000
2022-01-01 04:00:00    100.000000
                          ...    
2023-05-01 19:00:00     35.703064
2023-05-01 20:00:00     35.621070
2023-05-01 21:00:00     35.800431
2023-05-01 22:00:00     35.959293
2023-05-01 23:00:00     35.959293
Freq: H, Length: 11664, dtype: float64",2022-01-01,2023-05-01 23:00:00,486 days,100.0,23.012694127394916,122.0274950152167,35.95929344918011,-64.04070655081989,-70.17976286600607,34.43930041152263,100.0,81.14138610767577,451 days 16:00:00,49,0.0,25,33.33333333333333,33.47859037514211,-38.4896176171384,13.683233131026915,-11.402150751817313,9 days 09:22:30,5 days 16:41:15,0.45703506068586397,-2.6805336895735743,-1.1101854344406221,-0.6607288673877872,0.9428157476746167,-1.4786219423222888,long
3593,"{'window_k': 222, 'window_d': 12, 'window_ma': 147}","open_time
2022-01-01 00:00:00    100.000000
2022-01-01 01:00:00    100.000000
2022-01-01 02:00:00    100.000000
2022-01-01 03:00:00    100.000000
2022-01-01 04:00:00    100.000000
                          ...    
2023-05-01 19:00:00     37.116955
2023-05-01 20:00:00     37.031714
2023-05-01 21:00:00     37.218178
2023-05-01 22:00:00     37.383332
2023-05-01 23:00:00     37.383332
Freq: H, Length: 11664, dtype: float64",2022-01-01,2023-05-01 23:00:00,486 days,100.0,25.08123204386237,119.38619445082533,37.38333194031,-62.61666805968999,-70.17976286600607,40.474965706447186,100.0,78.99151391897894,453 days 11:00:00,435,0.0,218,32.71889400921659,25.397120297259647,-16.33320749968542,4.125523330147802,-2.551990358669539,1 days 10:49:51.549295774,0 days 14:58:45,0.6929001554705935,-0.2889243369814516,-0.6804438549575214,-0.6613305206463881,0.9636162046847147,-1.0362039923815045,long
580,"{'window_k': 42, 'window_d': 72, 'window_ma': 72}","open_time
2022-01-01 00:00:00    100.000000
2022-01-01 01:00:00    100.000000
2022-01-01 02:00:00    100.000000
2022-01-01 03:00:00    100.000000
2022-01-01 04:00:00    100.000000
                          ...    
2023-05-01 19:00:00     50.696043
2023-05-01 20:00:00     50.696043
2023-05-01 21:00:00     50.696043
2023-05-01 22:00:00     50.696043
2023-05-01 23:00:00     50.696043
Freq: H, Length: 11664, dtype: float64",2022-01-01,2023-05-01 23:00:00,486 days,100.0,44.87493848752841,113.38805620937242,50.69604310065803,-49.30395689934197,-70.17976286600607,38.91460905349795,100.0,60.42357547371101,391 days 18:00:00,130,0.0,65,38.46153846153847,19.010967866076577,-20.993179880647904,6.414740305408493,-5.232065186145196,3 days 23:48:00,2 days 05:36:00,0.6998475713978062,-0.7585224138360296,-0.389856014955273,-0.6613625262836903,0.978424096298247,-0.5932452294162589,long
3735,"{'window_k': 222, 'window_d': 147, 'window_ma': 117}","open_time
2022-01-01 00:00:00    100.000000
2022-01-01 01:00:00    100.000000
2022-01-01 02:00:00    100.000000
2022-01-01 03:00:00    100.000000
2022-01-01 04:00:00    100.000000
                          ...    
2023-05-01 19:00:00     44.289745
2023-05-01 20:00:00     44.188031
2023-05-01 21:00:00     44.410529
2023-05-01 22:00:00     44.607598
2023-05-01 23:00:00     44.607598
Freq: H, Length: 11664, dtype: float64",2022-01-01,2023-05-01 23:00:00,486 days,100.0,38.89331707812465,124.40355194179949,44.607598390356685,-55.392401609643315,-70.17976286600607,32.390260631001375,100.0,68.73616832393952,451 days 16:00:00,47,0.0,24,30.434782608695656,30.307662908465527,-23.788642841482126,9.862214272299498,-8.410633649308966,8 days 00:25:42.857142857,6 days 06:00:00,0.45891152275540514,-2.408918076544838,-0.7734904634177625,-0.6614044877989488,0.9570411909244657,-1.1117038115346725,long
349,"{'window_k': 27, 'window_d': 87, 'window_ma': 207}","open_time
2022-01-01 00:00:00    100.000000
2022-01-01 01:00:00    100.000000
2022-01-01 02:00:00    100.000000
2022-01-01 03:00:00    100.000000
2022-01-01 04:00:00    100.000000
                          ...    
2023-05-01 19:00:00     43.085438
2023-05-01 20:00:00     43.085438
2023-05-01 21:00:00     43.085438
2023-05-01 22:00:00     43.085438
2023-05-01 23:00:00     43.085438
Freq: H, Length: 11664, dtype: float64",2022-01-01,2023-05-01 23:00:00,486 days,100.0,37.980836642062336,130.26537466472405,43.085438398732094,-56.91456160126791,-70.17976286600607,38.09156378600823,100.0,70.84349026760403,194 days 16:00:00,124,0.0,62,32.25806451612903,21.11666304583967,-20.449897750511244,8.870298815193904,-5.686800928958278,4 days 02:51:00,2 days 10:42:51.428571428,0.7108539367635838,-0.9179768000204485,-0.5441880148467667,-0.661544215964985,0.9695124682755559,-0.8276929927807176,long
1293,"{'window_k': 87, 'window_d': 12, 'window_ma': 207}","open_time
2022-01-01 00:00:00    100.000000
2022-01-01 01:00:00    100.000000
2022-01-01 02:00:00    100.000000
2022-01-01 03:00:00    100.000000
2022-01-01 04:00:00    100.000000
                          ...    
2023-05-01 19:00:00     40.092088
2023-05-01 20:00:00     40.000015
2023-05-01 21:00:00     40.201425
2023-05-01 22:00:00     40.379816
2023-05-01 23:00:00     40.379816
Freq: H, Length: 11664, dtype: float64",2022-01-01,2023-05-01 23:00:00,486 days,100.0,25.69943976385298,101.42055773033617,40.37981629713157,-59.62018370286843,-70.17976286600607,43.11556927297668,100.0,74.66052214760602,481 days 09:00:00,481,0.0,241,35.0,30.742374127159128,-16.333207499685415,4.315993003840001,-2.7136855696610986,1 days 07:09:17.142857142,0 days 15:24:36.923076923,0.7141610515328697,-0.24788992986348057,-0.5308400553981693,-0.6615561597531551,0.9717788006052109,-0.8159549583642007,long
3599,"{'window_k': 222, 'window_d': 12, 'window_ma': 237}","open_time
2022-01-01 00:00:00    100.000000
2022-01-01 01:00:00    100.000000
2022-01-01 02:00:00    100.000000
2022-01-01 03:00:00    100.000000
2022-01-01 04:00:00    100.000000
                          ...    
2023-05-01 19:00:00     36.990845
2023-05-01 20:00:00     36.905894
2023-05-01 21:00:00     37.091725
2023-05-01 22:00:00     37.256317
2023-05-01 23:00:00     37.256317
Freq: H, Length: 11664, dtype: float64",2022-01-01,2023-05-01 23:00:00,486 days,100.0,24.996015214064553,119.51416585746973,37.25631708594954,-62.74368291405046,-70.17976286600607,40.183470507544584,100.0,79.08531174130913,453 days 11:00:00,435,0.0,218,32.71889400921659,25.397120297259647,-16.333207499685418,4.14242981982891,-2.5620925188864057,1 days 10:37:10.985915492,0 days 14:50:50,0.6950956911587635,-0.2895084076683957,-0.6850730998500648,-0.662087825698554,0.9632145895700719,-1.0431764356598021,long
112,"{'window_k': 12, 'window_d': 117, 'window_ma': 12}","open_time
2022-01-01 00:00:00    100.000000
2022-01-01 01:00:00    100.000000
2022-01-01 02:00:00    100.000000
2022-01-01 03:00:00    100.000000
2022-01-01 04:00:00    100.000000
                          ...    
2023-05-01 19:00:00     49.524167
2023-05-01 20:00:00     49.524167
2023-05-01 21:00:00     49.524167
2023-05-01 22:00:00     49.524167
2023-05-01 23:00:00     49.524167
Freq: H, Length: 11664, dtype: float64",2022-01-01,2023-05-01 23:00:00,486 days,100.0,44.99523807129396,118.16842648053576,49.52416712535297,-50.47583287464703,-70.17976286600607,14.90912208504801,100.0,61.92279155151025,353 days 18:00:00,140,0.0,70,30.0,17.19715335888011,-22.063666300768386,4.626109180012418,-3.233913379078813,1 days 09:31:25.714285714,0 days 21:30:00,0.6233281001398372,-0.7210833267806722,-0.8826827785492142,-0.6622313424301881,0.9150382652077269,-1.3883943661384985,long
3785,"{'window_k': 222, 'window_d': 192, 'window_ma': 147}","open_time
2022-01-01 00:00:00    100.000000
2022-01-01 01:00:00    100.000000
2022-01-01 02:00:00    100.000000
2022-01-01 03:00:00    100.000000
2022-01-01 04:00:00    100.000000
                          ...    
2023-05-01 19:00:00     45.962853
2023-05-01 20:00:00     45.962853
2023-05-01 21:00:00     45.962853
2023-05-01 22:00:00     45.962853
2023-05-01 23:00:00     45.962853
Freq: H, Length: 11664, dtype: float64",2022-01-01,2023-05-01 23:00:00,486 days,100.0,41.12381726920174,123.78050229035941,45.962853341144644,-54.03714665885535,-70.17976286600607,30.675582990397803,100.0,66.77682146358147,424 days 03:00:00,38,0.0,19,31.57894736842105,21.0959416495231,-23.192131440706383,9.127113325319995,-9.242789795463601,9 days 06:20:00,7 days 04:36:55.384615384,0.39791843052646114,-2.844060350466071,-0.8740704849779128,-0.6622454277965942,0.9523495805973939,-1.2023025645125422,long
583,"{'window_k': 42, 'window_d': 72, 'window_ma': 117}","open_time
2022-01-01 00:00:00    100.000000
2022-01-01 01:00:00    100.000000
2022-01-01 02:00:00    100.000000
2022-01-01 03:00:00    100.000000
2022-01-01 04:00:00    100.000000
                          ...    
2023-05-01 19:00:00     48.074477
2023-05-01 20:00:00     48.074477
2023-05-01 21:00:00     48.074477
2023-05-01 22:00:00     48.074477
2023-05-01 23:00:00     48.074477
Freq: H, Length: 11664, dtype: float64",2022-01-01,2023-05-01 23:00:00,486 days,100.0,42.5177367690355,117.56175005723962,48.07447679676468,-51.92552320323532,-70.17976286600607,40.40637860082305,100.0,63.83369867466754,391 days 18:00:00,130,0.0,65,40.0,19.01096786607656,-20.993179880647908,6.199424275528003,-5.518607977244443,4 days 05:06:55.384615384,2 days 05:26:09.230769230,0.691380123285137,-0.7988542031266976,-0.44190274862132045,-0.6627991157865805,0.9759657313805196,-0.6711683688920653,long
939,"{'window_k': 57, 'window_d': 162, 'window_ma': 177}","open_time
2022-01-01 00:00:00    100.000000
2022-01-01 01:00:00    100.000000
2022-01-01 02:00:00    100.000000
2022-01-01 03:00:00    100.000000
2022-01-01 04:00:00    100.000000
                          ...    
2023-05-01 19:00:00     40.663504
2023-05-01 20:00:00     40.570119
2023-05-01 21:00:00     40.774399
2023-05-01 22:00:00     40.955333
2023-05-01 23:00:00     40.955333
Freq: H, Length: 11664, dtype: float64",2022-01-01,2023-05-01 23:00:00,486 days,100.0,32.19746308317165,122.18554997232289,40.95533345246856,-59.04466654753144,-70.17976286600607,37.91152263374485,100.0,73.64871452437303,451 days 16:00:00,73,0.0,37,30.555555555555557,40.06273167949814,-27.921728202980077,12.054447154011214,-7.786497307762105,7 days 14:05:27.272727272,3 days 21:36:00,0.5576104849530017,-1.6464525959521907,-0.8022563311400116,-0.6633024339919344,0.9609929809620673,-1.101985420458152,long
1518,"{'window_k': 87, 'window_d': 222, 'window_ma': 222}","open_time
2022-01-01 00:00:00    100.000000
2022-01-01 01:00:00    100.000000
2022-01-01 02:00:00    100.000000
2022-01-01 03:00:00    100.000000
2022-01-01 04:00:00    100.000000
                          ...    
2023-05-01 19:00:00     40.354638
2023-05-01 20:00:00     40.261962
2023-05-01 21:00:00     40.464691
2023-05-01 22:00:00     40.644251
2023-05-01 23:00:00     40.644251
Freq: H, Length: 11664, dtype: float64",2022-01-01,2023-05-01 23:00:00,486 days,100.0,28.354330749580253,109.37804898695002,40.64425086925671,-59.3557491307433,-70.17976286600607,36.67695473251029,100.0,74.07676310539857,391 days 18:00:00,49,0.0,25,29.166666666666668,41.32158590308371,-26.827921360724545,16.241215762853116,-10.467131598888335,10 days 17:17:08.571428571,6 days 01:21:10.588235294,0.45800278256077487,-2.483051315472336,-0.9634856085642468,-0.6634122026011263,0.9530578505667905,-1.327900824951412,long
3993,"{'window_k': 237, 'window_d': 147, 'window_ma': 147}","open_time
2022-01-01 00:00:00    100.000000
2022-01-01 01:00:00    100.000000
2022-01-01 02:00:00    100.000000
2022-01-01 03:00:00    100.000000
2022-01-01 04:00:00    100.000000
                          ...    
2023-05-01 19:00:00     46.546545
2023-05-01 20:00:00     46.439649
2023-05-01 21:00:00     46.673484
2023-05-01 22:00:00     46.880595
2023-05-01 23:00:00     46.880595
Freq: H, Length: 11664, dtype: float64",2022-01-01,2023-05-01 23:00:00,486 days,100.0,42.264048283478,122.0274950152167,46.88059482949871,-53.11940517050129,-70.17976286600607,36.26543209876543,100.0,65.36514309483472,451 days 16:00:00,49,0.0,25,33.33333333333333,22.999044890162363,-22.868473231989412,10.241446677233496,-8.933959176707795,9 days 18:07:30,6 days 01:48:45,0.5246152547387725,-2.225557053429204,-0.6562383715033542,-0.6637831397866707,0.9657330545218713,-0.9453864354279243,long
3036,"{'window_k': 177, 'window_d': 207, 'window_ma': 192}","open_time
2022-01-01 00:00:00    100.000000
2022-01-01 01:00:00    100.000000
2022-01-01 02:00:00    100.000000
2022-01-01 03:00:00    100.000000
2022-01-01 04:00:00    100.000000
                          ...    
2023-05-01 19:00:00     46.319565
2023-05-01 20:00:00     46.319565
2023-05-01 21:00:00     46.319565
2023-05-01 22:00:00     46.319565
2023-05-01 23:00:00     46.319565
Freq: H, Length: 11664, dtype: float64",2022-01-01,2023-05-01 23:00:00,486 days,100.0,40.67651180907664,119.8639315534481,46.31956458134213,-53.680435418657865,-70.17976286600607,33.00754458161865,100.0,66.06442715343546,451 days 16:00:00,42,0.0,21,28.57142857142857,41.08983799705451,-24.325228641534693,14.234667515636904,-9.50113533673807,10 days 19:10:00,6 days 09:00:00,0.4622968964785422,-2.5562112104122816,-0.8125706537437537,-0.6644703384301137,0.9571923313630165,-1.1218926562530542,long
6,"{'window_k': 12, 'window_d': 12, 'window_ma': 102}","open_time
2022-01-01 00:00:00    100.000000
2022-01-01 01:00:00    100.000000
2022-01-01 02:00:00    100.000000
2022-01-01 03:00:00    100.000000
2022-01-01 04:00:00    100.000000
                          ...    
2023-05-01 19:00:00     38.582883
2023-05-01 20:00:00     38.494276
2023-05-01 21:00:00     38.688104
2023-05-01 22:00:00     38.859780
2023-05-01 23:00:00     38.859780
Freq: H, Length: 11664, dtype: float64",2022-01-01,2023-05-01 23:00:00,486 days,100.0,23.76629664352862,101.06073665910789,38.859780378034884,-61.140219621965116,-70.17976286600607,41.195130315500684,100.0,76.48315515085183,482 days 09:00:00,701,0.0,351,40.0,31.197497765862376,-12.692913385826776,3.155178568381783,-2.420453362870959,0 days 17:42:00,0 days 11:01:08.571428571,0.7617287734021163,-0.17560405885675812,-0.61903192612159,-0.664586752100344,0.9670258585548338,-0.9344183774107556,long
1953,"{'window_k': 117, 'window_d': 162, 'window_ma': 27}","open_time
2022-01-01 00:00:00    100.000000
2022-01-01 01:00:00    100.000000
2022-01-01 02:00:00    100.000000
2022-01-01 03:00:00    100.000000
2022-01-01 04:00:00    100.000000
                          ...    
2023-05-01 19:00:00     41.463848
2023-05-01 20:00:00     41.368625
2023-05-01 21:00:00     41.576926
2023-05-01 22:00:00     41.761421
2023-05-01 23:00:00     41.761421
Freq: H, Length: 11664, dtype: float64",2022-01-01,2023-05-01 23:00:00,486 days,100.0,36.95009001890594,133.15774405954767,41.761421482193136,-58.23857851780686,-70.17976286600607,21.87928669410151,100.0,72.25088913913862,451 days 16:00:00,53,0.0,27,30.76923076923077,26.527340395075864,-35.7243557209722,9.03899651740747,-7.776082916460581,3 days 22:22:30,4 days 00:56:40,0.4658962084382196,-2.2207175214859878,-1.246302370445043,-0.6656961405276717,0.9186796815636875,-1.661111603996666,long
2503,"{'window_k': 147, 'window_d': 192, 'window_ma': 117}","open_time
2022-01-01 00:00:00    100.000000
2022-01-01 01:00:00    100.000000
2022-01-01 02:00:00    100.000000
2022-01-01 03:00:00    100.000000
2022-01-01 04:00:00    100.000000
                          ...    
2023-05-01 19:00:00     41.410977
2023-05-01 20:00:00     41.315875
2023-05-01 21:00:00     41.523911
2023-05-01 22:00:00     41.708171
2023-05-01 23:00:00     41.708171
Freq: H, Length: 11664, dtype: float64",2022-01-01,2023-05-01 23:00:00,486 days,100.0,33.78869678681703,122.0274950152167,41.7081711693597,-58.2918288306403,-70.17976286600607,28.52366255144033,100.0,72.31058723068632,451 days 16:00:00,47,0.0,24,30.434782608695656,30.857800805987328,-24.757815940114483,8.339656040572372,-8.22972378355771,6 days 07:34:17.142857142,5 days 20:52:30,0.38890869403425365,-2.5429555090010707,-1.1316068513858617,-0.6658340387262212,0.9370231396553886,-1.5591877262101552,long
1287,"{'window_k': 87, 'window_d': 12, 'window_ma': 117}","open_time
2022-01-01 00:00:00    100.000000
2022-01-01 01:00:00    100.000000
2022-01-01 02:00:00    100.000000
2022-01-01 03:00:00    100.000000
2022-01-01 04:00:00    100.000000
                          ...    
2023-05-01 19:00:00     39.512196
2023-05-01 20:00:00     39.421454
2023-05-01 21:00:00     39.619951
2023-05-01 22:00:00     39.795762
2023-05-01 23:00:00     39.795762
Freq: H, Length: 11664, dtype: float64",2022-01-01,2023-05-01 23:00:00,486 days,100.0,25.37655751512927,101.42055773033617,39.79576237593118,-60.20423762406881,-70.17976286600607,43.10699588477366,100.0,74.97888191208514,481 days 09:00:00,481,0.0,241,34.583333333333336,30.742374127159106,-16.333207499685425,4.3538623096762805,-2.6983476918589084,1 days 07:27:28.192771084,0 days 15:20:38.216560509,0.7099363790370468,-0.2503311176641375,-0.5449701790508454,-0.6660925105879227,0.9710386704852192,-0.8371237697166904,long
2987,"{'window_k': 177, 'window_d': 162, 'window_ma': 177}","open_time
2022-01-01 00:00:00    100.000000
2022-01-01 01:00:00    100.000000
2022-01-01 02:00:00    100.000000
2022-01-01 03:00:00    100.000000
2022-01-01 04:00:00    100.000000
                          ...    
2023-05-01 19:00:00     37.580713
2023-05-01 20:00:00     37.494407
2023-05-01 21:00:00     37.683201
2023-05-01 22:00:00     37.850418
2023-05-01 23:00:00     37.850418
Freq: H, Length: 11664, dtype: float64",2022-01-01,2023-05-01 23:00:00,486 days,100.0,27.75539213890415,124.55012853470436,37.850417864206925,-62.14958213579308,-70.17976286600607,38.005829903978054,100.0,77.71548494936282,451 days 16:00:00,49,0.0,25,29.166666666666668,37.60834435140297,-26.76644121456325,14.751244275556912,-10.19904473918223,10 days 13:17:08.571428571,6 days 10:24:42.352941176,0.4301697427153685,-2.5942857620897373,-0.9596093598182672,-0.6664311627581738,0.9526542574103515,-1.3246950220727407,long
5,"{'window_k': 12, 'window_d': 12, 'window_ma': 87}","open_time
2022-01-01 00:00:00    100.000000
2022-01-01 01:00:00    100.000000
2022-01-01 02:00:00    100.000000
2022-01-01 03:00:00    100.000000
2022-01-01 04:00:00    100.000000
                          ...    
2023-05-01 19:00:00     37.467562
2023-05-01 20:00:00     37.381516
2023-05-01 21:00:00     37.569741
2023-05-01 22:00:00     37.736455
2023-05-01 23:00:00     37.736455
Freq: H, Length: 11664, dtype: float64",2022-01-01,2023-05-01 23:00:00,486 days,100.0,22.377787949263432,101.06073665910789,37.73645468657296,-62.26354531342704,-70.17976286600607,41.615226337448554,100.0,77.85709001434765,482 days 09:00:00,699,0.0,350,39.541547277936964,31.197497765862376,-12.692913385826774,3.205566685364589,-2.42453961283093,0 days 18:01:44.347826086,0 days 11:09:05.971563981,0.757547293209932,-0.17929931600257742,-0.6457527228378428,-0.6666197345101686,0.9658331223448385,-0.9749924943188116,long
3591,"{'window_k': 222, 'window_d': 12, 'window_ma': 117}","open_time
2022-01-01 00:00:00    100.000000
2022-01-01 01:00:00    100.000000
2022-01-01 02:00:00    100.000000
2022-01-01 03:00:00    100.000000
2022-01-01 04:00:00    100.000000
                          ...    
2023-05-01 19:00:00     36.114721
2023-05-01 20:00:00     36.031782
2023-05-01 21:00:00     36.213211
2023-05-01 22:00:00     36.373905
2023-05-01 23:00:00     36.373905
Freq: H, Length: 11664, dtype: float64",2022-01-01,2023-05-01 23:00:00,486 days,100.0,24.40398733603578,120.83282774332727,36.37390530316456,-63.62609469683543,-70.17976286600607,40.5778463648834,100.0,79.8035121814126,453 days 11:00:00,435,0.0,218,32.25806451612903,25.397120297259658,-16.33320749968542,4.191906746471306,-2.556278966834035,1 days 11:13:42.857142857,0 days 15:00:24.827586206,0.6910123652507774,-0.29356612878088806,-0.7075121309545305,-0.6667794534901462,0.9622451590645799,-1.0761695412083585,long
1774,"{'window_k': 102, 'window_d': 222, 'window_ma': 222}","open_time
2022-01-01 00:00:00    100.000000
2022-01-01 01:00:00    100.000000
2022-01-01 02:00:00    100.000000
2022-01-01 03:00:00    100.000000
2022-01-01 04:00:00    100.000000
                          ...    
2023-05-01 19:00:00     39.587745
2023-05-01 20:00:00     39.587745
2023-05-01 21:00:00     39.587745
2023-05-01 22:00:00     39.587745
2023-05-01 23:00:00     39.587745
Freq: H, Length: 11664, dtype: float64",2022-01-01,2023-05-01 23:00:00,486 days,100.0,29.91976919783854,120.60989523908307,39.587744901427804,-60.412255098572196,-70.17976286600607,36.882716049382715,100.0,75.19293990055371,451 days 16:00:00,50,0.0,25,28.000000000000004,44.19873212442874,-24.20771711331034,14.277260649061022,-9.378014508746473,10 days 18:08:34.285714285,5 days 18:36:40,0.41908902633650097,-2.4164902039428875,-0.9577635449779431,-0.6668114094043415,0.9532997524267773,-1.3258868324208883,long
4024,"{'window_k': 237, 'window_d': 177, 'window_ma': 132}","open_time
2022-01-01 00:00:00    100.000000
2022-01-01 01:00:00    100.000000
2022-01-01 02:00:00    100.000000
2022-01-01 03:00:00    100.000000
2022-01-01 04:00:00    100.000000
                          ...    
2023-05-01 19:00:00     44.274952
2023-05-01 20:00:00     44.274952
2023-05-01 21:00:00     44.274952
2023-05-01 22:00:00     44.274952
2023-05-01 23:00:00     44.274952
Freq: H, Length: 11664, dtype: float64",2022-01-01,2023-05-01 23:00:00,486 days,100.0,37.67982982647262,119.97523730912091,44.27495184881021,-55.725048151189796,-70.17976286600607,33.684842249657066,100.0,68.5936609323897,451 days 16:00:00,44,0.0,22,22.727272727272727,46.836555360281224,-25.62611806797853,19.706468696636108,-9.156797769266415,11 days 13:48:00,6 days 05:24:42.352941176,0.47871173038442,-2.5329567341449906,-0.854984475499232,-0.6672356391059933,0.955050503135684,-1.179196113421564,long
3240,"{'window_k': 192, 'window_d': 162, 'window_ma': 132}","open_time
2022-01-01 00:00:00    100.000000
2022-01-01 01:00:00    100.000000
2022-01-01 02:00:00    100.000000
2022-01-01 03:00:00    100.000000
2022-01-01 04:00:00    100.000000
                          ...    
2023-05-01 19:00:00     39.569737
2023-05-01 20:00:00     39.478864
2023-05-01 21:00:00     39.677650
2023-05-01 22:00:00     39.853717
2023-05-01 23:00:00     39.853717
Freq: H, Length: 11664, dtype: float64",2022-01-01,2023-05-01 23:00:00,486 days,100.0,31.40402265595486,124.40355194179949,39.85371723526063,-60.14628276473937,-70.17976286600607,35.939643347050755,100.0,74.75632956955536,451 days 16:00:00,49,0.0,25,29.166666666666668,37.58813160987076,-35.979314802844215,15.190437456031766,-9.891507377884562,9 days 23:42:51.428571428,6 days 02:07:03.529411764,0.4619065940386474,-2.49473592544822,-0.9104949766674787,-0.6673432601749546,0.9532205992753268,-1.241383879638246,long
2759,"{'window_k': 162, 'window_d': 192, 'window_ma': 117}","open_time
2022-01-01 00:00:00    100.000000
2022-01-01 01:00:00    100.000000
2022-01-01 02:00:00    100.000000
2022-01-01 03:00:00    100.000000
2022-01-01 04:00:00    100.000000
                          ...    
2023-05-01 19:00:00     42.290347
2023-05-01 20:00:00     42.193226
2023-05-01 21:00:00     42.405679
2023-05-01 22:00:00     42.593852
2023-05-01 23:00:00     42.593852
Freq: H, Length: 11664, dtype: float64",2022-01-01,2023-05-01 23:00:00,486 days,100.0,35.134227718581656,120.59738643434972,42.59385186686657,-57.40614813313343,-70.17976286600607,28.08641975308642,100.0,70.8665098329408,451 days 16:00:00,43,0.0,22,28.57142857142857,30.70730304772856,-24.14402474044622,8.60241203152081,-8.24938286984072,7 days 06:20:00,6 days 04:08:00,0.3365863723474661,-2.7272669551438073,-1.0734148060147122,-0.6677632522982687,0.9396630440453695,-1.4732315311773974,long
3303,"{'window_k': 192, 'window_d': 222, 'window_ma': 117}","open_time
2022-01-01 00:00:00    100.000000
2022-01-01 01:00:00    100.000000
2022-01-01 02:00:00    100.000000
2022-01-01 03:00:00    100.000000
2022-01-01 04:00:00    100.000000
                          ...    
2023-05-01 19:00:00     43.993804
2023-05-01 20:00:00     43.993804
2023-05-01 21:00:00     43.993804
2023-05-01 22:00:00     43.993804
2023-05-01 23:00:00     43.993804
Freq: H, Length: 11664, dtype: float64",2022-01-01,2023-05-01 23:00:00,486 days,100.0,36.651328098774016,117.90711823159602,43.99380415900565,-56.00619584099435,-70.17976286600607,29.26954732510288,100.0,68.91508447625479,451 days 16:00:00,38,0.0,19,31.57894736842105,25.74220910934905,-22.845735832316734,9.061674843042534,-9.447227478093367,8 days 11:30:00,7 days 00:41:32.307692307,0.3716835050880315,-2.9476945179470717,-0.9912422981379289,-0.6678795460478837,0.9443405755509862,-1.3612153606527326,long
3041,"{'window_k': 177, 'window_d': 222, 'window_ma': 27}","open_time
2022-01-01 00:00:00    100.000000
2022-01-01 01:00:00    100.000000
2022-01-01 02:00:00    100.000000
2022-01-01 03:00:00    100.000000
2022-01-01 04:00:00    100.000000
                          ...    
2023-05-01 19:00:00     48.110402
2023-05-01 20:00:00     48.110402
2023-05-01 21:00:00     48.110402
2023-05-01 22:00:00     48.110402
2023-05-01 23:00:00     48.110402
Freq: H, Length: 11664, dtype: float64",2022-01-01,2023-05-01 23:00:00,486 days,100.0,46.82210767167728,127.49549945658624,48.110402018980956,-51.889597981019044,-70.17976286600607,20.87620027434842,100.0,63.27548198074179,424 days 03:00:00,38,0.0,19,31.57894736842105,17.6064970885688,-22.65790353124652,8.954355805065068,-8.829155283423079,5 days 04:20:00,5 days 09:55:23.076923076,0.46092304409540275,-2.731031472685211,-1.048477728184119,-0.6681346821147365,0.931426524669489,-1.4463001416157164,long
4016,"{'window_k': 237, 'window_d': 177, 'window_ma': 12}","open_time
2022-01-01 00:00:00    100.000000
2022-01-01 01:00:00    100.000000
2022-01-01 02:00:00    100.000000
2022-01-01 03:00:00    100.000000
2022-01-01 04:00:00    100.000000
                          ...    
2023-05-01 19:00:00     46.542877
2023-05-01 20:00:00     46.542877
2023-05-01 21:00:00     46.542877
2023-05-01 22:00:00     46.542877
2023-05-01 23:00:00     46.542877
Freq: H, Length: 11664, dtype: float64",2022-01-01,2023-05-01 23:00:00,486 days,100.0,42.366460283117924,122.42544243272343,46.54287669289179,-53.45712330710821,-70.17976286600607,15.380658436213993,100.0,65.39407214607404,391 days 18:00:00,44,0.0,22,22.727272727272727,18.21582195623714,-25.626118067978528,8.39970292753239,-6.362901431156606,3 days 08:00:00,3 days 10:00:00,0.33008785027677473,-2.4298692412321916,-1.3677427381958,-0.6681773731026314,0.8996202966707701,-1.8137208582040978,long
3586,"{'window_k': 222, 'window_d': 12, 'window_ma': 42}","open_time
2022-01-01 00:00:00    100.000000
2022-01-01 01:00:00    100.000000
2022-01-01 02:00:00    100.000000
2022-01-01 03:00:00    100.000000
2022-01-01 04:00:00    100.000000
                          ...    
2023-05-01 19:00:00     35.717897
2023-05-01 20:00:00     35.635870
2023-05-01 21:00:00     35.815305
2023-05-01 22:00:00     35.974233
2023-05-01 23:00:00     35.974233
Freq: H, Length: 11664, dtype: float64",2022-01-01,2023-05-01 23:00:00,486 days,100.0,24.1770178524348,122.17930950019449,35.974233476083654,-64.02576652391635,-70.17976286600607,40.123456790123456,100.0,80.211855876959,453 days 11:00:00,435,0.0,218,31.797235023041477,25.39712029725964,-16.33320749968542,4.278869250498548,-2.556346173132631,1 days 10:44:20.869565217,0 days 15:00:49.315068493,0.692471131703636,-0.29540399727092104,-0.7248981465454176,-0.6682052420130948,0.9610724756512691,-1.1043443561295787,long
2297,"{'window_k': 132, 'window_d': 237, 'window_ma': 147}","open_time
2022-01-01 00:00:00    100.000000
2022-01-01 01:00:00    100.000000
2022-01-01 02:00:00    100.000000
2022-01-01 03:00:00    100.000000
2022-01-01 04:00:00    100.000000
                          ...    
2023-05-01 19:00:00     47.912093
2023-05-01 20:00:00     47.912093
2023-05-01 21:00:00     47.912093
2023-05-01 22:00:00     47.912093
2023-05-01 23:00:00     47.912093
Freq: H, Length: 11664, dtype: float64",2022-01-01,2023-05-01 23:00:00,486 days,100.0,43.56591388259131,119.45143561559401,47.9120930627803,-52.0879069372197,-70.17976286600607,32.5960219478738,100.0,63.5283463458819,451 days 16:00:00,40,0.0,20,25.0,19.420877904832142,-21.736694677871142,10.96924111510239,-7.773320994953675,9 days 11:48:00,7 days 09:32:00,0.4078082239134997,-2.6043953468609864,-0.8078292609189641,-0.6682895632334374,0.9575785074388498,-1.1158566592781356,long
3492,"{'window_k': 207, 'window_d': 162, 'window_ma': 72}","open_time
2022-01-01 00:00:00    100.000000
2022-01-01 01:00:00    100.000000
2022-01-01 02:00:00    100.000000
2022-01-01 03:00:00    100.000000
2022-01-01 04:00:00    100.000000
                          ...    
2023-05-01 19:00:00     38.538426
2023-05-01 20:00:00     38.449921
2023-05-01 21:00:00     38.643526
2023-05-01 22:00:00     38.815004
2023-05-01 23:00:00     38.815004
Freq: H, Length: 11664, dtype: float64",2022-01-01,2023-05-01 23:00:00,486 days,100.0,28.635854989116933,119.77947324414716,38.815004245379235,-61.184995754620765,-70.17976286600607,28.68655692729767,100.0,76.09285279561355,453 days 11:00:00,49,0.0,25,37.5,33.467896962706625,-29.87071751777633,6.91579828054079,-9.29292810683366,5 days 10:13:20,5 days 23:20:00,0.3388827135587211,-2.559516028911754,-1.0370877329886945,-0.6685548841573186,0.9406922229541396,-1.415605638173784,long
2816,"{'window_k': 177, 'window_d': 12, 'window_ma': 12}","open_time
2022-01-01 00:00:00    100.000000
2022-01-01 01:00:00    100.000000
2022-01-01 02:00:00    100.000000
2022-01-01 03:00:00    100.000000
2022-01-01 04:00:00    100.000000
                          ...    
2023-05-01 19:00:00     47.312868
2023-05-01 20:00:00     47.204212
2023-05-01 21:00:00     47.441897
2023-05-01 22:00:00     47.441897
2023-05-01 23:00:00     47.441897
Freq: H, Length: 11664, dtype: float64",2022-01-01,2023-05-01 23:00:00,486 days,100.0,36.87553254592216,102.78254465619332,47.44189682480043,-52.55810317519957,-70.17976286600607,30.29835390946502,100.0,64.1227674706143,469 days 22:00:00,462,0.0,231,32.900432900432904,35.12278697886922,-14.13123359580053,3.8482693867266047,-2.2110180981378815,0 days 23:37:53.684210526,0 days 11:12:46.451612903,0.7470199915409292,-0.2275242561696953,-0.5389867132841006,-0.6687168938330365,0.9655215061583624,-0.8429842702279817,long
2231,"{'window_k': 132, 'window_d': 177, 'window_ma': 117}","open_time
2022-01-01 00:00:00    100.000000
2022-01-01 01:00:00    100.000000
2022-01-01 02:00:00    100.000000
2022-01-01 03:00:00    100.000000
2022-01-01 04:00:00    100.000000
                          ...    
2023-05-01 19:00:00     41.339646
2023-05-01 20:00:00     41.244708
2023-05-01 21:00:00     41.452386
2023-05-01 22:00:00     41.636328
2023-05-01 23:00:00     41.636328
Freq: H, Length: 11664, dtype: float64",2022-01-01,2023-05-01 23:00:00,486 days,100.0,35.60340636456154,127.50237649287253,41.63632823762444,-58.36367176237556,-70.17976286600607,31.57578875171468,100.0,72.07628018874472,424 days 03:00:00,53,0.0,27,30.76923076923077,30.25787965616044,-21.502192982456148,8.800638794121154,-7.948712478571986,7 days 05:52:30,5 days 05:26:40,0.458214157794147,-2.247038774180098,-1.0379107804653418,-0.6689294293600047,0.9448397154378514,-1.4336447504125698,long
1286,"{'window_k': 87, 'window_d': 12, 'window_ma': 102}","open_time
2022-01-01 00:00:00    100.000000
2022-01-01 01:00:00    100.000000
2022-01-01 02:00:00    100.000000
2022-01-01 03:00:00    100.000000
2022-01-01 04:00:00    100.000000
                          ...    
2023-05-01 19:00:00     39.132179
2023-05-01 20:00:00     39.042310
2023-05-01 21:00:00     39.238898
2023-05-01 22:00:00     39.413018
2023-05-01 23:00:00     39.413018
Freq: H, Length: 11664, dtype: float64",2022-01-01,2023-05-01 23:00:00,486 days,100.0,25.187818699111464,101.42055773033617,39.41301848873258,-60.58698151126741,-70.17976286600607,43.03840877914952,100.0,75.16497713798564,481 days 09:00:00,481,0.0,241,34.583333333333336,30.742374127159124,-16.33320749968542,4.351194419337247,-2.703093119670652,1 days 07:11:33.975903614,0 days 15:25:59.235668789,0.7064119395538022,-0.25193088384032336,-0.5546434179711789,-0.6692595349242915,0.9705266036896174,-0.8521729087976386,long
1288,"{'window_k': 87, 'window_d': 12, 'window_ma': 132}","open_time
2022-01-01 00:00:00    100.000000
2022-01-01 01:00:00    100.000000
2022-01-01 02:00:00    100.000000
2022-01-01 03:00:00    100.000000
2022-01-01 04:00:00    100.000000
                          ...    
2023-05-01 19:00:00     38.583668
2023-05-01 20:00:00     38.495059
2023-05-01 21:00:00     38.688891
2023-05-01 22:00:00     38.860571
2023-05-01 23:00:00     38.860571
Freq: H, Length: 11664, dtype: float64",2022-01-01,2023-05-01 23:00:00,486 days,100.0,24.422916162367667,101.42055773033617,38.86057131725068,-61.13942868274932,-70.17976286600607,42.969821673525374,100.0,75.91916598673716,481 days 09:00:00,481,0.0,241,34.166666666666664,30.742374127159117,-16.333207499685418,4.3927115537081205,-2.6888067783965375,1 days 07:28:32.195121951,0 days 15:20:07.594936708,0.7013429514127137,-0.25423996395531834,-0.5689608568279009,-0.6695139413940783,0.9697308713278984,-0.8739150323153887,long
3,"{'window_k': 12, 'window_d': 12, 'window_ma': 57}","open_time
2022-01-01 00:00:00    100.000000
2022-01-01 01:00:00    100.000000
2022-01-01 02:00:00    100.000000
2022-01-01 03:00:00    100.000000
2022-01-01 04:00:00    100.000000
                          ...    
2023-05-01 19:00:00     38.212494
2023-05-01 20:00:00     38.124737
2023-05-01 21:00:00     38.316705
2023-05-01 22:00:00     38.486733
2023-05-01 23:00:00     38.486733
Freq: H, Length: 11664, dtype: float64",2022-01-01,2023-05-01 23:00:00,486 days,100.0,23.80863115238685,101.06073665910789,38.48673324485808,-61.51326675514191,-70.17976286600607,41.10939643347051,100.0,76.44126498632528,482 days 09:00:00,697,0.0,349,39.08045977011494,31.19749776586236,-12.69291338582677,3.2040565119405695,-2.3747581456110516,0 days 17:55:08.823529411,0 days 11:03:40.754716981,0.7623747980028581,-0.17767639155033654,-0.6393019116379914,-0.6695941316762565,0.9658281603234358,-0.966067947151242,long
3037,"{'window_k': 177, 'window_d': 207, 'window_ma': 207}","open_time
2022-01-01 00:00:00    100.000000
2022-01-01 01:00:00    100.000000
2022-01-01 02:00:00    100.000000
2022-01-01 03:00:00    100.000000
2022-01-01 04:00:00    100.000000
                          ...    
2023-05-01 19:00:00     46.102316
2023-05-01 20:00:00     46.102316
2023-05-01 21:00:00     46.102316
2023-05-01 22:00:00     46.102316
2023-05-01 23:00:00     46.102316
Freq: H, Length: 11664, dtype: float64",2022-01-01,2023-05-01 23:00:00,486 days,100.0,40.94329187472384,119.8639315534481,46.10231589744179,-53.89768410255821,-70.17976286600607,33.15329218106996,100.0,65.84185806013967,451 days 16:00:00,42,0.0,21,23.809523809523807,41.08983799705449,-24.32522864153469,15.502655450955475,-8.498635945276977,11 days 09:48:00,6 days 12:07:30,0.4396194735485254,-2.5665563858361047,-0.8074421777437903,-0.6697196617619823,0.9575570657748727,-1.1156898584955182,long
2215,"{'window_k': 132, 'window_d': 162, 'window_ma': 117}","open_time
2022-01-01 00:00:00    100.000000
2022-01-01 01:00:00    100.000000
2022-01-01 02:00:00    100.000000
2022-01-01 03:00:00    100.000000
2022-01-01 04:00:00    100.000000
                          ...    
2023-05-01 19:00:00     39.533354
2023-05-01 20:00:00     39.442564
2023-05-01 21:00:00     39.641167
2023-05-01 22:00:00     39.817073
2023-05-01 23:00:00     39.817073
Freq: H, Length: 11664, dtype: float64",2022-01-01,2023-05-01 23:00:00,486 days,100.0,32.60436141578615,127.94894366197184,39.81707262280939,-60.18292737719061,-70.17976286600607,32.52743484224966,100.0,74.51767831556033,451 days 16:00:00,53,0.0,27,30.76923076923077,29.492481203007493,-26.321913380736913,12.650547144848767,-9.540213775793543,7 days 10:30:00,5 days 08:46:40,0.5436812462604695,-2.313854995643849,-0.9964112441152386,-0.669944941318202,0.9466817857321209,-1.3642822687669176,long
3719,"{'window_k': 222, 'window_d': 132, 'window_ma': 117}","open_time
2022-01-01 00:00:00    100.000000
2022-01-01 01:00:00    100.000000
2022-01-01 02:00:00    100.000000
2022-01-01 03:00:00    100.000000
2022-01-01 04:00:00    100.000000
                          ...    
2023-05-01 19:00:00     39.429155
2023-05-01 20:00:00     39.338604
2023-05-01 21:00:00     39.536684
2023-05-01 22:00:00     39.712126
2023-05-01 23:00:00     39.712126
Freq: H, Length: 11664, dtype: float64",2022-01-01,2023-05-01 23:00:00,486 days,100.0,31.339232984560457,123.69554810914313,39.71212558105309,-60.28787441894692,-70.17976286600607,34.636488340192045,100.0,74.66421915450977,451 days 16:00:00,53,0.0,27,26.923076923076923,31.972130830268995,-22.236827691970642,10.786102176313687,-7.953814489283068,8 days 04:17:08.571428571,5 days 18:00:00,0.42676748955534716,-2.3205057596518284,-0.8464787998139012,-0.6699581557879747,0.9538856680299347,-1.1982417295206855,long
3587,"{'window_k': 222, 'window_d': 12, 'window_ma': 57}","open_time
2022-01-01 00:00:00    100.000000
2022-01-01 01:00:00    100.000000
2022-01-01 02:00:00    100.000000
2022-01-01 03:00:00    100.000000
2022-01-01 04:00:00    100.000000
                          ...    
2023-05-01 19:00:00     35.885682
2023-05-01 20:00:00     35.803269
2023-05-01 21:00:00     35.983547
2023-05-01 22:00:00     36.143222
2023-05-01 23:00:00     36.143222
Freq: H, Length: 11664, dtype: float64",2022-01-01,2023-05-01 23:00:00,486 days,100.0,24.24921758284076,119.51416585746973,36.143222494286135,-63.85677750571387,-70.17976286600607,40.414951989026065,100.0,79.71017292480633,453 days 11:00:00,435,0.0,218,32.25806451612903,25.39712029725965,-16.33320749968542,4.189489676165286,-2.5593074690643705,1 days 11:07:42.857142857,0 days 14:55:26.896551724,0.6873812206600745,-0.2946269107447471,-0.7157622974110696,-0.670358270919976,0.9617318739919033,-1.0894894596821683,long
1508,"{'window_k': 87, 'window_d': 222, 'window_ma': 72}","open_time
2022-01-01 00:00:00    100.000000
2022-01-01 01:00:00    100.000000
2022-01-01 02:00:00    100.000000
2022-01-01 03:00:00    100.000000
2022-01-01 04:00:00    100.000000
                          ...    
2023-05-01 19:00:00     38.416434
2023-05-01 20:00:00     38.328209
2023-05-01 21:00:00     38.521201
2023-05-01 22:00:00     38.692137
2023-05-01 23:00:00     38.692137
Freq: H, Length: 11664, dtype: float64",2022-01-01,2023-05-01 23:00:00,486 days,100.0,26.627300056605034,111.04968846641086,38.692136855428316,-61.307863144571684,-70.17976286600607,30.101165980795606,100.0,76.02217491617819,391 days 18:00:00,49,0.0,25,33.33333333333333,28.574074074074083,-26.827921360724545,10.266840895761261,-9.951841680176454,5 days 20:00:00,6 days 05:03:45,0.39731632579887927,-2.5639141447943805,-1.196615913851236,-0.6707133610897592,0.936298516135784,-1.6235310524918034,long
1291,"{'window_k': 87, 'window_d': 12, 'window_ma': 177}","open_time
2022-01-01 00:00:00    100.000000
2022-01-01 01:00:00    100.000000
2022-01-01 02:00:00    100.000000
2022-01-01 03:00:00    100.000000
2022-01-01 04:00:00    100.000000
                          ...    
2023-05-01 19:00:00     38.675787
2023-05-01 20:00:00     38.586967
2023-05-01 21:00:00     38.781262
2023-05-01 22:00:00     38.953352
2023-05-01 23:00:00     38.953352
Freq: H, Length: 11664, dtype: float64",2022-01-01,2023-05-01 23:00:00,486 days,100.0,24.716831608749565,101.42055773033617,38.953351540332136,-61.046648459667864,-70.17976286600607,43.22702331961592,100.0,75.62936729803012,481 days 09:00:00,481,0.0,241,34.583333333333336,30.742374127159124,-16.33320749968542,4.353862309676282,-2.711674745164153,1 days 07:27:28.192771084,0 days 15:25:59.235668789,0.7039927675611066,-0.25385216765688234,-0.5655224979978994,-0.6709139551582409,0.9700113039293772,-0.8685535689268221,long
3057,"{'window_k': 177, 'window_d': 237, 'window_ma': 27}","open_time
2022-01-01 00:00:00    100.000000
2022-01-01 01:00:00    100.000000
2022-01-01 02:00:00    100.000000
2022-01-01 03:00:00    100.000000
2022-01-01 04:00:00    100.000000
                          ...    
2023-05-01 19:00:00     53.124231
2023-05-01 20:00:00     53.124231
2023-05-01 21:00:00     53.124231
2023-05-01 22:00:00     53.124231
2023-05-01 23:00:00     53.124231
Freq: H, Length: 11664, dtype: float64",2022-01-01,2023-05-01 23:00:00,486 days,100.0,51.694197433962096,118.38126749809112,53.12423143328386,-46.87576856671614,-70.17976286600607,20.799039780521262,100.0,56.33245147101026,451 days 16:00:00,36,0.0,18,38.88888888888889,15.870364183093907,-19.446962828649145,5.8796762288517606,-8.693105879788073,3 days 11:25:42.857142857,6 days 23:27:16.363636363,0.40327582345519547,-2.6042093648175637,-0.8771779285372013,-0.6712795571210186,0.9421728780335634,-1.2184403790402079,long
1751,"{'window_k': 102, 'window_d': 207, 'window_ma': 117}","open_time
2022-01-01 00:00:00    100.000000
2022-01-01 01:00:00    100.000000
2022-01-01 02:00:00    100.000000
2022-01-01 03:00:00    100.000000
2022-01-01 04:00:00    100.000000
                          ...    
2023-05-01 19:00:00     37.077793
2023-05-01 20:00:00     36.992642
2023-05-01 21:00:00     37.178909
2023-05-01 22:00:00     37.343889
2023-05-01 23:00:00     37.343889
Freq: H, Length: 11664, dtype: float64",2022-01-01,2023-05-01 23:00:00,486 days,100.0,26.875799011068697,121.44759517468275,37.34388858051922,-62.65611141948077,-70.17976286600607,29.81824417009602,100.0,77.87045600004497,451 days 16:00:00,49,0.0,25,33.33333333333333,28.830530889854522,-36.75500969618617,8.913489494727681,-9.283633539778053,7 days 20:30:00,5 days 02:03:45,0.3765341318360884,-2.6361721593823124,-1.1503241854771429,-0.6713374083724973,0.9357532422035849,-1.5459401243506674,long
93,"{'window_k': 12, 'window_d': 87, 'window_ma': 207}","open_time
2022-01-01 00:00:00    100.000000
2022-01-01 01:00:00    100.000000
2022-01-01 02:00:00    100.000000
2022-01-01 03:00:00    100.000000
2022-01-01 04:00:00    100.000000
                          ...    
2023-05-01 19:00:00     41.610203
2023-05-01 20:00:00     41.610203
2023-05-01 21:00:00     41.610203
2023-05-01 22:00:00     41.610203
2023-05-01 23:00:00     41.610203
Freq: H, Length: 11664, dtype: float64",2022-01-01,2023-05-01 23:00:00,486 days,100.0,36.72544357730549,130.4573520965053,41.610202988226106,-58.389797011773894,-70.17976286600607,32.70747599451303,100.0,71.84869768770257,391 days 18:00:00,150,0.0,75,24.0,23.86131883072739,-17.22511385816524,9.771757841753846,-4.245852052187713,3 days 19:16:40,1 days 14:06:18.947368421,0.692006537753365,-0.7785306268236523,-0.7738965329047455,-0.6713879615845634,0.95412330540354,-1.1510853780425432,long
3597,"{'window_k': 222, 'window_d': 12, 'window_ma': 207}","open_time
2022-01-01 00:00:00    100.000000
2022-01-01 01:00:00    100.000000
2022-01-01 02:00:00    100.000000
2022-01-01 03:00:00    100.000000
2022-01-01 04:00:00    100.000000
                          ...    
2023-05-01 19:00:00     36.172114
2023-05-01 20:00:00     36.089043
2023-05-01 21:00:00     36.270761
2023-05-01 22:00:00     36.431710
2023-05-01 23:00:00     36.431710
Freq: H, Length: 11664, dtype: float64",2022-01-01,2023-05-01 23:00:00,486 days,100.0,24.89970681408453,119.51416585746973,36.43171020478896,-63.568289795211044,-70.17976286600607,39.98628257887517,100.0,79.16589499208033,453 days 11:00:00,435,0.0,218,32.71889400921659,25.39712029725965,-16.33320749968543,4.115172906174071,-2.5646002826481884,1 days 10:21:58.309859154,0 days 14:48:45,0.690662761454562,-0.2933003161814841,-0.7116524331715655,-0.6714445643066345,0.9617435144881361,-1.0825368862045803,long
586,"{'window_k': 42, 'window_d': 72, 'window_ma': 162}","open_time
2022-01-01 00:00:00    100.000000
2022-01-01 01:00:00    100.000000
2022-01-01 02:00:00    100.000000
2022-01-01 03:00:00    100.000000
2022-01-01 04:00:00    100.000000
                          ...    
2023-05-01 19:00:00     48.173522
2023-05-01 20:00:00     48.173522
2023-05-01 21:00:00     48.173522
2023-05-01 22:00:00     48.173522
2023-05-01 23:00:00     48.173522
Freq: H, Length: 11664, dtype: float64",2022-01-01,2023-05-01 23:00:00,486 days,100.0,42.60533354101404,114.70891392516957,48.17352179073577,-51.82647820926422,-70.17976286600607,40.03772290809328,100.0,62.85787034056685,391 days 18:00:00,130,0.0,65,38.46153846153847,19.010967866076562,-20.993179880647915,6.401354143147729,-5.348643378343413,4 days 00:04:48,2 days 08:42:00,0.6847510332834965,-0.7973304339886802,-0.44062032797589396,-0.671668897914352,0.9759558237420902,-0.6690801660515562,long
585,"{'window_k': 42, 'window_d': 72, 'window_ma': 147}","open_time
2022-01-01 00:00:00    100.000000
2022-01-01 01:00:00    100.000000
2022-01-01 02:00:00    100.000000
2022-01-01 03:00:00    100.000000
2022-01-01 04:00:00    100.000000
                          ...    
2023-05-01 19:00:00     47.371116
2023-05-01 20:00:00     47.371116
2023-05-01 21:00:00     47.371116
2023-05-01 22:00:00     47.371116
2023-05-01 23:00:00     47.371116
Freq: H, Length: 11664, dtype: float64",2022-01-01,2023-05-01 23:00:00,486 days,100.0,41.895674500948004,116.15427872073442,47.37111579155016,-52.62888420844985,-70.17976286600607,40.46639231824417,100.0,63.931010581473046,391 days 18:00:00,130,0.0,65,40.0,19.010967866076573,-20.993179880647915,6.152588061767524,-5.525206164195144,4 days 05:09:13.846153846,2 days 05:35:23.076923076,0.6823000757738115,-0.8096751416684584,-0.45758842835982777,-0.6717239773748498,0.9751452920494683,-0.6948119964039214,long
3596,"{'window_k': 222, 'window_d': 12, 'window_ma': 192}","open_time
2022-01-01 00:00:00    100.000000
2022-01-01 01:00:00    100.000000
2022-01-01 02:00:00    100.000000
2022-01-01 03:00:00    100.000000
2022-01-01 04:00:00    100.000000
                          ...    
2023-05-01 19:00:00     35.691662
2023-05-01 20:00:00     35.609695
2023-05-01 21:00:00     35.788999
2023-05-01 22:00:00     35.947810
2023-05-01 23:00:00     35.947810
Freq: H, Length: 11664, dtype: float64",2022-01-01,2023-05-01 23:00:00,486 days,100.0,24.118111596795824,119.51416585746973,35.947810299737284,-64.05218970026272,-70.17976286600607,40.56927297668038,100.0,79.81987204298558,453 days 11:00:00,435,0.0,218,32.25806451612903,25.397120297259658,-16.333207499685418,4.17591678573779,-2.556797281994913,1 days 11:15:25.714285714,0 days 14:59:10.344827586,0.6859857748079847,-0.2955255027659873,-0.7198037242352406,-0.6718074135094172,0.9616018500137448,-1.0947529578617385,long
3999,"{'window_k': 237, 'window_d': 147, 'window_ma': 237}","open_time
2022-01-01 00:00:00    100.000000
2022-01-01 01:00:00    100.000000
2022-01-01 02:00:00    100.000000
2022-01-01 03:00:00    100.000000
2022-01-01 04:00:00    100.000000
                          ...    
2023-05-01 19:00:00     46.313342
2023-05-01 20:00:00     46.206981
2023-05-01 21:00:00     46.439645
2023-05-01 22:00:00     46.645718
2023-05-01 23:00:00     46.645718
Freq: H, Length: 11664, dtype: float64",2022-01-01,2023-05-01 23:00:00,486 days,100.0,42.85347485049676,122.0274950152167,46.64571815520372,-53.35428184479628,-70.17976286600607,37.79149519890261,100.0,64.8821154239436,451 days 16:00:00,49,0.0,25,29.166666666666668,32.42886476972721,-22.868473231989416,12.97597986589789,-8.770441953463427,10 days 12:00:00,6 days 10:07:03.529411764,0.5130257207554436,-2.235282215237782,-0.6254218717852544,-0.6720099604527073,0.9677888317387268,-0.9017687003355801,long
836,"{'window_k': 57, 'window_d': 72, 'window_ma': 72}","open_time
2022-01-01 00:00:00    100.00000
2022-01-01 01:00:00    100.00000
2022-01-01 02:00:00    100.00000
2022-01-01 03:00:00    100.00000
2022-01-01 04:00:00    100.00000
                         ...    
2023-05-01 19:00:00     49.48264
2023-05-01 20:00:00     49.48264
2023-05-01 21:00:00     49.48264
2023-05-01 22:00:00     49.48264
2023-05-01 23:00:00     49.48264
Freq: H, Length: 11664, dtype: float64",2022-01-01,2023-05-01 23:00:00,486 days,100.0,43.75958441902668,112.34556512914496,49.48264018127296,-50.51735981872704,-70.17976286600607,38.44307270233196,100.0,61.049121637579916,391 days 18:00:00,118,0.0,59,33.89830508474576,22.068435217224135,-17.91469194312796,7.648899689428126,-5.24618689427998,4 days 00:06:00,2 days 17:41:32.307692307,0.6850905646559253,-0.8562264376055424,-0.422751720800968,-0.6723170942597099,0.9765175772168824,-0.6390667913248622,long
1292,"{'window_k': 87, 'window_d': 12, 'window_ma': 192}","open_time
2022-01-01 00:00:00    100.000000
2022-01-01 01:00:00    100.000000
2022-01-01 02:00:00    100.000000
2022-01-01 03:00:00    100.000000
2022-01-01 04:00:00    100.000000
                          ...    
2023-05-01 19:00:00     38.622202
2023-05-01 20:00:00     38.533505
2023-05-01 21:00:00     38.727530
2023-05-01 22:00:00     38.899382
2023-05-01 23:00:00     38.899382
Freq: H, Length: 11664, dtype: float64",2022-01-01,2023-05-01 23:00:00,486 days,100.0,24.804962575399276,101.42055773033617,38.89938167562469,-61.10061832437531,-70.17976286600607,43.184156378600825,100.0,75.5424707470527,481 days 09:00:00,481,0.0,241,34.583333333333336,30.742374127159138,-16.333207499685425,4.353862309676284,-2.7125693615749444,1 days 07:27:28.192771084,0 days 15:24:04.585987261,0.7042608029287536,-0.2540777471291621,-0.5672122234922382,-0.6723643397237337,0.9699017971917381,-0.8711780606680385,long
4,"{'window_k': 12, 'window_d': 12, 'window_ma': 72}","open_time
2022-01-01 00:00:00    100.000000
2022-01-01 01:00:00    100.000000
2022-01-01 02:00:00    100.000000
2022-01-01 03:00:00    100.000000
2022-01-01 04:00:00    100.000000
                          ...    
2023-05-01 19:00:00     37.109580
2023-05-01 20:00:00     37.024357
2023-05-01 21:00:00     37.210783
2023-05-01 22:00:00     37.375904
2023-05-01 23:00:00     37.375904
Freq: H, Length: 11664, dtype: float64",2022-01-01,2023-05-01 23:00:00,486 days,100.0,22.540154176247817,101.06073665910789,37.375904124135396,-62.624095875864604,-70.17976286600607,41.26371742112483,100.0,77.69642798837008,482 days 09:00:00,701,0.0,351,39.714285714285715,31.19749776586238,-12.692913385826774,3.1711161521214586,-2.4217139961883367,0 days 17:35:23.741007194,0 days 11:09:40.094786729,0.7573844579634061,-0.17980866190278377,-0.6572540769469531,-0.6724456655995146,0.9651008842604144,-0.9924542872171979,long
2516,"{'window_k': 147, 'window_d': 207, 'window_ma': 72}","open_time
2022-01-01 00:00:00    100.00000
2022-01-01 01:00:00    100.00000
2022-01-01 02:00:00    100.00000
2022-01-01 03:00:00    100.00000
2022-01-01 04:00:00    100.00000
                         ...    
2023-05-01 19:00:00     42.08744
2023-05-01 20:00:00     42.08744
2023-05-01 21:00:00     42.08744
2023-05-01 22:00:00     42.08744
2023-05-01 23:00:00     42.08744
Freq: H, Length: 11664, dtype: float64",2022-01-01,2023-05-01 23:00:00,486 days,100.0,34.3497302255605,118.7063027603708,42.08744014379548,-57.91255985620452,-70.17976286600607,26.740397805212616,100.0,71.06326334255279,453 days 11:00:00,42,0.0,21,33.33333333333333,29.268292682926816,-25.916897506925206,8.174751850622679,-9.257129496098008,5 days 12:34:17.142857142,6 days 12:30:00,0.3462765083598183,-2.757740945533547,-1.103845616371123,-0.6725433279383451,0.937349097771741,-1.5073026506334561,long
3905,"{'window_k': 237, 'window_d': 72, 'window_ma': 27}","open_time
2022-01-01 00:00:00    100.000000
2022-01-01 01:00:00    100.000000
2022-01-01 02:00:00    100.000000
2022-01-01 03:00:00    100.000000
2022-01-01 04:00:00    100.000000
                          ...    
2023-05-01 19:00:00     50.867660
2023-05-01 20:00:00     50.750840
2023-05-01 21:00:00     51.006383
2023-05-01 22:00:00     51.232721
2023-05-01 23:00:00     51.232721
Freq: H, Length: 11664, dtype: float64",2022-01-01,2023-05-01 23:00:00,486 days,100.0,45.25844490821946,109.58249361421356,51.232721376707815,-48.767278623292185,-70.17976286600607,23.11385459533608,100.0,58.6992014732277,439 days 04:00:00,71,0.0,36,37.142857142857146,21.613214630483746,-19.869310001107543,7.4865606340787245,-6.78336119174357,3 days 13:27:41.538461538,2 days 19:35:27.272727272,0.5629623537714036,-1.3929336047431253,-0.7816425684418217,-0.6726697893963678,0.9515863876268879,-1.0751745230087486,long
2772,"{'window_k': 162, 'window_d': 207, 'window_ma': 72}","open_time
2022-01-01 00:00:00    100.000000
2022-01-01 01:00:00    100.000000
2022-01-01 02:00:00    100.000000
2022-01-01 03:00:00    100.000000
2022-01-01 04:00:00    100.000000
                          ...    
2023-05-01 19:00:00     42.574345
2023-05-01 20:00:00     42.574345
2023-05-01 21:00:00     42.574345
2023-05-01 22:00:00     42.574345
2023-05-01 23:00:00     42.574345
Freq: H, Length: 11664, dtype: float64",2022-01-01,2023-05-01 23:00:00,486 days,100.0,34.984595414949844,117.9913517965613,42.57434458740236,-57.42565541259764,-70.17976286600607,27.211934156378604,100.0,70.34986472968825,453 days 11:00:00,42,0.0,21,33.33333333333333,29.268292682926806,-26.23132263420034,6.9671147219295095,-8.608082088987876,6 days 12:34:17.142857142,6 days 04:25:42.857142857,0.3076075566566761,-2.7345550196475052,-1.0486466470748321,-0.6729248356424099,0.9407068440217715,-1.436189471710367,long
3592,"{'window_k': 222, 'window_d': 12, 'window_ma': 132}","open_time
2022-01-01 00:00:00    100.000000
2022-01-01 01:00:00    100.000000
2022-01-01 02:00:00    100.000000
2022-01-01 03:00:00    100.000000
2022-01-01 04:00:00    100.000000
                          ...    
2023-05-01 19:00:00     35.324622
2023-05-01 20:00:00     35.243497
2023-05-01 21:00:00     35.420957
2023-05-01 22:00:00     35.578136
2023-05-01 23:00:00     35.578136
Freq: H, Length: 11664, dtype: float64",2022-01-01,2023-05-01 23:00:00,486 days,100.0,23.656613467242185,119.51416585746973,35.57813556244368,-64.42186443755632,-70.17976286600607,40.34636488340192,100.0,80.20601717167604,453 days 11:00:00,435,0.0,218,32.25806451612903,25.39712029725965,-16.33320749968542,4.158675897760817,-2.55564321516652,1 days 10:50:34.285714285,0 days 15:00:24.827586206,0.6804177455561818,-0.2972254313203617,-0.7317471302041312,-0.6730445423630053,0.9608580368908246,-1.1128939476706647,long
1294,"{'window_k': 87, 'window_d': 12, 'window_ma': 222}","open_time
2022-01-01 00:00:00    100.000000
2022-01-01 01:00:00    100.000000
2022-01-01 02:00:00    100.000000
2022-01-01 03:00:00    100.000000
2022-01-01 04:00:00    100.000000
                          ...    
2023-05-01 19:00:00     38.509260
2023-05-01 20:00:00     38.420822
2023-05-01 21:00:00     38.614280
2023-05-01 22:00:00     38.785629
2023-05-01 23:00:00     38.785629
Freq: H, Length: 11664, dtype: float64",2022-01-01,2023-05-01 23:00:00,486 days,100.0,24.73242582427557,101.42055773033617,38.785628842541676,-61.214371157458324,-70.17976286600607,43.08984910836763,100.0,75.6139915045273,481 days 09:00:00,481,0.0,241,35.0,30.742374127159124,-16.333207499685418,4.302513349720015,-2.732063731249802,1 days 07:05:42.857142857,0 days 15:25:23.076923076,0.7033862409994337,-0.254553203278555,-0.5701228000033881,-0.6731581465916485,0.9697308961125506,-0.875698315500239,long
588,"{'window_k': 42, 'window_d': 72, 'window_ma': 192}","open_time
2022-01-01 00:00:00    100.00000
2022-01-01 01:00:00    100.00000
2022-01-01 02:00:00    100.00000
2022-01-01 03:00:00    100.00000
2022-01-01 04:00:00    100.00000
                         ...    
2023-05-01 19:00:00     47.90692
2023-05-01 20:00:00     47.90692
2023-05-01 21:00:00     47.90692
2023-05-01 22:00:00     47.90692
2023-05-01 23:00:00     47.90692
Freq: H, Length: 11664, dtype: float64",2022-01-01,2023-05-01 23:00:00,486 days,100.0,42.36954691419215,114.70891392516957,47.90691967167868,-52.09308032832132,-70.17976286600607,40.56069958847737,100.0,63.06342248011174,391 days 18:00:00,130,0.0,65,38.46153846153847,19.010967866076573,-20.993179880647904,6.378833029603779,-5.348643378343413,4 days 02:31:12,2 days 08:42:00,0.6827371508392801,-0.8014320050510968,-0.44516223917730513,-0.6732904072070867,0.975837490490588,-0.6760508498186375,long
590,"{'window_k': 42, 'window_d': 72, 'window_ma': 222}","open_time
2022-01-01 00:00:00    100.00000
2022-01-01 01:00:00    100.00000
2022-01-01 02:00:00    100.00000
2022-01-01 03:00:00    100.00000
2022-01-01 04:00:00    100.00000
                         ...    
2023-05-01 19:00:00     47.90692
2023-05-01 20:00:00     47.90692
2023-05-01 21:00:00     47.90692
2023-05-01 22:00:00     47.90692
2023-05-01 23:00:00     47.90692
Freq: H, Length: 11664, dtype: float64",2022-01-01,2023-05-01 23:00:00,486 days,100.0,42.36954691419215,114.70891392516957,47.90691967167868,-52.09308032832132,-70.17976286600607,40.56069958847737,100.0,63.06342248011174,391 days 18:00:00,130,0.0,65,38.46153846153847,19.010967866076573,-20.993179880647904,6.378833029603779,-5.348643378343413,4 days 02:31:12,2 days 08:42:00,0.6827371508392801,-0.8014320050510968,-0.44516223917730513,-0.6732904072070867,0.975837490490588,-0.6760508498186375,long
3297,"{'window_k': 192, 'window_d': 222, 'window_ma': 27}","open_time
2022-01-01 00:00:00    100.000000
2022-01-01 01:00:00    100.000000
2022-01-01 02:00:00    100.000000
2022-01-01 03:00:00    100.000000
2022-01-01 04:00:00    100.000000
                          ...    
2023-05-01 19:00:00     52.134048
2023-05-01 20:00:00     52.134048
2023-05-01 21:00:00     52.134048
2023-05-01 22:00:00     52.134048
2023-05-01 23:00:00     52.134048
Freq: H, Length: 11664, dtype: float64",2022-01-01,2023-05-01 23:00:00,486 days,100.0,50.16784032176974,117.90711823159602,52.134047769207605,-47.865952230792395,-70.17976286600607,20.63614540466392,100.0,57.45138964109966,451 days 16:00:00,38,0.0,19,31.57894736842105,14.43026836779586,-22.845735832316734,8.761849560425656,-8.20945588737472,4 days 04:40:00,5 days 18:41:32.307692307,0.4756532090600653,-2.519260643725915,-0.8933624486671357,-0.6733928375061734,0.9406785630568507,-1.2414867873366051,long
3598,"{'window_k': 222, 'window_d': 12, 'window_ma': 222}","open_time
2022-01-01 00:00:00    100.000000
2022-01-01 01:00:00    100.000000
2022-01-01 02:00:00    100.000000
2022-01-01 03:00:00    100.000000
2022-01-01 04:00:00    100.000000
                          ...    
2023-05-01 19:00:00     35.430014
2023-05-01 20:00:00     35.348648
2023-05-01 21:00:00     35.526637
2023-05-01 22:00:00     35.684285
2023-05-01 23:00:00     35.684285
Freq: H, Length: 11664, dtype: float64",2022-01-01,2023-05-01 23:00:00,486 days,100.0,23.941306910927725,119.51416585746973,35.68428463844401,-64.31571536155599,-70.17976286600607,40.603566529492454,100.0,79.96780821824949,453 days 11:00:00,435,0.0,218,32.25806451612903,25.397120297259647,-16.333207499685425,4.17591678573779,-2.5617930065128878,1 days 11:15:25.714285714,0 days 15:00:49.655172413,0.6838218051496538,-0.29673731074540877,-0.7273314954654833,-0.6737604560305107,0.9612251981038642,-1.106093073605308,long
1761,"{'window_k': 102, 'window_d': 222, 'window_ma': 27}","open_time
2022-01-01 00:00:00    100.000000
2022-01-01 01:00:00    100.000000
2022-01-01 02:00:00    100.000000
2022-01-01 03:00:00    100.000000
2022-01-01 04:00:00    100.000000
                          ...    
2023-05-01 19:00:00     41.235583
2023-05-01 20:00:00     41.235583
2023-05-01 21:00:00     41.235583
2023-05-01 22:00:00     41.235583
2023-05-01 23:00:00     41.235583
Freq: H, Length: 11664, dtype: float64",2022-01-01,2023-05-01 23:00:00,486 days,100.0,33.6676512998163,120.60989523908307,41.23558290653794,-58.764417093462065,-70.17976286600607,23.602537722908092,100.0,72.08549826440239,451 days 16:00:00,50,0.0,25,36.0,14.47982574421741,-24.207717113310352,5.815929433341981,-8.085015793764411,3 days 15:40:00,5 days 02:45:00,0.35715339292518955,-2.3505766837384816,-1.3243129389822264,-0.6740431267532271,0.9199365099071345,-1.8164375833292494,long
224,"{'window_k': 12, 'window_d': 222, 'window_ma': 12}","open_time
2022-01-01 00:00:00    100.000000
2022-01-01 01:00:00    100.000000
2022-01-01 02:00:00    100.000000
2022-01-01 03:00:00    100.000000
2022-01-01 04:00:00    100.000000
                          ...    
2023-05-01 19:00:00     52.809043
2023-05-01 20:00:00     52.809043
2023-05-01 21:00:00     52.809043
2023-05-01 22:00:00     52.809043
2023-05-01 23:00:00     52.809043
Freq: H, Length: 11664, dtype: float64",2022-01-01,2023-05-01 23:00:00,486 days,100.0,50.92880886854327,117.10483580695222,52.809043187077684,-47.190956812922316,-70.17976286600607,12.705761316872428,100.0,56.51007192179526,391 days 18:00:00,102,0.0,51,37.254901960784316,19.185373756074974,-17.67015706806282,4.246332876656302,-4.202851799780912,1 days 19:06:18.947368421,0 days 20:43:07.500000,0.5881682665197004,-0.9253128786847513,-1.238566758623965,-0.6740766189203584,0.898804212111971,-1.6378318745957083,long
3149,"{'window_k': 192, 'window_d': 72, 'window_ma': 207}","open_time
2022-01-01 00:00:00    100.000000
2022-01-01 01:00:00    100.000000
2022-01-01 02:00:00    100.000000
2022-01-01 03:00:00    100.000000
2022-01-01 04:00:00    100.000000
                          ...    
2023-05-01 19:00:00     43.096226
2023-05-01 20:00:00     42.997254
2023-05-01 21:00:00     43.213756
2023-05-01 22:00:00     43.405515
2023-05-01 23:00:00     43.405515
Freq: H, Length: 11664, dtype: float64",2022-01-01,2023-05-01 23:00:00,486 days,100.0,38.422637315705316,124.2873846397306,43.40551467053506,-56.59448532946494,-70.17976286600607,35.11659807956104,100.0,69.08564982111398,355 days 14:00:00,75,0.0,38,29.72972972972973,21.91941146965391,-23.16848825884644,9.721631855425684,-6.709178351861381,6 days 07:10:54.545454545,3 days 17:27:41.538461538,0.5620532186804372,-1.5454630547841586,-0.5948423217411947,-0.6740896958972649,0.9656553433993958,-0.9004406540530778,long
15,"{'window_k': 12, 'window_d': 12, 'window_ma': 237}","open_time
2022-01-01 00:00:00    100.000000
2022-01-01 01:00:00    100.000000
2022-01-01 02:00:00    100.000000
2022-01-01 03:00:00    100.000000
2022-01-01 04:00:00    100.000000
                          ...    
2023-05-01 19:00:00     37.625548
2023-05-01 20:00:00     37.539139
2023-05-01 21:00:00     37.728158
2023-05-01 22:00:00     37.895575
2023-05-01 23:00:00     37.895575
Freq: H, Length: 11664, dtype: float64",2022-01-01,2023-05-01 23:00:00,486 days,100.0,23.496564655826294,101.06073665910789,37.89557451958834,-62.10442548041166,-70.17976286600607,41.60665294924554,100.0,76.75005602315812,482 days 09:00:00,701,0.0,351,39.14285714285714,31.197497765862376,-12.692913385826774,3.226252394107186,-2.3982100343964188,0 days 17:58:41.167883211,0 days 11:09:34.647887323,0.7618050818417278,-0.17833616194066815,-0.6416001205757763,-0.6742514048262849,0.9660338465625433,-0.9687287869105976,long
3509,"{'window_k': 207, 'window_d': 177, 'window_ma': 87}","open_time
2022-01-01 00:00:00    100.000000
2022-01-01 01:00:00    100.000000
2022-01-01 02:00:00    100.000000
2022-01-01 03:00:00    100.000000
2022-01-01 04:00:00    100.000000
                          ...    
2023-05-01 19:00:00     43.677410
2023-05-01 20:00:00     43.577103
2023-05-01 21:00:00     43.796524
2023-05-01 22:00:00     43.990869
2023-05-01 23:00:00     43.990869
Freq: H, Length: 11664, dtype: float64",2022-01-01,2023-05-01 23:00:00,486 days,100.0,38.28324751996496,120.60989523908307,43.99086899187288,-56.00913100812712,-70.17976286600607,32.53600823045267,100.0,68.25861804781714,451 days 16:00:00,47,0.0,24,21.73913043478261,29.58011673884391,-25.044091710758387,15.624065227498637,-7.942523867636147,8 days 02:48:00,6 days 12:20:00,0.4535330785410474,-2.4392682077619323,-0.8777258796243674,-0.6743423921852385,0.9525578161201496,-1.2331054269284007,long
3589,"{'window_k': 222, 'window_d': 12, 'window_ma': 87}","open_time
2022-01-01 00:00:00    100.000000
2022-01-01 01:00:00    100.000000
2022-01-01 02:00:00    100.000000
2022-01-01 03:00:00    100.000000
2022-01-01 04:00:00    100.000000
                          ...    
2023-05-01 19:00:00     34.799029
2023-05-01 20:00:00     34.719112
2023-05-01 21:00:00     34.893931
2023-05-01 22:00:00     35.048771
2023-05-01 23:00:00     35.048771
Freq: H, Length: 11664, dtype: float64",2022-01-01,2023-05-01 23:00:00,486 days,100.0,23.019213570390303,119.51416585746973,35.04877107580759,-64.9512289241924,-70.17976286600607,40.16632373113855,100.0,80.73934298479514,453 days 11:00:00,435,0.0,218,32.25806451612903,25.397120297259647,-16.333207499685415,4.149713666507475,-2.561781119556256,1 days 10:39:25.714285714,0 days 14:57:06.206896551,0.6796590391052938,-0.29965968423440104,-0.7483046984886456,-0.6749795614415689,0.9599125767362352,-1.1381881084812604,long
3977,"{'window_k': 237, 'window_d': 132, 'window_ma': 147}","open_time
2022-01-01 00:00:00    100.000000
2022-01-01 01:00:00    100.000000
2022-01-01 02:00:00    100.000000
2022-01-01 03:00:00    100.000000
2022-01-01 04:00:00    100.000000
                          ...    
2023-05-01 19:00:00     39.236875
2023-05-01 20:00:00     39.146766
2023-05-01 21:00:00     39.343879
2023-05-01 22:00:00     39.518466
2023-05-01 23:00:00     39.518466
Freq: H, Length: 11664, dtype: float64",2022-01-01,2023-05-01 23:00:00,486 days,100.0,31.490834506078265,122.84612540277851,39.51846559053544,-60.48153440946456,-70.17976286600607,38.768861454046636,100.0,74.36562658950086,451 days 16:00:00,53,0.0,27,26.923076923076923,30.52531041069722,-22.782723376195175,12.320074164188833,-8.423748770444062,9 days 02:51:25.714285714,6 days 11:22:06.315789473,0.4509670367246151,-2.322097302731786,-0.8014267515229055,-0.6751110586996835,0.9592778196377741,-1.1408257449220884,long
1,"{'window_k': 12, 'window_d': 12, 'window_ma': 27}","open_time
2022-01-01 00:00:00    100.000000
2022-01-01 01:00:00    100.000000
2022-01-01 02:00:00    100.000000
2022-01-01 03:00:00    100.000000
2022-01-01 04:00:00    100.000000
                          ...    
2023-05-01 19:00:00     37.285015
2023-05-01 20:00:00     37.199388
2023-05-01 21:00:00     37.386696
2023-05-01 22:00:00     37.552598
2023-05-01 23:00:00     37.552598
Freq: H, Length: 11664, dtype: float64",2022-01-01,2023-05-01 23:00:00,486 days,100.0,23.121019278590794,101.06073665910789,37.552597539075045,-62.44740246092495,-70.17976286600607,41.195130315500684,100.0,77.12165966434496,482 days 09:00:00,697,0.0,349,39.36781609195402,31.19749776586237,-12.692913385826774,3.1974315114806875,-2.407196191305428,0 days 17:51:14.452554744,0 days 11:07:06.540284360,0.7640841244304409,-0.1803385021129209,-0.6572658532496746,-0.6752600936485863,0.9649891587889062,-0.9926707814485372,long
584,"{'window_k': 42, 'window_d': 72, 'window_ma': 132}","open_time
2022-01-01 00:00:00    100.000000
2022-01-01 01:00:00    100.000000
2022-01-01 02:00:00    100.000000
2022-01-01 03:00:00    100.000000
2022-01-01 04:00:00    100.000000
                          ...    
2023-05-01 19:00:00     47.542477
2023-05-01 20:00:00     47.542477
2023-05-01 21:00:00     47.542477
2023-05-01 22:00:00     47.542477
2023-05-01 23:00:00     47.542477
Freq: H, Length: 11664, dtype: float64",2022-01-01,2023-05-01 23:00:00,486 days,100.0,42.0472283178516,114.70891392516957,47.54247652257334,-52.45752347742666,-70.17976286600607,40.054869684499316,100.0,63.34441075322085,391 days 18:00:00,130,0.0,65,36.92307692307693,19.010967866076577,-20.99317988064791,6.619563074447574,-5.2221885195812865,4 days 02:00:00,2 days 08:35:07.317073170,0.6802485058087687,-0.8070388227296408,-0.4539369669372756,-0.6754984905649475,0.97526532164956,-0.6894005380094114,long
2041,"{'window_k': 117, 'window_d': 237, 'window_ma': 147}","open_time
2022-01-01 00:00:00    100.000000
2022-01-01 01:00:00    100.000000
2022-01-01 02:00:00    100.000000
2022-01-01 03:00:00    100.000000
2022-01-01 04:00:00    100.000000
                          ...    
2023-05-01 19:00:00     44.904191
2023-05-01 20:00:00     44.904191
2023-05-01 21:00:00     44.904191
2023-05-01 22:00:00     44.904191
2023-05-01 23:00:00     44.904191
Freq: H, Length: 11664, dtype: float64",2022-01-01,2023-05-01 23:00:00,486 days,100.0,39.318065845898516,118.77425944841674,44.90419119376268,-55.09580880623732,-70.17976286600607,35.23662551440329,100.0,66.89681246720446,451 days 16:00:00,44,0.0,22,27.27272727272727,17.41054961268903,-22.227191413237925,9.669126314118643,-7.8204277064880205,9 days 03:00:00,7 days 06:45:00,0.3950820056808849,-2.5043549457380614,-0.8678166363656302,-0.6755224620927676,0.9562906007935728,-1.1995915445639465,long
3039,"{'window_k': 177, 'window_d': 207, 'window_ma': 237}","open_time
2022-01-01 00:00:00    100.000000
2022-01-01 01:00:00    100.000000
2022-01-01 02:00:00    100.000000
2022-01-01 03:00:00    100.000000
2022-01-01 04:00:00    100.000000
                          ...    
2023-05-01 19:00:00     45.567085
2023-05-01 20:00:00     45.567085
2023-05-01 21:00:00     45.567085
2023-05-01 22:00:00     45.567085
2023-05-01 23:00:00     45.567085
Freq: H, Length: 11664, dtype: float64",2022-01-01,2023-05-01 23:00:00,486 days,100.0,40.77517706356979,119.8639315534481,45.56708476372086,-54.43291523627914,-70.17976286600607,32.97325102880658,100.0,65.98211277144046,451 days 16:00:00,42,0.0,21,23.809523809523807,41.08983799705449,-24.325228641534686,15.35064982111733,-8.535765188853276,11 days 12:23:59.999999999,6 days 10:00:00,0.43436167435625883,-2.592043582679958,-0.8369087168976843,-0.6756942615981342,0.9559562288041602,-1.1602053011676898,long
2535,"{'window_k': 147, 'window_d': 222, 'window_ma': 117}","open_time
2022-01-01 00:00:00    100.00000
2022-01-01 01:00:00    100.00000
2022-01-01 02:00:00    100.00000
2022-01-01 03:00:00    100.00000
2022-01-01 04:00:00    100.00000
                         ...    
2023-05-01 19:00:00     43.04658
2023-05-01 20:00:00     43.04658
2023-05-01 21:00:00     43.04658
2023-05-01 22:00:00     43.04658
2023-05-01 23:00:00     43.04658
Freq: H, Length: 11664, dtype: float64",2022-01-01,2023-05-01 23:00:00,486 days,100.0,36.67294907326443,119.8639315534481,43.04657966213829,-56.9534203378617,-70.17976286600607,26.740397805212616,100.0,69.40451677332831,451 days 16:00:00,40,0.0,20,30.0,25.74220910934909,-22.908277404921698,8.08389298050365,-8.59688720803979,6 days 13:20:00,6 days 11:21:25.714285714,0.33268850812005707,-2.8476710168930857,-1.1107953893958318,-0.6757787220299384,0.9359486957222127,-1.5134705132860289,long
1770,"{'window_k': 102, 'window_d': 222, 'window_ma': 162}","open_time
2022-01-01 00:00:00    100.000000
2022-01-01 01:00:00    100.000000
2022-01-01 02:00:00    100.000000
2022-01-01 03:00:00    100.000000
2022-01-01 04:00:00    100.000000
                          ...    
2023-05-01 19:00:00     39.246939
2023-05-01 20:00:00     39.246939
2023-05-01 21:00:00     39.246939
2023-05-01 22:00:00     39.246939
2023-05-01 23:00:00     39.246939
Freq: H, Length: 11664, dtype: float64",2022-01-01,2023-05-01 23:00:00,486 days,100.0,30.553356220218582,120.60989523908307,39.246938864425374,-60.753061135574626,-70.17976286600607,35.30521262002744,100.0,74.66762062959002,451 days 16:00:00,50,0.0,25,28.000000000000004,44.198732124428716,-24.207717113310338,14.005902398018607,-9.333903882975719,10 days 19:17:08.571428571,5 days 07:56:40,0.4221467707842015,-2.4301224454229846,-0.9883142586922797,-0.67582481225981,0.9505616083271587,-1.3718139234562132,long
83,"{'window_k': 12, 'window_d': 87, 'window_ma': 57}","open_time
2022-01-01 00:00:00    100.000000
2022-01-01 01:00:00    100.000000
2022-01-01 02:00:00    100.000000
2022-01-01 03:00:00    100.000000
2022-01-01 04:00:00    100.000000
                          ...    
2023-05-01 19:00:00     41.212558
2023-05-01 20:00:00     41.212558
2023-05-01 21:00:00     41.212558
2023-05-01 22:00:00     41.212558
2023-05-01 23:00:00     41.212558
Freq: H, Length: 11664, dtype: float64",2022-01-01,2023-05-01 23:00:00,486 days,100.0,36.37447919249259,129.56735956015257,41.2125577082457,-58.7874422917543,-70.17976286600607,31.738683127572013,100.0,71.92620169464402,430 days 01:00:00,150,0.0,75,25.333333333333336,23.86131883072739,-17.22511385816526,8.283727094425211,-4.050424629615054,3 days 16:06:18.947368421,1 days 12:12:51.428571428,0.6536913945107555,-0.783832563890057,-0.8017058191762633,-0.6758357158720073,0.9513337802896592,-1.1932186206555802,long
2314,"{'window_k': 147, 'window_d': 12, 'window_ma': 162}","open_time
2022-01-01 00:00:00    100.000000
2022-01-01 01:00:00    100.000000
2022-01-01 02:00:00    100.000000
2022-01-01 03:00:00    100.000000
2022-01-01 04:00:00    100.000000
                          ...    
2023-05-01 19:00:00     44.255855
2023-05-01 20:00:00     44.154220
2023-05-01 21:00:00     44.376547
2023-05-01 22:00:00     44.573466
2023-05-01 23:00:00     44.573466
Freq: H, Length: 11664, dtype: float64",2022-01-01,2023-05-01 23:00:00,486 days,100.0,33.25332988218006,101.60273315888524,44.57346594639707,-55.42653405360293,-70.17976286600607,40.94650205761317,100.0,67.27122504649667,453 days 11:00:00,463,0.0,232,32.03463203463203,28.488482771749503,-14.13123359580053,4.556945613793756,-2.486320938565122,1 days 07:51:04.864864864,0 days 15:21:47.006369426,0.7474449228224799,-0.24035418710609902,-0.4753639373252375,-0.6762736077822481,0.9744107121702333,-0.7236082426606759,long
117,"{'window_k': 12, 'window_d': 117, 'window_ma': 87}","open_time
2022-01-01 00:00:00    100.00000
2022-01-01 01:00:00    100.00000
2022-01-01 02:00:00    100.00000
2022-01-01 03:00:00    100.00000
2022-01-01 04:00:00    100.00000
                         ...    
2023-05-01 19:00:00     42.98088
2023-05-01 20:00:00     42.98088
2023-05-01 21:00:00     42.98088
2023-05-01 22:00:00     42.98088
2023-05-01 23:00:00     42.98088
Freq: H, Length: 11664, dtype: float64",2022-01-01,2023-05-01 23:00:00,486 days,100.0,39.02375101253714,127.71104084286917,42.98088012380182,-57.01911987619819,-70.17976286600607,36.291152263374485,100.0,69.44371390681053,439 days 04:00:00,142,0.0,71,29.577464788732392,30.00057231156642,-22.716102919919052,8.753744760340185,-4.813900772619207,4 days 16:08:34.285714285,1 days 13:33:36,0.6946255412832453,-0.8030861954394108,-0.6453932495563556,-0.6762738940405788,0.9637468518429305,-0.9494724113206098,long
10,"{'window_k': 12, 'window_d': 12, 'window_ma': 162}","open_time
2022-01-01 00:00:00    100.000000
2022-01-01 01:00:00    100.000000
2022-01-01 02:00:00    100.000000
2022-01-01 03:00:00    100.000000
2022-01-01 04:00:00    100.000000
                          ...    
2023-05-01 19:00:00     37.340519
2023-05-01 20:00:00     37.254765
2023-05-01 21:00:00     37.442351
2023-05-01 22:00:00     37.608500
2023-05-01 23:00:00     37.608500
Freq: H, Length: 11664, dtype: float64",2022-01-01,2023-05-01 23:00:00,486 days,100.0,23.31856847978883,101.06073665910789,37.608499900296934,-62.391500099703066,-70.17976286600607,41.40946502057613,100.0,76.92618394575369,482 days 09:00:00,701,0.0,351,39.14285714285714,31.197497765862387,-12.692913385826774,3.231894357720589,-2.4051069549467874,0 days 17:53:25.839416058,0 days 11:06:28.732394366,0.7596112069621956,-0.1791495955511445,-0.6508214235907471,-0.6762796236050922,0.9654415747239161,-0.9826072514138535,long
8,"{'window_k': 12, 'window_d': 12, 'window_ma': 132}","open_time
2022-01-01 00:00:00    100.000000
2022-01-01 01:00:00    100.000000
2022-01-01 02:00:00    100.000000
2022-01-01 03:00:00    100.000000
2022-01-01 04:00:00    100.000000
                          ...    
2023-05-01 19:00:00     37.296178
2023-05-01 20:00:00     37.210526
2023-05-01 21:00:00     37.397890
2023-05-01 22:00:00     37.563841
2023-05-01 23:00:00     37.563841
Freq: H, Length: 11664, dtype: float64",2022-01-01,2023-05-01 23:00:00,486 days,100.0,23.290878334106573,101.06073665910789,37.563840862070236,-62.43615913792976,-70.17976286600607,41.66666666666667,100.0,76.95358345479907,482 days 09:00:00,701,0.0,351,39.42857142857143,31.19749776586238,-12.692913385826774,3.2046237773289374,-2.4146565411782404,0 days 17:54:46.956521739,0 days 11:12:10.188679245,0.7590911882631698,-0.1792761381301945,-0.649810841426732,-0.6765949197991958,0.9656501989006994,-0.9806657824783249,long
1764,"{'window_k': 102, 'window_d': 222, 'window_ma': 72}","open_time
2022-01-01 00:00:00    100.00000
2022-01-01 01:00:00    100.00000
2022-01-01 02:00:00    100.00000
2022-01-01 03:00:00    100.00000
2022-01-01 04:00:00    100.00000
                         ...    
2023-05-01 19:00:00     37.26923
2023-05-01 20:00:00     37.26923
2023-05-01 21:00:00     37.26923
2023-05-01 22:00:00     37.26923
2023-05-01 23:00:00     37.26923
Freq: H, Length: 11664, dtype: float64",2022-01-01,2023-05-01 23:00:00,486 days,100.0,26.93439210701469,118.87252359713722,37.26923008277508,-62.73076991722492,-70.17976286600607,29.972565157750342,100.0,77.34178488689598,453 days 11:00:00,50,0.0,25,36.0,27.41787483942008,-24.20771711331035,7.534595379769832,-9.42632394858318,5 days 02:26:40,6 days 05:37:30,0.33968872114544535,-2.509230796688996,-1.203225283582462,-0.6768530376238537,0.9355412195245119,-1.642761107313507,long
3305,"{'window_k': 192, 'window_d': 222, 'window_ma': 147}","open_time
2022-01-01 00:00:00    100.000000
2022-01-01 01:00:00    100.000000
2022-01-01 02:00:00    100.000000
2022-01-01 03:00:00    100.000000
2022-01-01 04:00:00    100.000000
                          ...    
2023-05-01 19:00:00     47.440528
2023-05-01 20:00:00     47.440528
2023-05-01 21:00:00     47.440528
2023-05-01 22:00:00     47.440528
2023-05-01 23:00:00     47.440528
Freq: H, Length: 11664, dtype: float64",2022-01-01,2023-05-01 23:00:00,486 days,100.0,43.246829029927135,117.92266543878726,47.44052828052281,-52.55947171947719,-70.17976286600607,32.14163237311386,100.0,63.3261096422755,349 days 17:00:00,38,0.0,19,26.31578947368421,19.36197676562789,-22.845735832316734,9.332444847245732,-7.858942630959264,9 days 09:48:00,7 days 19:08:34.285714285,0.3631469325782669,-2.766287985235641,-0.8159537212692208,-0.6771490562709467,0.9563376994614778,-1.1255949609984288,long
376,"{'window_k': 27, 'window_d': 117, 'window_ma': 132}","open_time
2022-01-01 00:00:00    100.000000
2022-01-01 01:00:00    100.000000
2022-01-01 02:00:00    100.000000
2022-01-01 03:00:00    100.000000
2022-01-01 04:00:00    100.000000
                          ...    
2023-05-01 19:00:00     41.560138
2023-05-01 20:00:00     41.560138
2023-05-01 21:00:00     41.560138
2023-05-01 22:00:00     41.560138
2023-05-01 23:00:00     41.560138
Freq: H, Length: 11664, dtype: float64",2022-01-01,2023-05-01 23:00:00,486 days,100.0,36.85202393762159,128.4205978583132,41.5601377491552,-58.4398622508448,-70.17976286600607,40.8179012345679,100.0,71.30365023040888,397 days 07:00:00,100,0.0,50,42.0,27.525190464487594,-21.93840840408691,7.315892937345189,-7.512498947695212,5 days 01:00:00,3 days 04:33:06.206896551,0.6269262296239345,-1.168797245016895,-0.7418971038436313,-0.677176149825591,0.964108677435929,-1.0254168993336692,long
9,"{'window_k': 12, 'window_d': 12, 'window_ma': 147}","open_time
2022-01-01 00:00:00    100.000000
2022-01-01 01:00:00    100.000000
2022-01-01 02:00:00    100.000000
2022-01-01 03:00:00    100.000000
2022-01-01 04:00:00    100.000000
                          ...    
2023-05-01 19:00:00     36.984024
2023-05-01 20:00:00     36.899088
2023-05-01 21:00:00     37.084885
2023-05-01 22:00:00     37.249447
2023-05-01 23:00:00     37.249447
Freq: H, Length: 11664, dtype: float64",2022-01-01,2023-05-01 23:00:00,486 days,100.0,22.985372058730935,101.06073665910789,37.24944668748422,-62.75055331251578,-70.17976286600607,41.37517146776406,100.0,77.25588312673413,482 days 09:00:00,701,0.0,351,39.14285714285714,31.19749776586237,-12.692913385826765,3.216487001411908,-2.4001878415138096,0 days 18:03:56.496350364,0 days 10:58:35.492957746,0.7569275906328893,-0.18016698243115614,-0.6613330570430558,-0.6778515486561546,0.9649045437804131,-0.9973776155630052,long
3150,"{'window_k': 192, 'window_d': 72, 'window_ma': 222}","open_time
2022-01-01 00:00:00    100.000000
2022-01-01 01:00:00    100.000000
2022-01-01 02:00:00    100.000000
2022-01-01 03:00:00    100.000000
2022-01-01 04:00:00    100.000000
                          ...    
2023-05-01 19:00:00     42.472008
2023-05-01 20:00:00     42.374470
2023-05-01 21:00:00     42.587836
2023-05-01 22:00:00     42.776817
2023-05-01 23:00:00     42.776817
Freq: H, Length: 11664, dtype: float64",2022-01-01,2023-05-01 23:00:00,486 days,100.0,37.866112866895406,124.2873846397306,42.77681680347178,-57.22318319652822,-70.17976286600607,35.23662551440329,100.0,69.53342209536618,355 days 14:00:00,75,0.0,38,35.13513513513514,18.821699397238966,-23.168488258846445,7.929246959146454,-7.2106481182247775,6 days 00:41:32.307692307,3 days 16:25:00,0.539415406223841,-1.5622248442445499,-0.6108933352357506,-0.6781227811706386,0.9648318021748652,-0.9248154369384378,long
3402,"{'window_k': 207, 'window_d': 72, 'window_ma': 162}","open_time
2022-01-01 00:00:00    100.000000
2022-01-01 01:00:00    100.000000
2022-01-01 02:00:00    100.000000
2022-01-01 03:00:00    100.000000
2022-01-01 04:00:00    100.000000
                          ...    
2023-05-01 19:00:00     41.920689
2023-05-01 20:00:00     41.824416
2023-05-01 21:00:00     42.035013
2023-05-01 22:00:00     42.221541
2023-05-01 23:00:00     42.221541
Freq: H, Length: 11664, dtype: float64",2022-01-01,2023-05-01 23:00:00,486 days,100.0,36.76466051745885,123.72190110463606,42.221540705567776,-57.778459294432224,-70.17976286600607,33.89060356652949,100.0,70.28443615139275,355 days 14:00:00,71,0.0,36,31.428571428571427,19.342359767891672,-22.063666300768382,9.795237404600817,-7.344885074213798,6 days 07:05:27.272727272,3 days 19:12:30,0.5549113431058648,-1.6466871552437858,-0.6369248754820029,-0.6782190620036748,0.962569858587749,-0.9637289255089602,long
144,"{'window_k': 12, 'window_d': 147, 'window_ma': 12}","open_time
2022-01-01 00:00:00    100.000000
2022-01-01 01:00:00    100.000000
2022-01-01 02:00:00    100.000000
2022-01-01 03:00:00    100.000000
2022-01-01 04:00:00    100.000000
                          ...    
2023-05-01 19:00:00     56.036947
2023-05-01 20:00:00     56.036947
2023-05-01 21:00:00     56.036947
2023-05-01 22:00:00     56.036947
2023-05-01 23:00:00     56.036947
Freq: H, Length: 11664, dtype: float64",2022-01-01,2023-05-01 23:00:00,486 days,100.0,48.00255917077726,100.0,56.03694698866841,-43.96305301133159,-70.17976286600607,14.266117969821673,100.0,51.99744082922274,478 days 14:00:00,130,0.0,65,29.230769230769234,19.15759086734024,-12.699985841710323,4.868660049105503,-3.0722812596444062,1 days 07:56:50.526315789,0 days 22:58:41.739130434,0.5627467532056925,-0.676354661712794,-0.9860683945709705,-0.6783270597679603,0.9196036699799389,-1.3888379855465514,long
3590,"{'window_k': 222, 'window_d': 12, 'window_ma': 102}","open_time
2022-01-01 00:00:00    100.000000
2022-01-01 01:00:00    100.000000
2022-01-01 02:00:00    100.000000
2022-01-01 03:00:00    100.000000
2022-01-01 04:00:00    100.000000
                          ...    
2023-05-01 19:00:00     34.530482
2023-05-01 20:00:00     34.451182
2023-05-01 21:00:00     34.624652
2023-05-01 22:00:00     34.778297
2023-05-01 23:00:00     34.778297
Freq: H, Length: 11664, dtype: float64",2022-01-01,2023-05-01 23:00:00,486 days,100.0,23.11072725866208,119.51416585746973,34.77829695143225,-65.22170304856775,-70.17976286600607,39.98628257887517,100.0,80.66277156950291,453 days 11:00:00,435,0.0,218,32.71889400921659,25.39712029725964,-16.333207499685432,4.075143829069711,-2.57742925171596,1 days 10:05:54.929577464,0 days 14:56:40,0.6702530915136294,-0.3009034443317521,-0.7597868649065476,-0.6788928895392699,0.9591901473207983,-1.1549345044595805,long
3757,"{'window_k': 222, 'window_d': 162, 'window_ma': 207}","open_time
2022-01-01 00:00:00    100.000000
2022-01-01 01:00:00    100.000000
2022-01-01 02:00:00    100.000000
2022-01-01 03:00:00    100.000000
2022-01-01 04:00:00    100.000000
                          ...    
2023-05-01 19:00:00     44.161302
2023-05-01 20:00:00     44.059884
2023-05-01 21:00:00     44.281736
2023-05-01 22:00:00     44.478234
2023-05-01 23:00:00     44.478234
Freq: H, Length: 11664, dtype: float64",2022-01-01,2023-05-01 23:00:00,486 days,100.0,39.67694923790619,120.59738643434972,44.47823412615208,-55.52176587384792,-70.17976286600607,37.25137174211248,100.0,67.09966077125115,451 days 16:00:00,47,0.0,24,26.08695652173913,37.795738427626745,-23.320420586607646,13.492756984520343,-8.477437578591648,10 days 20:30:00,6 days 18:45:52.941176470,0.4354286894260242,-2.4382420069266098,-0.6738951391842977,-0.6793065215780222,0.9649572467166794,-0.963556923092502,long
287,"{'window_k': 27, 'window_d': 27, 'window_ma': 237}","open_time
2022-01-01 00:00:00    100.00000
2022-01-01 01:00:00    100.00000
2022-01-01 02:00:00    100.00000
2022-01-01 03:00:00    100.00000
2022-01-01 04:00:00    100.00000
                         ...    
2023-05-01 19:00:00     34.86576
2023-05-01 20:00:00     34.86576
2023-05-01 21:00:00     34.86576
2023-05-01 22:00:00     34.86576
2023-05-01 23:00:00     34.86576
Freq: H, Length: 11664, dtype: float64",2022-01-01,2023-05-01 23:00:00,486 days,100.0,19.887100429916337,101.8232648596086,34.86575992520849,-65.1342400747915,-70.17976286600607,41.56378600823045,100.0,80.46900140421134,481 days 09:00:00,313,0.0,157,35.8974358974359,31.827201953900154,-24.013260126385585,5.14638400719024,-3.6403877113342116,1 days 17:13:55.714285714,1 days 01:22:12,0.5882743149049341,-0.4175271799666126,-0.7846593667576895,-0.6794661768058183,0.9582786602450248,-1.1921370967350047,long
838,"{'window_k': 57, 'window_d': 72, 'window_ma': 102}","open_time
2022-01-01 00:00:00    100.000000
2022-01-01 01:00:00    100.000000
2022-01-01 02:00:00    100.000000
2022-01-01 03:00:00    100.000000
2022-01-01 04:00:00    100.000000
                          ...    
2023-05-01 19:00:00     47.828633
2023-05-01 20:00:00     47.828633
2023-05-01 21:00:00     47.828633
2023-05-01 22:00:00     47.828633
2023-05-01 23:00:00     47.828633
Freq: H, Length: 11664, dtype: float64",2022-01-01,2023-05-01 23:00:00,486 days,100.0,42.976096426858795,114.84517368829441,47.82863340741192,-52.17136659258807,-70.17976286600607,39.88340192043896,100.0,62.57910102212756,391 days 18:00:00,118,0.0,59,30.508474576271187,22.068435217224135,-17.914691943127963,8.363711401308024,-5.017405426935296,4 days 12:26:40,2 days 17:51:13.170731707,0.6711643420167964,-0.8842604507218312,-0.453582793007283,-0.6796299214726647,0.975219033717775,-0.6848648491234997,long
3493,"{'window_k': 207, 'window_d': 162, 'window_ma': 87}","open_time
2022-01-01 00:00:00    100.000000
2022-01-01 01:00:00    100.000000
2022-01-01 02:00:00    100.000000
2022-01-01 03:00:00    100.000000
2022-01-01 04:00:00    100.000000
                          ...    
2023-05-01 19:00:00     38.221974
2023-05-01 20:00:00     38.134196
2023-05-01 21:00:00     38.326211
2023-05-01 22:00:00     38.496281
2023-05-01 23:00:00     38.496281
Freq: H, Length: 11664, dtype: float64",2022-01-01,2023-05-01 23:00:00,486 days,100.0,30.03102016434573,121.53010033444815,38.49628125262147,-61.503718747378535,-70.17976286600607,34.7136488340192,100.0,75.289232805946,451 days 16:00:00,49,0.0,25,29.166666666666668,32.29527104959631,-29.870717517776335,12.775052458056715,-9.576729348994794,9 days 01:17:08.571428571,6 days 03:17:38.823529411,0.41585233623585355,-2.572712880774491,-0.9941286004734999,-0.6797190722982012,0.948033603377849,-1.3629792017656703,long
114,"{'window_k': 12, 'window_d': 117, 'window_ma': 42}","open_time
2022-01-01 00:00:00    100.000000
2022-01-01 01:00:00    100.000000
2022-01-01 02:00:00    100.000000
2022-01-01 03:00:00    100.000000
2022-01-01 04:00:00    100.000000
                          ...    
2023-05-01 19:00:00     42.387022
2023-05-01 20:00:00     42.387022
2023-05-01 21:00:00     42.387022
2023-05-01 22:00:00     42.387022
2023-05-01 23:00:00     42.387022
Freq: H, Length: 11664, dtype: float64",2022-01-01,2023-05-01 23:00:00,486 days,100.0,38.96776378897093,129.42632754778163,42.38702214435849,-57.61297785564151,-70.17976286600607,28.75514403292181,100.0,69.89193425535095,439 days 13:00:00,146,0.0,73,28.767123287671232,30.00057231156641,-22.71610291991906,7.206460977730078,-4.188116663529351,3 days 13:54:17.142857142,1 days 05:48:27.692307692,0.6678958031044117,-0.7892188747348161,-0.8214989608160386,-0.6798249129022611,0.9473128286948708,-1.2158096670719152,long
2263,"{'window_k': 132, 'window_d': 207, 'window_ma': 117}","open_time
2022-01-01 00:00:00    100.000000
2022-01-01 01:00:00    100.000000
2022-01-01 02:00:00    100.000000
2022-01-01 03:00:00    100.000000
2022-01-01 04:00:00    100.000000
                          ...    
2023-05-01 19:00:00     38.051622
2023-05-01 20:00:00     38.051622
2023-05-01 21:00:00     38.051622
2023-05-01 22:00:00     38.051622
2023-05-01 23:00:00     38.051622
Freq: H, Length: 11664, dtype: float64",2022-01-01,2023-05-01 23:00:00,486 days,100.0,29.541720384960332,122.55480607082632,38.051621805870056,-61.94837819412995,-70.17976286600607,29.698216735253773,100.0,75.89509434016996,451 days 16:00:00,45,0.0,23,27.27272727272727,27.529455769590395,-25.73325954620919,8.98554946235067,-8.518515203595898,8 days 06:20:00,5 days 22:00:00,0.3036386840926906,-2.815835372460451,-1.1979058670912608,-0.6798817255618188,0.9350890736457641,-1.6431069023417282,long
1723,"{'window_k': 102, 'window_d': 177, 'window_ma': 177}","open_time
2022-01-01 00:00:00    100.000000
2022-01-01 01:00:00    100.000000
2022-01-01 02:00:00    100.000000
2022-01-01 03:00:00    100.000000
2022-01-01 04:00:00    100.000000
                          ...    
2023-05-01 19:00:00     35.355508
2023-05-01 20:00:00     35.274313
2023-05-01 21:00:00     35.451928
2023-05-01 22:00:00     35.609244
2023-05-01 23:00:00     35.609244
Freq: H, Length: 11664, dtype: float64",2022-01-01,2023-05-01 23:00:00,486 days,100.0,26.4939324569953,128.31604502317367,35.609243918374375,-64.39075608162563,-70.17976286600607,33.66769547325103,100.0,79.35259580965847,451 days 16:00:00,51,0.0,26,28.000000000000004,48.336385836385816,-44.82603056448429,18.487448194378512,-10.68188086549959,9 days 18:51:25.714285714,5 days 04:13:20,0.4633129266620101,-2.583546791720585,-1.0649134038567263,-0.6799022279768712,0.9437978254434642,-1.4343454413858787,long
3406,"{'window_k': 207, 'window_d': 72, 'window_ma': 222}","open_time
2022-01-01 00:00:00    100.000000
2022-01-01 01:00:00    100.000000
2022-01-01 02:00:00    100.000000
2022-01-01 03:00:00    100.000000
2022-01-01 04:00:00    100.000000
                          ...    
2023-05-01 19:00:00     41.626218
2023-05-01 20:00:00     41.530622
2023-05-01 21:00:00     41.739739
2023-05-01 22:00:00     41.924957
2023-05-01 23:00:00     41.924957
Freq: H, Length: 11664, dtype: float64",2022-01-01,2023-05-01 23:00:00,486 days,100.0,36.50640813067068,123.72190110463606,41.924956608023656,-58.075043391976344,-70.17976286600607,34.78223593964335,100.0,70.49317234480911,355 days 14:00:00,71,0.0,36,31.428571428571427,19.342359767891683,-22.063666300768396,9.819050263544646,-7.379553875538174,6 days 02:38:10.909090909,4 days 01:35:00,0.553189590615235,-1.6551899693515981,-0.6357509744356828,-0.6801306475565173,0.9632079165755677,-0.9626484344060876,long
3595,"{'window_k': 222, 'window_d': 12, 'window_ma': 177}","open_time
2022-01-01 00:00:00    100.000000
2022-01-01 01:00:00    100.000000
2022-01-01 02:00:00    100.000000
2022-01-01 03:00:00    100.000000
2022-01-01 04:00:00    100.000000
                          ...    
2023-05-01 19:00:00     34.885011
2023-05-01 20:00:00     34.804896
2023-05-01 21:00:00     34.980147
2023-05-01 22:00:00     35.135370
2023-05-01 23:00:00     35.135370
Freq: H, Length: 11664, dtype: float64",2022-01-01,2023-05-01 23:00:00,486 days,100.0,23.941306910927725,119.51416585746973,35.13536972159304,-64.86463027840696,-70.17976286600607,40.294924554183815,100.0,79.96780821824949,453 days 11:00:00,435,0.0,218,32.25806451612903,25.397120297259647,-16.333207499685425,4.153307158796636,-2.5617930065128878,1 days 10:44:34.285714285,0 days 15:00:49.655172413,0.6809485388939714,-0.299261465216736,-0.7474501766179067,-0.6804362507133015,0.9600350295628588,-1.1358093679416696,long
2791,"{'window_k': 162, 'window_d': 222, 'window_ma': 117}","open_time
2022-01-01 00:00:00    100.00000
2022-01-01 01:00:00    100.00000
2022-01-01 02:00:00    100.00000
2022-01-01 03:00:00    100.00000
2022-01-01 04:00:00    100.00000
                         ...    
2023-05-01 19:00:00     42.47021
2023-05-01 20:00:00     42.47021
2023-05-01 21:00:00     42.47021
2023-05-01 22:00:00     42.47021
2023-05-01 23:00:00     42.47021
Freq: H, Length: 11664, dtype: float64",2022-01-01,2023-05-01 23:00:00,486 days,100.0,36.04620724387028,119.00080963912175,42.47020997100642,-57.529790028993574,-70.17976286600607,27.18621399176955,100.0,69.70927563166762,424 days 03:00:00,38,0.0,19,21.052631578947366,25.14222793173058,-22.32662192393736,10.84797877511505,-7.803819448937617,11 days 14:45:00,5 days 17:04:00,0.2967413110528403,-3.027883685736505,-1.1403593319762075,-0.6804967504778231,0.9343232711402679,-1.5514217252905171,long
280,"{'window_k': 27, 'window_d': 27, 'window_ma': 132}","open_time
2022-01-01 00:00:00    100.000000
2022-01-01 01:00:00    100.000000
2022-01-01 02:00:00    100.000000
2022-01-01 03:00:00    100.000000
2022-01-01 04:00:00    100.000000
                          ...    
2023-05-01 19:00:00     34.723932
2023-05-01 20:00:00     34.723932
2023-05-01 21:00:00     34.723932
2023-05-01 22:00:00     34.723932
2023-05-01 23:00:00     34.723932
Freq: H, Length: 11664, dtype: float64",2022-01-01,2023-05-01 23:00:00,486 days,100.0,19.8937170344163,101.8232648596086,34.72393182994301,-65.27606817005699,-70.17976286600607,41.21227709190672,100.0,80.46250327776735,481 days 09:00:00,313,0.0,157,35.8974358974359,31.827201953900158,-24.013260126385575,5.13730919843235,-3.641115109290858,1 days 16:25:42.857142857,1 days 01:24:36,0.590161714726805,-0.41843633442344197,-0.7938012893269127,-0.6812428197296748,0.957695063946914,-1.2094857652743338,long
2888,"{'window_k': 177, 'window_d': 72, 'window_ma': 132}","open_time
2022-01-01 00:00:00    100.000000
2022-01-01 01:00:00    100.000000
2022-01-01 02:00:00    100.000000
2022-01-01 03:00:00    100.000000
2022-01-01 04:00:00    100.000000
                          ...    
2023-05-01 19:00:00     45.299109
2023-05-01 20:00:00     45.195078
2023-05-01 21:00:00     45.422646
2023-05-01 22:00:00     45.624207
2023-05-01 23:00:00     45.624207
Freq: H, Length: 11664, dtype: float64",2022-01-01,2023-05-01 23:00:00,486 days,100.0,40.50915256308668,116.93684296511586,45.624206733184955,-54.375793266815045,-70.17976286600607,35.83676268861454,100.0,65.35809285088088,355 days 14:00:00,79,0.0,40,33.33333333333333,24.39004554326611,-22.968427904958226,8.383312142036111,-6.604707560185885,6 days 07:13:50.769230769,3 days 08:46:09.230769230,0.576020955803189,-1.406588149115871,-0.5375490980189287,-0.6813474531924432,0.9693194115768968,-0.8172028245409818,long
3151,"{'window_k': 192, 'window_d': 72, 'window_ma': 237}","open_time
2022-01-01 00:00:00    100.000000
2022-01-01 01:00:00    100.000000
2022-01-01 02:00:00    100.000000
2022-01-01 03:00:00    100.000000
2022-01-01 04:00:00    100.000000
                          ...    
2023-05-01 19:00:00     41.862619
2023-05-01 20:00:00     41.766480
2023-05-01 21:00:00     41.976784
2023-05-01 22:00:00     42.163054
2023-05-01 23:00:00     42.163054
Freq: H, Length: 11664, dtype: float64",2022-01-01,2023-05-01 23:00:00,486 days,100.0,37.3228090320591,124.2873846397306,42.16305407865469,-57.836945921345304,-70.17976286600607,35.05658436213992,100.0,69.97055723696658,355 days 14:00:00,75,0.0,38,32.432432432432435,18.821699397238984,-23.168488258846452,8.565442682708998,-6.956216527773409,5 days 23:45:00,3 days 18:16:48,0.5395860703789698,-1.5785884460809545,-0.62888940255167,-0.6820396883033084,0.9636294800004329,-0.9517575467201291,long
2007,"{'window_k': 117, 'window_d': 207, 'window_ma': 117}","open_time
2022-01-01 00:00:00    100.000000
2022-01-01 01:00:00    100.000000
2022-01-01 02:00:00    100.000000
2022-01-01 03:00:00    100.000000
2022-01-01 04:00:00    100.000000
                          ...    
2023-05-01 19:00:00     37.152570
2023-05-01 20:00:00     37.067248
2023-05-01 21:00:00     37.253890
2023-05-01 22:00:00     37.419202
2023-05-01 23:00:00     37.419202
Freq: H, Length: 11664, dtype: float64",2022-01-01,2023-05-01 23:00:00,486 days,100.0,28.29320136826032,120.59738643434972,37.41920244997991,-62.58079755002009,-70.17976286600607,31.232853223593963,100.0,76.53912559401736,451 days 16:00:00,47,0.0,24,30.434782608695656,27.529455769590417,-26.480990274093713,8.316248125841803,-8.850106492769248,7 days 05:34:17.142857142,6 days 07:15:00,0.3201483048871263,-2.7158034460074685,-1.2067535366211934,-0.6820705721453318,0.935944391405858,-1.6569569952337526,long
3401,"{'window_k': 207, 'window_d': 72, 'window_ma': 147}","open_time
2022-01-01 00:00:00    100.000000
2022-01-01 01:00:00    100.000000
2022-01-01 02:00:00    100.000000
2022-01-01 03:00:00    100.000000
2022-01-01 04:00:00    100.000000
                          ...    
2023-05-01 19:00:00     41.264536
2023-05-01 20:00:00     41.169770
2023-05-01 21:00:00     41.377070
2023-05-01 22:00:00     41.560679
2023-05-01 23:00:00     41.560679
Freq: H, Length: 11664, dtype: float64",2022-01-01,2023-05-01 23:00:00,486 days,100.0,36.18921106707586,123.72190110463606,41.56067883301481,-58.439321166985195,-70.17976286600607,36.03395061728395,100.0,70.74955141816861,355 days 14:00:00,71,0.0,36,28.57142857142857,19.342359767891683,-22.063666300768386,10.751648664321296,-7.101516805503712,6 days 06:36:00,4 days 07:48:00,0.5503099251420216,-1.6656335036818453,-0.6404718694994087,-0.6824725345010343,0.963438950939151,-0.9689456324910213,long
3404,"{'window_k': 207, 'window_d': 72, 'window_ma': 192}","open_time
2022-01-01 00:00:00    100.000000
2022-01-01 01:00:00    100.000000
2022-01-01 02:00:00    100.000000
2022-01-01 03:00:00    100.000000
2022-01-01 04:00:00    100.000000
                          ...    
2023-05-01 19:00:00     41.264536
2023-05-01 20:00:00     41.169770
2023-05-01 21:00:00     41.377070
2023-05-01 22:00:00     41.560679
2023-05-01 23:00:00     41.560679
Freq: H, Length: 11664, dtype: float64",2022-01-01,2023-05-01 23:00:00,486 days,100.0,36.18921106707586,123.72190110463606,41.56067883301481,-58.439321166985195,-70.17976286600607,36.03395061728395,100.0,70.74955141816861,355 days 14:00:00,71,0.0,36,28.57142857142857,19.342359767891683,-22.063666300768386,10.751648664321296,-7.101516805503712,6 days 06:36:00,4 days 07:48:00,0.5503099251420216,-1.6656335036818453,-0.6404718694994087,-0.6824725345010343,0.963438950939151,-0.9689456324910213,long
1721,"{'window_k': 102, 'window_d': 177, 'window_ma': 147}","open_time
2022-01-01 00:00:00    100.000000
2022-01-01 01:00:00    100.000000
2022-01-01 02:00:00    100.000000
2022-01-01 03:00:00    100.000000
2022-01-01 04:00:00    100.000000
                          ...    
2023-05-01 19:00:00     32.936754
2023-05-01 20:00:00     32.861114
2023-05-01 21:00:00     33.026577
2023-05-01 22:00:00     33.173131
2023-05-01 23:00:00     33.173131
Freq: H, Length: 11664, dtype: float64",2022-01-01,2023-05-01 23:00:00,486 days,100.0,24.5919033957597,140.8494029989948,33.1731310080136,-66.8268689919864,-70.17976286600607,33.804869684499316,100.0,82.54028567239635,391 days 18:00:00,51,0.0,26,32.0,32.35518292682928,-44.82603056448429,13.754440757574487,-10.974898791518415,8 days 12:00:00,5 days 13:10:35.294117647,0.479398153349986,-2.68044971826183,-1.174721606576449,-0.6825598278583863,0.9388071298400082,-1.5774692803751629,long
96,"{'window_k': 12, 'window_d': 102, 'window_ma': 12}","open_time
2022-01-01 00:00:00    100.000000
2022-01-01 01:00:00    100.000000
2022-01-01 02:00:00    100.000000
2022-01-01 03:00:00    100.000000
2022-01-01 04:00:00    100.000000
                          ...    
2023-05-01 19:00:00     57.319488
2023-05-01 20:00:00     57.319488
2023-05-01 21:00:00     57.319488
2023-05-01 22:00:00     57.319488
2023-05-01 23:00:00     57.319488
Freq: H, Length: 11664, dtype: float64",2022-01-01,2023-05-01 23:00:00,486 days,100.0,50.94894238405528,101.94868808723214,57.31948790783562,-42.68051209216438,-70.17976286600607,17.138203017832648,100.0,50.024916122058436,353 days 18:00:00,148,0.0,74,29.72972972972973,32.878169888278066,-16.889776530281754,6.472014354949544,-3.475797864112252,1 days 09:08:10.909090909,1 days 00:25:23.076923076,0.7013110060298235,-0.5767636769211408,-0.5684196374438437,-0.6828953423655589,0.947962615962011,-0.9261202053020493,long
3407,"{'window_k': 207, 'window_d': 72, 'window_ma': 237}","open_time
2022-01-01 00:00:00    100.000000
2022-01-01 01:00:00    100.000000
2022-01-01 02:00:00    100.000000
2022-01-01 03:00:00    100.000000
2022-01-01 04:00:00    100.000000
                          ...    
2023-05-01 19:00:00     41.162114
2023-05-01 20:00:00     41.067583
2023-05-01 21:00:00     41.274369
2023-05-01 22:00:00     41.457521
2023-05-01 23:00:00     41.457521
Freq: H, Length: 11664, dtype: float64",2022-01-01,2023-05-01 23:00:00,486 days,100.0,36.099386062654375,123.72190110463606,41.45752134353498,-58.54247865646502,-70.17976286600607,35.999657064471876,100.0,70.82215376554566,355 days 14:00:00,71,0.0,36,28.57142857142857,19.342359767891697,-22.06366630076839,10.722511135183773,-7.10151680550371,6 days 06:11:59.999999999,4 days 07:48:00,0.548713960177807,-1.668590941265784,-0.6437562833711815,-0.6831345387235646,0.963226899551054,-0.9739486264011736,long
3146,"{'window_k': 192, 'window_d': 72, 'window_ma': 162}","open_time
2022-01-01 00:00:00    100.000000
2022-01-01 01:00:00    100.000000
2022-01-01 02:00:00    100.000000
2022-01-01 03:00:00    100.000000
2022-01-01 04:00:00    100.000000
                          ...    
2023-05-01 19:00:00     41.596771
2023-05-01 20:00:00     41.501243
2023-05-01 21:00:00     41.710212
2023-05-01 22:00:00     41.895298
2023-05-01 23:00:00     41.895298
Freq: H, Length: 11664, dtype: float64",2022-01-01,2023-05-01 23:00:00,486 days,100.0,37.08579122390253,124.2873846397306,41.89529838389106,-58.10470161610895,-70.17976286600607,35.03086419753087,100.0,70.16125865758428,355 days 14:00:00,75,0.0,38,29.72972972972973,18.821699397238973,-23.168488258846445,9.11440594306685,-6.6333475163648306,6 days 08:32:43.636363636,3 days 16:30:00,0.5289961567534267,-1.5857271128676147,-0.6336133090903853,-0.683742376910995,0.9634253216435733,-0.9584116435734263,long
3543,"{'window_k': 207, 'window_d': 207, 'window_ma': 117}","open_time
2022-01-01 00:00:00    100.000000
2022-01-01 01:00:00    100.000000
2022-01-01 02:00:00    100.000000
2022-01-01 03:00:00    100.000000
2022-01-01 04:00:00    100.000000
                          ...    
2023-05-01 19:00:00     41.284343
2023-05-01 20:00:00     41.284343
2023-05-01 21:00:00     41.284343
2023-05-01 22:00:00     41.284343
2023-05-01 23:00:00     41.284343
Freq: H, Length: 11664, dtype: float64",2022-01-01,2023-05-01 23:00:00,486 days,100.0,35.3681566650914,121.90755890691852,41.28434298847218,-58.715657011527824,-70.17976286600607,27.974965706447186,100.0,70.987724647906,424 days 03:00:00,40,0.0,20,35.0,26.488592097940987,-23.306505700871895,7.233457689676889,-9.659061388171688,8 days 20:34:17.142857142,5 days 16:32:18.461538461,0.3354929429714646,-2.9357828505763917,-1.0993320599589909,-0.6838236416566665,0.9372417422542753,-1.503900122120776,long
118,"{'window_k': 12, 'window_d': 117, 'window_ma': 102}","open_time
2022-01-01 00:00:00    100.000000
2022-01-01 01:00:00    100.000000
2022-01-01 02:00:00    100.000000
2022-01-01 03:00:00    100.000000
2022-01-01 04:00:00    100.000000
                          ...    
2023-05-01 19:00:00     43.137563
2023-05-01 20:00:00     43.137563
2023-05-01 21:00:00     43.137563
2023-05-01 22:00:00     43.137563
2023-05-01 23:00:00     43.137563
Freq: H, Length: 11664, dtype: float64",2022-01-01,2023-05-01 23:00:00,486 days,100.0,40.35200101504706,127.8161920321848,43.13756310953627,-56.86243689046373,-70.17976286600607,35.931069958847736,100.0,68.42966421274215,397 days 07:00:00,142,0.0,71,29.577464788732392,30.00057231156642,-22.71610291991905,8.876534391512262,-4.863800743863905,4 days 14:54:17.142857142,1 days 13:14:24,0.706431982696669,-0.800879392823433,-0.633046630878673,-0.6841745009776616,0.9644146182890728,-0.9289797951741597,long
12,"{'window_k': 12, 'window_d': 12, 'window_ma': 192}","open_time
2022-01-01 00:00:00    100.000000
2022-01-01 01:00:00    100.000000
2022-01-01 02:00:00    100.000000
2022-01-01 03:00:00    100.000000
2022-01-01 04:00:00    100.000000
                          ...    
2023-05-01 19:00:00     35.950483
2023-05-01 20:00:00     35.867921
2023-05-01 21:00:00     36.048525
2023-05-01 22:00:00     36.208488
2023-05-01 23:00:00     36.208488
Freq: H, Length: 11664, dtype: float64",2022-01-01,2023-05-01 23:00:00,486 days,100.0,22.298736684340835,101.06073665910789,36.20848847343868,-63.791511526561315,-70.17976286600607,41.4437585733882,100.0,77.93531155471622,482 days 09:00:00,701,0.0,351,39.14285714285714,31.19749776586237,-12.692913385826769,3.2246349962075525,-2.418297162789051,0 days 17:59:33.722627737,0 days 11:03:39.718309859,0.7528676800148663,-0.1831165653671043,-0.6899233160653568,-0.6848145667937486,0.9634565306376612,-1.0399769294907797,long
2308,"{'window_k': 147, 'window_d': 12, 'window_ma': 72}","open_time
2022-01-01 00:00:00    100.000000
2022-01-01 01:00:00    100.000000
2022-01-01 02:00:00    100.000000
2022-01-01 03:00:00    100.000000
2022-01-01 04:00:00    100.000000
                          ...    
2023-05-01 19:00:00     42.471149
2023-05-01 20:00:00     42.373612
2023-05-01 21:00:00     42.586974
2023-05-01 22:00:00     42.775951
2023-05-01 23:00:00     42.775951
Freq: H, Length: 11664, dtype: float64",2022-01-01,2023-05-01 23:00:00,486 days,100.0,31.66412060289499,101.60273315888524,42.77595124929634,-57.22404875070366,-70.17976286600607,41.255144032921805,100.0,68.83536533079383,453 days 11:00:00,463,0.0,232,31.601731601731604,28.488482771749485,-14.131233595800527,4.589312503034301,-2.4829079568784826,1 days 08:11:30.410958904,0 days 15:32:16.708860759,0.7396284877614364,-0.24811900187511648,-0.5153226848143971,-0.6850112649287377,0.9724018248694812,-0.7831706627298007,long
3035,"{'window_k': 177, 'window_d': 207, 'window_ma': 177}","open_time
2022-01-01 00:00:00    100.000000
2022-01-01 01:00:00    100.000000
2022-01-01 02:00:00    100.000000
2022-01-01 03:00:00    100.000000
2022-01-01 04:00:00    100.000000
                          ...    
2023-05-01 19:00:00     44.134738
2023-05-01 20:00:00     44.134738
2023-05-01 21:00:00     44.134738
2023-05-01 22:00:00     44.134738
2023-05-01 23:00:00     44.134738
Freq: H, Length: 11664, dtype: float64",2022-01-01,2023-05-01 23:00:00,486 days,100.0,39.66073261938409,119.8639315534481,44.13473817165226,-55.86526182834775,-70.17976286600607,33.041838134430726,100.0,66.91187073093867,451 days 16:00:00,42,0.0,21,19.047619047619047,41.08983799705451,-24.32522864153469,18.460492948586634,-8.060087091658136,12 days 03:15:00,6 days 14:10:35.294117647,0.40633465155813664,-2.6602505632546545,-0.8830988625142653,-0.6859346758136892,0.9534730757172799,-1.219017517685168,long
11,"{'window_k': 12, 'window_d': 12, 'window_ma': 177}","open_time
2022-01-01 00:00:00    100.000000
2022-01-01 01:00:00    100.000000
2022-01-01 02:00:00    100.000000
2022-01-01 03:00:00    100.000000
2022-01-01 04:00:00    100.000000
                          ...    
2023-05-01 19:00:00     35.949723
2023-05-01 20:00:00     35.867163
2023-05-01 21:00:00     36.047763
2023-05-01 22:00:00     36.207723
2023-05-01 23:00:00     36.207723
Freq: H, Length: 11664, dtype: float64",2022-01-01,2023-05-01 23:00:00,486 days,100.0,22.450038154096497,101.06073665910789,36.2077225457387,-63.7922774542613,-70.17976286600607,41.786694101508914,100.0,77.78559814992875,482 days 09:00:00,701,0.0,351,39.14285714285714,31.197497765862376,-12.692913385826774,3.219661911758489,-2.4151157425648075,0 days 18:04:22.773722627,0 days 11:11:49.859154929,0.7521850888683345,-0.18311873564372416,-0.6870801712295871,-0.6861421480234958,0.9637630535236219,-1.0364405161727228,long
449,"{'window_k': 27, 'window_d': 192, 'window_ma': 27}","open_time
2022-01-01 00:00:00    100.000000
2022-01-01 01:00:00    100.000000
2022-01-01 02:00:00    100.000000
2022-01-01 03:00:00    100.000000
2022-01-01 04:00:00    100.000000
                          ...    
2023-05-01 19:00:00     43.429956
2023-05-01 20:00:00     43.330217
2023-05-01 21:00:00     43.548395
2023-05-01 22:00:00     43.741639
2023-05-01 23:00:00     43.741639
Freq: H, Length: 11664, dtype: float64",2022-01-01,2023-05-01 23:00:00,486 days,100.0,40.05040137152117,122.91025514755742,43.74163896464391,-56.25836103535609,-70.17976286600607,21.099108367626886,100.0,67.41492292613056,451 days 16:00:00,77,0.0,39,26.31578947368421,20.5455285656127,-12.953060011883535,7.695660835161484,-5.278621565534791,2 days 21:48:00,2 days 12:36:25.714285714,0.48254335286248135,-1.4781865711077182,-1.2558245141378257,-0.6861905511160638,0.921348880228273,-1.7349619270919765,long
3831,"{'window_k': 222, 'window_d': 237, 'window_ma': 117}","open_time
2022-01-01 00:00:00    100.000000
2022-01-01 01:00:00    100.000000
2022-01-01 02:00:00    100.000000
2022-01-01 03:00:00    100.000000
2022-01-01 04:00:00    100.000000
                          ...    
2023-05-01 19:00:00     47.274335
2023-05-01 20:00:00     47.274335
2023-05-01 21:00:00     47.274335
2023-05-01 22:00:00     47.274335
2023-05-01 23:00:00     47.274335
Freq: H, Length: 11664, dtype: float64",2022-01-01,2023-05-01 23:00:00,486 days,100.0,41.34376961032788,110.79680541286545,47.27433543244124,-52.72566456755876,-70.17976286600607,28.206447187928667,100.0,62.68505264545547,451 days 16:00:00,38,0.0,19,36.84210526315789,25.58011049723757,-22.803691063076727,6.0858304488745745,-8.903195913878935,7 days 06:17:08.571428571,7 days 04:30:00,0.31591643230924255,-2.775034977239934,-0.9779675466798943,-0.6864724239955838,0.9445843243400686,-1.333760721364993,long
1495,"{'window_k': 87, 'window_d': 207, 'window_ma': 117}","open_time
2022-01-01 00:00:00    100.000000
2022-01-01 01:00:00    100.000000
2022-01-01 02:00:00    100.000000
2022-01-01 03:00:00    100.000000
2022-01-01 04:00:00    100.000000
                          ...    
2023-05-01 19:00:00     33.607234
2023-05-01 20:00:00     33.530053
2023-05-01 21:00:00     33.698885
2023-05-01 22:00:00     33.848422
2023-05-01 23:00:00     33.848422
Freq: H, Length: 11664, dtype: float64",2022-01-01,2023-05-01 23:00:00,486 days,100.0,23.073430153229282,122.0274950152167,33.848422297502196,-66.1515777024978,-70.17976286600607,29.055212620027437,100.0,81.09161369709994,451 days 16:00:00,49,0.0,25,33.33333333333333,29.196665403561965,-38.48961761713841,10.8618871844308,-10.58841645014635,7 days 22:52:30,4 days 18:41:15,0.4076863697961387,-2.767772200901293,-1.3379254015455946,-0.686542633634821,0.9247525991064433,-1.7611694441191483,long
2793,"{'window_k': 162, 'window_d': 222, 'window_ma': 147}","open_time
2022-01-01 00:00:00    100.000000
2022-01-01 01:00:00    100.000000
2022-01-01 02:00:00    100.000000
2022-01-01 03:00:00    100.000000
2022-01-01 04:00:00    100.000000
                          ...    
2023-05-01 19:00:00     45.515783
2023-05-01 20:00:00     45.515783
2023-05-01 21:00:00     45.515783
2023-05-01 22:00:00     45.515783
2023-05-01 23:00:00     45.515783
Freq: H, Length: 11664, dtype: float64",2022-01-01,2023-05-01 23:00:00,486 days,100.0,41.69482762427066,119.00080963912175,45.515782663494015,-54.48421733650598,-70.17976286600607,29.852537722908096,100.0,64.96256811133208,424 days 03:00:00,38,0.0,19,31.57894736842105,18.22352725270692,-22.326621923937363,8.594866068325102,-9.105639036788048,8 days 23:10:00,7 days 00:32:18.461538461,0.381044733749493,-2.8675903861318934,-0.957331141758286,-0.6870202362398421,0.9474614919373306,-1.3112582944499274,long
3405,"{'window_k': 207, 'window_d': 72, 'window_ma': 207}","open_time
2022-01-01 00:00:00    100.000000
2022-01-01 01:00:00    100.000000
2022-01-01 02:00:00    100.000000
2022-01-01 03:00:00    100.000000
2022-01-01 04:00:00    100.000000
                          ...    
2023-05-01 19:00:00     40.556539
2023-05-01 20:00:00     40.463399
2023-05-01 21:00:00     40.667142
2023-05-01 22:00:00     40.847600
2023-05-01 23:00:00     40.847600
Freq: H, Length: 11664, dtype: float64",2022-01-01,2023-05-01 23:00:00,486 days,100.0,35.56829377370668,123.72190110463606,40.847600447201124,-59.152399552798876,-70.17976286600607,34.945130315500684,100.0,71.25141672077501,355 days 14:00:00,71,0.0,36,28.57142857142857,19.342359767891683,-22.063666300768396,10.751648664321296,-7.168908686639291,6 days 06:36:00,4 days 02:43:12,0.5468506009681556,-1.6860768551935381,-0.6705336355306214,-0.6870383110394179,0.9611092533339949,-1.0141705049001724,long
3148,"{'window_k': 192, 'window_d': 72, 'window_ma': 192}","open_time
2022-01-01 00:00:00    100.000000
2022-01-01 01:00:00    100.000000
2022-01-01 02:00:00    100.000000
2022-01-01 03:00:00    100.000000
2022-01-01 04:00:00    100.000000
                          ...    
2023-05-01 19:00:00     41.026319
2023-05-01 20:00:00     40.932100
2023-05-01 21:00:00     41.138204
2023-05-01 22:00:00     41.320752
2023-05-01 23:00:00     41.320752
Freq: H, Length: 11664, dtype: float64",2022-01-01,2023-05-01 23:00:00,486 days,100.0,36.577201941343304,124.2873846397306,41.32075220206564,-58.679247797934366,-70.17976286600607,35.42524005486968,100.0,70.57046292560672,355 days 14:00:00,75,0.0,38,32.432432432432435,18.821699397238966,-23.16848825884644,8.369683890979633,-6.9562165277734085,6 days 03:20:00,3 days 18:16:48,0.5258443033168174,-1.6010451577339262,-0.6472945222814297,-0.687383984987721,0.9628609878688683,-0.9787737751507214,long
3145,"{'window_k': 192, 'window_d': 72, 'window_ma': 147}","open_time
2022-01-01 00:00:00    100.000000
2022-01-01 01:00:00    100.000000
2022-01-01 02:00:00    100.000000
2022-01-01 03:00:00    100.000000
2022-01-01 04:00:00    100.000000
                          ...    
2023-05-01 19:00:00     41.026319
2023-05-01 20:00:00     40.932100
2023-05-01 21:00:00     41.138204
2023-05-01 22:00:00     41.320752
2023-05-01 23:00:00     41.320752
Freq: H, Length: 11664, dtype: float64",2022-01-01,2023-05-01 23:00:00,486 days,100.0,36.577201941343304,124.2873846397306,41.32075220206564,-58.679247797934366,-70.17976286600607,35.42524005486968,100.0,70.57046292560672,355 days 14:00:00,75,0.0,38,32.432432432432435,18.821699397238966,-23.16848825884644,8.369683890979633,-6.9562165277734085,6 days 03:20:00,3 days 18:16:48,0.5258443033168174,-1.6010451577339262,-0.6472945222814297,-0.687383984987721,0.9628609878688683,-0.9787737751507214,long
2309,"{'window_k': 147, 'window_d': 12, 'window_ma': 87}","open_time
2022-01-01 00:00:00    100.000000
2022-01-01 01:00:00    100.000000
2022-01-01 02:00:00    100.000000
2022-01-01 03:00:00    100.000000
2022-01-01 04:00:00    100.000000
                          ...    
2023-05-01 19:00:00     40.138501
2023-05-01 20:00:00     40.046321
2023-05-01 21:00:00     40.247964
2023-05-01 22:00:00     40.426563
2023-05-01 23:00:00     40.426563
Freq: H, Length: 11664, dtype: float64",2022-01-01,2023-05-01 23:00:00,486 days,100.0,28.711851826635755,101.60273315888524,40.42656261602354,-59.573437383976454,-70.17976286600607,40.90363511659808,100.0,71.74106351869838,453 days 11:00:00,461,0.0,231,31.30434782608696,28.488482771749503,-14.13123359580053,4.614191497193342,-2.500411951503668,1 days 08:01:40,0 days 15:33:25.063291139,0.7211564154375818,-0.2593906776478253,-0.5752555522024678,-0.6878645467601645,0.9691050999921035,-0.8743425498231727,long
2532,"{'window_k': 147, 'window_d': 222, 'window_ma': 72}","open_time
2022-01-01 00:00:00    100.000000
2022-01-01 01:00:00    100.000000
2022-01-01 02:00:00    100.000000
2022-01-01 03:00:00    100.000000
2022-01-01 04:00:00    100.000000
                          ...    
2023-05-01 19:00:00     39.806307
2023-05-01 20:00:00     39.806307
2023-05-01 21:00:00     39.806307
2023-05-01 22:00:00     39.806307
2023-05-01 23:00:00     39.806307
Freq: H, Length: 11664, dtype: float64",2022-01-01,2023-05-01 23:00:00,486 days,100.0,32.385767818676094,118.13730543242964,39.80630704067541,-60.19369295932459,-70.17976286600607,28.21502057613169,100.0,72.58633274211624,453 days 11:00:00,40,0.0,20,25.0,28.028766365480358,-22.908277404921698,10.018914162797392,-8.58017210491067,6 days 22:24:00,6 days 19:56:00,0.2900388935563911,-3.009684647966229,-1.1523840543163815,-0.6879106407475647,0.9362472019558471,-1.5708093498249793,long
14,"{'window_k': 12, 'window_d': 12, 'window_ma': 222}","open_time
2022-01-01 00:00:00    100.000000
2022-01-01 01:00:00    100.000000
2022-01-01 02:00:00    100.000000
2022-01-01 03:00:00    100.000000
2022-01-01 04:00:00    100.000000
                          ...    
2023-05-01 19:00:00     35.488893
2023-05-01 20:00:00     35.407392
2023-05-01 21:00:00     35.585677
2023-05-01 22:00:00     35.743586
2023-05-01 23:00:00     35.743586
Freq: H, Length: 11664, dtype: float64",2022-01-01,2023-05-01 23:00:00,486 days,100.0,22.08410188003962,101.06073665910789,35.743586288739436,-64.25641371126056,-70.17976286600607,41.49519890260631,100.0,78.14769354538508,482 days 09:00:00,699,0.0,350,38.96848137535817,31.197497765862366,-12.692913385826756,3.244252497565258,-2.4216532876039176,0 days 18:01:45.882352941,0 days 11:09:00.845070422,0.7512672509713539,-0.18496234197369266,-0.7010670764602359,-0.6887163696412163,0.9629357101079752,-1.0575455881063531,long
377,"{'window_k': 27, 'window_d': 117, 'window_ma': 147}","open_time
2022-01-01 00:00:00    100.000000
2022-01-01 01:00:00    100.000000
2022-01-01 02:00:00    100.000000
2022-01-01 03:00:00    100.000000
2022-01-01 04:00:00    100.000000
                          ...    
2023-05-01 19:00:00     39.533024
2023-05-01 20:00:00     39.533024
2023-05-01 21:00:00     39.533024
2023-05-01 22:00:00     39.533024
2023-05-01 23:00:00     39.533024
Freq: H, Length: 11664, dtype: float64",2022-01-01,2023-05-01 23:00:00,486 days,100.0,35.41562264976481,130.55009088197403,39.533023573585254,-60.466976426414746,-70.17976286600607,41.32373113854595,100.0,72.87200459953498,397 days 07:00:00,100,0.0,50,40.0,27.525190464487594,-21.938408404086903,7.554441667970457,-7.342348495889155,4 days 23:51:00,3 days 08:46:00,0.6139665607772544,-1.2093395285282944,-0.8005154304582095,-0.6887594375363206,0.9614819202270956,-1.1059420996616693,long
3533,"{'window_k': 207, 'window_d': 192, 'window_ma': 207}","open_time
2022-01-01 00:00:00    100.000000
2022-01-01 01:00:00    100.000000
2022-01-01 02:00:00    100.000000
2022-01-01 03:00:00    100.000000
2022-01-01 04:00:00    100.000000
                          ...    
2023-05-01 19:00:00     43.619505
2023-05-01 20:00:00     43.619505
2023-05-01 21:00:00     43.619505
2023-05-01 22:00:00     43.619505
2023-05-01 23:00:00     43.619505
Freq: H, Length: 11664, dtype: float64",2022-01-01,2023-05-01 23:00:00,486 days,100.0,39.16462773534621,119.8639315534481,43.619504892284716,-56.38049510771528,-70.17976286600607,33.67626886145405,100.0,67.32576077910272,451 days 16:00:00,40,0.0,20,30.0,37.284167398302614,-25.659365221278495,13.229756157377032,-10.207504448139925,10 days 14:20:00,7 days 03:34:17.142857142,0.43554512844894866,-2.8190247553857635,-0.8639430158327693,-0.688773741982821,0.9548385288279947,-1.1968735443338663,long
32,"{'window_k': 12, 'window_d': 42, 'window_ma': 12}","open_time
2022-01-01 00:00:00    100.000000
2022-01-01 01:00:00    100.000000
2022-01-01 02:00:00    100.000000
2022-01-01 03:00:00    100.000000
2022-01-01 04:00:00    100.000000
                          ...    
2023-05-01 19:00:00     40.931373
2023-05-01 20:00:00     40.931373
2023-05-01 21:00:00     40.931373
2023-05-01 22:00:00     40.931373
2023-05-01 23:00:00     40.931373
Freq: H, Length: 11664, dtype: float64",2022-01-01,2023-05-01 23:00:00,486 days,100.0,29.284679368271668,100.63671311869294,40.931373120385516,-59.068626879614484,-70.17976286600607,26.71467764060357,100.0,70.9006003269078,481 days 09:00:00,292,0.0,146,36.986301369863014,20.835594139989144,-13.878066757923568,3.991636859213224,-3.1198413655095716,1 days 04:30:00,0 days 17:08:28.695652173,0.572318413058484,-0.40457963616174275,-0.8626761098134822,-0.6893290978083062,0.9419749218913785,-1.308683231108179,long
276,"{'window_k': 27, 'window_d': 27, 'window_ma': 72}","open_time
2022-01-01 00:00:00    100.000000
2022-01-01 01:00:00    100.000000
2022-01-01 02:00:00    100.000000
2022-01-01 03:00:00    100.000000
2022-01-01 04:00:00    100.000000
                          ...    
2023-05-01 19:00:00     33.523161
2023-05-01 20:00:00     33.523161
2023-05-01 21:00:00     33.523161
2023-05-01 22:00:00     33.523161
2023-05-01 23:00:00     33.523161
Freq: H, Length: 11664, dtype: float64",2022-01-01,2023-05-01 23:00:00,486 days,100.0,19.171657459888745,101.8232648596086,33.523161294187545,-66.47683870581245,-70.17976286600607,41.615226337448554,100.0,81.1716335296043,481 days 09:00:00,313,0.0,157,35.256410256410255,31.827201953900154,-24.01326012638558,5.231565950214429,-3.637725918608084,1 days 17:53:27.272727272,1 days 01:13:39.801980198,0.5768433591958588,-0.4261335814475161,-0.8253135374131387,-0.6898116501586036,0.9562218633980997,-1.2527719669954664,long
3268,"{'window_k': 192, 'window_d': 192, 'window_ma': 72}","open_time
2022-01-01 00:00:00    100.000000
2022-01-01 01:00:00    100.000000
2022-01-01 02:00:00    100.000000
2022-01-01 03:00:00    100.000000
2022-01-01 04:00:00    100.000000
                          ...    
2023-05-01 19:00:00     39.800076
2023-05-01 20:00:00     39.800076
2023-05-01 21:00:00     39.800076
2023-05-01 22:00:00     39.800076
2023-05-01 23:00:00     39.800076
Freq: H, Length: 11664, dtype: float64",2022-01-01,2023-05-01 23:00:00,486 days,100.0,32.693653768711805,118.39359504132231,39.80007627311148,-60.199923726888514,-70.17976286600607,26.920438957475994,100.0,72.38562292385758,453 days 11:00:00,40,0.0,20,45.0,29.848513184963522,-25.164016457244525,6.145114385133597,-12.03791188701575,6 days 02:39:59.999999999,6 days 21:27:16.363636363,0.3302831192200689,-3.0099961863444253,-1.139323909022958,-0.6898993815369295,0.9350054433836075,-1.5610499483334217,long
284,"{'window_k': 27, 'window_d': 27, 'window_ma': 192}","open_time
2022-01-01 00:00:00    100.000000
2022-01-01 01:00:00    100.000000
2022-01-01 02:00:00    100.000000
2022-01-01 03:00:00    100.000000
2022-01-01 04:00:00    100.000000
                          ...    
2023-05-01 19:00:00     33.626535
2023-05-01 20:00:00     33.626535
2023-05-01 21:00:00     33.626535
2023-05-01 22:00:00     33.626535
2023-05-01 23:00:00     33.626535
Freq: H, Length: 11664, dtype: float64",2022-01-01,2023-05-01 23:00:00,486 days,100.0,19.367642145416923,101.8232648596086,33.626535321517,-66.373464678483,-70.17976286600607,41.55521262002744,100.0,80.97915817949803,481 days 09:00:00,311,0.0,156,35.483870967741936,31.827201953900147,-24.01326012638558,5.231565950214429,-3.6711689619081294,1 days 17:53:27.272727272,1 days 01:24:36,0.5790387561377229,-0.428215901151504,-0.8221205389094239,-0.6901931625876273,0.9563820424827424,-1.2475794636390682,long
2526,"{'window_k': 147, 'window_d': 207, 'window_ma': 222}","open_time
2022-01-01 00:00:00    100.000000
2022-01-01 01:00:00    100.000000
2022-01-01 02:00:00    100.000000
2022-01-01 03:00:00    100.000000
2022-01-01 04:00:00    100.000000
                          ...    
2023-05-01 19:00:00     41.454129
2023-05-01 20:00:00     41.454129
2023-05-01 21:00:00     41.454129
2023-05-01 22:00:00     41.454129
2023-05-01 23:00:00     41.454129
Freq: H, Length: 11664, dtype: float64",2022-01-01,2023-05-01 23:00:00,486 days,100.0,36.03280374780663,120.44124501527784,41.45412857894691,-58.5458714210531,-70.17976286600607,32.94753086419753,100.0,70.08267081327836,451 days 16:00:00,42,0.0,21,28.57142857142857,41.55022797470217,-25.916897506925206,14.019368198856302,-10.079555659719023,10 days 06:30:00,6 days 13:36:00,0.4059707155113784,-2.787898639097767,-0.9624656367465433,-0.690387957827602,0.9501737834148157,-1.3227897585352344,long
2522,"{'window_k': 147, 'window_d': 207, 'window_ma': 162}","open_time
2022-01-01 00:00:00    100.000000
2022-01-01 01:00:00    100.000000
2022-01-01 02:00:00    100.000000
2022-01-01 03:00:00    100.000000
2022-01-01 04:00:00    100.000000
                          ...    
2023-05-01 19:00:00     42.540073
2023-05-01 20:00:00     42.540073
2023-05-01 21:00:00     42.540073
2023-05-01 22:00:00     42.540073
2023-05-01 23:00:00     42.540073
Freq: H, Length: 11664, dtype: float64",2022-01-01,2023-05-01 23:00:00,486 days,100.0,37.82795633605844,120.44124501527784,42.540072752513105,-57.459927247486895,-70.17976286600607,31.635802469135804,100.0,68.592190880076,451 days 16:00:00,42,0.0,21,28.57142857142857,41.55022797470216,-25.916897506925203,13.76809203406684,-9.823535827278123,10 days 07:50:00,6 days 02:52:00,0.418787849510951,-2.7361870117850895,-0.9507811814079095,-0.6906327127352602,0.9495024961348576,-1.3073707506469339,long
149,"{'window_k': 12, 'window_d': 147, 'window_ma': 87}","open_time
2022-01-01 00:00:00    100.000000
2022-01-01 01:00:00    100.000000
2022-01-01 02:00:00    100.000000
2022-01-01 03:00:00    100.000000
2022-01-01 04:00:00    100.000000
                          ...    
2023-05-01 19:00:00     44.154275
2023-05-01 20:00:00     44.154275
2023-05-01 21:00:00     44.154275
2023-05-01 22:00:00     44.154275
2023-05-01 23:00:00     44.154275
Freq: H, Length: 11664, dtype: float64",2022-01-01,2023-05-01 23:00:00,486 days,100.0,38.41987347938725,114.41462290039897,44.154275088310925,-55.845724911689075,-70.17976286600607,30.81275720164609,100.0,66.42048673023832,451 days 16:00:00,132,0.0,66,22.727272727272727,38.28893845951974,-12.699985841710323,8.689613447001278,-3.7837496019772328,4 days 01:36:00,1 days 17:45:52.941176470,0.5772644135100236,-0.846147347146804,-0.8835073925135492,-0.6907384887584893,0.9520255214576773,-1.23175796251477,long
286,"{'window_k': 27, 'window_d': 27, 'window_ma': 222}","open_time
2022-01-01 00:00:00    100.00000
2022-01-01 01:00:00    100.00000
2022-01-01 02:00:00    100.00000
2022-01-01 03:00:00    100.00000
2022-01-01 04:00:00    100.00000
                         ...    
2023-05-01 19:00:00     33.44483
2023-05-01 20:00:00     33.44483
2023-05-01 21:00:00     33.44483
2023-05-01 22:00:00     33.44483
2023-05-01 23:00:00     33.44483
Freq: H, Length: 11664, dtype: float64",2022-01-01,2023-05-01 23:00:00,486 days,100.0,19.171657459888745,101.8232648596086,33.44482956599293,-66.55517043400707,-70.17976286600607,41.478052126200275,100.0,81.1716335296043,481 days 09:00:00,313,0.0,157,35.8974358974359,31.827201953900147,-24.01326012638558,5.140887319917075,-3.6781868846505845,1 days 17:30:00,1 days 01:07:12,0.5777342963522006,-0.4266357079103015,-0.8298681490708548,-0.6907633322113395,0.9559181849475228,-1.2604797802778323,long
2311,"{'window_k': 147, 'window_d': 12, 'window_ma': 117}","open_time
2022-01-01 00:00:00    100.000000
2022-01-01 01:00:00    100.000000
2022-01-01 02:00:00    100.000000
2022-01-01 03:00:00    100.000000
2022-01-01 04:00:00    100.000000
                          ...    
2023-05-01 19:00:00     41.314879
2023-05-01 20:00:00     41.219998
2023-05-01 21:00:00     41.427551
2023-05-01 22:00:00     41.611383
2023-05-01 23:00:00     41.611383
Freq: H, Length: 11664, dtype: float64",2022-01-01,2023-05-01 23:00:00,486 days,100.0,31.043514822425703,102.83387966684582,41.61138315159761,-58.3886168484024,-70.17976286600607,41.195130315500684,100.0,69.81197741153173,453 days 11:00:00,463,0.0,232,31.601731601731604,28.48848277174949,-14.131233595800518,4.5893125030343,-2.4997666407573162,1 days 08:11:30.410958904,0 days 15:29:37.215189873,0.7328999754230311,-0.2531496453402987,-0.5456209172807178,-0.6909594872308854,0.9707535134962911,-0.8294899450404992,long
2313,"{'window_k': 147, 'window_d': 12, 'window_ma': 147}","open_time
2022-01-01 00:00:00    100.000000
2022-01-01 01:00:00    100.000000
2022-01-01 02:00:00    100.000000
2022-01-01 03:00:00    100.000000
2022-01-01 04:00:00    100.000000
                          ...    
2023-05-01 19:00:00     41.899728
2023-05-01 20:00:00     41.803504
2023-05-01 21:00:00     42.013995
2023-05-01 22:00:00     42.200430
2023-05-01 23:00:00     42.200430
Freq: H, Length: 11664, dtype: float64",2022-01-01,2023-05-01 23:00:00,486 days,100.0,31.48296375393194,101.60273315888524,42.20042978401233,-57.79957021598767,-70.17976286600607,41.246570644718794,100.0,69.01366451953686,453 days 11:00:00,463,0.0,232,31.601731601731604,28.488482771749503,-14.13123359580053,4.589312503034301,-2.491035669189098,1 days 08:11:30.410958904,0 days 15:31:53.924050632,0.7339463457832294,-0.25060511093488136,-0.5299540914340208,-0.6909921011182208,0.971625712554751,-0.8058393662187389,long
339,"{'window_k': 27, 'window_d': 87, 'window_ma': 57}","open_time
2022-01-01 00:00:00    100.00000
2022-01-01 01:00:00    100.00000
2022-01-01 02:00:00    100.00000
2022-01-01 03:00:00    100.00000
2022-01-01 04:00:00    100.00000
                         ...    
2023-05-01 19:00:00     40.97934
2023-05-01 20:00:00     40.97934
2023-05-01 21:00:00     40.97934
2023-05-01 22:00:00     40.97934
2023-05-01 23:00:00     40.97934
Freq: H, Length: 11664, dtype: float64",2022-01-01,2023-05-01 23:00:00,486 days,100.0,36.12426106312772,122.94130623633052,40.979340171022486,-59.020659828977514,-70.17976286600607,34.79938271604938,100.0,70.6166607716971,194 days 16:00:00,124,0.0,62,35.483870967741936,21.116663045839676,-20.449897750511248,7.08699563797409,-5.624060527307899,3 days 12:30:00,2 days 07:00:00,0.6708288091849404,-0.9519461262738316,-0.6353123251919343,-0.6914636799491768,0.9623244382259114,-0.9690893469113482,long
2523,"{'window_k': 147, 'window_d': 207, 'window_ma': 177}","open_time
2022-01-01 00:00:00    100.000000
2022-01-01 01:00:00    100.000000
2022-01-01 02:00:00    100.000000
2022-01-01 03:00:00    100.000000
2022-01-01 04:00:00    100.000000
                          ...    
2023-05-01 19:00:00     41.137643
2023-05-01 20:00:00     41.137643
2023-05-01 21:00:00     41.137643
2023-05-01 22:00:00     41.137643
2023-05-01 23:00:00     41.137643
Freq: H, Length: 11664, dtype: float64",2022-01-01,2023-05-01 23:00:00,486 days,100.0,35.676172938757716,120.44124501527784,41.13764314934946,-58.86235685065054,-70.17976286600607,33.62482853223594,100.0,70.37877436900271,451 days 16:00:00,42,0.0,21,28.57142857142857,41.55022797470217,-25.916897506925203,13.500380105299678,-9.941666872568367,11 days 10:40:00,6 days 07:36:00,0.3951310344538029,-2.8029693738405035,-0.9910292835837452,-0.6916924750567377,0.9486347031458281,-1.360644084765917,long
3532,"{'window_k': 207, 'window_d': 192, 'window_ma': 192}","open_time
2022-01-01 00:00:00    100.000000
2022-01-01 01:00:00    100.000000
2022-01-01 02:00:00    100.000000
2022-01-01 03:00:00    100.000000
2022-01-01 04:00:00    100.000000
                          ...    
2023-05-01 19:00:00     42.532918
2023-05-01 20:00:00     42.532918
2023-05-01 21:00:00     42.532918
2023-05-01 22:00:00     42.532918
2023-05-01 23:00:00     42.532918
Freq: H, Length: 11664, dtype: float64",2022-01-01,2023-05-01 23:00:00,486 days,100.0,37.76223283545362,119.8639315534481,42.53291760624061,-57.4670823937594,-70.17976286600607,33.51337448559671,100.0,68.49574985064194,451 days 16:00:00,40,0.0,20,30.0,37.28416739830261,-25.65936522127849,13.502708838125804,-10.487759968991055,10 days 17:30:00,7 days 00:51:25.714285714,0.42831138761356075,-2.8733541196879693,-0.9083664260008422,-0.691702173390759,0.9524549280362768,-1.2558994965962373,long
3277,"{'window_k': 192, 'window_d': 192, 'window_ma': 207}","open_time
2022-01-01 00:00:00    100.000000
2022-01-01 01:00:00    100.000000
2022-01-01 02:00:00    100.000000
2022-01-01 03:00:00    100.000000
2022-01-01 04:00:00    100.000000
                          ...    
2023-05-01 19:00:00     43.207162
2023-05-01 20:00:00     43.207162
2023-05-01 21:00:00     43.207162
2023-05-01 22:00:00     43.207162
2023-05-01 23:00:00     43.207162
Freq: H, Length: 11664, dtype: float64",2022-01-01,2023-05-01 23:00:00,486 days,100.0,38.93253354688501,120.12396694214875,43.20716156273228,-56.792838437267726,-70.17976286600607,33.744855967078195,100.0,67.58970375525912,451 days 16:00:00,40,0.0,20,30.0,37.961464921311965,-25.164016457244525,13.601618422924908,-10.423615503157494,10 days 12:40:00,7 days 04:51:25.714285714,0.44385925887784883,-2.839641921863387,-0.8803134206124392,-0.6917237398064654,0.9540561852237918,-1.2181602369518143,long
3516,"{'window_k': 207, 'window_d': 177, 'window_ma': 192}","open_time
2022-01-01 00:00:00    100.000000
2022-01-01 01:00:00    100.000000
2022-01-01 02:00:00    100.000000
2022-01-01 03:00:00    100.000000
2022-01-01 04:00:00    100.000000
                          ...    
2023-05-01 19:00:00     42.273717
2023-05-01 20:00:00     42.176633
2023-05-01 21:00:00     42.389003
2023-05-01 22:00:00     42.577102
2023-05-01 23:00:00     42.577102
Freq: H, Length: 11664, dtype: float64",2022-01-01,2023-05-01 23:00:00,486 days,100.0,38.08221689873688,120.60989523908307,42.57710196941769,-57.42289803058232,-70.17976286600607,35.84533607681756,100.0,68.42529642924646,451 days 16:00:00,47,0.0,24,26.08695652173913,44.036561993218335,-25.04409171075838,14.615628315195329,-8.925867277946024,9 days 01:30:00,7 days 00:45:52.941176470,0.454643078150381,-2.500604940858767,-0.8223831497886916,-0.6918144634632537,0.9573409313783773,-1.1572038462529104,long
383,"{'window_k': 27, 'window_d': 117, 'window_ma': 237}","open_time
2022-01-01 00:00:00    100.000000
2022-01-01 01:00:00    100.000000
2022-01-01 02:00:00    100.000000
2022-01-01 03:00:00    100.000000
2022-01-01 04:00:00    100.000000
                          ...    
2023-05-01 19:00:00     39.288733
2023-05-01 20:00:00     39.288733
2023-05-01 21:00:00     39.288733
2023-05-01 22:00:00     39.288733
2023-05-01 23:00:00     39.288733
Freq: H, Length: 11664, dtype: float64",2022-01-01,2023-05-01 23:00:00,486 days,100.0,34.837933880252855,128.4205978583132,39.28873305330634,-60.71126694669366,-70.17976286600607,41.4437585733882,100.0,72.872004599535,397 days 07:00:00,100,0.0,50,40.0,27.525190464487594,-21.93840840408691,7.520038016177891,-7.342348495889156,5 days 00:33:00,3 days 08:46:00,0.6060113801744831,-1.214225338933872,-0.8075750073995634,-0.691933991018843,0.9611956704290361,-1.115623870655602,long
382,"{'window_k': 27, 'window_d': 117, 'window_ma': 222}","open_time
2022-01-01 00:00:00    100.000000
2022-01-01 01:00:00    100.000000
2022-01-01 02:00:00    100.000000
2022-01-01 03:00:00    100.000000
2022-01-01 04:00:00    100.000000
                          ...    
2023-05-01 19:00:00     39.288733
2023-05-01 20:00:00     39.288733
2023-05-01 21:00:00     39.288733
2023-05-01 22:00:00     39.288733
2023-05-01 23:00:00     39.288733
Freq: H, Length: 11664, dtype: float64",2022-01-01,2023-05-01 23:00:00,486 days,100.0,34.837933880252855,128.4205978583132,39.28873305330634,-60.71126694669366,-70.17976286600607,41.4437585733882,100.0,72.872004599535,397 days 07:00:00,100,0.0,50,40.0,27.525190464487594,-21.93840840408691,7.520038016177891,-7.342348495889156,5 days 00:33:00,3 days 08:46:00,0.6060113801744831,-1.214225338933872,-0.8075750073995634,-0.691933991018843,0.9611956704290361,-1.115623870655602,long
378,"{'window_k': 27, 'window_d': 117, 'window_ma': 162}","open_time
2022-01-01 00:00:00    100.000000
2022-01-01 01:00:00    100.000000
2022-01-01 02:00:00    100.000000
2022-01-01 03:00:00    100.000000
2022-01-01 04:00:00    100.000000
                          ...    
2023-05-01 19:00:00     39.288733
2023-05-01 20:00:00     39.288733
2023-05-01 21:00:00     39.288733
2023-05-01 22:00:00     39.288733
2023-05-01 23:00:00     39.288733
Freq: H, Length: 11664, dtype: float64",2022-01-01,2023-05-01 23:00:00,486 days,100.0,34.837933880252855,128.4205978583132,39.28873305330634,-60.71126694669366,-70.17976286600607,41.4437585733882,100.0,72.872004599535,397 days 07:00:00,100,0.0,50,40.0,27.525190464487594,-21.93840840408691,7.520038016177891,-7.342348495889156,5 days 00:33:00,3 days 08:46:00,0.6060113801744831,-1.214225338933872,-0.8075750073995634,-0.691933991018843,0.9611956704290361,-1.115623870655602,long
380,"{'window_k': 27, 'window_d': 117, 'window_ma': 192}","open_time
2022-01-01 00:00:00    100.000000
2022-01-01 01:00:00    100.000000
2022-01-01 02:00:00    100.000000
2022-01-01 03:00:00    100.000000
2022-01-01 04:00:00    100.000000
                          ...    
2023-05-01 19:00:00     39.288733
2023-05-01 20:00:00     39.288733
2023-05-01 21:00:00     39.288733
2023-05-01 22:00:00     39.288733
2023-05-01 23:00:00     39.288733
Freq: H, Length: 11664, dtype: float64",2022-01-01,2023-05-01 23:00:00,486 days,100.0,34.837933880252855,128.4205978583132,39.28873305330634,-60.71126694669366,-70.17976286600607,41.4437585733882,100.0,72.872004599535,397 days 07:00:00,100,0.0,50,40.0,27.525190464487594,-21.93840840408691,7.520038016177891,-7.342348495889156,5 days 00:33:00,3 days 08:46:00,0.6060113801744831,-1.214225338933872,-0.8075750073995634,-0.691933991018843,0.9611956704290361,-1.115623870655602,long
3518,"{'window_k': 207, 'window_d': 177, 'window_ma': 222}","open_time
2022-01-01 00:00:00    100.000000
2022-01-01 01:00:00    100.000000
2022-01-01 02:00:00    100.000000
2022-01-01 03:00:00    100.000000
2022-01-01 04:00:00    100.000000
                          ...    
2023-05-01 19:00:00     42.360243
2023-05-01 20:00:00     42.262961
2023-05-01 21:00:00     42.475765
2023-05-01 22:00:00     42.664249
2023-05-01 23:00:00     42.664249
Freq: H, Length: 11664, dtype: float64",2022-01-01,2023-05-01 23:00:00,486 days,100.0,38.23897933429329,120.60989523908307,42.66424939308179,-57.33575060691821,-70.17976286600607,34.38786008230453,100.0,68.29532165790148,451 days 16:00:00,47,0.0,24,21.73913043478261,44.03656199321834,-25.04409171075838,16.67663519594895,-8.19941407985304,8 days 04:36:00,6 days 23:50:00,0.422239049626388,-2.4968240220931848,-0.8169957194690298,-0.6919460323345921,0.9572606021511116,-1.1485693394654106,long
4039,"{'window_k': 237, 'window_d': 192, 'window_ma': 117}","open_time
2022-01-01 00:00:00    100.000000
2022-01-01 01:00:00    100.000000
2022-01-01 02:00:00    100.000000
2022-01-01 03:00:00    100.000000
2022-01-01 04:00:00    100.000000
                          ...    
2023-05-01 19:00:00     40.509224
2023-05-01 20:00:00     40.509224
2023-05-01 21:00:00     40.509224
2023-05-01 22:00:00     40.509224
2023-05-01 23:00:00     40.509224
Freq: H, Length: 11664, dtype: float64",2022-01-01,2023-05-01 23:00:00,486 days,100.0,34.43545263835404,119.56197624800781,40.50922430358583,-59.49077569641417,-70.17976286600607,27.872085048010973,100.0,71.19865887217817,451 days 16:00:00,38,0.0,19,26.31578947368421,27.52945576959041,-24.463283056258938,9.764819307890928,-8.977219670604168,10 days 03:24:00,6 days 01:17:08.571428571,0.3022964467056244,-3.131093457706008,-1.1236260575897556,-0.6920126143312286,0.9358725697903317,-1.5371495246355582,long
3274,"{'window_k': 192, 'window_d': 192, 'window_ma': 162}","open_time
2022-01-01 00:00:00    100.00000
2022-01-01 01:00:00    100.00000
2022-01-01 02:00:00    100.00000
2022-01-01 03:00:00    100.00000
2022-01-01 04:00:00    100.00000
                         ...    
2023-05-01 19:00:00     44.33908
2023-05-01 20:00:00     44.33908
2023-05-01 21:00:00     44.33908
2023-05-01 22:00:00     44.33908
2023-05-01 23:00:00     44.33908
Freq: H, Length: 11664, dtype: float64",2022-01-01,2023-05-01 23:00:00,486 days,100.0,40.794846988088686,120.12396694214875,44.33908027199548,-55.66091972800452,-70.17976286600607,31.404320987654323,100.0,66.03937746433623,451 days 16:00:00,40,0.0,20,30.0,37.96146492131196,-25.164016457244525,12.7533892576523,-9.922265457616827,9 days 16:10:00,6 days 18:08:34.285714285,0.4325610058266448,-2.7830459864002264,-0.8653417443991266,-0.692149958906782,0.9534927930180154,-1.1980919566435226,long
3278,"{'window_k': 192, 'window_d': 192, 'window_ma': 222}","open_time
2022-01-01 00:00:00    100.000000
2022-01-01 01:00:00    100.000000
2022-01-01 02:00:00    100.000000
2022-01-01 03:00:00    100.000000
2022-01-01 04:00:00    100.000000
                          ...    
2023-05-01 19:00:00     43.089283
2023-05-01 20:00:00     43.089283
2023-05-01 21:00:00     43.089283
2023-05-01 22:00:00     43.089283
2023-05-01 23:00:00     43.089283
Freq: H, Length: 11664, dtype: float64",2022-01-01,2023-05-01 23:00:00,486 days,100.0,38.82631737952248,120.12396694214875,43.089283308077206,-56.910716691922794,-70.17976286600607,32.7417695473251,100.0,67.67812588288807,451 days 16:00:00,40,0.0,20,35.0,37.961464921311965,-25.164016457244525,11.019638554097762,-10.93321792924778,9 days 15:51:25.714285714,7 days 00:55:23.076923077,0.41678079715009575,-2.8455358345961406,-0.8821592028587653,-0.6924325925991435,0.9538192027950361,-1.220514110877852,long
3545,"{'window_k': 207, 'window_d': 207, 'window_ma': 147}","open_time
2022-01-01 00:00:00    100.000000
2022-01-01 01:00:00    100.000000
2022-01-01 02:00:00    100.000000
2022-01-01 03:00:00    100.000000
2022-01-01 04:00:00    100.000000
                          ...    
2023-05-01 19:00:00     44.019853
2023-05-01 20:00:00     44.019853
2023-05-01 21:00:00     44.019853
2023-05-01 22:00:00     44.019853
2023-05-01 23:00:00     44.019853
Freq: H, Length: 11664, dtype: float64",2022-01-01,2023-05-01 23:00:00,486 days,100.0,40.927717767600136,121.90755890691852,44.019853220667564,-55.98014677933244,-70.17976286600607,30.54698216735254,100.0,66.42725181721491,424 days 03:00:00,40,0.0,20,30.0,21.164904470413656,-23.306505700871895,9.685626827914284,-9.106770767346605,9 days 02:00:00,6 days 17:04:17.142857142,0.4000345012552951,-2.7990073389666232,-0.937319905944947,-0.6925316732642551,0.9488651703769195,-1.2888544581886203,long
3038,"{'window_k': 177, 'window_d': 207, 'window_ma': 222}","open_time
2022-01-01 00:00:00    100.000000
2022-01-01 01:00:00    100.000000
2022-01-01 02:00:00    100.000000
2022-01-01 03:00:00    100.000000
2022-01-01 04:00:00    100.000000
                          ...    
2023-05-01 19:00:00     42.404123
2023-05-01 20:00:00     42.404123
2023-05-01 21:00:00     42.404123
2023-05-01 22:00:00     42.404123
2023-05-01 23:00:00     42.404123
Freq: H, Length: 11664, dtype: float64",2022-01-01,2023-05-01 23:00:00,486 days,100.0,37.658940395139055,119.8639315534481,42.4041225549684,-57.5958774450316,-70.17976286600607,32.227366255144034,100.0,68.58192459810424,451 days 16:00:00,42,0.0,21,28.57142857142857,41.08983799705449,-24.32522864153469,12.60168745373942,-9.466447986270934,9 days 16:00:00,6 days 13:48:00,0.39445439259762743,-2.7426608307157903,-0.9186093442958988,-0.6925786418939239,0.9517664604881919,-1.267195185325502,long
227,"{'window_k': 12, 'window_d': 222, 'window_ma': 57}","open_time
2022-01-01 00:00:00    100.000000
2022-01-01 01:00:00    100.000000
2022-01-01 02:00:00    100.000000
2022-01-01 03:00:00    100.000000
2022-01-01 04:00:00    100.000000
                          ...    
2023-05-01 19:00:00     35.730926
2023-05-01 20:00:00     35.648869
2023-05-01 21:00:00     35.828370
2023-05-01 22:00:00     35.987356
2023-05-01 23:00:00     35.987356
Freq: H, Length: 11664, dtype: float64",2022-01-01,2023-05-01 23:00:00,486 days,100.0,27.653814849386475,122.15416353515705,35.98735609366645,-64.01264390633355,-70.17976286600607,28.42935528120713,100.0,77.36154540370826,451 days 16:00:00,105,0.0,53,28.846153846153843,33.59968816994738,-17.670157068062835,6.902652607303252,-5.0464215599002396,4 days 22:40:00,1 days 15:35:40.540540540,0.43463893491511146,-1.2317027706980794,-1.4037289657683514,-0.6926602954657062,0.9230956297099989,-1.8755204684253295,long
3535,"{'window_k': 207, 'window_d': 192, 'window_ma': 237}","open_time
2022-01-01 00:00:00    100.000000
2022-01-01 01:00:00    100.000000
2022-01-01 02:00:00    100.000000
2022-01-01 03:00:00    100.000000
2022-01-01 04:00:00    100.000000
                          ...    
2023-05-01 19:00:00     43.370123
2023-05-01 20:00:00     43.370123
2023-05-01 21:00:00     43.370123
2023-05-01 22:00:00     43.370123
2023-05-01 23:00:00     43.370123
Freq: H, Length: 11664, dtype: float64",2022-01-01,2023-05-01 23:00:00,486 days,100.0,39.236342829807825,119.8639315534481,43.37012298380178,-56.62987701619823,-70.17976286600607,33.61625514403292,100.0,67.26593035844807,451 days 16:00:00,40,0.0,20,30.0,37.28416739830263,-25.65936522127849,12.473144388136385,-9.964801046736302,10 days 11:50:00,7 days 04:08:34.285714285,0.4156569461295568,-2.8314938508099106,-0.8823726896843485,-0.6928120469826888,0.953891861832322,-1.2260957946282396,long
530,"{'window_k': 42, 'window_d': 27, 'window_ma': 42}","open_time
2022-01-01 00:00:00    100.000000
2022-01-01 01:00:00    100.000000
2022-01-01 02:00:00    100.000000
2022-01-01 03:00:00    100.000000
2022-01-01 04:00:00    100.000000
                          ...    
2023-05-01 19:00:00     33.383496
2023-05-01 20:00:00     33.383496
2023-05-01 21:00:00     33.383496
2023-05-01 22:00:00     33.383496
2023-05-01 23:00:00     33.383496
Freq: H, Length: 11664, dtype: float64",2022-01-01,2023-05-01 23:00:00,486 days,100.0,19.1242560339489,100.63671311869294,33.38349622041369,-66.61650377958631,-70.17976286600607,38.71742112482853,100.0,80.99674021408731,481 days 09:00:00,268,0.0,134,35.82089552238806,30.227001194743146,-23.33019755409219,5.04230254392488,-3.7997036034664555,1 days 20:27:30,1 days 03:41:51.627906976,0.5273652245168875,-0.4971380879073608,-0.821743209659633,-0.6930020318121033,0.9544617814769288,-1.2541019989930573,long
2577,"{'window_k': 162, 'window_d': 27, 'window_ma': 27}","open_time
2022-01-01 00:00:00    100.0000
2022-01-01 01:00:00    100.0000
2022-01-01 02:00:00    100.0000
2022-01-01 03:00:00    100.0000
2022-01-01 04:00:00    100.0000
                         ...   
2023-05-01 19:00:00     48.2494
2023-05-01 20:00:00     48.2494
2023-05-01 21:00:00     48.2494
2023-05-01 22:00:00     48.2494
2023-05-01 23:00:00     48.2494
Freq: H, Length: 11664, dtype: float64",2022-01-01,2023-05-01 23:00:00,486 days,100.0,42.49664730443848,108.39494473517684,48.24940049863833,-51.75059950136167,-70.17976286600607,28.823731138545956,100.0,60.794622472234835,439 days 04:00:00,198,0.0,99,35.35353535353536,24.304620906235986,-13.109529374269629,4.52730544299778,-3.3831845329033237,2 days 03:48:00,1 days 00:12:11.250000,0.6419004409635412,-0.5227333282965834,-0.8047882180462653,-0.6933399150998958,0.9537119307820127,-1.1155026627230324,long
358,"{'window_k': 27, 'window_d': 102, 'window_ma': 102}","open_time
2022-01-01 00:00:00    100.000000
2022-01-01 01:00:00    100.000000
2022-01-01 02:00:00    100.000000
2022-01-01 03:00:00    100.000000
2022-01-01 04:00:00    100.000000
                          ...    
2023-05-01 19:00:00     43.933053
2023-05-01 20:00:00     43.933053
2023-05-01 21:00:00     43.933053
2023-05-01 22:00:00     43.933053
2023-05-01 23:00:00     43.933053
Freq: H, Length: 11664, dtype: float64",2022-01-01,2023-05-01 23:00:00,486 days,100.0,38.97789405297673,116.22874848875855,43.933052974465205,-56.066947025534795,-70.17976286600607,36.574074074074076,100.0,66.46449819018176,275 days 07:00:00,108,0.0,54,37.03703703703704,30.933401902802782,-21.578550662216006,7.136805390515703,-6.048812636198491,4 days 15:12:00,2 days 12:03:31.764705882,0.6505197026614793,-1.0382767967691635,-0.5534590864403534,-0.6933469978488624,0.9688467241081932,-0.8326319588823925,long
1281,"{'window_k': 87, 'window_d': 12, 'window_ma': 27}","open_time
2022-01-01 00:00:00    100.000000
2022-01-01 01:00:00    100.000000
2022-01-01 02:00:00    100.000000
2022-01-01 03:00:00    100.000000
2022-01-01 04:00:00    100.000000
                          ...    
2023-05-01 19:00:00     36.099159
2023-05-01 20:00:00     36.016256
2023-05-01 21:00:00     36.197607
2023-05-01 22:00:00     36.358232
2023-05-01 23:00:00     36.358232
Freq: H, Length: 11664, dtype: float64",2022-01-01,2023-05-01 23:00:00,486 days,100.0,23.564260209668923,101.42055773033617,36.358231890497116,-63.641768109502884,-70.17976286600607,40.15775034293553,100.0,76.7657950843426,481 days 09:00:00,479,0.0,240,34.72803347280335,23.443579766536963,-16.33320749968542,4.012294178209987,-2.6218903723341986,1 days 04:56:23.132530120,0 days 14:34:36.923076923,0.672924568006007,-0.26580659505503934,-0.7728746618726566,-0.6933619922731956,0.9601337161193396,-1.1346987938876743,long
3275,"{'window_k': 192, 'window_d': 192, 'window_ma': 177}","open_time
2022-01-01 00:00:00    100.000000
2022-01-01 01:00:00    100.000000
2022-01-01 02:00:00    100.000000
2022-01-01 03:00:00    100.000000
2022-01-01 04:00:00    100.000000
                          ...    
2023-05-01 19:00:00     42.678743
2023-05-01 20:00:00     42.678743
2023-05-01 21:00:00     42.678743
2023-05-01 22:00:00     42.678743
2023-05-01 23:00:00     42.678743
Freq: H, Length: 11664, dtype: float64",2022-01-01,2023-05-01 23:00:00,486 days,100.0,38.296091415028094,120.12396694214875,42.67874299021412,-57.32125700978589,-70.17976286600607,33.56481481481482,100.0,68.1195248626185,451 days 16:00:00,40,0.0,20,30.0,37.96146492131196,-25.164016457244525,13.466785754379229,-10.464409724445044,10 days 01:30:00,7 days 08:08:34.285714285,0.43288221795631204,-2.8660628504892918,-0.9124100793295427,-0.6935342089824457,0.9521899694873017,-1.2617316819292528,long
2525,"{'window_k': 147, 'window_d': 207, 'window_ma': 207}","open_time
2022-01-01 00:00:00    100.000000
2022-01-01 01:00:00    100.000000
2022-01-01 02:00:00    100.000000
2022-01-01 03:00:00    100.000000
2022-01-01 04:00:00    100.000000
                          ...    
2023-05-01 19:00:00     41.044557
2023-05-01 20:00:00     41.044557
2023-05-01 21:00:00     41.044557
2023-05-01 22:00:00     41.044557
2023-05-01 23:00:00     41.044557
Freq: H, Length: 11664, dtype: float64",2022-01-01,2023-05-01 23:00:00,486 days,100.0,35.76927476013814,120.44124501527784,41.04455658219011,-58.955443417809896,-70.17976286600607,33.813443072702334,100.0,70.30147375543915,451 days 16:00:00,42,0.0,21,28.57142857142857,41.55022797470217,-25.916897506925203,13.543013561982695,-9.982004939651752,11 days 13:49:59.999999999,6 days 07:48:00,0.39634955193549926,-2.8074020675147557,-0.9779655028021804,-0.6936939548545126,0.9495222079081654,-1.3435742895136702,long
91,"{'window_k': 12, 'window_d': 87, 'window_ma': 177}","open_time
2022-01-01 00:00:00    100.000000
2022-01-01 01:00:00    100.000000
2022-01-01 02:00:00    100.000000
2022-01-01 03:00:00    100.000000
2022-01-01 04:00:00    100.000000
                          ...    
2023-05-01 19:00:00     39.920475
2023-05-01 20:00:00     39.920475
2023-05-01 21:00:00     39.920475
2023-05-01 22:00:00     39.920475
2023-05-01 23:00:00     39.920475
Freq: H, Length: 11664, dtype: float64",2022-01-01,2023-05-01 23:00:00,486 days,100.0,35.23407860041639,124.78232680230455,39.920475285216575,-60.079524714783425,-70.17976286600607,33.42764060356653,100.0,71.76356660167225,391 days 18:00:00,150,0.0,75,25.333333333333336,23.86131883072739,-17.22511385816525,8.868837904795228,-4.279723292507343,3 days 19:09:28.421052631,1 days 14:41:47.142857142,0.6657361811991324,-0.8010603295304446,-0.8210054428415435,-0.6942952517352363,0.951983412270398,-1.2174342954805162,long
839,"{'window_k': 57, 'window_d': 72, 'window_ma': 117}","open_time
2022-01-01 00:00:00    100.000000
2022-01-01 01:00:00    100.000000
2022-01-01 02:00:00    100.000000
2022-01-01 03:00:00    100.000000
2022-01-01 04:00:00    100.000000
                          ...    
2023-05-01 19:00:00     44.378593
2023-05-01 20:00:00     44.378593
2023-05-01 21:00:00     44.378593
2023-05-01 22:00:00     44.378593
2023-05-01 23:00:00     44.378593
Freq: H, Length: 11664, dtype: float64",2022-01-01,2023-05-01 23:00:00,486 days,100.0,39.87608572639121,116.32759925422843,44.37859285745042,-55.621407142549586,-70.17976286600607,40.10631001371742,100.0,65.72087279198126,391 days 18:00:00,118,0.0,59,28.8135593220339,22.068435217224135,-17.91469194312797,9.008489679269644,-5.128310897954265,4 days 14:31:45.882352941,2 days 18:38:34.285714285,0.662132726330989,-0.9427357142805006,-0.5319210286472218,-0.6949515263054817,0.9710945245486565,-0.8020094937635028,long
3279,"{'window_k': 192, 'window_d': 192, 'window_ma': 237}","open_time
2022-01-01 00:00:00    100.000000
2022-01-01 01:00:00    100.000000
2022-01-01 02:00:00    100.000000
2022-01-01 03:00:00    100.000000
2022-01-01 04:00:00    100.000000
                          ...    
2023-05-01 19:00:00     43.084965
2023-05-01 20:00:00     43.084965
2023-05-01 21:00:00     43.084965
2023-05-01 22:00:00     43.084965
2023-05-01 23:00:00     43.084965
Freq: H, Length: 11664, dtype: float64",2022-01-01,2023-05-01 23:00:00,486 days,100.0,39.117155735416304,120.12396694214875,43.08496491987075,-56.91503508012925,-70.17976286600607,33.62482853223594,100.0,67.43601070529499,451 days 16:00:00,40,0.0,20,25.0,37.96146492131196,-25.16401645724452,15.519723146969605,-9.52769224359451,11 days 05:48:00,7 days 03:32:00,0.42642501336796146,-2.8457517540064634,-0.8950502083240758,-0.694977939305422,0.9532704263182333,-1.2423013168881234,long
372,"{'window_k': 27, 'window_d': 117, 'window_ma': 72}","open_time
2022-01-01 00:00:00    100.00000
2022-01-01 01:00:00    100.00000
2022-01-01 02:00:00    100.00000
2022-01-01 03:00:00    100.00000
2022-01-01 04:00:00    100.00000
                         ...    
2023-05-01 19:00:00     40.31666
2023-05-01 20:00:00     40.31666
2023-05-01 21:00:00     40.31666
2023-05-01 22:00:00     40.31666
2023-05-01 23:00:00     40.31666
Freq: H, Length: 11664, dtype: float64",2022-01-01,2023-05-01 23:00:00,486 days,100.0,35.67750302462664,123.50934731084331,40.31665998573658,-59.68334001426342,-70.17976286600607,38.88888888888889,100.0,71.11351990644485,453 days 11:00:00,100,0.0,50,40.0,27.525190464487576,-21.93840840408691,7.428044168409054,-7.219043011688546,4 days 16:27:00,3 days 04:14:00,0.6027838287126489,-1.1936668002852677,-0.8020967744976881,-0.6953893798711566,0.9602887092827512,-1.1085973577355026,long
147,"{'window_k': 12, 'window_d': 147, 'window_ma': 57}","open_time
2022-01-01 00:00:00    100.000000
2022-01-01 01:00:00    100.000000
2022-01-01 02:00:00    100.000000
2022-01-01 03:00:00    100.000000
2022-01-01 04:00:00    100.000000
                          ...    
2023-05-01 19:00:00     44.915272
2023-05-01 20:00:00     44.812122
2023-05-01 21:00:00     45.037762
2023-05-01 22:00:00     45.237615
2023-05-01 23:00:00     45.237615
Freq: H, Length: 11664, dtype: float64",2022-01-01,2023-05-01 23:00:00,486 days,100.0,40.976985255171485,115.47461365325758,45.23761511016494,-54.76238488983506,-70.17976286600607,28.43792866941015,100.0,64.51429109932725,430 days 01:00:00,131,0.0,66,23.076923076923077,28.77182937303179,-9.303977272727257,7.081890965622896,-3.471789526978103,3 days 19:48:00,1 days 12:25:12,0.5696430061318023,-0.8477548993604795,-0.9268080431980915,-0.695736257931103,0.9471813105707452,-1.2914868884605883,long
840,"{'window_k': 57, 'window_d': 72, 'window_ma': 132}","open_time
2022-01-01 00:00:00    100.000000
2022-01-01 01:00:00    100.000000
2022-01-01 02:00:00    100.000000
2022-01-01 03:00:00    100.000000
2022-01-01 04:00:00    100.000000
                          ...    
2023-05-01 19:00:00     45.351702
2023-05-01 20:00:00     45.351702
2023-05-01 21:00:00     45.351702
2023-05-01 22:00:00     45.351702
2023-05-01 23:00:00     45.351702
Freq: H, Length: 11664, dtype: float64",2022-01-01,2023-05-01 23:00:00,486 days,100.0,40.7504666210591,114.25998156706483,45.35170225422147,-54.64829774577853,-70.17976286600607,39.771947873799725,100.0,64.33531139934534,391 days 18:00:00,118,0.0,59,30.508474576271187,22.06843521722412,-17.91469194312796,8.41444955967655,-5.161218138966879,4 days 12:30:00,2 days 17:30:43.902439024,0.6595511732534419,-0.9262423346742141,-0.5085476243357059,-0.6960496813020588,0.9723048200399896,-0.7667908630793041,long
285,"{'window_k': 27, 'window_d': 27, 'window_ma': 207}","open_time
2022-01-01 00:00:00    100.000000
2022-01-01 01:00:00    100.000000
2022-01-01 02:00:00    100.000000
2022-01-01 03:00:00    100.000000
2022-01-01 04:00:00    100.000000
                          ...    
2023-05-01 19:00:00     33.838424
2023-05-01 20:00:00     33.838424
2023-05-01 21:00:00     33.838424
2023-05-01 22:00:00     33.838424
2023-05-01 23:00:00     33.838424
Freq: H, Length: 11664, dtype: float64",2022-01-01,2023-05-01 23:00:00,486 days,100.0,20.382289146475024,101.8232648596086,33.83842368696622,-66.16157631303378,-70.17976286600607,41.289437585733886,100.0,79.98267962181569,481 days 09:00:00,313,0.0,157,35.256410256410255,31.82720195390018,-24.01326012638557,5.2483931651495865,-3.6375772774345503,1 days 17:20:43.636363636,1 days 01:08:54.653465346,0.5858569506037344,-0.424112668673294,-0.8211230893001175,-0.6961842813953075,0.9562287843294928,-1.2465626294763845,long
4020,"{'window_k': 237, 'window_d': 177, 'window_ma': 72}","open_time
2022-01-01 00:00:00    100.000000
2022-01-01 01:00:00    100.000000
2022-01-01 02:00:00    100.000000
2022-01-01 03:00:00    100.000000
2022-01-01 04:00:00    100.000000
                          ...    
2023-05-01 19:00:00     35.761891
2023-05-01 20:00:00     35.761891
2023-05-01 21:00:00     35.761891
2023-05-01 22:00:00     35.761891
2023-05-01 23:00:00     35.761891
Freq: H, Length: 11664, dtype: float64",2022-01-01,2023-05-01 23:00:00,486 days,100.0,26.890422622699358,118.24700784151878,35.76189124447427,-64.23810875552573,-70.17976286600607,28.86659807956104,100.0,77.25910945777215,453 days 11:00:00,44,0.0,22,27.27272727272727,29.848513184963505,-25.62611806797854,10.19098656313421,-9.179250830292043,7 days 08:30:00,6 days 00:15:00,0.28842783056629706,-2.919914034342079,-1.2446652390964263,-0.6964076645313003,0.9312540160824572,-1.6940320870289032,long
842,"{'window_k': 57, 'window_d': 72, 'window_ma': 162}","open_time
2022-01-01 00:00:00    100.000000
2022-01-01 01:00:00    100.000000
2022-01-01 02:00:00    100.000000
2022-01-01 03:00:00    100.000000
2022-01-01 04:00:00    100.000000
                          ...    
2023-05-01 19:00:00     45.285533
2023-05-01 20:00:00     45.285533
2023-05-01 21:00:00     45.285533
2023-05-01 22:00:00     45.285533
2023-05-01 23:00:00     45.285533
Freq: H, Length: 11664, dtype: float64",2022-01-01,2023-05-01 23:00:00,486 days,100.0,40.69101092580506,114.25998156706483,45.28553326986227,-54.71446673013774,-70.17976286600607,39.79766803840878,100.0,64.3873468490615,391 days 18:00:00,118,0.0,59,32.20338983050847,22.06843521722413,-17.91469194312796,7.982123080597684,-5.29862868453645,4 days 07:25:15.789473684,2 days 18:55:30,0.6594616885234906,-0.9273638428836912,-0.51094656519193,-0.6964270731561267,0.9721562468242445,-0.7702555039952654,long
381,"{'window_k': 27, 'window_d': 117, 'window_ma': 207}","open_time
2022-01-01 00:00:00    100.00000
2022-01-01 01:00:00    100.00000
2022-01-01 02:00:00    100.00000
2022-01-01 03:00:00    100.00000
2022-01-01 04:00:00    100.00000
                         ...    
2023-05-01 19:00:00     38.58336
2023-05-01 20:00:00     38.58336
2023-05-01 21:00:00     38.58336
2023-05-01 22:00:00     38.58336
2023-05-01 23:00:00     38.58336
Freq: H, Length: 11664, dtype: float64",2022-01-01,2023-05-01 23:00:00,486 days,100.0,34.21246881463817,128.4205978583132,38.58336028115599,-61.41663971884401,-70.17976286600607,40.33779149519891,100.0,73.35904879341484,397 days 07:00:00,100,0.0,50,38.0,27.525190464487594,-21.93840840408691,7.875740148751483,-7.139283514046264,4 days 23:25:15.789473684,3 days 06:34:50.322580645,0.6019536889227038,-1.2283327943768796,-0.8432671030790584,-0.6964731262478163,0.9589769298081114,-1.162774674644342,long
3755,"{'window_k': 222, 'window_d': 162, 'window_ma': 177}","open_time
2022-01-01 00:00:00    100.000000
2022-01-01 01:00:00    100.000000
2022-01-01 02:00:00    100.000000
2022-01-01 03:00:00    100.000000
2022-01-01 04:00:00    100.000000
                          ...    
2023-05-01 19:00:00     41.158457
2023-05-01 20:00:00     41.063934
2023-05-01 21:00:00     41.270701
2023-05-01 22:00:00     41.453838
2023-05-01 23:00:00     41.453838
Freq: H, Length: 11664, dtype: float64",2022-01-01,2023-05-01 23:00:00,486 days,100.0,36.84024012721957,120.59738643434972,41.45383801555655,-58.546161984443444,-70.17976286600607,37.46570644718793,100.0,69.45187518862649,451 days 16:00:00,47,0.0,24,26.08695652173913,37.79573842762675,-23.32042058660764,13.597519554522016,-8.90623393875782,10 days 08:20:00,7 days 00:31:45.882352941,0.42021779174224294,-2.5680884088344995,-0.766769255428202,-0.6966623084655311,0.9602661930431546,-1.0961550075359536,long
2889,"{'window_k': 177, 'window_d': 72, 'window_ma': 147}","open_time
2022-01-01 00:00:00    100.000000
2022-01-01 01:00:00    100.000000
2022-01-01 02:00:00    100.000000
2022-01-01 03:00:00    100.000000
2022-01-01 04:00:00    100.000000
                          ...    
2023-05-01 19:00:00     40.936361
2023-05-01 20:00:00     40.842349
2023-05-01 21:00:00     41.048000
2023-05-01 22:00:00     41.230148
2023-05-01 23:00:00     41.230148
Freq: H, Length: 11664, dtype: float64",2022-01-01,2023-05-01 23:00:00,486 days,100.0,36.60772388180091,120.99111965968224,41.23014816993674,-58.76985183006326,-70.17976286600607,37.19993141289438,100.0,69.74346217741494,355 days 14:00:00,79,0.0,40,33.33333333333333,20.077519379844983,-22.968427904958233,7.8177630348976,-6.7672055653754395,6 days 08:55:23.076923076,3 days 14:02:18.461538461,0.5306591260293474,-1.518068139485897,-0.6383740138676052,-0.6967509509686145,0.9642944262660433,-0.9679049960539947,long
3015,"{'window_k': 177, 'window_d': 192, 'window_ma': 117}","open_time
2022-01-01 00:00:00    100.000000
2022-01-01 01:00:00    100.000000
2022-01-01 02:00:00    100.000000
2022-01-01 03:00:00    100.000000
2022-01-01 04:00:00    100.000000
                          ...    
2023-05-01 19:00:00     39.409653
2023-05-01 20:00:00     39.409653
2023-05-01 21:00:00     39.409653
2023-05-01 22:00:00     39.584531
2023-05-01 23:00:00     39.584531
Freq: H, Length: 11664, dtype: float64",2022-01-01,2023-05-01 23:00:00,486 days,100.0,33.83355940487658,120.60989523908307,39.58453081653308,-60.41546918346692,-70.17976286600607,28.206447187928667,100.0,71.94794064134716,451 days 16:00:00,43,0.0,22,28.57142857142857,29.196665403561955,-24.32581786030062,9.444484339557548,-9.05905007221825,7 days 05:10:00,6 days 05:52:00,0.35788177794944814,-2.8852546381624213,-1.1752205042726873,-0.6969282243387671,0.9338853682949828,-1.613293540362362,long
3975,"{'window_k': 237, 'window_d': 132, 'window_ma': 117}","open_time
2022-01-01 00:00:00    100.000000
2022-01-01 01:00:00    100.000000
2022-01-01 02:00:00    100.000000
2022-01-01 03:00:00    100.000000
2022-01-01 04:00:00    100.000000
                          ...    
2023-05-01 19:00:00     37.234429
2023-05-01 20:00:00     37.148919
2023-05-01 21:00:00     37.335973
2023-05-01 22:00:00     37.501649
2023-05-01 23:00:00     37.501649
Freq: H, Length: 11664, dtype: float64",2022-01-01,2023-05-01 23:00:00,486 days,100.0,30.969597752987156,122.84612540277851,37.50164917135368,-62.49835082864632,-70.17976286600607,34.97942386831276,100.0,74.7899271129257,451 days 16:00:00,53,0.0,27,30.76923076923077,30.25787965616045,-22.78272337619518,8.151083704749004,-8.192345392195316,7 days 12:07:30,6 days 00:30:00,0.3805634522110718,-2.3998772016879633,-0.925101152752509,-0.6969657502875027,0.9502614487879307,-1.313857080055694,long
3257,"{'window_k': 192, 'window_d': 177, 'window_ma': 147}","open_time
2022-01-01 00:00:00    100.000000
2022-01-01 01:00:00    100.000000
2022-01-01 02:00:00    100.000000
2022-01-01 03:00:00    100.000000
2022-01-01 04:00:00    100.000000
                          ...    
2023-05-01 19:00:00     37.216758
2023-05-01 20:00:00     37.131288
2023-05-01 21:00:00     37.318253
2023-05-01 22:00:00     37.483851
2023-05-01 23:00:00     37.483851
Freq: H, Length: 11664, dtype: float64",2022-01-01,2023-05-01 23:00:00,486 days,100.0,30.716152448127115,121.93791946308724,37.4838510918604,-62.5161489081396,-70.17976286600607,34.43072702331962,100.0,74.81000776183865,451 days 16:00:00,47,0.0,24,30.434782608695656,26.10372084056295,-23.751657092355284,9.054417029840439,-9.15636496246702,9 days 06:51:25.714285714,6 days 08:45:00,0.3564885313031124,-2.725757842596221,-1.0455217140832376,-0.6970067796710343,0.9456726293428517,-1.441113848248162,long
151,"{'window_k': 12, 'window_d': 147, 'window_ma': 117}","open_time
2022-01-01 00:00:00    100.000000
2022-01-01 01:00:00    100.000000
2022-01-01 02:00:00    100.000000
2022-01-01 03:00:00    100.000000
2022-01-01 04:00:00    100.000000
                          ...    
2023-05-01 19:00:00     42.659926
2023-05-01 20:00:00     42.561956
2023-05-01 21:00:00     42.776266
2023-05-01 22:00:00     42.966083
2023-05-01 23:00:00     42.966083
Freq: H, Length: 11664, dtype: float64",2022-01-01,2023-05-01 23:00:00,486 days,100.0,38.91939355083894,119.32681964788762,42.966082907519116,-57.03391709248088,-70.17976286600607,31.532921810699587,100.0,67.38420275870655,451 days 16:00:00,131,0.0,66,23.076923076923077,38.28893845951976,-12.699985841710326,8.781933620852671,-3.959278946416366,4 days 06:48:00,1 days 16:20:24,0.592430518500773,-0.8824375936068147,-0.9107655567912001,-0.6971468495344232,0.9511158662873663,-1.2671978754993203,long
3531,"{'window_k': 207, 'window_d': 192, 'window_ma': 177}","open_time
2022-01-01 00:00:00    100.000000
2022-01-01 01:00:00    100.000000
2022-01-01 02:00:00    100.000000
2022-01-01 03:00:00    100.000000
2022-01-01 04:00:00    100.000000
                          ...    
2023-05-01 19:00:00     42.681654
2023-05-01 20:00:00     42.681654
2023-05-01 21:00:00     42.681654
2023-05-01 22:00:00     42.681654
2023-05-01 23:00:00     42.681654
Freq: H, Length: 11664, dtype: float64",2022-01-01,2023-05-01 23:00:00,486 days,100.0,38.695095534689166,119.8639315534481,42.681654176888934,-57.31834582311106,-70.17976286600607,33.50480109739369,100.0,67.71748178689201,451 days 16:00:00,40,0.0,20,25.0,37.284167398302614,-25.65936522127849,15.622734892167909,-9.58935761878568,10 days 14:12:00,7 days 07:48:00,0.4246281625971143,-2.865917291155555,-0.9090229625721826,-0.697611855852946,0.9522950662019615,-1.2584518181638,long
119,"{'window_k': 12, 'window_d': 117, 'window_ma': 117}","open_time
2022-01-01 00:00:00    100.000000
2022-01-01 01:00:00    100.000000
2022-01-01 02:00:00    100.000000
2022-01-01 03:00:00    100.000000
2022-01-01 04:00:00    100.000000
                          ...    
2023-05-01 19:00:00     39.442885
2023-05-01 20:00:00     39.442885
2023-05-01 21:00:00     39.442885
2023-05-01 22:00:00     39.442885
2023-05-01 23:00:00     39.442885
Freq: H, Length: 11664, dtype: float64",2022-01-01,2023-05-01 23:00:00,486 days,100.0,36.56321707849687,130.88724275528972,39.44288483472393,-60.55711516527607,-70.17976286600607,37.165637860082306,100.0,72.06510251968831,439 days 04:00:00,142,0.0,71,29.577464788732392,30.00057231156642,-22.71610291991905,8.75556085142649,-4.985952067427899,4 days 19:22:51.428571428,1 days 14:14:24,0.6812879694437495,-0.8529171150038888,-0.7294783167802792,-0.6976552641915464,0.9596912727895782,-1.0692329546066603,long
3759,"{'window_k': 222, 'window_d': 162, 'window_ma': 237}","open_time
2022-01-01 00:00:00    100.000000
2022-01-01 01:00:00    100.000000
2022-01-01 02:00:00    100.000000
2022-01-01 03:00:00    100.000000
2022-01-01 04:00:00    100.000000
                          ...    
2023-05-01 19:00:00     41.564998
2023-05-01 20:00:00     41.469542
2023-05-01 21:00:00     41.678351
2023-05-01 22:00:00     41.863297
2023-05-01 23:00:00     41.863297
Freq: H, Length: 11664, dtype: float64",2022-01-01,2023-05-01 23:00:00,486 days,100.0,37.62779399083297,120.59738643434972,41.86329678664356,-58.13670321335644,-70.17976286600607,37.414266117969824,100.0,68.79883129862301,451 days 16:00:00,47,0.0,24,21.73913043478261,37.795738427626745,-23.320420586607636,15.389909845331134,-8.123285658316941,11 days 14:12:00,6 days 20:20:00,0.3998988823052851,-2.5505091149156205,-0.7473017839242257,-0.6977164368106741,0.9612508646888309,-1.0679127695256885,long
847,"{'window_k': 57, 'window_d': 72, 'window_ma': 237}","open_time
2022-01-01 00:00:00    100.000000
2022-01-01 01:00:00    100.000000
2022-01-01 02:00:00    100.000000
2022-01-01 03:00:00    100.000000
2022-01-01 04:00:00    100.000000
                          ...    
2023-05-01 19:00:00     44.979221
2023-05-01 20:00:00     44.979221
2023-05-01 21:00:00     44.979221
2023-05-01 22:00:00     44.979221
2023-05-01 23:00:00     44.979221
Freq: H, Length: 11664, dtype: float64",2022-01-01,2023-05-01 23:00:00,486 days,100.0,40.41577580194106,114.25998156706483,44.979220669727944,-55.02077933027205,-70.17976286600607,40.34636488340192,100.0,64.62823182041296,391 days 18:00:00,118,0.0,59,30.508474576271187,22.068435217224145,-17.91469194312796,8.41444955967655,-5.181040443023403,4 days 12:30:00,2 days 19:08:46.829268292,0.6576444107196181,-0.9325555818690179,-0.5167428788535506,-0.6981706443477941,0.9719933841558166,-0.7790900310724028,long
845,"{'window_k': 57, 'window_d': 72, 'window_ma': 207}","open_time
2022-01-01 00:00:00    100.000000
2022-01-01 01:00:00    100.000000
2022-01-01 02:00:00    100.000000
2022-01-01 03:00:00    100.000000
2022-01-01 04:00:00    100.000000
                          ...    
2023-05-01 19:00:00     44.979221
2023-05-01 20:00:00     44.979221
2023-05-01 21:00:00     44.979221
2023-05-01 22:00:00     44.979221
2023-05-01 23:00:00     44.979221
Freq: H, Length: 11664, dtype: float64",2022-01-01,2023-05-01 23:00:00,486 days,100.0,40.41577580194106,114.25998156706483,44.979220669727944,-55.02077933027205,-70.17976286600607,40.34636488340192,100.0,64.62823182041296,391 days 18:00:00,118,0.0,59,30.508474576271187,22.068435217224145,-17.91469194312796,8.41444955967655,-5.181040443023403,4 days 12:30:00,2 days 19:08:46.829268292,0.6576444107196181,-0.9325555818690179,-0.5167428788535506,-0.6981706443477941,0.9719933841558166,-0.7790900310724028,long
844,"{'window_k': 57, 'window_d': 72, 'window_ma': 192}","open_time
2022-01-01 00:00:00    100.000000
2022-01-01 01:00:00    100.000000
2022-01-01 02:00:00    100.000000
2022-01-01 03:00:00    100.000000
2022-01-01 04:00:00    100.000000
                          ...    
2023-05-01 19:00:00     44.979221
2023-05-01 20:00:00     44.979221
2023-05-01 21:00:00     44.979221
2023-05-01 22:00:00     44.979221
2023-05-01 23:00:00     44.979221
Freq: H, Length: 11664, dtype: float64",2022-01-01,2023-05-01 23:00:00,486 days,100.0,40.41577580194106,114.25998156706483,44.979220669727944,-55.02077933027205,-70.17976286600607,40.34636488340192,100.0,64.62823182041296,391 days 18:00:00,118,0.0,59,30.508474576271187,22.068435217224145,-17.91469194312796,8.41444955967655,-5.181040443023403,4 days 12:30:00,2 days 19:08:46.829268292,0.6576444107196181,-0.9325555818690179,-0.5167428788535506,-0.6981706443477941,0.9719933841558166,-0.7790900310724028,long
846,"{'window_k': 57, 'window_d': 72, 'window_ma': 222}","open_time
2022-01-01 00:00:00    100.000000
2022-01-01 01:00:00    100.000000
2022-01-01 02:00:00    100.000000
2022-01-01 03:00:00    100.000000
2022-01-01 04:00:00    100.000000
                          ...    
2023-05-01 19:00:00     44.979221
2023-05-01 20:00:00     44.979221
2023-05-01 21:00:00     44.979221
2023-05-01 22:00:00     44.979221
2023-05-01 23:00:00     44.979221
Freq: H, Length: 11664, dtype: float64",2022-01-01,2023-05-01 23:00:00,486 days,100.0,40.41577580194106,114.25998156706483,44.979220669727944,-55.02077933027205,-70.17976286600607,40.34636488340192,100.0,64.62823182041296,391 days 18:00:00,118,0.0,59,30.508474576271187,22.068435217224145,-17.91469194312796,8.41444955967655,-5.181040443023403,4 days 12:30:00,2 days 19:08:46.829268292,0.6576444107196181,-0.9325555818690179,-0.5167428788535506,-0.6981706443477941,0.9719933841558166,-0.7790900310724028,long
2312,"{'window_k': 147, 'window_d': 12, 'window_ma': 132}","open_time
2022-01-01 00:00:00    100.000000
2022-01-01 01:00:00    100.000000
2022-01-01 02:00:00    100.000000
2022-01-01 03:00:00    100.000000
2022-01-01 04:00:00    100.000000
                          ...    
2023-05-01 19:00:00     40.710491
2023-05-01 20:00:00     40.616998
2023-05-01 21:00:00     40.821515
2023-05-01 22:00:00     41.002658
2023-05-01 23:00:00     41.002658
Freq: H, Length: 11664, dtype: float64",2022-01-01,2023-05-01 23:00:00,486 days,100.0,30.589385070197938,101.60273315888524,41.00265803691315,-58.99734196308686,-70.17976286600607,41.13511659807956,100.0,69.89314743889558,453 days 11:00:00,463,0.0,232,31.601731601731604,28.488482771749503,-14.131233595800527,4.580909692806643,-2.505026110340465,1 days 07:50:57.534246575,0 days 15:36:27.341772151,0.7275191462172825,-0.2557791858766828,-0.559141737286105,-0.6983086559486246,0.9700445486212381,-0.8494034360123766,long
2017,"{'window_k': 117, 'window_d': 222, 'window_ma': 27}","open_time
2022-01-01 00:00:00    100.00000
2022-01-01 01:00:00    100.00000
2022-01-01 02:00:00    100.00000
2022-01-01 03:00:00    100.00000
2022-01-01 04:00:00    100.00000
                         ...    
2023-05-01 19:00:00     37.58497
2023-05-01 20:00:00     37.58497
2023-05-01 21:00:00     37.58497
2023-05-01 22:00:00     37.58497
2023-05-01 23:00:00     37.58497
Freq: H, Length: 11664, dtype: float64",2022-01-01,2023-05-01 23:00:00,486 days,100.0,30.657918282764978,119.97523730912091,37.584969695849885,-62.41503030415011,-70.17976286600607,24.68278463648834,100.0,74.44646164460283,451 days 16:00:00,46,0.0,23,26.08695652173913,13.50706551660856,-24.29978966013506,7.232312094678339,-7.61239905678358,3 days 22:30:00,5 days 16:00:00,0.28514234160613927,-2.713696969745656,-1.4525327502053804,-0.6991085265917092,0.9142827832820869,-1.987048907106947,long
2551,"{'window_k': 147, 'window_d': 237, 'window_ma': 117}","open_time
2022-01-01 00:00:00    100.000000
2022-01-01 01:00:00    100.000000
2022-01-01 02:00:00    100.000000
2022-01-01 03:00:00    100.000000
2022-01-01 04:00:00    100.000000
                          ...    
2023-05-01 19:00:00     41.669665
2023-05-01 20:00:00     41.669665
2023-05-01 21:00:00     41.669665
2023-05-01 22:00:00     41.669665
2023-05-01 23:00:00     41.669665
Freq: H, Length: 11664, dtype: float64",2022-01-01,2023-05-01 23:00:00,486 days,100.0,36.920878489681556,118.78639288997854,41.66966513805309,-58.33033486194691,-70.17976286600607,27.134773662551442,100.0,68.9182594138723,451 days 16:00:00,36,0.0,18,27.77777777777778,25.765400221320522,-22.360524561013552,8.530034438157122,-9.070077321337605,11 days 10:00:00,5 days 18:04:36.923076923,0.2942017061610507,-3.24057415899705,-1.1668709093769218,-0.699129784048135,0.9327725213148287,-1.5881574080193053,long
2977,"{'window_k': 177, 'window_d': 162, 'window_ma': 27}","open_time
2022-01-01 00:00:00    100.000000
2022-01-01 01:00:00    100.000000
2022-01-01 02:00:00    100.000000
2022-01-01 03:00:00    100.000000
2022-01-01 04:00:00    100.000000
                          ...    
2023-05-01 19:00:00     37.542036
2023-05-01 20:00:00     37.455819
2023-05-01 21:00:00     37.644419
2023-05-01 22:00:00     37.811464
2023-05-01 23:00:00     37.811464
Freq: H, Length: 11664, dtype: float64",2022-01-01,2023-05-01 23:00:00,486 days,100.0,32.22307513874876,124.55012853470436,37.811463772386574,-62.188536227613426,-70.17976286600607,24.348422496570645,100.0,74.12842883596849,451 days 16:00:00,49,0.0,25,29.166666666666668,19.65509854327334,-26.766441214563248,7.096946483841177,-7.87600103785228,4 days 02:51:25.714285714,5 days 04:17:38.823529411,0.35717205226004883,-2.595903991784141,-1.4099394257625926,-0.6991823229246019,0.9148677648179604,-1.8974924180616521,long
3034,"{'window_k': 177, 'window_d': 207, 'window_ma': 162}","open_time
2022-01-01 00:00:00    100.000000
2022-01-01 01:00:00    100.000000
2022-01-01 02:00:00    100.000000
2022-01-01 03:00:00    100.000000
2022-01-01 04:00:00    100.000000
                          ...    
2023-05-01 19:00:00     42.923562
2023-05-01 20:00:00     42.923562
2023-05-01 21:00:00     42.923562
2023-05-01 22:00:00     42.923562
2023-05-01 23:00:00     42.923562
Freq: H, Length: 11664, dtype: float64",2022-01-01,2023-05-01 23:00:00,486 days,100.0,39.3045445962217,119.8639315534481,42.92356215817105,-57.076437841828955,-70.17976286600607,30.70130315500686,100.0,67.2090310347483,451 days 16:00:00,42,0.0,21,14.285714285714285,41.08983799705449,-24.32522864153469,24.900441953163476,-7.788559318999752,12 days 10:40:00,6 days 05:09:59.999999999,0.4053948239938667,-2.717925611515663,-0.9269131603048125,-0.699550314679364,0.9499251967277212,-1.279077155156937,long
3777,"{'window_k': 222, 'window_d': 192, 'window_ma': 27}","open_time
2022-01-01 00:00:00    100.000000
2022-01-01 01:00:00    100.000000
2022-01-01 02:00:00    100.000000
2022-01-01 03:00:00    100.000000
2022-01-01 04:00:00    100.000000
                          ...    
2023-05-01 19:00:00     42.800447
2023-05-01 20:00:00     42.800447
2023-05-01 21:00:00     42.800447
2023-05-01 22:00:00     42.800447
2023-05-01 23:00:00     42.800447
Freq: H, Length: 11664, dtype: float64",2022-01-01,2023-05-01 23:00:00,486 days,100.0,40.435993520139164,123.78050229035941,42.800447152611625,-57.19955284738838,-70.17976286600607,20.293209876543212,100.0,67.33250166873131,424 days 03:00:00,38,0.0,19,31.57894736842105,15.67233962969888,-23.192131440706376,6.143211882864922,-8.544257365851612,5 days 00:40:00,5 days 06:23:04.615384615,0.3232861986363081,-3.0105027814414935,-1.2839354489246622,-0.6999632069539589,0.9147247550777208,-1.7614891086132731,long
2885,"{'window_k': 177, 'window_d': 72, 'window_ma': 87}","open_time
2022-01-01 00:00:00    100.00000
2022-01-01 01:00:00    100.00000
2022-01-01 02:00:00    100.00000
2022-01-01 03:00:00    100.00000
2022-01-01 04:00:00    100.00000
                         ...    
2023-05-01 19:00:00     43.66302
2023-05-01 20:00:00     43.66302
2023-05-01 21:00:00     43.66302
2023-05-01 22:00:00     43.66302
2023-05-01 23:00:00     43.66302
Freq: H, Length: 11664, dtype: float64",2022-01-01,2023-05-01 23:00:00,486 days,100.0,38.83979586011047,114.82773902660539,43.66301970908582,-56.33698029091418,-70.17976286600607,35.339506172839506,100.0,66.17559817048095,355 days 14:00:00,80,0.0,40,37.5,20.077519379844965,-22.968427904958236,6.847670536695903,-6.823946821247754,5 days 19:48:00,3 days 09:00:00,0.5479900014778047,-1.4084245072728538,-0.6046949514941263,-0.7001378620727298,0.9650123030015646,-0.9215041396105943,long
2316,"{'window_k': 147, 'window_d': 12, 'window_ma': 192}","open_time
2022-01-01 00:00:00    100.000000
2022-01-01 01:00:00    100.000000
2022-01-01 02:00:00    100.000000
2022-01-01 03:00:00    100.000000
2022-01-01 04:00:00    100.000000
                          ...    
2023-05-01 19:00:00     40.043007
2023-05-01 20:00:00     39.951047
2023-05-01 21:00:00     40.152210
2023-05-01 22:00:00     40.330384
2023-05-01 23:00:00     40.330384
Freq: H, Length: 11664, dtype: float64",2022-01-01,2023-05-01 23:00:00,486 days,100.0,29.876134624157633,101.60273315888524,40.33038374326188,-59.66961625673811,-70.17976286600607,41.195130315500684,100.0,70.59514670984524,453 days 11:00:00,463,0.0,232,32.03463203463203,28.48848277174949,-14.13123359580053,4.529161789650428,-2.5358380283878015,1 days 07:46:12.972972972,0 days 15:35:09.554140127,0.7232886054767081,-0.2586832430021093,-0.5753637739055703,-0.7003125098412466,0.969236512419713,-0.8737566624790811,long
2527,"{'window_k': 147, 'window_d': 207, 'window_ma': 237}","open_time
2022-01-01 00:00:00    100.000000
2022-01-01 01:00:00    100.000000
2022-01-01 02:00:00    100.000000
2022-01-01 03:00:00    100.000000
2022-01-01 04:00:00    100.000000
                          ...    
2023-05-01 19:00:00     40.309556
2023-05-01 20:00:00     40.309556
2023-05-01 21:00:00     40.309556
2023-05-01 22:00:00     40.309556
2023-05-01 23:00:00     40.309556
Freq: H, Length: 11664, dtype: float64",2022-01-01,2023-05-01 23:00:00,486 days,100.0,35.395428488429566,120.44124501527784,40.30955575473899,-59.69044424526101,-70.17976286600607,33.54766803840878,100.0,70.61187097165951,451 days 16:00:00,42,0.0,21,28.57142857142857,41.550227974702146,-25.916897506925213,13.283728112273966,-10.003686088301155,11 days 20:19:59.999999999,6 days 03:08:00,0.3822743946372607,-2.8424021069171905,-1.0179235186176028,-0.7004243836129003,0.9473962372991742,-1.403065789018678,long
3585,"{'window_k': 222, 'window_d': 12, 'window_ma': 27}","open_time
2022-01-01 00:00:00    100.000000
2022-01-01 01:00:00    100.000000
2022-01-01 02:00:00    100.000000
2022-01-01 03:00:00    100.000000
2022-01-01 04:00:00    100.000000
                          ...    
2023-05-01 19:00:00     31.774661
2023-05-01 20:00:00     31.701690
2023-05-01 21:00:00     31.861315
2023-05-01 22:00:00     32.002698
2023-05-01 23:00:00     32.002698
Freq: H, Length: 11664, dtype: float64",2022-01-01,2023-05-01 23:00:00,486 days,100.0,21.1531453142882,118.08115776563292,32.002698234352096,-67.9973017656479,-70.17976286600607,37.98868312757202,100.0,82.08592656563134,453 days 11:00:00,435,0.0,218,31.797235023041477,23.095505617977526,-16.33320749968543,3.9636291447782552,-2.508370514164758,1 days 08:38:15.652173913,0 days 14:18:04.931506849,0.649888724155678,-0.31366687942387883,-1.0264867416824728,-0.700495080866476,0.9475191168466085,-1.4791278760611903,long
4014,"{'window_k': 237, 'window_d': 162, 'window_ma': 222}","open_time
2022-01-01 00:00:00    100.000000
2022-01-01 01:00:00    100.000000
2022-01-01 02:00:00    100.000000
2022-01-01 03:00:00    100.000000
2022-01-01 04:00:00    100.000000
                          ...    
2023-05-01 19:00:00     41.617611
2023-05-01 20:00:00     41.522035
2023-05-01 21:00:00     41.731108
2023-05-01 22:00:00     41.916288
2023-05-01 23:00:00     41.916288
Freq: H, Length: 11664, dtype: float64",2022-01-01,2023-05-01 23:00:00,486 days,100.0,38.691447489064835,122.55480607082632,41.916288006800066,-58.08371199319994,-70.17976286600607,35.55384087791495,100.0,68.42926954108641,451 days 16:00:00,47,0.0,24,21.73913043478261,34.503437180049715,-23.434903047091417,15.042750531510737,-7.993913530450509,10 days 05:00:00,6 days 17:53:20,0.41057080709321303,-2.5196649671923126,-0.7554538034174271,-0.7007622758181153,0.9602655333452836,-1.0775307092726145,long
2487,"{'window_k': 147, 'window_d': 177, 'window_ma': 117}","open_time
2022-01-01 00:00:00    100.000000
2022-01-01 01:00:00    100.000000
2022-01-01 02:00:00    100.000000
2022-01-01 03:00:00    100.000000
2022-01-01 04:00:00    100.000000
                          ...    
2023-05-01 19:00:00     35.792792
2023-05-01 20:00:00     35.710592
2023-05-01 21:00:00     35.890404
2023-05-01 22:00:00     36.049666
2023-05-01 23:00:00     36.049666
Freq: H, Length: 11664, dtype: float64",2022-01-01,2023-05-01 23:00:00,486 days,100.0,29.350620587383172,124.23076923076923,36.049665527891044,-63.95033447210896,-70.17976286600607,31.57578875171468,100.0,76.37411345907236,451 days 16:00:00,51,0.0,26,28.000000000000004,30.257879656160462,-21.691096040253782,8.104228340299334,-8.00213005941002,6 days 12:08:34.285714285,5 days 22:16:40,0.3428736959310761,-2.565411343592946,-1.2418764609932522,-0.7008255291164411,0.9344763638642878,-1.7077915669989612,long
4013,"{'window_k': 237, 'window_d': 162, 'window_ma': 207}","open_time
2022-01-01 00:00:00    100.000000
2022-01-01 01:00:00    100.000000
2022-01-01 02:00:00    100.000000
2022-01-01 03:00:00    100.000000
2022-01-01 04:00:00    100.000000
                          ...    
2023-05-01 19:00:00     44.117396
2023-05-01 20:00:00     44.016078
2023-05-01 21:00:00     44.237710
2023-05-01 22:00:00     44.434013
2023-05-01 23:00:00     44.434013
Freq: H, Length: 11664, dtype: float64",2022-01-01,2023-05-01 23:00:00,486 days,100.0,42.792463252737896,122.55480607082632,44.434012510070815,-55.56598748992918,-70.17976286600607,36.822702331961594,100.0,65.08299868060053,451 days 16:00:00,47,0.0,24,21.73913043478261,34.50343718004973,-23.434903047091417,16.005191788655033,-7.919522030775333,11 days 22:48:00,6 days 14:30:00,0.4649263248217791,-2.4098554810467223,-0.6815533677749234,-0.7009799390262206,0.9642729207924458,-0.975095207029012,long
3799,"{'window_k': 222, 'window_d': 207, 'window_ma': 117}","open_time
2022-01-01 00:00:00    100.000000
2022-01-01 01:00:00    100.000000
2022-01-01 02:00:00    100.000000
2022-01-01 03:00:00    100.000000
2022-01-01 04:00:00    100.000000
                          ...    
2023-05-01 19:00:00     39.448732
2023-05-01 20:00:00     39.448732
2023-05-01 21:00:00     39.448732
2023-05-01 22:00:00     39.448732
2023-05-01 23:00:00     39.448732
Freq: H, Length: 11664, dtype: float64",2022-01-01,2023-05-01 23:00:00,486 days,100.0,33.631342228436644,118.80459770114943,39.44873167805964,-60.55126832194036,-70.17976286600607,27.289094650205765,100.0,71.69188492768974,451 days 16:00:00,38,0.0,19,31.57894736842105,26.27777777777777,-23.34767736952443,7.1788292468853,-9.502243555050798,10 days 05:30:00,5 days 11:32:18.461538461,0.26124349521286466,-3.186908859049494,-1.1721745158190233,-0.7012099433559736,0.9324232451300601,-1.600076776907836,long
3534,"{'window_k': 207, 'window_d': 192, 'window_ma': 222}","open_time
2022-01-01 00:00:00    100.000000
2022-01-01 01:00:00    100.000000
2022-01-01 02:00:00    100.000000
2022-01-01 03:00:00    100.000000
2022-01-01 04:00:00    100.000000
                          ...    
2023-05-01 19:00:00     41.416715
2023-05-01 20:00:00     41.416715
2023-05-01 21:00:00     41.416715
2023-05-01 22:00:00     41.416715
2023-05-01 23:00:00     41.416715
Freq: H, Length: 11664, dtype: float64",2022-01-01,2023-05-01 23:00:00,486 days,100.0,37.18680931307769,119.8639315534481,41.41671463651696,-58.58328536348304,-70.17976286600607,32.60459533607682,100.0,68.97581379891928,451 days 16:00:00,40,0.0,20,30.0,37.28416739830263,-25.659365221278485,12.330037066416006,-10.205543809484007,9 days 12:50:00,7 days 05:34:17.142857142,0.3862861966621401,-2.929164268174153,-0.9315004771613832,-0.7019739251160515,0.9512198050587084,-1.2893255092654976,long
275,"{'window_k': 27, 'window_d': 27, 'window_ma': 57}","open_time
2022-01-01 00:00:00    100.000000
2022-01-01 01:00:00    100.000000
2022-01-01 02:00:00    100.000000
2022-01-01 03:00:00    100.000000
2022-01-01 04:00:00    100.000000
                          ...    
2023-05-01 19:00:00     32.624925
2023-05-01 20:00:00     32.624925
2023-05-01 21:00:00     32.624925
2023-05-01 22:00:00     32.624925
2023-05-01 23:00:00     32.624925
Freq: H, Length: 11664, dtype: float64",2022-01-01,2023-05-01 23:00:00,486 days,100.0,19.337692509310788,101.8232648596086,32.62492517743382,-67.37507482256618,-70.17976286600607,41.786694101508914,100.0,81.00857153227888,481 days 09:00:00,313,0.0,157,35.256410256410255,31.82720195390017,-24.01326012638558,5.231565950214428,-3.6644322153539277,1 days 17:53:27.272727272,1 days 01:25:32.673267326,0.572993177899664,-0.43189150527286,-0.853551410446975,-0.7021688441678515,0.9548567032900894,-1.2951751318112399,long
4031,"{'window_k': 237, 'window_d': 177, 'window_ma': 237}","open_time
2022-01-01 00:00:00    100.000000
2022-01-01 01:00:00    100.000000
2022-01-01 02:00:00    100.000000
2022-01-01 03:00:00    100.000000
2022-01-01 04:00:00    100.000000
                          ...    
2023-05-01 19:00:00     40.057673
2023-05-01 20:00:00     40.057673
2023-05-01 21:00:00     40.057673
2023-05-01 22:00:00     40.057673
2023-05-01 23:00:00     40.057673
Freq: H, Length: 11664, dtype: float64",2022-01-01,2023-05-01 23:00:00,486 days,100.0,35.097919689445,119.97523730912091,40.057672551147185,-59.942327448852815,-70.17976286600607,36.98559670781893,100.0,70.74569679823693,451 days 16:00:00,42,0.0,21,23.809523809523807,46.83655536028121,-25.62611806797853,17.537065259561494,-9.776780348954874,13 days 13:24:00,6 days 23:56:15,0.4096579095620048,-2.854396545183466,-0.9311633108592479,-0.7024547673967012,0.9532999471424415,-1.2785275229019926,long
2310,"{'window_k': 147, 'window_d': 12, 'window_ma': 102}","open_time
2022-01-01 00:00:00    100.000000
2022-01-01 01:00:00    100.000000
2022-01-01 02:00:00    100.000000
2022-01-01 03:00:00    100.000000
2022-01-01 04:00:00    100.000000
                          ...    
2023-05-01 19:00:00     40.165153
2023-05-01 20:00:00     40.072912
2023-05-01 21:00:00     40.274689
2023-05-01 22:00:00     40.453406
2023-05-01 23:00:00     40.453406
Freq: H, Length: 11664, dtype: float64",2022-01-01,2023-05-01 23:00:00,486 days,100.0,30.268205502567053,101.60273315888524,40.4534060094851,-59.54659399051489,-70.17976286600607,40.89506172839506,100.0,70.20926055676675,453 days 11:00:00,463,0.0,232,31.601731601731604,28.48848277174949,-14.131233595800522,4.535545476810041,-2.494187692579592,1 days 07:27:56.712328767,0 days 15:36:27.341772151,0.7166155064209355,-0.2581518175226801,-0.5772502848238684,-0.7025124101865254,0.96894795182059,-0.8769262815023652,long
2307,"{'window_k': 147, 'window_d': 12, 'window_ma': 57}","open_time
2022-01-01 00:00:00    100.000000
2022-01-01 01:00:00    100.000000
2022-01-01 02:00:00    100.000000
2022-01-01 03:00:00    100.000000
2022-01-01 04:00:00    100.000000
                          ...    
2023-05-01 19:00:00     39.991545
2023-05-01 20:00:00     39.899703
2023-05-01 21:00:00     40.100608
2023-05-01 22:00:00     40.278552
2023-05-01 23:00:00     40.278552
Freq: H, Length: 11664, dtype: float64",2022-01-01,2023-05-01 23:00:00,486 days,100.0,30.04917717903212,101.60273315888524,40.27855196614765,-59.72144803385234,-70.17976286600607,41.22942386831276,100.0,70.4248338161912,453 days 11:00:00,463,0.0,232,31.601731601731604,28.488482771749496,-14.131233595800532,4.599715270197733,-2.540281275394691,1 days 08:06:34.520547945,0 days 15:19:52.356687898,0.7231061465423728,-0.25890714334022136,-0.5766888381574948,-0.7026991992241565,0.9691696455296059,-0.8757469429287056,long
13,"{'window_k': 12, 'window_d': 12, 'window_ma': 207}","open_time
2022-01-01 00:00:00    100.000000
2022-01-01 01:00:00    100.000000
2022-01-01 02:00:00    100.000000
2022-01-01 03:00:00    100.000000
2022-01-01 04:00:00    100.000000
                          ...    
2023-05-01 19:00:00     33.577534
2023-05-01 20:00:00     33.500422
2023-05-01 21:00:00     33.669104
2023-05-01 22:00:00     33.818509
2023-05-01 23:00:00     33.818509
Freq: H, Length: 11664, dtype: float64",2022-01-01,2023-05-01 23:00:00,486 days,100.0,20.968643435220095,101.06073665910789,33.818509280548184,-66.18149071945182,-70.17976286600607,41.529492455418385,100.0,79.25144410341052,482 days 09:00:00,701,0.0,351,39.14285714285714,31.197497765862366,-12.692913385826776,3.144483303826145,-2.401922636181515,0 days 18:00:00,0 days 11:06:11.830985915,0.7292873243456524,-0.18988863532102251,-0.7631943527648997,-0.7028549987367766,0.9596597139424264,-1.14988960365925,long
2318,"{'window_k': 147, 'window_d': 12, 'window_ma': 222}","open_time
2022-01-01 00:00:00    100.000000
2022-01-01 01:00:00    100.000000
2022-01-01 02:00:00    100.000000
2022-01-01 03:00:00    100.000000
2022-01-01 04:00:00    100.000000
                          ...    
2023-05-01 19:00:00     39.952588
2023-05-01 20:00:00     39.860836
2023-05-01 21:00:00     40.061545
2023-05-01 22:00:00     40.239316
2023-05-01 23:00:00     40.239316
Freq: H, Length: 11664, dtype: float64",2022-01-01,2023-05-01 23:00:00,486 days,100.0,30.019905544093977,101.60273315888524,40.239315648229,-59.760684351771,-70.17976286600607,41.36659807956104,100.0,70.45364370548066,453 days 11:00:00,463,0.0,232,31.601731601731604,28.488482771749503,-14.13123359580053,4.589312503034297,-2.5203704061393104,1 days 08:11:30.410958904,0 days 15:37:12.911392405,0.7235596003034274,-0.2590766344388741,-0.5772947357681035,-0.7029364407582638,0.9691825308259188,-0.8766750737562643,long
2315,"{'window_k': 147, 'window_d': 12, 'window_ma': 177}","open_time
2022-01-01 00:00:00    100.000000
2022-01-01 01:00:00    100.000000
2022-01-01 02:00:00    100.000000
2022-01-01 03:00:00    100.000000
2022-01-01 04:00:00    100.000000
                          ...    
2023-05-01 19:00:00     39.919764
2023-05-01 20:00:00     39.828087
2023-05-01 21:00:00     40.028631
2023-05-01 22:00:00     40.206256
2023-05-01 23:00:00     40.206256
Freq: H, Length: 11664, dtype: float64",2022-01-01,2023-05-01 23:00:00,486 days,100.0,30.019905544093977,101.60273315888524,40.20625582433617,-59.79374417566383,-70.17976286600607,41.34945130315501,100.0,70.45364370548066,453 days 11:00:00,463,0.0,232,31.601731601731604,28.488482771749503,-14.13123359580053,4.589312503034299,-2.520889966729601,1 days 08:11:30.410958904,0 days 15:36:27.341772151,0.723429447821457,-0.2592194446252043,-0.5781927787653007,-0.7033785491088409,0.9691274904012153,-0.8780377507350511,long
2319,"{'window_k': 147, 'window_d': 12, 'window_ma': 237}","open_time
2022-01-01 00:00:00    100.000000
2022-01-01 01:00:00    100.000000
2022-01-01 02:00:00    100.000000
2022-01-01 03:00:00    100.000000
2022-01-01 04:00:00    100.000000
                          ...    
2023-05-01 19:00:00     39.850719
2023-05-01 20:00:00     39.759200
2023-05-01 21:00:00     39.959397
2023-05-01 22:00:00     40.136715
2023-05-01 23:00:00     40.136715
Freq: H, Length: 11664, dtype: float64",2022-01-01,2023-05-01 23:00:00,486 days,100.0,29.94336194548675,101.60273315888524,40.136714991451996,-59.863285008548004,-70.17976286600607,41.2037037037037,100.0,70.52897986645532,453 days 11:00:00,463,0.0,232,31.601731601731604,28.488482771749503,-14.131233595800524,4.585703617725842,-2.5203704061393117,1 days 07:55:53.424657534,0 days 15:37:12.911392405,0.7227734885347481,-0.25951984366344283,-0.5806800468579645,-0.7035564990521788,0.9689371311992704,-0.8819716977482037,long
2894,"{'window_k': 177, 'window_d': 72, 'window_ma': 222}","open_time
2022-01-01 00:00:00    100.000000
2022-01-01 01:00:00    100.000000
2022-01-01 02:00:00    100.000000
2022-01-01 03:00:00    100.000000
2022-01-01 04:00:00    100.000000
                          ...    
2023-05-01 19:00:00     41.578132
2023-05-01 20:00:00     41.482646
2023-05-01 21:00:00     41.691522
2023-05-01 22:00:00     41.876525
2023-05-01 23:00:00     41.876525
Freq: H, Length: 11664, dtype: float64",2022-01-01,2023-05-01 23:00:00,486 days,100.0,37.18163403303119,116.93684296511586,41.876525438511436,-58.123474561488564,-70.17976286600607,37.354252400548695,100.0,68.20366183126471,355 days 14:00:00,79,0.0,40,35.8974358974359,20.07751937984497,-22.968427904958236,7.13089105549663,-6.91074905081189,6 days 09:08:34.285714285,3 days 11:57:36,0.518972179832471,-1.501669147383516,-0.6215789714928014,-0.7036240335827766,0.9652992474780928,-0.9433027597422721,long
281,"{'window_k': 27, 'window_d': 27, 'window_ma': 147}","open_time
2022-01-01 00:00:00    100.000000
2022-01-01 01:00:00    100.000000
2022-01-01 02:00:00    100.000000
2022-01-01 03:00:00    100.000000
2022-01-01 04:00:00    100.000000
                          ...    
2023-05-01 19:00:00     32.344805
2023-05-01 20:00:00     32.344805
2023-05-01 21:00:00     32.344805
2023-05-01 22:00:00     32.344805
2023-05-01 23:00:00     32.344805
Freq: H, Length: 11664, dtype: float64",2022-01-01,2023-05-01 23:00:00,486 days,100.0,19.171657459888745,101.8232648596086,32.34480483413964,-67.65519516586036,-70.17976286600607,41.8724279835391,100.0,81.1716335296043,481 days 09:00:00,313,0.0,157,35.256410256410255,31.827201953900165,-24.01326012638558,5.231565950214428,-3.672694665095161,1 days 17:53:27.272727272,1 days 01:31:29.108910891,0.5709139918337042,-0.4336871484991044,-0.862410472663289,-0.7041873463250586,0.9544390542502367,-1.3084159051171604,long
282,"{'window_k': 27, 'window_d': 27, 'window_ma': 162}","open_time
2022-01-01 00:00:00    100.00000
2022-01-01 01:00:00    100.00000
2022-01-01 02:00:00    100.00000
2022-01-01 03:00:00    100.00000
2022-01-01 04:00:00    100.00000
                         ...    
2023-05-01 19:00:00     32.52986
2023-05-01 20:00:00     32.52986
2023-05-01 21:00:00     32.52986
2023-05-01 22:00:00     32.52986
2023-05-01 23:00:00     32.52986
Freq: H, Length: 11664, dtype: float64",2022-01-01,2023-05-01 23:00:00,486 days,100.0,19.468509976115477,101.8232648596086,32.5298595554263,-67.4701404445737,-70.17976286600607,41.10082304526749,100.0,80.88009650549097,481 days 09:00:00,313,0.0,157,35.8974358974359,31.827201953900175,-24.01326012638558,5.054538825124618,-3.6594329413873488,1 days 16:11:47.142857142,1 days 01:24:36,0.5733464273184454,-0.43250090028572863,-0.8597480176388417,-0.7044513138474255,0.9541798352795539,-1.305569361407114,long
277,"{'window_k': 27, 'window_d': 27, 'window_ma': 87}","open_time
2022-01-01 00:00:00    100.000000
2022-01-01 01:00:00    100.000000
2022-01-01 02:00:00    100.000000
2022-01-01 03:00:00    100.000000
2022-01-01 04:00:00    100.000000
                          ...    
2023-05-01 19:00:00     32.281064
2023-05-01 20:00:00     32.281064
2023-05-01 21:00:00     32.281064
2023-05-01 22:00:00     32.281064
2023-05-01 23:00:00     32.281064
Freq: H, Length: 11664, dtype: float64",2022-01-01,2023-05-01 23:00:00,486 days,100.0,19.11719486821514,101.8232648596086,32.28106404850554,-67.71893595149446,-70.17976286600607,41.75240054869684,100.0,81.22512090476233,481 days 09:00:00,313,0.0,157,34.61538461538461,31.827201953900158,-24.013260126385568,5.325173003027478,-3.6368982944216843,1 days 18:03:20,1 days 01:27:38.823529411,0.5699825080936005,-0.43409574327881095,-0.8649416216758441,-0.7045044244824765,0.9542435358501214,-1.312343195467793,long
256,"{'window_k': 27, 'window_d': 12, 'window_ma': 12}","open_time
2022-01-01 00:00:00    100.000000
2022-01-01 01:00:00    100.000000
2022-01-01 02:00:00    100.000000
2022-01-01 03:00:00    100.000000
2022-01-01 04:00:00    100.000000
                          ...    
2023-05-01 19:00:00     42.819103
2023-05-01 20:00:00     42.720767
2023-05-01 21:00:00     42.935877
2023-05-01 22:00:00     42.935877
2023-05-01 23:00:00     42.935877
Freq: H, Length: 11664, dtype: float64",2022-01-01,2023-05-01 23:00:00,486 days,100.0,34.25613372184689,102.91296631997513,42.93587672113301,-57.06412327886699,-70.17976286600607,35.80246913580247,100.0,66.71349107231217,469 days 22:00:00,534,0.0,267,37.07865168539326,26.599749058971163,-16.153846153846164,3.3180954467819808,-2.36005948663391,0 days 20:43:01.818181818,0 days 12:36:21.818181818,0.7386498446422081,-0.21372330816055007,-0.7468971387714353,-0.7045753745428749,0.9600679238325863,-1.086703552534659,long
2893,"{'window_k': 177, 'window_d': 72, 'window_ma': 207}","open_time
2022-01-01 00:00:00    100.000000
2022-01-01 01:00:00    100.000000
2022-01-01 02:00:00    100.000000
2022-01-01 03:00:00    100.000000
2022-01-01 04:00:00    100.000000
                          ...    
2023-05-01 19:00:00     41.405739
2023-05-01 20:00:00     41.310649
2023-05-01 21:00:00     41.518658
2023-05-01 22:00:00     41.702895
2023-05-01 23:00:00     41.702895
Freq: H, Length: 11664, dtype: float64",2022-01-01,2023-05-01 23:00:00,486 days,100.0,37.02746993669024,116.93684296511586,41.702895180723644,-58.297104819276356,-70.17976286600607,37.34567901234568,100.0,68.33549718138352,355 days 14:00:00,79,0.0,40,33.33333333333333,20.077519379844965,-22.968427904958226,7.938514584356319,-6.761976959938713,6 days 11:00:00,3 days 13:39:13.846153846,0.5333590245457546,-1.5060742546863688,-0.6258292320168227,-0.7046378328890354,0.965046472761292,-0.9493599855825936,long
2777,"{'window_k': 162, 'window_d': 207, 'window_ma': 147}","open_time
2022-01-01 00:00:00    100.000000
2022-01-01 01:00:00    100.000000
2022-01-01 02:00:00    100.000000
2022-01-01 03:00:00    100.000000
2022-01-01 04:00:00    100.000000
                          ...    
2023-05-01 19:00:00     41.509114
2023-05-01 20:00:00     41.509114
2023-05-01 21:00:00     41.509114
2023-05-01 22:00:00     41.509114
2023-05-01 23:00:00     41.509114
Freq: H, Length: 11664, dtype: float64",2022-01-01,2023-05-01 23:00:00,486 days,100.0,37.664000174770266,119.71584474415731,41.50911379263661,-58.49088620736339,-70.17976286600607,31.275720164609055,100.0,68.53883439133612,451 days 16:00:00,42,0.0,21,23.809523809523807,20.107987339415377,-26.23132263420034,10.026156278124471,-7.848068027068565,9 days 04:00:00,6 days 15:15:00,0.3472954202016355,-2.785280295588732,-1.0353659084724984,-0.7051888563224273,0.9449019260756428,-1.41675870381818,long
4041,"{'window_k': 237, 'window_d': 192, 'window_ma': 147}","open_time
2022-01-01 00:00:00    100.000000
2022-01-01 01:00:00    100.000000
2022-01-01 02:00:00    100.000000
2022-01-01 03:00:00    100.000000
2022-01-01 04:00:00    100.000000
                          ...    
2023-05-01 19:00:00     42.605853
2023-05-01 20:00:00     42.605853
2023-05-01 21:00:00     42.605853
2023-05-01 22:00:00     42.605853
2023-05-01 23:00:00     42.605853
Freq: H, Length: 11664, dtype: float64",2022-01-01,2023-05-01 23:00:00,486 days,100.0,39.356856461268315,119.56197624800781,42.60585289101128,-57.39414710898871,-70.17976286600607,30.461248285322363,100.0,67.08246409407765,451 days 16:00:00,38,0.0,19,26.31578947368421,21.675706003366372,-24.46328305625894,9.956187584026937,-8.764075779015677,9 days 15:00:00,7 days 03:17:08.571428571,0.3453755685720692,-3.0207445846836167,-0.9802881465841355,-0.7052648578817223,0.9466073492380159,-1.347620485563396,long
2985,"{'window_k': 177, 'window_d': 162, 'window_ma': 147}","open_time
2022-01-01 00:00:00    100.000000
2022-01-01 01:00:00    100.000000
2022-01-01 02:00:00    100.000000
2022-01-01 03:00:00    100.000000
2022-01-01 04:00:00    100.000000
                          ...    
2023-05-01 19:00:00     32.105918
2023-05-01 20:00:00     32.032185
2023-05-01 21:00:00     32.193475
2023-05-01 22:00:00     32.336332
2023-05-01 23:00:00     32.336332
Freq: H, Length: 11664, dtype: float64",2022-01-01,2023-05-01 23:00:00,486 days,100.0,23.591559433584425,124.55012853470436,32.33633220046238,-67.66366779953762,-70.17976286600607,36.44547325102881,100.0,81.05858282835018,451 days 16:00:00,49,0.0,25,29.166666666666668,37.294925600915676,-26.76644121456325,12.524330406835023,-10.419738321433826,9 days 07:00:00,6 days 12:10:35.294117647,0.3935126947610177,-2.8233517405679387,-1.2068638770050217,-0.7052734380009199,0.9400519009661348,-1.6540958583338496,long
4021,"{'window_k': 237, 'window_d': 177, 'window_ma': 87}","open_time
2022-01-01 00:00:00    100.000000
2022-01-01 01:00:00    100.000000
2022-01-01 02:00:00    100.000000
2022-01-01 03:00:00    100.000000
2022-01-01 04:00:00    100.000000
                          ...    
2023-05-01 19:00:00     37.796861
2023-05-01 20:00:00     37.796861
2023-05-01 21:00:00     37.796861
2023-05-01 22:00:00     37.796861
2023-05-01 23:00:00     37.796861
Freq: H, Length: 11664, dtype: float64",2022-01-01,2023-05-01 23:00:00,486 days,100.0,31.848023070150028,119.97523730912091,37.79686145360834,-62.20313854639167,-70.17976286600607,34.00205761316872,100.0,73.45450295872944,451 days 16:00:00,44,0.0,22,27.27272727272727,28.707686553207413,-25.62611806797852,13.901314796913347,-10.049338700743418,10 days 16:40:00,6 days 07:37:30,0.4225184240342949,-2.8274153884723496,-1.1261715551773066,-0.7057873512170952,0.941885178262131,-1.5310500259455964,long
3765,"{'window_k': 222, 'window_d': 177, 'window_ma': 87}","open_time
2022-01-01 00:00:00    100.00000
2022-01-01 01:00:00    100.00000
2022-01-01 02:00:00    100.00000
2022-01-01 03:00:00    100.00000
2022-01-01 04:00:00    100.00000
                         ...    
2023-05-01 19:00:00     38.18445
2023-05-01 20:00:00     38.18445
2023-05-01 21:00:00     38.18445
2023-05-01 22:00:00     38.18445
2023-05-01 23:00:00     38.18445
Freq: H, Length: 11664, dtype: float64",2022-01-01,2023-05-01 23:00:00,486 days,100.0,32.65772973316766,120.49740932642486,38.18444987169813,-61.81555012830188,-70.17976286600607,32.107338820301784,100.0,72.89756691390885,451 days 16:00:00,44,0.0,22,22.727272727272727,28.707686553207413,-24.54179704962002,15.952771811365537,-9.216928526531774,8 days 13:00:00,6 days 16:00:00,0.41763667038950636,-2.8097977331046304,-1.1454606899841226,-0.7060983882079623,0.9394202723491957,-1.5625519774519734,long
2317,"{'window_k': 147, 'window_d': 12, 'window_ma': 207}","open_time
2022-01-01 00:00:00    100.000000
2022-01-01 01:00:00    100.000000
2022-01-01 02:00:00    100.000000
2022-01-01 03:00:00    100.000000
2022-01-01 04:00:00    100.000000
                          ...    
2023-05-01 19:00:00     39.596852
2023-05-01 20:00:00     39.505916
2023-05-01 21:00:00     39.704838
2023-05-01 22:00:00     39.881026
2023-05-01 23:00:00     39.881026
Freq: H, Length: 11664, dtype: float64",2022-01-01,2023-05-01 23:00:00,486 days,100.0,29.867121164657213,101.60273315888524,39.88102625381496,-60.11897374618505,-70.17976286600607,41.289437585733886,100.0,70.60401798645384,453 days 11:00:00,463,0.0,232,31.16883116883117,28.48848277174949,-14.131233595800527,4.651472719766126,-2.5094173537439297,1 days 08:21:40,0 days 15:35:28.301886792,0.7214216651430388,-0.2606243551811944,-0.5866407897957973,-0.7062253299268397,0.9686663811257398,-0.8908368365840709,long
3514,"{'window_k': 207, 'window_d': 177, 'window_ma': 162}","open_time
2022-01-01 00:00:00    100.000000
2022-01-01 01:00:00    100.000000
2022-01-01 02:00:00    100.000000
2022-01-01 03:00:00    100.000000
2022-01-01 04:00:00    100.000000
                          ...    
2023-05-01 19:00:00     40.032530
2023-05-01 20:00:00     39.940594
2023-05-01 21:00:00     40.141704
2023-05-01 22:00:00     40.319831
2023-05-01 23:00:00     40.319831
Freq: H, Length: 11664, dtype: float64",2022-01-01,2023-05-01 23:00:00,486 days,100.0,36.2432634094658,120.60989523908307,40.319831103477966,-59.680168896522034,-70.17976286600607,33.581961591220846,100.0,69.9500083822962,451 days 16:00:00,47,0.0,24,26.08695652173913,44.03656199321835,-25.04409171075838,14.136126992299822,-9.076803122767785,8 days 04:10:00,6 days 16:45:52.941176470,0.4201408459196605,-2.598537357185018,-0.9059764153855822,-0.706913432410939,0.9519221190846552,-1.2740485923249185,long
29,"{'window_k': 12, 'window_d': 27, 'window_ma': 207}","open_time
2022-01-01 00:00:00    100.000000
2022-01-01 01:00:00    100.000000
2022-01-01 02:00:00    100.000000
2022-01-01 03:00:00    100.000000
2022-01-01 04:00:00    100.000000
                          ...    
2023-05-01 19:00:00     36.649092
2023-05-01 20:00:00     36.564925
2023-05-01 21:00:00     36.749039
2023-05-01 22:00:00     36.912111
2023-05-01 23:00:00     36.912111
Freq: H, Length: 11664, dtype: float64",2022-01-01,2023-05-01 23:00:00,486 days,100.0,26.673115777613862,104.74649873865077,36.9121107348951,-63.0878892651049,-70.17976286600607,39.72908093278464,100.0,74.53555383825766,454 days 07:00:00,393,0.0,197,36.224489795918366,27.726415941118397,-14.764604387478423,4.54994155475052,-3.1455194530432387,1 days 08:37:10.985915492,0 days 18:29:16.800000,0.700068564554982,-0.32227956641324773,-0.6858039802150362,-0.706942510938357,0.9615869950555805,-1.0405080392317205,long
1329,"{'window_k': 87, 'window_d': 57, 'window_ma': 27}","open_time
2022-01-01 00:00:00    100.000000
2022-01-01 01:00:00    100.000000
2022-01-01 02:00:00    100.000000
2022-01-01 03:00:00    100.000000
2022-01-01 04:00:00    100.000000
                          ...    
2023-05-01 19:00:00     44.299703
2023-05-01 20:00:00     44.299703
2023-05-01 21:00:00     44.299703
2023-05-01 22:00:00     44.299703
2023-05-01 23:00:00     44.299703
Freq: H, Length: 11664, dtype: float64",2022-01-01,2023-05-01 23:00:00,486 days,100.0,43.37196096762002,122.87174894740889,44.29970344821085,-55.70029655178915,-70.17976286600607,28.44650205761317,100.0,64.70143760533274,430 days 01:00:00,118,0.0,59,30.508474576271187,12.649505980239217,-17.65507839127472,5.237431363767671,-4.1064187099610105,2 days 21:16:39.999999999,2 days 03:10:30,0.5865201978149752,-0.9440728229116804,-0.9339184367552249,-0.7070224220800415,0.9471913933188878,-1.2903783299309979,long
2537,"{'window_k': 147, 'window_d': 222, 'window_ma': 147}","open_time
2022-01-01 00:00:00    100.000000
2022-01-01 01:00:00    100.000000
2022-01-01 02:00:00    100.000000
2022-01-01 03:00:00    100.000000
2022-01-01 04:00:00    100.000000
                          ...    
2023-05-01 19:00:00     42.466968
2023-05-01 20:00:00     42.466968
2023-05-01 21:00:00     42.466968
2023-05-01 22:00:00     42.466968
2023-05-01 23:00:00     42.466968
Freq: H, Length: 11664, dtype: float64",2022-01-01,2023-05-01 23:00:00,486 days,100.0,39.50965188318232,119.8639315534481,42.46696804101001,-57.53303195898999,-70.17976286600607,31.498628257887518,100.0,67.03791426567324,451 days 16:00:00,40,0.0,20,20.0,16.872579752904294,-22.90827740492169,12.571986188481965,-7.745749986959545,9 days 10:15:00,7 days 05:03:45,0.3604642296104583,-2.8766515979494987,-1.0201925031003152,-0.7076584868698316,0.9458191515234605,-1.392556274333816,long
1769,"{'window_k': 102, 'window_d': 222, 'window_ma': 147}","open_time
2022-01-01 00:00:00    100.000000
2022-01-01 01:00:00    100.000000
2022-01-01 02:00:00    100.000000
2022-01-01 03:00:00    100.000000
2022-01-01 04:00:00    100.000000
                          ...    
2023-05-01 19:00:00     34.449308
2023-05-01 20:00:00     34.449308
2023-05-01 21:00:00     34.449308
2023-05-01 22:00:00     34.449308
2023-05-01 23:00:00     34.449308
Freq: H, Length: 11664, dtype: float64",2022-01-01,2023-05-01 23:00:00,486 days,100.0,26.732852573787216,120.60989523908307,34.44930769605975,-65.55069230394025,-70.17976286600607,35.5281207133059,100.0,77.83527419471254,451 days 16:00:00,50,0.0,25,32.0,25.83960359699028,-24.207717113310355,8.374256802653383,-9.284037462377317,9 days 07:22:30,5 days 18:38:49.411764705,0.3361663491377114,-2.6220276921576113,-1.2176895500583964,-0.7076888693926654,0.9399119972353176,-1.6750304666079334,long
835,"{'window_k': 57, 'window_d': 72, 'window_ma': 57}","open_time
2022-01-01 00:00:00    100.000000
2022-01-01 01:00:00    100.000000
2022-01-01 02:00:00    100.000000
2022-01-01 03:00:00    100.000000
2022-01-01 04:00:00    100.000000
                          ...    
2023-05-01 19:00:00     48.507246
2023-05-01 20:00:00     48.507246
2023-05-01 21:00:00     48.507246
2023-05-01 22:00:00     48.507246
2023-05-01 23:00:00     48.507246
Freq: H, Length: 11664, dtype: float64",2022-01-01,2023-05-01 23:00:00,486 days,100.0,43.58585960746752,106.90698515296104,48.5072464517657,-51.49275354823429,-70.17976286600607,34.75651577503429,100.0,59.23011060025173,430 days 01:00:00,116,0.0,58,36.206896551724135,22.06843521722414,-17.914691943127966,6.144879279381924,-5.0104455510275026,3 days 13:34:17.142857142,2 days 13:00:00,0.6212352618695953,-0.8878060956592113,-0.48888293042565645,-0.7077365810447057,0.9708786049676809,-0.7432879416116107,long
3915,"{'window_k': 237, 'window_d': 72, 'window_ma': 177}","open_time
2022-01-01 00:00:00    100.000000
2022-01-01 01:00:00    100.000000
2022-01-01 02:00:00    100.000000
2022-01-01 03:00:00    100.000000
2022-01-01 04:00:00    100.000000
                          ...    
2023-05-01 19:00:00     43.366746
2023-05-01 20:00:00     43.267152
2023-05-01 21:00:00     43.485013
2023-05-01 22:00:00     43.677975
2023-05-01 23:00:00     43.677975
Freq: H, Length: 11664, dtype: float64",2022-01-01,2023-05-01 23:00:00,486 days,100.0,37.86877463540026,109.58249361421356,43.67797539493323,-56.322024605066765,-70.17976286600607,33.32475994513032,100.0,65.44267849140418,439 days 04:00:00,71,0.0,36,31.428571428571427,23.66323157690065,-19.86931000110754,10.651415280320236,-7.5302275570183665,6 days 05:54:32.727272727,3 days 17:10:00,0.5711851397514284,-1.6088450119219182,-0.588852084890115,-0.7077680436735266,0.9649065320388448,-0.8864851742098179,long
3236,"{'window_k': 192, 'window_d': 162, 'window_ma': 72}","open_time
2022-01-01 00:00:00    100.000000
2022-01-01 01:00:00    100.000000
2022-01-01 02:00:00    100.000000
2022-01-01 03:00:00    100.000000
2022-01-01 04:00:00    100.000000
                          ...    
2023-05-01 19:00:00     34.024959
2023-05-01 20:00:00     33.946820
2023-05-01 21:00:00     34.117750
2023-05-01 22:00:00     34.269146
2023-05-01 23:00:00     34.269146
Freq: H, Length: 11664, dtype: float64",2022-01-01,2023-05-01 23:00:00,486 days,100.0,26.885318318245933,122.61153311222851,34.26914589707795,-65.73085410292205,-70.17976286600607,29.166666666666668,100.0,78.07276555816546,453 days 11:00:00,49,0.0,25,37.5,32.62655205348612,-35.97931480284422,7.632608007722319,-10.158428023844177,6 days 01:13:20,5 days 17:39:59.999999999,0.35319547591710926,-2.7290181240626588,-1.226888399690542,-0.7077972964062531,0.9316345393567844,-1.6506870555487478,long
3530,"{'window_k': 207, 'window_d': 192, 'window_ma': 162}","open_time
2022-01-01 00:00:00    100.000000
2022-01-01 01:00:00    100.000000
2022-01-01 02:00:00    100.000000
2022-01-01 03:00:00    100.000000
2022-01-01 04:00:00    100.000000
                          ...    
2023-05-01 19:00:00     42.014274
2023-05-01 20:00:00     42.014274
2023-05-01 21:00:00     42.014274
2023-05-01 22:00:00     42.014274
2023-05-01 23:00:00     42.014274
Freq: H, Length: 11664, dtype: float64",2022-01-01,2023-05-01 23:00:00,486 days,100.0,38.87381833742876,119.8639315534481,42.01427359945563,-57.985726400544365,-70.17976286600607,31.112825788751714,100.0,67.56837704752353,451 days 16:00:00,40,0.0,20,20.0,37.28416739830261,-25.659365221278485,18.183332672386292,-8.781308019435304,10 days 00:30:00,6 days 22:41:15,0.39684165076544214,-2.8992863200272185,-0.9365957898158713,-0.708338764247444,0.949568783526718,-1.2969481866778034,long
2553,"{'window_k': 147, 'window_d': 237, 'window_ma': 147}","open_time
2022-01-01 00:00:00    100.000000
2022-01-01 01:00:00    100.000000
2022-01-01 02:00:00    100.000000
2022-01-01 03:00:00    100.000000
2022-01-01 04:00:00    100.000000
                          ...    
2023-05-01 19:00:00     43.030642
2023-05-01 20:00:00     43.030642
2023-05-01 21:00:00     43.030642
2023-05-01 22:00:00     43.030642
2023-05-01 23:00:00     43.030642
Freq: H, Length: 11664, dtype: float64",2022-01-01,2023-05-01 23:00:00,486 days,100.0,40.11890696976607,118.78639288997854,43.030641595037544,-56.969358404962456,-70.17976286600607,29.903978052126202,100.0,66.22600788381148,451 days 16:00:00,36,0.0,18,27.77777777777778,19.42087790483216,-22.360524561013552,9.921013940606176,-9.352925526535905,9 days 07:48:00,7 days 14:13:50.769230769,0.3547080093523653,-3.1649643558312484,-1.0386722574315235,-0.7084355941705686,0.9431185708698974,-1.4216425165723034,long
102,"{'window_k': 12, 'window_d': 102, 'window_ma': 102}","open_time
2022-01-01 00:00:00    100.000000
2022-01-01 01:00:00    100.000000
2022-01-01 02:00:00    100.000000
2022-01-01 03:00:00    100.000000
2022-01-01 04:00:00    100.000000
                          ...    
2023-05-01 19:00:00     38.486693
2023-05-01 20:00:00     38.486693
2023-05-01 21:00:00     38.486693
2023-05-01 22:00:00     38.486693
2023-05-01 23:00:00     38.486693
Freq: H, Length: 11664, dtype: float64",2022-01-01,2023-05-01 23:00:00,486 days,100.0,33.71269948656591,121.48138930206719,38.48669296703471,-61.513307032965294,-70.17976286600607,35.77674897119342,100.0,72.24867143827419,397 days 07:00:00,148,0.0,74,31.08108108108108,32.28409292427739,-17.171344165435745,8.190806482403001,-5.085389863838541,3 days 21:02:36.521739130,1 days 15:51:45.882352941,0.6746313991181015,-0.8312609058508826,-0.7809429222752458,-0.7084512393338905,0.9550687959899727,-1.1704510819834741,long
347,"{'window_k': 27, 'window_d': 87, 'window_ma': 177}","open_time
2022-01-01 00:00:00    100.00000
2022-01-01 01:00:00    100.00000
2022-01-01 02:00:00    100.00000
2022-01-01 03:00:00    100.00000
2022-01-01 04:00:00    100.00000
                         ...    
2023-05-01 19:00:00     39.47638
2023-05-01 20:00:00     39.47638
2023-05-01 21:00:00     39.47638
2023-05-01 22:00:00     39.47638
2023-05-01 23:00:00     39.47638
Freq: H, Length: 11664, dtype: float64",2022-01-01,2023-05-01 23:00:00,486 days,100.0,34.799366112030725,119.3536758392071,39.47638012993001,-60.523619870069986,-70.17976286600607,38.64883401920439,100.0,70.84349026760405,194 days 16:00:00,124,0.0,62,33.87096774193548,21.11666304583966,-20.449897750511244,7.94215374958325,-5.807348373242628,4 days 01:22:51.428571428,2 days 12:04:23.414634146,0.6661441307498189,-0.976187417259194,-0.6343157493437086,-0.7092379080490583,0.9648475826955345,-0.9619423892163935,long
3281,"{'window_k': 192, 'window_d': 207, 'window_ma': 27}","open_time
2022-01-01 00:00:00    100.000000
2022-01-01 01:00:00    100.000000
2022-01-01 02:00:00    100.000000
2022-01-01 03:00:00    100.000000
2022-01-01 04:00:00    100.000000
                          ...    
2023-05-01 19:00:00     42.460435
2023-05-01 20:00:00     42.460435
2023-05-01 21:00:00     42.460435
2023-05-01 22:00:00     42.460435
2023-05-01 23:00:00     42.460435
Freq: H, Length: 11664, dtype: float64",2022-01-01,2023-05-01 23:00:00,486 days,100.0,40.88214136019178,123.4945699136195,42.46043460932735,-57.53956539067266,-70.17976286600607,20.01886145404664,100.0,66.89559598548541,424 days 03:00:00,40,0.0,20,30.0,15.672339629698904,-23.655913978494613,6.72965791843765,-8.205859364658995,5 days 06:00:00,4 days 16:47:08.571428571,0.3435987079689736,-2.8769782695336312,-1.3284007221998593,-0.7092547929082756,0.9114750180002966,-1.8258062061762939,long
283,"{'window_k': 27, 'window_d': 27, 'window_ma': 177}","open_time
2022-01-01 00:00:00    100.000000
2022-01-01 01:00:00    100.000000
2022-01-01 02:00:00    100.000000
2022-01-01 03:00:00    100.000000
2022-01-01 04:00:00    100.000000
                          ...    
2023-05-01 19:00:00     31.924799
2023-05-01 20:00:00     31.924799
2023-05-01 21:00:00     31.924799
2023-05-01 22:00:00     31.924799
2023-05-01 23:00:00     31.924799
Freq: H, Length: 11664, dtype: float64",2022-01-01,2023-05-01 23:00:00,486 days,100.0,19.171657459888745,101.8232648596086,31.924799252633164,-68.07520074736684,-70.17976286600607,41.640946502057616,100.0,81.1716335296043,481 days 09:00:00,313,0.0,157,34.61538461538461,31.827201953900175,-24.01326012638558,5.309467723679322,-3.639501223783157,1 days 17:57:46.666666666,1 days 01:22:56.470588235,0.5681763116002263,-0.4363794919703007,-0.8804701486985702,-0.709342684967449,0.9533835945656204,-1.3347403408322756,long
2025,"{'window_k': 117, 'window_d': 222, 'window_ma': 147}","open_time
2022-01-01 00:00:00    100.0000
2022-01-01 01:00:00    100.0000
2022-01-01 02:00:00    100.0000
2022-01-01 03:00:00    100.0000
2022-01-01 04:00:00    100.0000
                         ...   
2023-05-01 19:00:00     35.7058
2023-05-01 20:00:00     35.7058
2023-05-01 21:00:00     35.7058
2023-05-01 22:00:00     35.7058
2023-05-01 23:00:00     35.7058
Freq: H, Length: 11664, dtype: float64",2022-01-01,2023-05-01 23:00:00,486 days,100.0,28.88330861314267,119.97523730912091,35.70580001200358,-64.29419998799642,-70.17976286600607,36.37688614540466,100.0,75.92560826637609,451 days 16:00:00,46,0.0,23,26.08695652173913,20.04037438062031,-24.29978966013507,9.36762777163891,-8.528332330713294,9 days 13:20:00,7 days 00:38:49.411764705,0.30725759909232114,-2.7953999994781054,-1.1523016215344408,-0.7093557120724309,0.9435094865642,-1.5835798935433771,long
3519,"{'window_k': 207, 'window_d': 177, 'window_ma': 237}","open_time
2022-01-01 00:00:00    100.000000
2022-01-01 01:00:00    100.000000
2022-01-01 02:00:00    100.000000
2022-01-01 03:00:00    100.000000
2022-01-01 04:00:00    100.000000
                          ...    
2023-05-01 19:00:00     40.299500
2023-05-01 20:00:00     40.206950
2023-05-01 21:00:00     40.409402
2023-05-01 22:00:00     40.588717
2023-05-01 23:00:00     40.588717
Freq: H, Length: 11664, dtype: float64",2022-01-01,2023-05-01 23:00:00,486 days,100.0,36.99276754220348,120.60989523908307,40.588716932475954,-59.411283067524046,-70.17976286600607,35.408093278463646,100.0,69.32857999016308,451 days 16:00:00,47,0.0,24,17.391304347826086,44.03656199321835,-25.044091710758387,20.597893914994824,-7.985014484197338,10 days 01:15:00,6 days 22:12:37.894736842,0.4148629248233921,-2.586871659750565,-0.8872696205421431,-0.7096009256719499,0.953819598199295,-1.2491352107243097,long
18,"{'window_k': 12, 'window_d': 27, 'window_ma': 42}","open_time
2022-01-01 00:00:00    100.000000
2022-01-01 01:00:00    100.000000
2022-01-01 02:00:00    100.000000
2022-01-01 03:00:00    100.000000
2022-01-01 04:00:00    100.000000
                          ...    
2023-05-01 19:00:00     37.113496
2023-05-01 20:00:00     37.028264
2023-05-01 21:00:00     37.214710
2023-05-01 22:00:00     37.379848
2023-05-01 23:00:00     37.379848
Freq: H, Length: 11664, dtype: float64",2022-01-01,2023-05-01 23:00:00,486 days,100.0,27.633685817508933,104.74649873865077,37.37984831060062,-62.620151689399385,-70.17976286600607,39.960562414266114,100.0,73.61851121491254,454 days 07:00:00,393,0.0,197,36.224489795918366,27.726415941118397,-14.764604387478435,4.511335006570598,-3.116855283101425,1 days 08:44:47.323943661,0 days 18:37:55.200000,0.7019999952575586,-0.3198982515706563,-0.6770509728377994,-0.7096427347568102,0.9621896905408484,-1.0307099302563265,long
115,"{'window_k': 12, 'window_d': 117, 'window_ma': 57}","open_time
2022-01-01 00:00:00    100.000000
2022-01-01 01:00:00    100.000000
2022-01-01 02:00:00    100.000000
2022-01-01 03:00:00    100.000000
2022-01-01 04:00:00    100.000000
                          ...    
2023-05-01 19:00:00     35.860405
2023-05-01 20:00:00     35.860405
2023-05-01 21:00:00     35.860405
2023-05-01 22:00:00     35.860405
2023-05-01 23:00:00     35.860405
Freq: H, Length: 11664, dtype: float64",2022-01-01,2023-05-01 23:00:00,486 days,100.0,33.242288870724956,136.39529170819253,35.86040497354756,-64.13959502645244,-70.17976286600607,33.521947873799725,100.0,75.62797919605295,430 days 01:00:00,142,0.0,71,29.577464788732392,30.00057231156642,-22.716102919919052,7.964139261617826,-4.899211712737888,4 days 04:22:51.428571428,1 days 12:02:24,0.6353992282215422,-0.9033745778373587,-0.9054796088918323,-0.7101643532319093,0.9467283966027258,-1.330200315727585,long
3991,"{'window_k': 237, 'window_d': 147, 'window_ma': 117}","open_time
2022-01-01 00:00:00    100.000000
2022-01-01 01:00:00    100.000000
2022-01-01 02:00:00    100.000000
2022-01-01 03:00:00    100.000000
2022-01-01 04:00:00    100.000000
                          ...    
2023-05-01 19:00:00     38.621238
2023-05-01 20:00:00     38.532543
2023-05-01 21:00:00     38.726564
2023-05-01 22:00:00     38.898411
2023-05-01 23:00:00     38.898411
Freq: H, Length: 11664, dtype: float64",2022-01-01,2023-05-01 23:00:00,486 days,100.0,34.77112861638459,122.0274950152167,38.898410760320324,-61.101589239679676,-70.17976286600607,32.09019204389575,100.0,71.50549668167108,451 days 16:00:00,49,0.0,25,25.0,30.25787965616047,-22.868473231989412,12.626578643908742,-8.503965484629642,7 days 15:00:00,6 days 01:36:40,0.4488677748505448,-2.556062549096756,-0.9652844573417342,-0.7103368027427526,0.9465079741364808,-1.3902199269351159,long
7,"{'window_k': 12, 'window_d': 12, 'window_ma': 117}","open_time
2022-01-01 00:00:00    100.000000
2022-01-01 01:00:00    100.000000
2022-01-01 02:00:00    100.000000
2022-01-01 03:00:00    100.000000
2022-01-01 04:00:00    100.000000
                          ...    
2023-05-01 19:00:00     33.198122
2023-05-01 20:00:00     33.121881
2023-05-01 21:00:00     33.288658
2023-05-01 22:00:00     33.436375
2023-05-01 23:00:00     33.436375
Freq: H, Length: 11664, dtype: float64",2022-01-01,2023-05-01 23:00:00,486 days,100.0,21.297199922889757,101.06073665910789,33.43637473068726,-66.56362526931274,-70.17976286600607,41.34945130315501,100.0,78.92633615493205,482 days 09:00:00,699,0.0,350,39.25501432664756,31.197497765862376,-12.692913385826774,3.1410501001989783,-2.4162811110176303,0 days 17:55:10.948905109,0 days 11:06:30.566037735,0.7294863264127517,-0.19151861984347707,-0.775063884198822,-0.7105198532557501,0.958955069767079,-1.1671083060719853,long
121,"{'window_k': 12, 'window_d': 117, 'window_ma': 147}","open_time
2022-01-01 00:00:00    100.00000
2022-01-01 01:00:00    100.00000
2022-01-01 02:00:00    100.00000
2022-01-01 03:00:00    100.00000
2022-01-01 04:00:00    100.00000
                         ...    
2023-05-01 19:00:00     37.74303
2023-05-01 20:00:00     37.74303
2023-05-01 21:00:00     37.74303
2023-05-01 22:00:00     37.74303
2023-05-01 23:00:00     37.74303
Freq: H, Length: 11664, dtype: float64",2022-01-01,2023-05-01 23:00:00,486 days,100.0,34.90117782661966,129.3202361191809,37.74303020767882,-62.25696979232118,-70.17976286600607,37.49142661179698,100.0,73.0118202116064,439 days 04:00:00,142,0.0,71,29.577464788732392,30.000572311566415,-22.71610291991905,8.815919714935617,-5.083910124823044,4 days 19:28:34.285714285,1 days 14:57:36,0.674574020026639,-0.8768587294693113,-0.7742152525159222,-0.7107722854149989,0.9575333021175384,-1.1327744115079597,long
279,"{'window_k': 27, 'window_d': 27, 'window_ma': 117}","open_time
2022-01-01 00:00:00    100.000000
2022-01-01 01:00:00    100.000000
2022-01-01 02:00:00    100.000000
2022-01-01 03:00:00    100.000000
2022-01-01 04:00:00    100.000000
                          ...    
2023-05-01 19:00:00     31.395304
2023-05-01 20:00:00     31.395304
2023-05-01 21:00:00     31.395304
2023-05-01 22:00:00     31.395304
2023-05-01 23:00:00     31.395304
Freq: H, Length: 11664, dtype: float64",2022-01-01,2023-05-01 23:00:00,486 days,100.0,18.60886237016581,101.8232648596086,31.395304386576086,-68.60469561342391,-70.17976286600607,41.829561042524006,100.0,81.72435111384098,481 days 09:00:00,313,0.0,157,35.256410256410255,31.82720195390018,-24.013260126385568,5.23156595021443,-3.6999934476049927,1 days 17:53:27.272727272,1 days 01:28:30.891089108,0.5633109075025178,-0.4397736898296408,-0.8951270586132779,-0.711024541945112,0.9527115417968717,-1.3574581779080295,long
2775,"{'window_k': 162, 'window_d': 207, 'window_ma': 117}","open_time
2022-01-01 00:00:00    100.000000
2022-01-01 01:00:00    100.000000
2022-01-01 02:00:00    100.000000
2022-01-01 03:00:00    100.000000
2022-01-01 04:00:00    100.000000
                          ...    
2023-05-01 19:00:00     38.490327
2023-05-01 20:00:00     38.490327
2023-05-01 21:00:00     38.490327
2023-05-01 22:00:00     38.490327
2023-05-01 23:00:00     38.490327
Freq: H, Length: 11664, dtype: float64",2022-01-01,2023-05-01 23:00:00,486 days,100.0,33.55202750724656,119.71584474415731,38.490327302804694,-61.509672697195306,-70.17976286600607,27.00617283950617,100.0,71.97361169780822,451 days 16:00:00,42,0.0,21,23.809523809523807,26.959597840253203,-26.23132263420034,9.96290221403117,-8.208260773567114,7 days 21:48:00,5 days 17:33:45,0.31921970404901523,-2.9290320331997766,-1.2578269750090036,-0.7111106091757382,0.9282052899211766,-1.7165695333258175,long
3498,"{'window_k': 207, 'window_d': 162, 'window_ma': 162}","open_time
2022-01-01 00:00:00    100.000000
2022-01-01 01:00:00    100.000000
2022-01-01 02:00:00    100.000000
2022-01-01 03:00:00    100.000000
2022-01-01 04:00:00    100.000000
                          ...    
2023-05-01 19:00:00     35.232974
2023-05-01 20:00:00     35.152060
2023-05-01 21:00:00     35.329060
2023-05-01 22:00:00     35.485830
2023-05-01 23:00:00     35.485830
Freq: H, Length: 11664, dtype: float64",2022-01-01,2023-05-01 23:00:00,486 days,100.0,29.183333413091347,121.53010033444815,35.48583048262148,-64.51416951737852,-70.17976286600607,35.26234567901235,100.0,75.98674457374803,451 days 16:00:00,49,0.0,25,29.166666666666668,37.53300088002348,-29.87071751777634,12.362456809526932,-9.813418004717516,9 days 18:25:42.857142857,6 days 00:00:00,0.3766079874855974,-2.6973617883038843,-1.0135809942063172,-0.711596697126418,0.9474554640870906,-1.3941734379465958,long
3237,"{'window_k': 192, 'window_d': 162, 'window_ma': 87}","open_time
2022-01-01 00:00:00    100.000000
2022-01-01 01:00:00    100.000000
2022-01-01 02:00:00    100.000000
2022-01-01 03:00:00    100.000000
2022-01-01 04:00:00    100.000000
                          ...    
2023-05-01 19:00:00     33.811424
2023-05-01 20:00:00     33.733775
2023-05-01 21:00:00     33.903633
2023-05-01 22:00:00     34.054079
2023-05-01 23:00:00     34.054079
Freq: H, Length: 11664, dtype: float64",2022-01-01,2023-05-01 23:00:00,486 days,100.0,27.4351518860917,124.40355194179949,34.05407858679182,-65.94592141320818,-70.17976286600607,35.065157750342934,100.0,77.94664906438776,451 days 16:00:00,49,0.0,25,29.166666666666668,31.461318051575944,-35.97931480284422,13.359843353369708,-10.19664758151196,9 days 03:00:00,6 days 04:38:49.411764705,0.4219493567769502,-2.738040560925347,-1.1734191502396774,-0.7116500067797308,0.9399899946418125,-1.5866372527591275,long
4012,"{'window_k': 237, 'window_d': 162, 'window_ma': 192}","open_time
2022-01-01 00:00:00    100.000000
2022-01-01 01:00:00    100.000000
2022-01-01 02:00:00    100.000000
2022-01-01 03:00:00    100.000000
2022-01-01 04:00:00    100.000000
                          ...    
2023-05-01 19:00:00     41.858772
2023-05-01 20:00:00     41.762642
2023-05-01 21:00:00     41.972927
2023-05-01 22:00:00     42.159180
2023-05-01 23:00:00     42.159180
Freq: H, Length: 11664, dtype: float64",2022-01-01,2023-05-01 23:00:00,486 days,100.0,40.43828611793517,122.55480607082632,42.159179563724855,-57.840820436275145,-70.17976286600607,37.26851851851852,100.0,67.00391652158851,451 days 16:00:00,47,0.0,24,26.08695652173913,34.50343718004974,-23.43490304709141,14.636096590158573,-9.086071717025652,10 days 19:00:00,6 days 19:49:24.705882352,0.4756291765124635,-2.509071354976057,-0.7449862153247131,-0.7122912729856996,0.9612447687568567,-1.0660761551082212,long
2890,"{'window_k': 177, 'window_d': 72, 'window_ma': 162}","open_time
2022-01-01 00:00:00    100.000000
2022-01-01 01:00:00    100.000000
2022-01-01 02:00:00    100.000000
2022-01-01 03:00:00    100.000000
2022-01-01 04:00:00    100.000000
                          ...    
2023-05-01 19:00:00     39.992519
2023-05-01 20:00:00     39.900674
2023-05-01 21:00:00     40.101584
2023-05-01 22:00:00     40.279533
2023-05-01 23:00:00     40.279533
Freq: H, Length: 11664, dtype: float64",2022-01-01,2023-05-01 23:00:00,486 days,100.0,35.76368439242749,116.93684296511586,40.2795325752468,-59.720467424753195,-70.17976286600607,37.191358024691354,100.0,69.41623915475778,355 days 14:00:00,79,0.0,40,33.33333333333333,20.077519379844976,-22.96842790495824,7.545015760473629,-6.727403423467797,6 days 11:18:27.692307692,3 days 12:48:27.692307692,0.5056632586040944,-1.5421858465706415,-0.6639691824032612,-0.7128958777748967,0.9628747535388642,-1.0065761477198278,long
3753,"{'window_k': 222, 'window_d': 162, 'window_ma': 147}","open_time
2022-01-01 00:00:00    100.000000
2022-01-01 01:00:00    100.000000
2022-01-01 02:00:00    100.000000
2022-01-01 03:00:00    100.000000
2022-01-01 04:00:00    100.000000
                          ...    
2023-05-01 19:00:00     38.725011
2023-05-01 20:00:00     38.636078
2023-05-01 21:00:00     38.830620
2023-05-01 22:00:00     39.002929
2023-05-01 23:00:00     39.002929
Freq: H, Length: 11664, dtype: float64",2022-01-01,2023-05-01 23:00:00,486 days,100.0,34.84313374612624,120.59738643434972,39.00292867985954,-60.99707132014046,-70.17976286600607,36.0082304526749,100.0,71.10788651701503,451 days 16:00:00,47,0.0,24,30.434782608695656,23.37363270005755,-23.320420586607636,9.078817186107992,-9.02725847195577,9 days 19:00:00,6 days 14:45:00,0.3857461812263533,-2.673313302335652,-0.8750296448414759,-0.7129127737145102,0.9541805861116937,-1.247039963558372,long
3774,"{'window_k': 222, 'window_d': 177, 'window_ma': 222}","open_time
2022-01-01 00:00:00    100.000000
2022-01-01 01:00:00    100.000000
2022-01-01 02:00:00    100.000000
2022-01-01 03:00:00    100.000000
2022-01-01 04:00:00    100.000000
                          ...    
2023-05-01 19:00:00     36.780101
2023-05-01 20:00:00     36.780101
2023-05-01 21:00:00     36.780101
2023-05-01 22:00:00     36.780101
2023-05-01 23:00:00     36.780101
Freq: H, Length: 11664, dtype: float64",2022-01-01,2023-05-01 23:00:00,486 days,100.0,31.286012342351064,120.49740932642486,36.780101400553306,-63.21989859944669,-70.17976286600607,33.91632373113855,100.0,74.0359460695143,451 days 16:00:00,44,0.0,22,22.727272727272727,47.46286218561552,-24.541797049620016,16.67132048909505,-9.394456956561195,9 days 04:48:00,6 days 23:45:52.941176470,0.36789984652695007,-2.8736317545203036,-1.0693401282954267,-0.7134301024224379,0.9450498905790633,-1.4660068736519436,long
2895,"{'window_k': 177, 'window_d': 72, 'window_ma': 237}","open_time
2022-01-01 00:00:00    100.000000
2022-01-01 01:00:00    100.000000
2022-01-01 02:00:00    100.000000
2022-01-01 03:00:00    100.000000
2022-01-01 04:00:00    100.000000
                          ...    
2023-05-01 19:00:00     39.891160
2023-05-01 20:00:00     39.799548
2023-05-01 21:00:00     39.999948
2023-05-01 22:00:00     40.177446
2023-05-01 23:00:00     40.177446
Freq: H, Length: 11664, dtype: float64",2022-01-01,2023-05-01 23:00:00,486 days,100.0,35.67304305245278,116.93684296511586,40.17744603499791,-59.822553965002086,-70.17976286600607,37.25137174211248,100.0,69.49375222735009,355 days 14:00:00,79,0.0,40,33.33333333333333,20.07751937984496,-22.968427904958236,7.614456729394105,-6.7661558585899755,6 days 08:50:46.153846153,3 days 14:18:27.692307692,0.5087578786101326,-1.5447758453974765,-0.6688075950326502,-0.7134847258506019,0.962577334599026,-1.0142454844960658,long
1719,"{'window_k': 102, 'window_d': 177, 'window_ma': 117}","open_time
2022-01-01 00:00:00    100.000000
2022-01-01 01:00:00    100.000000
2022-01-01 02:00:00    100.000000
2022-01-01 03:00:00    100.000000
2022-01-01 04:00:00    100.000000
                          ...    
2023-05-01 19:00:00     31.252736
2023-05-01 20:00:00     31.180962
2023-05-01 21:00:00     31.337966
2023-05-01 22:00:00     31.477027
2023-05-01 23:00:00     31.477027
Freq: H, Length: 11664, dtype: float64",2022-01-01,2023-05-01 23:00:00,486 days,100.0,24.074268958394057,128.52141641278007,31.47702670029102,-68.52297329970898,-70.17976286600607,29.35528120713306,100.0,81.26828225960936,409 days 07:00:00,51,0.0,26,28.000000000000004,32.355182926829286,-44.82603056448429,13.736494697250896,-10.000153740940505,7 days 16:25:42.857142857,4 days 19:53:20,0.4506157072926933,-2.7479168173599513,-1.3754998663140414,-0.7140073355724782,0.9228357701325325,-1.8295917407674176,long
31,"{'window_k': 12, 'window_d': 27, 'window_ma': 237}","open_time
2022-01-01 00:00:00    100.000000
2022-01-01 01:00:00    100.000000
2022-01-01 02:00:00    100.000000
2022-01-01 03:00:00    100.000000
2022-01-01 04:00:00    100.000000
                          ...    
2023-05-01 19:00:00     35.553915
2023-05-01 20:00:00     35.472264
2023-05-01 21:00:00     35.650875
2023-05-01 22:00:00     35.809074
2023-05-01 23:00:00     35.809074
Freq: H, Length: 11664, dtype: float64",2022-01-01,2023-05-01 23:00:00,486 days,100.0,25.907608137444903,104.74649873865077,35.809074103466045,-64.19092589653395,-70.17976286600607,40.132030178326474,100.0,75.26637314905766,454 days 07:00:00,393,0.0,197,36.224489795918366,27.726415941118393,-14.76460438747842,4.523629069898254,-3.154970754977371,1 days 08:40:33.802816901,0 days 18:49:55.200000,0.6899396684776952,-0.32789527410656605,-0.7158237388707769,-0.71423753349704,0.9601384004166469,-1.0856700221221305,long
3745,"{'window_k': 222, 'window_d': 162, 'window_ma': 27}","open_time
2022-01-01 00:00:00    100.000000
2022-01-01 01:00:00    100.000000
2022-01-01 02:00:00    100.000000
2022-01-01 03:00:00    100.000000
2022-01-01 04:00:00    100.000000
                          ...    
2023-05-01 19:00:00     38.245378
2023-05-01 20:00:00     38.157546
2023-05-01 21:00:00     38.349679
2023-05-01 22:00:00     38.519853
2023-05-01 23:00:00     38.519853
Freq: H, Length: 11664, dtype: float64",2022-01-01,2023-05-01 23:00:00,486 days,100.0,34.30073357381736,120.59738643434972,38.51985335506965,-61.48014664493036,-70.17976286600607,24.59705075445816,100.0,71.55764765060655,451 days 16:00:00,47,0.0,24,21.73913043478261,18.691230090193812,-23.320420586607646,9.058869128868798,-7.207791032453042,5 days 12:48:00,5 days 01:40:00,0.33516942559661383,-2.6940531758445188,-1.1300493374115128,-0.7148512828825115,0.9272449712621893,-1.6172040855125145,long
581,"{'window_k': 42, 'window_d': 72, 'window_ma': 87}","open_time
2022-01-01 00:00:00    100.000000
2022-01-01 01:00:00    100.000000
2022-01-01 02:00:00    100.000000
2022-01-01 03:00:00    100.000000
2022-01-01 04:00:00    100.000000
                          ...    
2023-05-01 19:00:00     45.854556
2023-05-01 20:00:00     45.854556
2023-05-01 21:00:00     45.854556
2023-05-01 22:00:00     45.854556
2023-05-01 23:00:00     45.854556
Freq: H, Length: 11664, dtype: float64",2022-01-01,2023-05-01 23:00:00,486 days,100.0,40.33438145049112,106.13086038124678,45.854556363121546,-54.145443636878454,-70.17976286600607,39.489026063100134,100.0,61.99561437116346,469 days 22:00:00,130,0.0,65,38.46153846153847,19.010967866076573,-20.99317988064792,6.0460339285512195,-5.262650382908829,3 days 23:38:24,2 days 07:22:30,0.6419922389582515,-0.8330068251827452,-0.5010689134031518,-0.7149114603008436,0.9724360116894658,-0.7614845283561816,long
4015,"{'window_k': 237, 'window_d': 162, 'window_ma': 237}","open_time
2022-01-01 00:00:00    100.000000
2022-01-01 01:00:00    100.000000
2022-01-01 02:00:00    100.000000
2022-01-01 03:00:00    100.000000
2022-01-01 04:00:00    100.000000
                          ...    
2023-05-01 19:00:00     41.597337
2023-05-01 20:00:00     41.501807
2023-05-01 21:00:00     41.710778
2023-05-01 22:00:00     41.895868
2023-05-01 23:00:00     41.895868
Freq: H, Length: 11664, dtype: float64",2022-01-01,2023-05-01 23:00:00,486 days,100.0,40.34808654101664,122.55480607082632,41.895867773076766,-58.104132226923234,-70.17976286600607,37.02846364883402,100.0,67.07751590117252,451 days 16:00:00,47,0.0,24,21.73913043478261,34.50343718004973,-23.43490304709141,15.25976079138924,-8.043054598907938,11 days 17:12:00,6 days 17:23:20,0.43048958808263,-2.5205555870235203,-0.7530966898088638,-0.7151680271336492,0.9606460967895497,-1.0768390442870424,long
278,"{'window_k': 27, 'window_d': 27, 'window_ma': 102}","open_time
2022-01-01 00:00:00    100.000000
2022-01-01 01:00:00    100.000000
2022-01-01 02:00:00    100.000000
2022-01-01 03:00:00    100.000000
2022-01-01 04:00:00    100.000000
                          ...    
2023-05-01 19:00:00     31.648811
2023-05-01 20:00:00     31.648811
2023-05-01 21:00:00     31.648811
2023-05-01 22:00:00     31.648811
2023-05-01 23:00:00     31.648811
Freq: H, Length: 11664, dtype: float64",2022-01-01,2023-05-01 23:00:00,486 days,100.0,19.468509976115477,101.8232648596086,31.648811167355163,-68.35118883264484,-70.17976286600607,41.51234567901235,100.0,80.88009650549097,481 days 09:00:00,313,0.0,157,35.256410256410255,31.827201953900175,-24.01326012638558,5.138188253530945,-3.6453460939318587,1 days 17:13:05.454545454,1 days 01:28:30.891089108,0.5670040855383134,-0.43814864636310824,-0.88794368093066,-0.7153085903366545,0.9529424209143941,-1.3470593672831699,long
2892,"{'window_k': 177, 'window_d': 72, 'window_ma': 192}","open_time
2022-01-01 00:00:00    100.000000
2022-01-01 01:00:00    100.000000
2022-01-01 02:00:00    100.000000
2022-01-01 03:00:00    100.000000
2022-01-01 04:00:00    100.000000
                          ...    
2023-05-01 19:00:00     39.576364
2023-05-01 20:00:00     39.485475
2023-05-01 21:00:00     39.684294
2023-05-01 22:00:00     39.860391
2023-05-01 23:00:00     39.860391
Freq: H, Length: 11664, dtype: float64",2022-01-01,2023-05-01 23:00:00,486 days,100.0,35.39153389712627,116.93684296511586,39.860390972443874,-60.139609027556126,-70.17976286600607,37.525720164609055,100.0,69.73448829323695,355 days 14:00:00,79,0.0,40,33.33333333333333,20.077519379844972,-22.96842790495823,7.545015760473629,-6.766155858589978,6 days 11:18:27.692307692,3 days 14:18:27.692307692,0.5033637670461097,-1.552819728930554,-0.6740907954445563,-0.7153107704594522,0.962490839371025,-1.0215586383334017,long
116,"{'window_k': 12, 'window_d': 117, 'window_ma': 72}","open_time
2022-01-01 00:00:00    100.000000
2022-01-01 01:00:00    100.000000
2022-01-01 02:00:00    100.000000
2022-01-01 03:00:00    100.000000
2022-01-01 04:00:00    100.000000
                          ...    
2023-05-01 19:00:00     40.137989
2023-05-01 20:00:00     40.137989
2023-05-01 21:00:00     40.137989
2023-05-01 22:00:00     40.137989
2023-05-01 23:00:00     40.137989
Freq: H, Length: 11664, dtype: float64",2022-01-01,2023-05-01 23:00:00,486 days,100.0,36.67298153586219,119.68251913063368,40.13798943752298,-59.86201056247702,-70.17976286600607,35.02229080932784,100.0,69.35811361404119,439 days 04:00:00,142,0.0,71,30.985915492957744,29.041725149929814,-22.71610291991905,8.212057016868075,-5.001335057122313,4 days 08:13:38.181818181,1 days 12:34:17.142857142,0.6756626187972361,-0.8431269093306619,-0.7260486266416061,-0.7154162387614782,0.958737156652823,-1.0652918261048419,long
400,"{'window_k': 27, 'window_d': 147, 'window_ma': 12}","open_time
2022-01-01 00:00:00    100.00000
2022-01-01 01:00:00    100.00000
2022-01-01 02:00:00    100.00000
2022-01-01 03:00:00    100.00000
2022-01-01 04:00:00    100.00000
                         ...    
2023-05-01 19:00:00     54.63535
2023-05-01 20:00:00     54.63535
2023-05-01 21:00:00     54.63535
2023-05-01 22:00:00     54.63535
2023-05-01 23:00:00     54.63535
Freq: H, Length: 11664, dtype: float64",2022-01-01,2023-05-01 23:00:00,486 days,100.0,49.20784121043186,100.41735052754983,54.63534960495032,-45.36465039504968,-70.17976286600607,11.59122085048011,100.0,50.9966744273625,476 days 19:00:00,84,0.0,42,33.33333333333333,6.885886374735484,-13.750174849629316,2.569157568300956,-3.2916080774350274,1 days 12:08:34.285714285,1 days 06:12:51.428571428,0.32460533426781746,-1.080110723691659,-1.3106408002368655,-0.715556659638065,0.8909643215336445,-1.7578071211404656,long
3775,"{'window_k': 222, 'window_d': 177, 'window_ma': 237}","open_time
2022-01-01 00:00:00    100.000000
2022-01-01 01:00:00    100.000000
2022-01-01 02:00:00    100.000000
2022-01-01 03:00:00    100.000000
2022-01-01 04:00:00    100.000000
                          ...    
2023-05-01 19:00:00     38.926061
2023-05-01 20:00:00     38.926061
2023-05-01 21:00:00     38.926061
2023-05-01 22:00:00     38.926061
2023-05-01 23:00:00     38.926061
Freq: H, Length: 11664, dtype: float64",2022-01-01,2023-05-01 23:00:00,486 days,100.0,35.01329139462578,120.49740932642486,38.92606104041509,-61.07393895958491,-70.17976286600607,35.03086419753087,100.0,70.94270192998462,451 days 16:00:00,44,0.0,22,18.181818181818183,47.46286218561554,-24.54179704962002,20.838898199900445,-8.635399965165492,11 days 11:30:00,6 days 21:46:40,0.39766362583670295,-2.776088134526588,-1.0030577194532655,-0.7156017090653907,0.9485705982415787,-1.379652260179934,long
773,"{'window_k': 57, 'window_d': 12, 'window_ma': 87}","open_time
2022-01-01 00:00:00    100.000000
2022-01-01 01:00:00    100.000000
2022-01-01 02:00:00    100.000000
2022-01-01 03:00:00    100.000000
2022-01-01 04:00:00    100.000000
                          ...    
2023-05-01 19:00:00     36.330504
2023-05-01 20:00:00     36.247070
2023-05-01 21:00:00     36.429583
2023-05-01 22:00:00     36.591237
2023-05-01 23:00:00     36.591237
Freq: H, Length: 11664, dtype: float64",2022-01-01,2023-05-01 23:00:00,486 days,100.0,25.935359993089477,100.0,36.591237121259475,-63.40876287874052,-70.17976286600607,41.3923182441701,100.0,74.06464000691052,482 days 08:00:00,483,0.0,242,32.780082987551864,30.79239600978732,-17.314709953441557,4.271074197141043,-2.5570623659590956,1 days 05:25:49.367088607,0 days 15:19:00.372670807,0.7080810877746577,-0.2628256114448464,-0.7031238765951231,-0.7156119426586736,0.9624209785485297,-1.0592304779280999,long
26,"{'window_k': 12, 'window_d': 27, 'window_ma': 162}","open_time
2022-01-01 00:00:00    100.000000
2022-01-01 01:00:00    100.000000
2022-01-01 02:00:00    100.000000
2022-01-01 03:00:00    100.000000
2022-01-01 04:00:00    100.000000
                          ...    
2023-05-01 19:00:00     36.112313
2023-05-01 20:00:00     36.029380
2023-05-01 21:00:00     36.210797
2023-05-01 22:00:00     36.371480
2023-05-01 23:00:00     36.371480
Freq: H, Length: 11664, dtype: float64",2022-01-01,2023-05-01 23:00:00,486 days,100.0,26.883671425271466,104.74649873865077,36.3714802460845,-63.628519753915505,-70.17976286600607,39.66906721536351,100.0,74.33453934116886,454 days 07:00:00,389,0.0,195,35.56701030927835,27.726415941118393,-14.76460438747843,4.674911819397626,-3.153118254396269,1 days 09:05:13.043478260,0 days 18:41:45.600000,0.6934212988317145,-0.32838283411634783,-0.702213846867224,-0.7158675562885002,0.9606674322175365,-1.066183725604037,long
145,"{'window_k': 12, 'window_d': 147, 'window_ma': 27}","open_time
2022-01-01 00:00:00    100.000000
2022-01-01 01:00:00    100.000000
2022-01-01 02:00:00    100.000000
2022-01-01 03:00:00    100.000000
2022-01-01 04:00:00    100.000000
                          ...    
2023-05-01 19:00:00     42.800946
2023-05-01 20:00:00     42.702652
2023-05-01 21:00:00     42.917670
2023-05-01 22:00:00     43.108115
2023-05-01 23:00:00     43.108115
Freq: H, Length: 11664, dtype: float64",2022-01-01,2023-05-01 23:00:00,486 days,100.0,39.61121529877543,114.41462290039897,43.108115238038295,-56.891884761961705,-70.17976286600607,25.454389574759944,100.0,65.37923711616997,451 days 16:00:00,131,0.0,66,26.153846153846157,28.77182937303179,-12.699985841710323,6.19976956068604,-3.6891538911433077,3 days 01:38:49.411764705,1 days 09:17:29.999999999,0.5482591288386833,-0.8802689851729348,-1.054481649426506,-0.7165134026953963,0.9371248291392046,-1.472536480018661,long
3801,"{'window_k': 222, 'window_d': 207, 'window_ma': 147}","open_time
2022-01-01 00:00:00    100.000000
2022-01-01 01:00:00    100.000000
2022-01-01 02:00:00    100.000000
2022-01-01 03:00:00    100.000000
2022-01-01 04:00:00    100.000000
                          ...    
2023-05-01 19:00:00     41.329689
2023-05-01 20:00:00     41.329689
2023-05-01 21:00:00     41.329689
2023-05-01 22:00:00     41.329689
2023-05-01 23:00:00     41.329689
Freq: H, Length: 11664, dtype: float64",2022-01-01,2023-05-01 23:00:00,486 days,100.0,38.41418436678605,118.80459770114943,41.329688726613405,-58.6703112733866,-70.17976286600607,29.989711934156375,100.0,67.66607933523233,451 days 16:00:00,38,0.0,19,26.31578947368421,21.37037037037036,-23.347677369524433,9.835363038512568,-8.950187748393182,9 days 11:48:00,7 days 00:30:00,0.3239327995858592,-3.0879111196519267,-1.0291658118927507,-0.7167644885765164,0.9435252218170106,-1.4111959308261504,long
3242,"{'window_k': 192, 'window_d': 162, 'window_ma': 162}","open_time
2022-01-01 00:00:00    100.000000
2022-01-01 01:00:00    100.000000
2022-01-01 02:00:00    100.000000
2022-01-01 03:00:00    100.000000
2022-01-01 04:00:00    100.000000
                          ...    
2023-05-01 19:00:00     33.341728
2023-05-01 20:00:00     33.265157
2023-05-01 21:00:00     33.432656
2023-05-01 22:00:00     33.581011
2023-05-01 23:00:00     33.581011
Freq: H, Length: 11664, dtype: float64",2022-01-01,2023-05-01 23:00:00,486 days,100.0,27.332072170443343,124.40355194179949,33.58101117353256,-66.41898882646744,-70.17976286600607,35.6224279835391,100.0,78.02950820630083,451 days 16:00:00,49,0.0,25,29.166666666666668,37.588131609870764,-35.979314802844215,13.734484612277548,-10.296860125352802,10 days 17:00:00,5 days 16:49:24.705882352,0.39830420873747463,-2.7578865378069466,-1.1049948903218803,-0.7168585053874396,0.9437953117101947,-1.506441668961878,long
2529,"{'window_k': 147, 'window_d': 222, 'window_ma': 27}","open_time
2022-01-01 00:00:00    100.000000
2022-01-01 01:00:00    100.000000
2022-01-01 02:00:00    100.000000
2022-01-01 03:00:00    100.000000
2022-01-01 04:00:00    100.000000
                          ...    
2023-05-01 19:00:00     42.942688
2023-05-01 20:00:00     42.942688
2023-05-01 21:00:00     42.942688
2023-05-01 22:00:00     42.942688
2023-05-01 23:00:00     42.942688
Freq: H, Length: 11664, dtype: float64",2022-01-01,2023-05-01 23:00:00,486 days,100.0,41.29400483096138,119.8639315534481,42.94268759167792,-57.05731240832208,-70.17976286600607,20.833333333333336,100.0,65.54926549147262,451 days 16:00:00,38,0.0,19,15.789473684210526,15.281929697969277,-22.908277404921698,10.190963168805752,-6.595640895264329,5 days 02:20:00,5 days 08:56:15,0.28086943082174304,-3.0030164425432666,-1.361040319700984,-0.7169930759949159,0.9117863044180559,-1.85458391506397,long
125,"{'window_k': 12, 'window_d': 117, 'window_ma': 207}","open_time
2022-01-01 00:00:00    100.000000
2022-01-01 01:00:00    100.000000
2022-01-01 02:00:00    100.000000
2022-01-01 03:00:00    100.000000
2022-01-01 04:00:00    100.000000
                          ...    
2023-05-01 19:00:00     37.299371
2023-05-01 20:00:00     37.299371
2023-05-01 21:00:00     37.299371
2023-05-01 22:00:00     37.299371
2023-05-01 23:00:00     37.299371
Freq: H, Length: 11664, dtype: float64",2022-01-01,2023-05-01 23:00:00,486 days,100.0,34.576198379343545,127.71104084286917,37.29937132641064,-62.70062867358936,-70.17976286600607,37.594307270233195,100.0,72.92622614994987,439 days 04:00:00,142,0.0,71,29.577464788732392,30.00057231156642,-22.716102919919056,8.74094342106601,-5.077588838578713,4 days 20:17:08.571428571,1 days 14:51:36,0.6679864274576833,-0.8831074461068915,-0.7874157872154972,-0.7174384991959173,0.9568592358629332,-1.1519742993431867,long
783,"{'window_k': 57, 'window_d': 12, 'window_ma': 237}","open_time
2022-01-01 00:00:00    100.000000
2022-01-01 01:00:00    100.000000
2022-01-01 02:00:00    100.000000
2022-01-01 03:00:00    100.000000
2022-01-01 04:00:00    100.000000
                          ...    
2023-05-01 19:00:00     37.257288
2023-05-01 20:00:00     37.171725
2023-05-01 21:00:00     37.358894
2023-05-01 22:00:00     37.524672
2023-05-01 23:00:00     37.524672
Freq: H, Length: 11664, dtype: float64",2022-01-01,2023-05-01 23:00:00,486 days,100.0,27.379481222468907,100.0,37.52467235251676,-62.47532764748323,-70.17976286600607,41.2037037037037,100.0,72.62051877753109,482 days 08:00:00,483,0.0,242,33.19502074688796,30.79239600978732,-17.314709953441554,4.264404285495916,-2.5793523010134174,1 days 05:13:30,0 days 15:11:37.500000,0.7194208916093268,-0.25894526059818435,-0.6777104003545216,-0.7174824241443463,0.9636636828999366,-1.021303122111699,long
120,"{'window_k': 12, 'window_d': 117, 'window_ma': 132}","open_time
2022-01-01 00:00:00    100.000000
2022-01-01 01:00:00    100.000000
2022-01-01 02:00:00    100.000000
2022-01-01 03:00:00    100.000000
2022-01-01 04:00:00    100.000000
                          ...    
2023-05-01 19:00:00     37.276699
2023-05-01 20:00:00     37.276699
2023-05-01 21:00:00     37.276699
2023-05-01 22:00:00     37.276699
2023-05-01 23:00:00     37.276699
Freq: H, Length: 11664, dtype: float64",2022-01-01,2023-05-01 23:00:00,486 days,100.0,34.555181084374105,127.71104084286917,37.27669873873224,-62.723301261267764,-70.17976286600607,37.57716049382716,100.0,72.94268306301764,439 days 04:00:00,142,0.0,71,29.577464788732392,30.00057231156642,-22.716102919919056,8.74094342106601,-5.078863261088364,4 days 20:17:08.571428571,1 days 14:49:12,0.6679353768351052,-0.8834267783277148,-0.7883393945878426,-0.7175750650296104,0.9567935963755138,-1.1533236775100657,long
3502,"{'window_k': 207, 'window_d': 162, 'window_ma': 222}","open_time
2022-01-01 00:00:00    100.000000
2022-01-01 01:00:00    100.000000
2022-01-01 02:00:00    100.000000
2022-01-01 03:00:00    100.000000
2022-01-01 04:00:00    100.000000
                          ...    
2023-05-01 19:00:00     33.688555
2023-05-01 20:00:00     33.611188
2023-05-01 21:00:00     33.780429
2023-05-01 22:00:00     33.930328
2023-05-01 23:00:00     33.930328
Freq: H, Length: 11664, dtype: float64",2022-01-01,2023-05-01 23:00:00,486 days,100.0,27.399638661444616,121.53010033444815,33.930327814505816,-66.06967218549418,-70.17976286600607,36.291152263374485,100.0,77.4544424911677,451 days 16:00:00,49,0.0,25,29.166666666666668,37.53300088002348,-29.870717517776335,12.215806838373885,-10.01115192848712,9 days 14:42:51.428571428,6 days 08:35:17.647058823,0.35734445487617633,-2.7617679929068157,-1.0577574648380739,-0.7177421447549359,0.9462832806280063,-1.4511528684277635,long
1713,"{'window_k': 102, 'window_d': 177, 'window_ma': 27}","open_time
2022-01-01 00:00:00    100.000000
2022-01-01 01:00:00    100.000000
2022-01-01 02:00:00    100.000000
2022-01-01 03:00:00    100.000000
2022-01-01 04:00:00    100.000000
                          ...    
2023-05-01 19:00:00     33.905292
2023-05-01 20:00:00     33.827427
2023-05-01 21:00:00     33.997757
2023-05-01 22:00:00     34.148620
2023-05-01 23:00:00     34.148620
Freq: H, Length: 11664, dtype: float64",2022-01-01,2023-05-01 23:00:00,486 days,100.0,29.318770167029886,128.31604502317367,34.148619891289115,-65.85138010871088,-70.17976286600607,19.444444444444446,100.0,77.15112699917228,451 days 16:00:00,51,0.0,26,36.0,23.526815272566765,-44.82603056448429,6.961040338999529,-9.15683871649104,2 days 23:53:20,4 days 02:22:30,0.37062372948302746,-2.6416470309168276,-1.684444440298019,-0.7177849939217699,0.8857223199901404,-2.1941038998947726,long
3393,"{'window_k': 207, 'window_d': 72, 'window_ma': 27}","open_time
2022-01-01 00:00:00    100.000000
2022-01-01 01:00:00    100.000000
2022-01-01 02:00:00    100.000000
2022-01-01 03:00:00    100.000000
2022-01-01 04:00:00    100.000000
                          ...    
2023-05-01 19:00:00     42.660411
2023-05-01 20:00:00     42.562440
2023-05-01 21:00:00     42.776752
2023-05-01 22:00:00     42.966572
2023-05-01 23:00:00     42.966572
Freq: H, Length: 11664, dtype: float64",2022-01-01,2023-05-01 23:00:00,486 days,100.0,40.26433607518416,116.51135005973715,42.96657196213601,-57.033428037863985,-70.17976286600607,23.58539094650206,100.0,65.44170498879292,462 days 03:00:00,69,0.0,35,35.294117647058826,19.632495164410063,-22.063666300768386,5.974255878396213,-6.51086238308774,3 days 07:30:00,3 days 05:02:43.636363636,0.42245066219843613,-1.673131499193556,-1.1337302861352831,-0.7178332441413611,0.9308303384576765,-1.5616112992763391,long
3793,"{'window_k': 222, 'window_d': 207, 'window_ma': 27}","open_time
2022-01-01 00:00:00    100.000000
2022-01-01 01:00:00    100.000000
2022-01-01 02:00:00    100.000000
2022-01-01 03:00:00    100.000000
2022-01-01 04:00:00    100.000000
                          ...    
2023-05-01 19:00:00     44.300321
2023-05-01 20:00:00     44.300321
2023-05-01 21:00:00     44.300321
2023-05-01 22:00:00     44.300321
2023-05-01 23:00:00     44.300321
Freq: H, Length: 11664, dtype: float64",2022-01-01,2023-05-01 23:00:00,486 days,100.0,43.114052044868096,118.80459770114943,44.30032050437955,-55.699679495620444,-70.17976286600607,20.344650205761315,100.0,63.71011486161451,451 days 16:00:00,38,0.0,19,42.10526315789473,16.34980988593156,-23.347677369524426,5.376798518363208,-10.291231182260898,3 days 07:52:30,6 days 13:38:10.909090909,0.36566937809411576,-2.9315620787168646,-1.1577939886311217,-0.7180147086677079,0.9234373537093048,-1.5937884669111289,long
127,"{'window_k': 12, 'window_d': 117, 'window_ma': 237}","open_time
2022-01-01 00:00:00    100.000000
2022-01-01 01:00:00    100.000000
2022-01-01 02:00:00    100.000000
2022-01-01 03:00:00    100.000000
2022-01-01 04:00:00    100.000000
                          ...    
2023-05-01 19:00:00     37.181449
2023-05-01 20:00:00     37.181449
2023-05-01 21:00:00     37.181449
2023-05-01 22:00:00     37.181449
2023-05-01 23:00:00     37.181449
Freq: H, Length: 11664, dtype: float64",2022-01-01,2023-05-01 23:00:00,486 days,100.0,34.46688531230232,127.71104084286917,37.181448915344326,-62.818551084655674,-70.17976286600607,37.637174211248286,100.0,73.01182021160639,439 days 04:00:00,142,0.0,71,29.577464788732392,30.00057231156642,-22.716102919919056,8.740943421066008,-5.083910124823044,4 days 20:17:08.571428571,1 days 14:57:36,0.6675230648412206,-0.884768325135995,-0.7908771159103561,-0.7181486129415098,0.9566981491742746,-1.1570232293709626,long
126,"{'window_k': 12, 'window_d': 117, 'window_ma': 222}","open_time
2022-01-01 00:00:00    100.000000
2022-01-01 01:00:00    100.000000
2022-01-01 02:00:00    100.000000
2022-01-01 03:00:00    100.000000
2022-01-01 04:00:00    100.000000
                          ...    
2023-05-01 19:00:00     37.181449
2023-05-01 20:00:00     37.181449
2023-05-01 21:00:00     37.181449
2023-05-01 22:00:00     37.181449
2023-05-01 23:00:00     37.181449
Freq: H, Length: 11664, dtype: float64",2022-01-01,2023-05-01 23:00:00,486 days,100.0,34.46688531230232,127.71104084286917,37.181448915344326,-62.818551084655674,-70.17976286600607,37.637174211248286,100.0,73.01182021160639,439 days 04:00:00,142,0.0,71,29.577464788732392,30.00057231156642,-22.716102919919056,8.740943421066008,-5.083910124823044,4 days 20:17:08.571428571,1 days 14:57:36,0.6675230648412206,-0.884768325135995,-0.7908771159103561,-0.7181486129415098,0.9566981491742746,-1.1570232293709626,long
122,"{'window_k': 12, 'window_d': 117, 'window_ma': 162}","open_time
2022-01-01 00:00:00    100.000000
2022-01-01 01:00:00    100.000000
2022-01-01 02:00:00    100.000000
2022-01-01 03:00:00    100.000000
2022-01-01 04:00:00    100.000000
                          ...    
2023-05-01 19:00:00     37.181449
2023-05-01 20:00:00     37.181449
2023-05-01 21:00:00     37.181449
2023-05-01 22:00:00     37.181449
2023-05-01 23:00:00     37.181449
Freq: H, Length: 11664, dtype: float64",2022-01-01,2023-05-01 23:00:00,486 days,100.0,34.46688531230232,127.71104084286917,37.181448915344326,-62.818551084655674,-70.17976286600607,37.637174211248286,100.0,73.01182021160639,439 days 04:00:00,142,0.0,71,29.577464788732392,30.00057231156642,-22.716102919919056,8.740943421066008,-5.083910124823044,4 days 20:17:08.571428571,1 days 14:57:36,0.6675230648412206,-0.884768325135995,-0.7908771159103561,-0.7181486129415098,0.9566981491742746,-1.1570232293709626,long
124,"{'window_k': 12, 'window_d': 117, 'window_ma': 192}","open_time
2022-01-01 00:00:00    100.000000
2022-01-01 01:00:00    100.000000
2022-01-01 02:00:00    100.000000
2022-01-01 03:00:00    100.000000
2022-01-01 04:00:00    100.000000
                          ...    
2023-05-01 19:00:00     37.181449
2023-05-01 20:00:00     37.181449
2023-05-01 21:00:00     37.181449
2023-05-01 22:00:00     37.181449
2023-05-01 23:00:00     37.181449
Freq: H, Length: 11664, dtype: float64",2022-01-01,2023-05-01 23:00:00,486 days,100.0,34.46688531230232,127.71104084286917,37.181448915344326,-62.818551084655674,-70.17976286600607,37.637174211248286,100.0,73.01182021160639,439 days 04:00:00,142,0.0,71,29.577464788732392,30.00057231156642,-22.716102919919056,8.740943421066008,-5.083910124823044,4 days 20:17:08.571428571,1 days 14:57:36,0.6675230648412206,-0.884768325135995,-0.7908771159103561,-0.7181486129415098,0.9566981491742746,-1.1570232293709626,long
3524,"{'window_k': 207, 'window_d': 192, 'window_ma': 72}","open_time
2022-01-01 00:00:00    100.000000
2022-01-01 01:00:00    100.000000
2022-01-01 02:00:00    100.000000
2022-01-01 03:00:00    100.000000
2022-01-01 04:00:00    100.000000
                          ...    
2023-05-01 19:00:00     36.063994
2023-05-01 20:00:00     36.063994
2023-05-01 21:00:00     36.063994
2023-05-01 22:00:00     36.063994
2023-05-01 23:00:00     36.063994
Freq: H, Length: 11664, dtype: float64",2022-01-01,2023-05-01 23:00:00,486 days,100.0,30.147895722149215,118.13730543242964,36.063993767538996,-63.936006232461004,-70.17976286600607,27.177640603566527,100.0,74.48063030403826,453 days 11:00:00,42,0.0,21,23.809523809523807,29.897100093545365,-25.65936522127849,9.600815231783484,-8.44949305008055,6 days 19:36:00,6 days 03:00:00,0.2628105212147568,-3.0445717253552855,-1.2699406811184313,-0.7184560067705519,0.9283156832648359,-1.7398386277535787,long
543,"{'window_k': 42, 'window_d': 27, 'window_ma': 237}","open_time
2022-01-01 00:00:00    100.000000
2022-01-01 01:00:00    100.000000
2022-01-01 02:00:00    100.000000
2022-01-01 03:00:00    100.000000
2022-01-01 04:00:00    100.000000
                          ...    
2023-05-01 19:00:00     29.589938
2023-05-01 20:00:00     29.589938
2023-05-01 21:00:00     29.589938
2023-05-01 22:00:00     29.589938
2023-05-01 23:00:00     29.589938
Freq: H, Length: 11664, dtype: float64",2022-01-01,2023-05-01 23:00:00,486 days,100.0,16.738611572933845,100.63671311869294,29.589937743815696,-70.4100622561843,-70.17976286600607,40.94650205761317,100.0,83.36729106683761,481 days 09:00:00,266,0.0,133,35.338345864661655,31.511350059737154,-23.330197554092187,5.38018789041181,-4.0892722007568,1 days 23:16:35.744680851,1 days 05:54:21.176470588,0.49918331112800346,-0.5293989643322129,-0.922564483063141,-0.7188730368629873,0.9503737776366685,-1.4025649268980798,long
837,"{'window_k': 57, 'window_d': 72, 'window_ma': 87}","open_time
2022-01-01 00:00:00    100.000000
2022-01-01 01:00:00    100.000000
2022-01-01 02:00:00    100.000000
2022-01-01 03:00:00    100.000000
2022-01-01 04:00:00    100.000000
                          ...    
2023-05-01 19:00:00     44.445385
2023-05-01 20:00:00     44.445385
2023-05-01 21:00:00     44.445385
2023-05-01 22:00:00     44.445385
2023-05-01 23:00:00     44.445385
Freq: H, Length: 11664, dtype: float64",2022-01-01,2023-05-01 23:00:00,486 days,100.0,39.0580090888447,106.82101674327704,44.445385222261166,-55.554614777738834,-70.17976286600607,39.0860768175583,100.0,63.43602571887813,391 days 18:00:00,118,0.0,59,30.508474576271187,22.06843521722413,-17.914691943127973,8.063540423665222,-5.067153080423958,4 days 10:53:20,2 days 16:16:05.853658536,0.6264415592665488,-0.9416036403006578,-0.5397651294833562,-0.7190145275122175,0.9702527090248709,-0.8148596573079354,long
4028,"{'window_k': 237, 'window_d': 177, 'window_ma': 192}","open_time
2022-01-01 00:00:00    100.000000
2022-01-01 01:00:00    100.000000
2022-01-01 02:00:00    100.000000
2022-01-01 03:00:00    100.000000
2022-01-01 04:00:00    100.000000
                          ...    
2023-05-01 19:00:00     36.480009
2023-05-01 20:00:00     36.480009
2023-05-01 21:00:00     36.480009
2023-05-01 22:00:00     36.480009
2023-05-01 23:00:00     36.480009
Freq: H, Length: 11664, dtype: float64",2022-01-01,2023-05-01 23:00:00,486 days,100.0,31.36788382085084,119.97523730912091,36.48000867814237,-63.519991321857624,-70.17976286600607,37.10562414266118,100.0,73.85470158310231,451 days 16:00:00,44,0.0,22,27.27272727272727,46.83655536028122,-25.626118067978528,15.54514598571696,-10.593800246047994,12 days 09:30:00,6 days 14:56:15,0.4034481390339844,-2.88727233281171,-1.0617072555622582,-0.719099465669057,0.9470793515656042,-1.4536538679888589,long
152,"{'window_k': 12, 'window_d': 147, 'window_ma': 132}","open_time
2022-01-01 00:00:00    100.000000
2022-01-01 01:00:00    100.000000
2022-01-01 02:00:00    100.000000
2022-01-01 03:00:00    100.000000
2022-01-01 04:00:00    100.000000
                          ...    
2023-05-01 19:00:00     41.344995
2023-05-01 20:00:00     41.250044
2023-05-01 21:00:00     41.457748
2023-05-01 22:00:00     41.641715
2023-05-01 23:00:00     41.641715
Freq: H, Length: 11664, dtype: float64",2022-01-01,2023-05-01 23:00:00,486 days,100.0,37.71975881083278,114.41462290039897,41.641714745653644,-58.358285254346356,-70.17976286600607,32.15877914951989,100.0,67.03239686095993,451 days 16:00:00,129,0.0,65,23.4375,38.28893845951977,-12.699985841710323,8.247903902949268,-3.9446642587237215,4 days 12:08:00,1 days 17:01:13.469387755,0.554313737187564,-0.916762635633257,-0.9414842550431797,-0.7191882692019929,0.9500967699690622,-1.3078939100204463,long
782,"{'window_k': 57, 'window_d': 12, 'window_ma': 222}","open_time
2022-01-01 00:00:00    100.000000
2022-01-01 01:00:00    100.000000
2022-01-01 02:00:00    100.000000
2022-01-01 03:00:00    100.000000
2022-01-01 04:00:00    100.000000
                          ...    
2023-05-01 19:00:00     35.767692
2023-05-01 20:00:00     35.685550
2023-05-01 21:00:00     35.865236
2023-05-01 22:00:00     36.024386
2023-05-01 23:00:00     36.024386
Freq: H, Length: 11664, dtype: float64",2022-01-01,2023-05-01 23:00:00,486 days,100.0,25.555745376396935,100.0,36.024385998517204,-63.975614001482796,-70.17976286600607,41.14368998628258,100.0,74.44425462360306,482 days 08:00:00,481,0.0,241,32.5,30.792396009787325,-17.31470995344155,4.315271574276206,-2.5617318952952663,1 days 05:40:00,0 days 15:12:17.888198757,0.706684164734327,-0.2662869735585146,-0.720539534969374,-0.7193222244896776,0.9614226526159657,-1.085792749490642,long
354,"{'window_k': 27, 'window_d': 102, 'window_ma': 42}","open_time
2022-01-01 00:00:00    100.000000
2022-01-01 01:00:00    100.000000
2022-01-01 02:00:00    100.000000
2022-01-01 03:00:00    100.000000
2022-01-01 04:00:00    100.000000
                          ...    
2023-05-01 19:00:00     47.356776
2023-05-01 20:00:00     47.356776
2023-05-01 21:00:00     47.356776
2023-05-01 22:00:00     47.356776
2023-05-01 23:00:00     47.356776
Freq: H, Length: 11664, dtype: float64",2022-01-01,2023-05-01 23:00:00,486 days,100.0,42.669637886645106,105.87397114629292,47.35677632172663,-52.64322367827338,-70.17976286600607,27.914951989026065,100.0,59.69770716573415,461 days 21:00:00,110,0.0,55,36.36363636363637,21.0111464968153,-15.031392342730514,6.209341246564974,-5.281075898895364,3 days 07:39:00,1 days 23:30:51.428571428,0.6326888848652565,-0.9571495214231514,-0.620296961092605,-0.7195747768707959,0.9588280672663355,-0.9510551867194986,long
777,"{'window_k': 57, 'window_d': 12, 'window_ma': 147}","open_time
2022-01-01 00:00:00    100.000000
2022-01-01 01:00:00    100.000000
2022-01-01 02:00:00    100.000000
2022-01-01 03:00:00    100.000000
2022-01-01 04:00:00    100.000000
                          ...    
2023-05-01 19:00:00     37.894165
2023-05-01 20:00:00     37.807139
2023-05-01 21:00:00     37.997507
2023-05-01 22:00:00     38.166119
2023-05-01 23:00:00     38.166119
Freq: H, Length: 11664, dtype: float64",2022-01-01,2023-05-01 23:00:00,486 days,100.0,28.444549211995454,100.0,38.166119368471215,-61.83388063152878,-70.17976286600607,41.33230452674897,100.0,71.55545078800455,482 days 08:00:00,481,0.0,241,32.916666666666664,30.79239600978732,-17.31470995344155,4.2647517943243525,-2.5442208588125235,1 days 05:30:22.784810126,0 days 15:19:52.500000,0.7200082108042481,-0.25734655173129883,-0.6602414059303497,-0.719586706463038,0.9646335831623947,-0.99562382719898,long
2999,"{'window_k': 177, 'window_d': 177, 'window_ma': 117}","open_time
2022-01-01 00:00:00    100.000000
2022-01-01 01:00:00    100.000000
2022-01-01 02:00:00    100.000000
2022-01-01 03:00:00    100.000000
2022-01-01 04:00:00    100.000000
                          ...    
2023-05-01 19:00:00     34.201817
2023-05-01 20:00:00     34.123271
2023-05-01 21:00:00     34.295090
2023-05-01 22:00:00     34.447273
2023-05-01 23:00:00     34.447273
Freq: H, Length: 11664, dtype: float64",2022-01-01,2023-05-01 23:00:00,486 days,100.0,28.487113116627697,121.39054181020984,34.44727305134566,-65.55272694865434,-70.17976286600607,32.25308641975309,100.0,76.5326748758018,451 days 16:00:00,47,0.0,24,26.08695652173913,30.657214025675422,-22.652724270775998,9.313245314726665,-8.815487324840133,7 days 09:10:00,6 days 13:38:49.411764705,0.31929070637965934,-2.883628621594567,-1.2712782242735206,-0.7197598892982877,0.9334652460956303,-1.751291939397063,long
150,"{'window_k': 12, 'window_d': 147, 'window_ma': 102}","open_time
2022-01-01 00:00:00    100.000000
2022-01-01 01:00:00    100.000000
2022-01-01 02:00:00    100.000000
2022-01-01 03:00:00    100.000000
2022-01-01 04:00:00    100.000000
                          ...    
2023-05-01 19:00:00     41.211581
2023-05-01 20:00:00     41.116937
2023-05-01 21:00:00     41.323971
2023-05-01 22:00:00     41.507344
2023-05-01 23:00:00     41.507344
Freq: H, Length: 11664, dtype: float64",2022-01-01,2023-05-01 23:00:00,486 days,100.0,37.59804376134547,114.41462290039897,41.507344231875386,-58.492655768124614,-70.17976286600607,31.68724279835391,100.0,67.13877753713736,451 days 16:00:00,131,0.0,66,21.53846153846154,38.28893845951976,-12.699985841710323,9.265585707630617,-3.9041167414630493,4 days 09:08:34.285714285,1 days 17:16:28.235294117,0.5621332655855303,-0.9047102197283952,-0.9527042021186938,-0.7199189237615731,0.9489588811895472,-1.3222413728315061,long
579,"{'window_k': 42, 'window_d': 72, 'window_ma': 57}","open_time
2022-01-01 00:00:00    100.000000
2022-01-01 01:00:00    100.000000
2022-01-01 02:00:00    100.000000
2022-01-01 03:00:00    100.000000
2022-01-01 04:00:00    100.000000
                          ...    
2023-05-01 19:00:00     45.277205
2023-05-01 20:00:00     45.277205
2023-05-01 21:00:00     45.277205
2023-05-01 22:00:00     45.277205
2023-05-01 23:00:00     45.277205
Freq: H, Length: 11664, dtype: float64",2022-01-01,2023-05-01 23:00:00,486 days,100.0,40.04379107741665,106.13086038124678,45.277205498100386,-54.72279450189962,-70.17976286600607,35.69101508916324,100.0,62.26941821297781,469 days 22:00:00,130,0.0,65,40.0,19.010967866076577,-20.993179880647915,5.260862010975432,-5.121336572409589,3 days 10:46:09.230769230,2 days 03:33:50.769230769,0.6042442636060891,-0.8418891461830706,-0.5550615388678019,-0.7202365300127954,0.9674261339023739,-0.8473112687849984,long
23,"{'window_k': 12, 'window_d': 27, 'window_ma': 117}","open_time
2022-01-01 00:00:00    100.000000
2022-01-01 01:00:00    100.000000
2022-01-01 02:00:00    100.000000
2022-01-01 03:00:00    100.000000
2022-01-01 04:00:00    100.000000
                          ...    
2023-05-01 19:00:00     34.392787
2023-05-01 20:00:00     34.313802
2023-05-01 21:00:00     34.486581
2023-05-01 22:00:00     34.639613
2023-05-01 23:00:00     34.639613
Freq: H, Length: 11664, dtype: float64",2022-01-01,2023-05-01 23:00:00,486 days,100.0,24.953221276813498,104.74649873865077,34.639612975458746,-65.36038702454125,-70.17976286600607,40.16632373113855,100.0,76.17751277866253,454 days 07:00:00,391,0.0,196,35.38461538461539,27.726415941118393,-14.764604387478423,4.6365369361334,-3.1459974554690953,1 days 09:06:05.217391304,0 days 19:00:00,0.6812325752357107,-0.33556120479994545,-0.7497711976015644,-0.7206448484552069,0.9583101838046623,-1.1360279811284442,long
2545,"{'window_k': 147, 'window_d': 237, 'window_ma': 27}","open_time
2022-01-01 00:00:00    100.000000
2022-01-01 01:00:00    100.000000
2022-01-01 02:00:00    100.000000
2022-01-01 03:00:00    100.000000
2022-01-01 04:00:00    100.000000
                          ...    
2023-05-01 19:00:00     43.715707
2023-05-01 20:00:00     43.715707
2023-05-01 21:00:00     43.715707
2023-05-01 22:00:00     43.715707
2023-05-01 23:00:00     43.715707
Freq: H, Length: 11664, dtype: float64",2022-01-01,2023-05-01 23:00:00,486 days,100.0,42.54509324712908,118.78639288997854,43.715706999079885,-56.284293000920115,-70.17976286600607,21.23628257887517,100.0,64.18352960129458,451 days 16:00:00,36,0.0,18,22.22222222222222,14.430268367795861,-22.360524561013545,10.65363773489197,-8.176320782903709,4 days 21:15:00,5 days 23:25:42.857142857,0.35880045499563346,-3.1269051667177843,-1.245756591690565,-0.721110427429883,0.9197358975856019,-1.706245360804506,long
3031,"{'window_k': 177, 'window_d': 207, 'window_ma': 117}","open_time
2022-01-01 00:00:00    100.000000
2022-01-01 01:00:00    100.000000
2022-01-01 02:00:00    100.000000
2022-01-01 03:00:00    100.000000
2022-01-01 04:00:00    100.000000
                          ...    
2023-05-01 19:00:00     36.225623
2023-05-01 20:00:00     36.225623
2023-05-01 21:00:00     36.225623
2023-05-01 22:00:00     36.225623
2023-05-01 23:00:00     36.225623
Freq: H, Length: 11664, dtype: float64",2022-01-01,2023-05-01 23:00:00,486 days,100.0,31.18324826817526,119.8639315534481,36.2256229360945,-63.7743770639055,-70.17976286600607,26.66323731138546,100.0,73.98446065965186,451 days 16:00:00,42,0.0,21,23.809523809523807,26.959597840253213,-24.325228641534686,9.517518607971272,-8.453682177966188,7 days 22:48:00,5 days 14:45:00,0.29466777390013926,-3.0368750982812154,-1.3551269725581114,-0.7211604340440957,0.9222829623395664,-1.8445501412295013,long
4029,"{'window_k': 237, 'window_d': 177, 'window_ma': 207}","open_time
2022-01-01 00:00:00    100.000000
2022-01-01 01:00:00    100.000000
2022-01-01 02:00:00    100.000000
2022-01-01 03:00:00    100.000000
2022-01-01 04:00:00    100.000000
                          ...    
2023-05-01 19:00:00     36.501298
2023-05-01 20:00:00     36.501298
2023-05-01 21:00:00     36.501298
2023-05-01 22:00:00     36.501298
2023-05-01 23:00:00     36.501298
Freq: H, Length: 11664, dtype: float64",2022-01-01,2023-05-01 23:00:00,486 days,100.0,31.740909982767846,119.97523730912091,36.50129774890425,-63.49870225109575,-70.17976286600607,37.32853223593964,100.0,73.5437822881849,451 days 16:00:00,44,0.0,22,22.727272727272727,46.83655536028122,-25.62611806797853,17.68907088939964,-9.768125397305948,13 days 10:48:00,6 days 17:10:35.294117647,0.39150002151759716,-2.886304647777079,-1.0431974500911116,-0.7218601563190452,0.9480969437421878,-1.4284632944461753,long
2881,"{'window_k': 177, 'window_d': 72, 'window_ma': 27}","open_time
2022-01-01 00:00:00    100.000000
2022-01-01 01:00:00    100.000000
2022-01-01 02:00:00    100.000000
2022-01-01 03:00:00    100.000000
2022-01-01 04:00:00    100.000000
                          ...    
2023-05-01 19:00:00     47.362066
2023-05-01 20:00:00     47.253297
2023-05-01 21:00:00     47.491229
2023-05-01 22:00:00     47.701969
2023-05-01 23:00:00     47.701969
Freq: H, Length: 11664, dtype: float64",2022-01-01,2023-05-01 23:00:00,486 days,100.0,45.98509121707672,112.3616609701979,47.701969089083086,-52.298030910916914,-70.17976286600607,24.708504801097394,100.0,59.07403751420733,462 days 03:00:00,77,0.0,39,34.21052631578947,19.86434108527132,-22.968427904958236,5.6245309917515565,-5.449175631810257,4 days 14:46:09.230769230,2 days 05:07:12,0.46012590450190644,-1.389502293732126,-0.957826823254589,-0.7218902327709038,0.9427021856720917,-1.3340166446856077,long
780,"{'window_k': 57, 'window_d': 12, 'window_ma': 192}","open_time
2022-01-01 00:00:00    100.000000
2022-01-01 01:00:00    100.000000
2022-01-01 02:00:00    100.000000
2022-01-01 03:00:00    100.000000
2022-01-01 04:00:00    100.000000
                          ...    
2023-05-01 19:00:00     36.153940
2023-05-01 20:00:00     36.070911
2023-05-01 21:00:00     36.252537
2023-05-01 22:00:00     36.413406
2023-05-01 23:00:00     36.413406
Freq: H, Length: 11664, dtype: float64",2022-01-01,2023-05-01 23:00:00,486 days,100.0,26.370711842552325,100.0,36.413405563302824,-63.586594436697176,-70.17976286600607,41.22942386831276,100.0,73.62928815744768,482 days 08:00:00,483,0.0,242,32.365145228215766,30.79239600978731,-17.314709953441554,4.331423951521404,-2.5468057493625627,1 days 05:33:04.615384615,0 days 15:13:42.222222222,0.7086563479164443,-0.26356486877451757,-0.7079208162613045,-0.7221744067860381,0.9621294199760164,-1.0658906168124138,long
81,"{'window_k': 12, 'window_d': 87, 'window_ma': 27}","open_time
2022-01-01 00:00:00    100.00000
2022-01-01 01:00:00    100.00000
2022-01-01 02:00:00    100.00000
2022-01-01 03:00:00    100.00000
2022-01-01 04:00:00    100.00000
                         ...    
2023-05-01 19:00:00     40.88353
2023-05-01 20:00:00     40.88353
2023-05-01 21:00:00     40.88353
2023-05-01 22:00:00     40.88353
2023-05-01 23:00:00     40.88353
Freq: H, Length: 11664, dtype: float64",2022-01-01,2023-05-01 23:00:00,486 days,100.0,38.95653562160222,120.68385273887063,40.88353003069217,-59.11646996930783,-70.17976286600607,26.09739368998628,100.0,67.72017570080868,430 days 01:00:00,150,0.0,75,22.666666666666664,23.86131883072739,-15.31455961653684,6.792999197992329,-3.288427006642706,2 days 22:38:49.411764705,1 days 07:46:33.103448275,0.5870144822419172,-0.7882195995907706,-1.1504240308016287,-0.7223657336126749,0.932489820424522,-1.5970950604754588,long
4011,"{'window_k': 237, 'window_d': 162, 'window_ma': 177}","open_time
2022-01-01 00:00:00    100.000000
2022-01-01 01:00:00    100.000000
2022-01-01 02:00:00    100.000000
2022-01-01 03:00:00    100.000000
2022-01-01 04:00:00    100.000000
                          ...    
2023-05-01 19:00:00     40.193619
2023-05-01 20:00:00     40.101313
2023-05-01 21:00:00     40.303233
2023-05-01 22:00:00     40.482076
2023-05-01 23:00:00     40.482076
Freq: H, Length: 11664, dtype: float64",2022-01-01,2023-05-01 23:00:00,486 days,100.0,38.986525227591,122.55480607082632,40.482076001458836,-59.517923998541164,-70.17976286600607,37.019890260631,100.0,68.18849747511322,451 days 16:00:00,47,0.0,24,21.73913043478261,34.503437180049715,-23.43490304709141,15.606732840456921,-8.320028926645046,10 days 22:48:00,6 days 22:26:40,0.4291185237947992,-2.582217515386431,-0.8029672386403669,-0.7229357930485334,0.9580668824231405,-1.1484516185538443,long
34,"{'window_k': 12, 'window_d': 42, 'window_ma': 42}","open_time
2022-01-01 00:00:00    100.000000
2022-01-01 01:00:00    100.000000
2022-01-01 02:00:00    100.000000
2022-01-01 03:00:00    100.000000
2022-01-01 04:00:00    100.000000
                          ...    
2023-05-01 19:00:00     31.938945
2023-05-01 20:00:00     31.938945
2023-05-01 21:00:00     31.938945
2023-05-01 22:00:00     31.938945
2023-05-01 23:00:00     31.938945
Freq: H, Length: 11664, dtype: float64",2022-01-01,2023-05-01 23:00:00,486 days,100.0,20.532580098855576,100.63671311869294,31.938944704673247,-68.06105529532675,-70.17976286600607,37.22565157750343,100.0,79.59732640051644,481 days 09:00:00,292,0.0,146,36.986301369863014,26.596980255516854,-13.878066757923552,4.579487783646893,-3.6747104784196525,1 days 17:24:26.666666666,0 days 22:53:28.695652173,0.5044114708587532,-0.4661716116118273,-0.8986638952408672,-0.7231950018475474,0.949335087133663,-1.3662536185938707,long
3772,"{'window_k': 222, 'window_d': 177, 'window_ma': 192}","open_time
2022-01-01 00:00:00    100.000000
2022-01-01 01:00:00    100.000000
2022-01-01 02:00:00    100.000000
2022-01-01 03:00:00    100.000000
2022-01-01 04:00:00    100.000000
                          ...    
2023-05-01 19:00:00     36.738063
2023-05-01 20:00:00     36.738063
2023-05-01 21:00:00     36.738063
2023-05-01 22:00:00     36.738063
2023-05-01 23:00:00     36.738063
Freq: H, Length: 11664, dtype: float64",2022-01-01,2023-05-01 23:00:00,486 days,100.0,32.42973140579063,120.49740932642486,36.73806251617343,-63.26193748382657,-70.17976286600607,35.33093278463649,100.0,73.08678121208465,451 days 16:00:00,44,0.0,22,22.727272727272727,47.46286218561554,-24.541797049620023,18.09620804029697,-9.787987554491602,10 days 15:12:00,6 days 23:21:10.588235294,0.4061404191497515,-2.8755426129012074,-1.0752568182650795,-0.72324950860636,0.9451931654424747,-1.475463431439719,long
225,"{'window_k': 12, 'window_d': 222, 'window_ma': 27}","open_time
2022-01-01 00:00:00    100.000000
2022-01-01 01:00:00    100.000000
2022-01-01 02:00:00    100.000000
2022-01-01 03:00:00    100.000000
2022-01-01 04:00:00    100.000000
                          ...    
2023-05-01 19:00:00     34.546631
2023-05-01 20:00:00     34.467293
2023-05-01 21:00:00     34.640845
2023-05-01 22:00:00     34.794562
2023-05-01 23:00:00     34.794562
Freq: H, Length: 11664, dtype: float64",2022-01-01,2023-05-01 23:00:00,486 days,100.0,29.71660087456727,122.15416353515705,34.79456155631621,-65.20543844368379,-70.17976286600607,22.582304526748974,100.0,75.67287105525914,451 days 16:00:00,105,0.0,53,25.0,24.068172370791178,-17.670157068062835,6.6537945287615115,-4.537408378808271,3 days 19:27:41.538461538,1 days 11:13:50.769230769,0.41115335702738326,-1.254618244401573,-1.6375938526242124,-0.7234494087971526,0.90110126396741,-2.1685234690090307,long
3500,"{'window_k': 207, 'window_d': 162, 'window_ma': 192}","open_time
2022-01-01 00:00:00    100.000000
2022-01-01 01:00:00    100.000000
2022-01-01 02:00:00    100.000000
2022-01-01 03:00:00    100.000000
2022-01-01 04:00:00    100.000000
                          ...    
2023-05-01 19:00:00     34.159491
2023-05-01 20:00:00     34.081042
2023-05-01 21:00:00     34.252649
2023-05-01 22:00:00     34.404643
2023-05-01 23:00:00     34.404643
Freq: H, Length: 11664, dtype: float64",2022-01-01,2023-05-01 23:00:00,486 days,100.0,28.92523082143807,121.53010033444815,34.40464322492906,-65.59535677507094,-70.17976286600607,38.10871056241427,100.0,76.19912207606471,451 days 16:00:00,49,0.0,25,29.166666666666668,37.53300088002347,-29.870717517776335,13.905499033856566,-10.546180110978758,10 days 05:00:00,6 days 15:10:35.294117647,0.4053993587019186,-2.7421287753109675,-1.0345141400864586,-0.7234584809644846,0.9480527994909977,-1.424155791862269,long
3517,"{'window_k': 207, 'window_d': 177, 'window_ma': 207}","open_time
2022-01-01 00:00:00    100.000000
2022-01-01 01:00:00    100.000000
2022-01-01 02:00:00    100.000000
2022-01-01 03:00:00    100.000000
2022-01-01 04:00:00    100.000000
                          ...    
2023-05-01 19:00:00     37.451595
2023-05-01 20:00:00     37.365586
2023-05-01 21:00:00     37.553731
2023-05-01 22:00:00     37.720374
2023-05-01 23:00:00     37.720374
Freq: H, Length: 11664, dtype: float64",2022-01-01,2023-05-01 23:00:00,486 days,100.0,34.11951859162003,120.60989523908307,37.72037399409752,-62.27962600590248,-70.17976286600607,35.85390946502058,100.0,71.71084634143372,451 days 16:00:00,47,0.0,24,17.391304347826086,44.03656199321835,-25.044091710758387,20.59789391499482,-8.335502446282682,10 days 01:15:00,7 days 00:56:50.526315789,0.40029046609224733,-2.7113156328006474,-0.9720419708332884,-0.723969518962173,0.9498527259478764,-1.3644568481615948,long
2023,"{'window_k': 117, 'window_d': 222, 'window_ma': 117}","open_time
2022-01-01 00:00:00    100.000000
2022-01-01 01:00:00    100.000000
2022-01-01 02:00:00    100.000000
2022-01-01 03:00:00    100.000000
2022-01-01 04:00:00    100.000000
                          ...    
2023-05-01 19:00:00     33.229787
2023-05-01 20:00:00     33.229787
2023-05-01 21:00:00     33.229787
2023-05-01 22:00:00     33.229787
2023-05-01 23:00:00     33.229787
Freq: H, Length: 11664, dtype: float64",2022-01-01,2023-05-01 23:00:00,486 days,100.0,26.748578119691054,119.97523730912091,33.229786893922,-66.770213106078,-70.17976286600607,31.430041152263378,100.0,77.70491751495994,451 days 16:00:00,46,0.0,23,26.08695652173913,25.1422279317306,-24.299789660135072,8.265328348210119,-8.554687405759081,8 days 04:30:00,6 days 02:17:38.823529411,0.2622475559369542,-2.9030527437425233,-1.3763689899779312,-0.7243131295586936,0.9277781743910113,-1.8856747649285763,long
3403,"{'window_k': 207, 'window_d': 72, 'window_ma': 177}","open_time
2022-01-01 00:00:00    100.000000
2022-01-01 01:00:00    100.000000
2022-01-01 02:00:00    100.000000
2022-01-01 03:00:00    100.000000
2022-01-01 04:00:00    100.000000
                          ...    
2023-05-01 19:00:00     37.185011
2023-05-01 20:00:00     37.099614
2023-05-01 21:00:00     37.286420
2023-05-01 22:00:00     37.451876
2023-05-01 23:00:00     37.451876
Freq: H, Length: 11664, dtype: float64",2022-01-01,2023-05-01 23:00:00,486 days,100.0,32.611446529257584,116.51135005973715,37.45187627799881,-62.54812372200119,-70.17976286600607,33.65912208504801,100.0,72.01006896535213,462 days 03:00:00,71,0.0,36,28.57142857142857,21.57009657009655,-22.06366630076839,9.809725419027266,-7.157234502505566,5 days 15:30:00,4 days 02:45:36,0.4759307732645628,-1.783429382221179,-0.7868586177489086,-0.7245340284859366,0.9535073087007657,-1.188110087615946,long
3273,"{'window_k': 192, 'window_d': 192, 'window_ma': 147}","open_time
2022-01-01 00:00:00    100.000000
2022-01-01 01:00:00    100.000000
2022-01-01 02:00:00    100.000000
2022-01-01 03:00:00    100.000000
2022-01-01 04:00:00    100.000000
                          ...    
2023-05-01 19:00:00     38.737103
2023-05-01 20:00:00     38.737103
2023-05-01 21:00:00     38.737103
2023-05-01 22:00:00     38.737103
2023-05-01 23:00:00     38.737103
Freq: H, Length: 11664, dtype: float64",2022-01-01,2023-05-01 23:00:00,486 days,100.0,35.682026449938796,120.12396694214875,38.737102578432044,-61.26289742156795,-70.17976286600607,31.730109739369,100.0,70.29566425564092,451 days 16:00:00,40,0.0,20,30.0,18.870394613802137,-25.164016457244525,8.61980391202586,-9.52977304450477,9 days 07:10:00,7 days 00:42:51.428571428,0.34887260791883584,-3.063144871078397,-1.1089283372708665,-0.7247433875978122,0.9411400253529777,-1.522222793251838,long
379,"{'window_k': 27, 'window_d': 117, 'window_ma': 177}","open_time
2022-01-01 00:00:00    100.000000
2022-01-01 01:00:00    100.000000
2022-01-01 02:00:00    100.000000
2022-01-01 03:00:00    100.000000
2022-01-01 04:00:00    100.000000
                          ...    
2023-05-01 19:00:00     34.313287
2023-05-01 20:00:00     34.313287
2023-05-01 21:00:00     34.313287
2023-05-01 22:00:00     34.313287
2023-05-01 23:00:00     34.313287
Freq: H, Length: 11664, dtype: float64",2022-01-01,2023-05-01 23:00:00,486 days,100.0,30.42612797865871,127.7406861330669,34.31328689319449,-65.68671310680551,-70.17976286600607,39.463305898491086,100.0,76.18133352832945,439 days 04:00:00,100,0.0,50,36.0,27.525190464487594,-21.93840840408691,7.712938214953327,-6.961642134656966,4 days 23:33:20,3 days 04:35:37.500000,0.5339281240968679,-1.3137342621361092,-0.9989504307445761,-0.7248024686693949,0.9510534358907948,-1.3713043076481577,long
21,"{'window_k': 12, 'window_d': 27, 'window_ma': 87}","open_time
2022-01-01 00:00:00    100.000000
2022-01-01 01:00:00    100.000000
2022-01-01 02:00:00    100.000000
2022-01-01 03:00:00    100.000000
2022-01-01 04:00:00    100.000000
                          ...    
2023-05-01 19:00:00     33.316271
2023-05-01 20:00:00     33.239759
2023-05-01 21:00:00     33.407129
2023-05-01 22:00:00     33.555371
2023-05-01 23:00:00     33.555371
Freq: H, Length: 11664, dtype: float64",2022-01-01,2023-05-01 23:00:00,486 days,100.0,23.92166963490062,104.74649873865077,33.55537138066711,-66.44462861933289,-70.17976286600607,40.003429355281206,100.0,77.16232053294047,454 days 07:00:00,393,0.0,197,36.224489795918366,27.726415941118397,-14.764604387478428,4.489468747762612,-3.1867690748766773,1 days 08:11:49.859154929,0 days 18:59:02.400000,0.6681279730461996,-0.3393691774731977,-0.7881618712213511,-0.7252423983449241,0.956112042360091,-1.193552981651142,long
28,"{'window_k': 12, 'window_d': 27, 'window_ma': 192}","open_time
2022-01-01 00:00:00    100.000000
2022-01-01 01:00:00    100.000000
2022-01-01 02:00:00    100.000000
2022-01-01 03:00:00    100.000000
2022-01-01 04:00:00    100.000000
                          ...    
2023-05-01 19:00:00     34.143727
2023-05-01 20:00:00     34.065314
2023-05-01 21:00:00     34.236841
2023-05-01 22:00:00     34.388766
2023-05-01 23:00:00     34.388766
Freq: H, Length: 11664, dtype: float64",2022-01-01,2023-05-01 23:00:00,486 days,100.0,25.12309331576668,104.74649873865077,34.38876550210401,-65.61123449789599,-70.17976286600607,40.10631001371742,100.0,76.01533834705978,454 days 07:00:00,393,0.0,197,35.714285714285715,27.726415941118404,-14.764604387478428,4.58403121773947,-3.1590532097855757,1 days 08:42:51.428571428,0 days 18:53:48.571428571,0.6809675686766016,-0.33512625602710344,-0.7565519030697505,-0.7254122153233863,0.9579681419818269,-1.1462449220409319,long
3245,"{'window_k': 192, 'window_d': 162, 'window_ma': 207}","open_time
2022-01-01 00:00:00    100.000000
2022-01-01 01:00:00    100.000000
2022-01-01 02:00:00    100.000000
2022-01-01 03:00:00    100.000000
2022-01-01 04:00:00    100.000000
                          ...    
2023-05-01 19:00:00     31.917808
2023-05-01 20:00:00     31.844507
2023-05-01 21:00:00     32.004852
2023-05-01 22:00:00     32.146872
2023-05-01 23:00:00     32.146872
Freq: H, Length: 11664, dtype: float64",2022-01-01,2023-05-01 23:00:00,486 days,100.0,26.073537021097685,124.40355194179949,32.14687182987285,-67.85312817012715,-70.17976286600607,37.91152263374485,100.0,79.04116352457861,451 days 16:00:00,49,0.0,25,29.166666666666668,37.58813160987076,-35.979314802844215,13.586549024775088,-10.515392429260858,10 days 15:00:00,6 days 09:21:10.588235294,0.3840703644566801,-2.81805110518472,-1.1402075603066908,-0.725660821224689,0.9435060668505661,-1.554022316529112,long
24,"{'window_k': 12, 'window_d': 27, 'window_ma': 132}","open_time
2022-01-01 00:00:00    100.000000
2022-01-01 01:00:00    100.000000
2022-01-01 02:00:00    100.000000
2022-01-01 03:00:00    100.000000
2022-01-01 04:00:00    100.000000
                          ...    
2023-05-01 19:00:00     33.529343
2023-05-01 20:00:00     33.452341
2023-05-01 21:00:00     33.620782
2023-05-01 22:00:00     33.769972
2023-05-01 23:00:00     33.769972
Freq: H, Length: 11664, dtype: float64",2022-01-01,2023-05-01 23:00:00,486 days,100.0,24.29119872013745,104.74649873865077,33.76997248038464,-66.23002751961536,-70.17976286600607,40.07201646090535,100.0,76.80953634474643,454 days 07:00:00,393,0.0,197,35.714285714285715,27.726415941118404,-14.764604387478416,4.5435138151071,-3.1514538184307153,1 days 08:30:00,0 days 18:59:02.857142857,0.670137354663718,-0.3382766144409838,-0.7768839504266446,-0.7258217245180484,0.9567888507099005,-1.1773138143543314,long
774,"{'window_k': 57, 'window_d': 12, 'window_ma': 102}","open_time
2022-01-01 00:00:00    100.000000
2022-01-01 01:00:00    100.000000
2022-01-01 02:00:00    100.000000
2022-01-01 03:00:00    100.000000
2022-01-01 04:00:00    100.000000
                          ...    
2023-05-01 19:00:00     36.123291
2023-05-01 20:00:00     36.040332
2023-05-01 21:00:00     36.221804
2023-05-01 22:00:00     36.382536
2023-05-01 23:00:00     36.382536
Freq: H, Length: 11664, dtype: float64",2022-01-01,2023-05-01 23:00:00,486 days,100.0,26.70345675382935,100.0,36.38253624597721,-63.61746375402279,-70.17976286600607,40.80932784636489,100.0,73.29654324617064,482 days 08:00:00,483,0.0,242,33.19502074688796,30.792396009787325,-17.314709953441547,4.190517996477501,-2.563324345157707,1 days 04:34:30,0 days 15:13:52.500000,0.7038334822157964,-0.26369319453040263,-0.7140463161553354,-0.7258596662248656,0.9615313771834109,-1.0748445490987542,long
3028,"{'window_k': 177, 'window_d': 207, 'window_ma': 72}","open_time
2022-01-01 00:00:00    100.000000
2022-01-01 01:00:00    100.000000
2022-01-01 02:00:00    100.000000
2022-01-01 03:00:00    100.000000
2022-01-01 04:00:00    100.000000
                          ...    
2023-05-01 19:00:00     34.277778
2023-05-01 20:00:00     34.277778
2023-05-01 21:00:00     34.277778
2023-05-01 22:00:00     34.277778
2023-05-01 23:00:00     34.277778
Freq: H, Length: 11664, dtype: float64",2022-01-01,2023-05-01 23:00:00,486 days,100.0,28.24309625737154,118.13730543242964,34.27777781030579,-65.72222218969421,-70.17976286600607,27.572016460905353,100.0,76.09299098706327,453 days 11:00:00,42,0.0,21,28.57142857142857,29.268292682926813,-24.325228641534693,8.074242134803097,-9.391946693203684,6 days 05:09:59.999999999,6 days 10:43:59.999999999,0.26062863352373905,-3.1296296280806772,-1.3588133477463908,-0.7261014221087632,0.9244670008573916,-1.851291026145476,long
20,"{'window_k': 12, 'window_d': 27, 'window_ma': 72}","open_time
2022-01-01 00:00:00    100.000000
2022-01-01 01:00:00    100.000000
2022-01-01 02:00:00    100.000000
2022-01-01 03:00:00    100.000000
2022-01-01 04:00:00    100.000000
                          ...    
2023-05-01 19:00:00     34.213306
2023-05-01 20:00:00     34.134734
2023-05-01 21:00:00     34.306610
2023-05-01 22:00:00     34.458844
2023-05-01 23:00:00     34.458844
Freq: H, Length: 11664, dtype: float64",2022-01-01,2023-05-01 23:00:00,486 days,100.0,25.298831054522374,104.74649873865077,34.45884418969359,-65.5411558103064,-70.17976286600607,40.0462962962963,100.0,75.84756401486547,454 days 07:00:00,393,0.0,197,35.204081632653065,27.726415941118393,-14.76460438747843,4.636536936133401,-3.1254729944146473,1 days 09:06:05.217391304,0 days 18:44:24.566929133,0.6794637316519895,-0.33476947601289375,-0.7571356324813046,-0.7261119034878554,0.9578637197152549,-1.147174895519723,long
3515,"{'window_k': 207, 'window_d': 177, 'window_ma': 177}","open_time
2022-01-01 00:00:00    100.000000
2022-01-01 01:00:00    100.000000
2022-01-01 02:00:00    100.000000
2022-01-01 03:00:00    100.000000
2022-01-01 04:00:00    100.000000
                          ...    
2023-05-01 19:00:00     36.765979
2023-05-01 20:00:00     36.681544
2023-05-01 21:00:00     36.866245
2023-05-01 22:00:00     37.029837
2023-05-01 23:00:00     37.029837
Freq: H, Length: 11664, dtype: float64",2022-01-01,2023-05-01 23:00:00,486 days,100.0,33.285906483768414,120.60989523908307,37.029836755847654,-62.970163244152346,-70.17976286600607,35.60528120713306,100.0,72.40201028465675,451 days 16:00:00,47,0.0,24,21.73913043478261,44.036561993218356,-25.044091710758376,16.30349763911631,-8.859246230377293,9 days 00:00:00,7 days 02:20:00,0.38741462308797503,-2.7412748110833616,-1.0108000532651071,-0.72621022853345,0.9476058583935711,-1.4183135519790067,long
153,"{'window_k': 12, 'window_d': 147, 'window_ma': 147}","open_time
2022-01-01 00:00:00    100.000000
2022-01-01 01:00:00    100.000000
2022-01-01 02:00:00    100.000000
2022-01-01 03:00:00    100.000000
2022-01-01 04:00:00    100.000000
                          ...    
2023-05-01 19:00:00     38.227105
2023-05-01 20:00:00     38.139315
2023-05-01 21:00:00     38.331356
2023-05-01 22:00:00     38.501449
2023-05-01 23:00:00     38.501449
Freq: H, Length: 11664, dtype: float64",2022-01-01,2023-05-01 23:00:00,486 days,100.0,34.87525404222421,117.89821656696249,38.50144927468165,-61.49855072531836,-70.17976286600607,32.218792866941016,100.0,70.41918439672396,451 days 16:00:00,131,0.0,66,21.53846153846154,38.288938459519755,-12.699985841710337,8.824377385511339,-3.935974168934061,4 days 09:21:25.714285714,1 days 18:25:52.941176470,0.5393487401999372,-0.9506054685897265,-1.0414580062101455,-0.7266571650713068,0.945016050839333,-1.44449634534175,long
4010,"{'window_k': 237, 'window_d': 162, 'window_ma': 162}","open_time
2022-01-01 00:00:00    100.000000
2022-01-01 01:00:00    100.000000
2022-01-01 02:00:00    100.000000
2022-01-01 03:00:00    100.000000
2022-01-01 04:00:00    100.000000
                          ...    
2023-05-01 19:00:00     38.871280
2023-05-01 20:00:00     38.782010
2023-05-01 21:00:00     38.977287
2023-05-01 22:00:00     39.150247
2023-05-01 23:00:00     39.150247
Freq: H, Length: 11664, dtype: float64",2022-01-01,2023-05-01 23:00:00,486 days,100.0,37.295297595094546,122.55480607082632,39.15024669587998,-60.84975330412002,-70.17976286600607,35.12517146776406,100.0,69.56847406413338,451 days 16:00:00,47,0.0,24,21.73913043478261,34.50343718004974,-23.434903047091407,15.25857630545393,-8.408701664566554,10 days 08:12:00,6 days 14:13:20,0.4065491465051367,-2.6403046855630183,-0.8450753813053304,-0.7266785600797416,0.9551472681157307,-1.2082151455943708,long
841,"{'window_k': 57, 'window_d': 72, 'window_ma': 147}","open_time
2022-01-01 00:00:00    100.000000
2022-01-01 01:00:00    100.000000
2022-01-01 02:00:00    100.000000
2022-01-01 03:00:00    100.000000
2022-01-01 04:00:00    100.000000
                          ...    
2023-05-01 19:00:00     39.420933
2023-05-01 20:00:00     39.420933
2023-05-01 21:00:00     39.420933
2023-05-01 22:00:00     39.420933
2023-05-01 23:00:00     39.420933
Freq: H, Length: 11664, dtype: float64",2022-01-01,2023-05-01 23:00:00,486 days,100.0,35.42141367339315,114.93490340277108,39.42093280250111,-60.57906719749888,-70.17976286600607,39.33470507544581,100.0,69.18132558108616,391 days 18:00:00,118,0.0,59,28.8135593220339,22.068435217224135,-17.914691943127963,8.417613597903978,-5.178459760816838,4 days 11:14:07.058823529,2 days 17:49:59.999999999,0.6120755504461953,-1.0267638508050667,-0.6657121313834286,-0.7270369985690552,0.9635060872676199,-1.0027209637848695,long
3265,"{'window_k': 192, 'window_d': 192, 'window_ma': 27}","open_time
2022-01-01 00:00:00    100.000000
2022-01-01 01:00:00    100.000000
2022-01-01 02:00:00    100.000000
2022-01-01 03:00:00    100.000000
2022-01-01 04:00:00    100.000000
                          ...    
2023-05-01 19:00:00     40.419833
2023-05-01 20:00:00     40.419833
2023-05-01 21:00:00     40.419833
2023-05-01 22:00:00     40.419833
2023-05-01 23:00:00     40.419833
Freq: H, Length: 11664, dtype: float64",2022-01-01,2023-05-01 23:00:00,486 days,100.0,38.591741816019,120.12396694214875,40.41983300375661,-59.58016699624339,-70.17976286600607,20.670438957475994,100.0,67.87340378577021,451 days 16:00:00,40,0.0,20,25.0,15.672339629698875,-25.164016457244514,9.108129231281437,-8.270245831375764,5 days 02:12:00,5 days 00:00:00,0.36943847971357774,-2.9790083498121693,-1.4073093739848384,-0.727154732499336,0.907921136852765,-1.9370479499982471,long
359,"{'window_k': 27, 'window_d': 102, 'window_ma': 117}","open_time
2022-01-01 00:00:00    100.000000
2022-01-01 01:00:00    100.000000
2022-01-01 02:00:00    100.000000
2022-01-01 03:00:00    100.000000
2022-01-01 04:00:00    100.000000
                          ...    
2023-05-01 19:00:00     41.858872
2023-05-01 20:00:00     41.858872
2023-05-01 21:00:00     41.858872
2023-05-01 22:00:00     41.858872
2023-05-01 23:00:00     41.858872
Freq: H, Length: 11664, dtype: float64",2022-01-01,2023-05-01 23:00:00,486 days,100.0,36.877878077411104,108.50230688482817,41.85887209736665,-58.14112790263335,-70.17976286600607,37.019890260631,100.0,66.01189492076347,275 days 07:00:00,108,0.0,54,37.03703703703704,30.93340190280279,-21.57855066221601,7.4377054282781225,-6.324236655257014,4 days 15:18:00,2 days 13:31:45.882352941,0.6345354194320485,-1.0766875537524687,-0.60642120047571,-0.7272356457676559,0.9660626069168813,-0.9125285470996517,long
2049,"{'window_k': 132, 'window_d': 12, 'window_ma': 27}","open_time
2022-01-01 00:00:00    100.000000
2022-01-01 01:00:00    100.000000
2022-01-01 02:00:00    100.000000
2022-01-01 03:00:00    100.000000
2022-01-01 04:00:00    100.000000
                          ...    
2023-05-01 19:00:00     37.680575
2023-05-01 20:00:00     37.594040
2023-05-01 21:00:00     37.783335
2023-05-01 22:00:00     37.950997
2023-05-01 23:00:00     37.950997
Freq: H, Length: 11664, dtype: float64",2022-01-01,2023-05-01 23:00:00,486 days,100.0,29.24795409624992,101.11406787115348,37.950996814756344,-62.049003185243656,-70.17976286600607,38.7002743484225,100.0,71.07429785782166,453 days 11:00:00,465,0.0,233,31.46551724137931,24.116249825345797,-14.13123359580053,4.151052543198321,-2.369276336107889,1 days 04:31:13.972602739,0 days 15:15:05.660377358,0.7086210754722313,-0.2678022833113889,-0.7920461930642113,-0.7273493538409306,0.9592063361334772,-1.1382021064745032,long
589,"{'window_k': 42, 'window_d': 72, 'window_ma': 207}","open_time
2022-01-01 00:00:00    100.000000
2022-01-01 01:00:00    100.000000
2022-01-01 02:00:00    100.000000
2022-01-01 03:00:00    100.000000
2022-01-01 04:00:00    100.000000
                          ...    
2023-05-01 19:00:00     43.756218
2023-05-01 20:00:00     43.756218
2023-05-01 21:00:00     43.756218
2023-05-01 22:00:00     43.756218
2023-05-01 23:00:00     43.756218
Freq: H, Length: 11664, dtype: float64",2022-01-01,2023-05-01 23:00:00,486 days,100.0,38.69860862405348,106.13086038124678,43.75621808070996,-56.24378191929005,-70.17976286600607,39.240397805212616,100.0,63.536893524617575,469 days 22:00:00,130,0.0,65,36.92307692307693,19.010967866076577,-20.993179880647915,6.266298425299585,-5.227239964582632,4 days 00:07:30,2 days 07:21:57.073170731,0.6300323161893632,-0.8652889526044623,-0.5521024757139377,-0.7278610720436545,0.9695489357424566,-0.8380901643283345,long
1809,"{'window_k': 117, 'window_d': 27, 'window_ma': 27}","open_time
2022-01-01 00:00:00    100.000000
2022-01-01 01:00:00    100.000000
2022-01-01 02:00:00    100.000000
2022-01-01 03:00:00    100.000000
2022-01-01 04:00:00    100.000000
                          ...    
2023-05-01 19:00:00     47.067756
2023-05-01 20:00:00     47.067756
2023-05-01 21:00:00     47.067756
2023-05-01 22:00:00     47.067756
2023-05-01 23:00:00     47.067756
Freq: H, Length: 11664, dtype: float64",2022-01-01,2023-05-01 23:00:00,486 days,100.0,42.633592273348796,104.78259237268162,47.06775637126212,-52.93224362873787,-70.17976286600607,27.05761316872428,100.0,59.312332985890116,445 days 12:00:00,186,0.0,93,38.70967741935484,23.031283710895366,-13.821634828964896,4.139514033456729,-3.6752852931544004,1 days 20:38:20,1 days 03:10:31.578947368,0.6230578290949312,-0.569163909986429,-0.8692817536515658,-0.7286616641122843,0.9490818774917336,-1.2231463762989974,long
3246,"{'window_k': 192, 'window_d': 162, 'window_ma': 222}","open_time
2022-01-01 00:00:00    100.000000
2022-01-01 01:00:00    100.000000
2022-01-01 02:00:00    100.000000
2022-01-01 03:00:00    100.000000
2022-01-01 04:00:00    100.000000
                          ...    
2023-05-01 19:00:00     31.472384
2023-05-01 20:00:00     31.400106
2023-05-01 21:00:00     31.558213
2023-05-01 22:00:00     31.698251
2023-05-01 23:00:00     31.698251
Freq: H, Length: 11664, dtype: float64",2022-01-01,2023-05-01 23:00:00,486 days,100.0,25.721347590023445,124.40355194179949,31.69825135619567,-68.30174864380433,-70.17976286600607,36.59122085048011,100.0,79.32426591641304,451 days 16:00:00,49,0.0,25,29.166666666666668,37.58813160987077,-35.97931480284422,13.541453852140586,-10.554737217260593,10 days 20:25:42.857142857,5 days 22:03:31.764705882,0.3769051110304222,-2.8368714916659408,-1.1655312419934938,-0.7287151102198488,0.9419178490110967,-1.584996447327625,long
30,"{'window_k': 12, 'window_d': 27, 'window_ma': 222}","open_time
2022-01-01 00:00:00    100.000000
2022-01-01 01:00:00    100.000000
2022-01-01 02:00:00    100.000000
2022-01-01 03:00:00    100.000000
2022-01-01 04:00:00    100.000000
                          ...    
2023-05-01 19:00:00     33.606342
2023-05-01 20:00:00     33.529164
2023-05-01 21:00:00     33.697991
2023-05-01 22:00:00     33.847524
2023-05-01 23:00:00     33.847524
Freq: H, Length: 11664, dtype: float64",2022-01-01,2023-05-01 23:00:00,486 days,100.0,24.750229776562563,104.74649873865077,33.84752434665086,-66.15247565334914,-70.17976286600607,40.02914951989026,100.0,76.37130589126805,454 days 07:00:00,393,0.0,197,35.204081632653065,27.726415941118393,-14.76460438747843,4.636536936133399,-3.1393154666793315,1 days 09:06:05.217391304,0 days 18:43:27.874015748,0.676402284128576,-0.33788178747004527,-0.7776893880465008,-0.7289875765359115,0.9567336800031607,-1.1769480153483212,long
2521,"{'window_k': 147, 'window_d': 207, 'window_ma': 147}","open_time
2022-01-01 00:00:00    100.000000
2022-01-01 01:00:00    100.000000
2022-01-01 02:00:00    100.000000
2022-01-01 03:00:00    100.000000
2022-01-01 04:00:00    100.000000
                          ...    
2023-05-01 19:00:00     36.161351
2023-05-01 20:00:00     36.161351
2023-05-01 21:00:00     36.161351
2023-05-01 22:00:00     36.161351
2023-05-01 23:00:00     36.161351
Freq: H, Length: 11664, dtype: float64",2022-01-01,2023-05-01 23:00:00,486 days,100.0,32.193118018053404,120.44124501527784,36.16135054370056,-63.83864945629944,-70.17976286600607,31.712962962962965,100.0,73.27068645465285,451 days 16:00:00,42,0.0,21,33.33333333333333,21.65332340346303,-25.916897506925206,7.305414004342289,-9.938201098176346,9 days 17:42:51.428571428,6 days 03:21:25.714285714,0.30483059358485015,-3.0399356883952118,-1.2452344489674123,-0.729034170462799,0.9347128703056422,-1.6944028653284307,long
3271,"{'window_k': 192, 'window_d': 192, 'window_ma': 117}","open_time
2022-01-01 00:00:00    100.00000
2022-01-01 01:00:00    100.00000
2022-01-01 02:00:00    100.00000
2022-01-01 03:00:00    100.00000
2022-01-01 04:00:00    100.00000
                         ...    
2023-05-01 19:00:00     35.36441
2023-05-01 20:00:00     35.36441
2023-05-01 21:00:00     35.36441
2023-05-01 22:00:00     35.36441
2023-05-01 23:00:00     35.36441
Freq: H, Length: 11664, dtype: float64",2022-01-01,2023-05-01 23:00:00,486 days,100.0,30.83799064765405,120.12396694214875,35.36440972531179,-64.63559027468821,-70.17976286600607,27.374828532235938,100.0,74.32819492008159,451 days 16:00:00,40,0.0,20,25.0,27.52945576959041,-25.16401645724452,11.940721718122878,-9.851570889363188,7 days 23:00:00,6 days 05:11:59.999999999,0.3520257616246168,-3.2317795137344096,-1.3608340527700789,-0.7290637363170324,0.9226247817673787,-1.8591764202471133,long
25,"{'window_k': 12, 'window_d': 27, 'window_ma': 147}","open_time
2022-01-01 00:00:00    100.000000
2022-01-01 01:00:00    100.000000
2022-01-01 02:00:00    100.000000
2022-01-01 03:00:00    100.000000
2022-01-01 04:00:00    100.000000
                          ...    
2023-05-01 19:00:00     34.270876
2023-05-01 20:00:00     34.192171
2023-05-01 21:00:00     34.364337
2023-05-01 22:00:00     34.516827
2023-05-01 23:00:00     34.516827
Freq: H, Length: 11664, dtype: float64",2022-01-01,2023-05-01 23:00:00,486 days,100.0,25.70970313961299,104.74649873865077,34.51682699617288,-65.48317300382712,-70.17976286600607,40.20919067215363,100.0,75.45531024978663,454 days 07:00:00,393,0.0,197,35.714285714285715,27.726415941118393,-14.76460438747843,4.580395054513411,-3.1542703112625725,1 days 08:42:51.428571428,0 days 18:59:31.428571428,0.6816293184157373,-0.33447427775460614,-0.753995283596488,-0.7291343195492975,0.9581198875964638,-1.1434895094197495,long
536,"{'window_k': 42, 'window_d': 27, 'window_ma': 132}","open_time
2022-01-01 00:00:00    100.00000
2022-01-01 01:00:00    100.00000
2022-01-01 02:00:00    100.00000
2022-01-01 03:00:00    100.00000
2022-01-01 04:00:00    100.00000
                         ...    
2023-05-01 19:00:00     28.03879
2023-05-01 20:00:00     28.03879
2023-05-01 21:00:00     28.03879
2023-05-01 22:00:00     28.03879
2023-05-01 23:00:00     28.03879
Freq: H, Length: 11664, dtype: float64",2022-01-01,2023-05-01 23:00:00,486 days,100.0,15.767436709167775,100.63671311869294,28.0387902972937,-71.9612097027063,-70.17976286600607,40.85219478737997,100.0,84.33232145551956,481 days 09:00:00,266,0.0,133,33.83458646616541,31.51135005973717,-23.33019755409219,5.459797991452846,-3.9332473855912835,1 days 23:14:40,1 days 05:59:19.090909090,0.48101724748442104,-0.5410617270880171,-0.9785989732162542,-0.7294778538158867,0.9474673362840901,-1.4871969273517793,long
3489,"{'window_k': 207, 'window_d': 162, 'window_ma': 27}","open_time
2022-01-01 00:00:00    100.000000
2022-01-01 01:00:00    100.000000
2022-01-01 02:00:00    100.000000
2022-01-01 03:00:00    100.000000
2022-01-01 04:00:00    100.000000
                          ...    
2023-05-01 19:00:00     34.456994
2023-05-01 20:00:00     34.377862
2023-05-01 21:00:00     34.550963
2023-05-01 22:00:00     34.704281
2023-05-01 23:00:00     34.704281
Freq: H, Length: 11664, dtype: float64",2022-01-01,2023-05-01 23:00:00,486 days,100.0,30.190121088534074,121.53010033444815,34.70428122004421,-65.29571877995579,-70.17976286600607,23.49965706447188,100.0,75.15831797599812,451 days 16:00:00,49,0.0,25,25.0,18.896578239138787,-29.87071751777634,6.637229171773716,-7.398755463969812,4 days 09:50:00,4 days 19:40:00,0.27282970559746256,-2.729722145341265,-1.5015775691957307,-0.729576046090091,0.9049183408896112,-2.021515918791392,long
778,"{'window_k': 57, 'window_d': 12, 'window_ma': 162}","open_time
2022-01-01 00:00:00    100.000000
2022-01-01 01:00:00    100.000000
2022-01-01 02:00:00    100.000000
2022-01-01 03:00:00    100.000000
2022-01-01 04:00:00    100.000000
                          ...    
2023-05-01 19:00:00     37.951493
2023-05-01 20:00:00     37.864336
2023-05-01 21:00:00     38.054992
2023-05-01 22:00:00     38.223859
2023-05-01 23:00:00     38.223859
Freq: H, Length: 11664, dtype: float64",2022-01-01,2023-05-01 23:00:00,486 days,100.0,29.513680612558797,100.0,38.2238594003859,-61.7761405996141,-70.17976286600607,40.414951989026065,100.0,70.4863193874412,482 days 08:00:00,483,0.0,242,32.780082987551864,30.79239600978732,-17.314709953441547,4.257467656476056,-2.5242628631496284,1 days 04:47:50.886075949,0 days 14:55:09.316770186,0.7222231405841337,-0.25603869465517726,-0.6649878231989405,-0.7297195429525178,0.9639238022373896,-1.00356867282264,long
775,"{'window_k': 57, 'window_d': 12, 'window_ma': 117}","open_time
2022-01-01 00:00:00    100.000000
2022-01-01 01:00:00    100.000000
2022-01-01 02:00:00    100.000000
2022-01-01 03:00:00    100.000000
2022-01-01 04:00:00    100.000000
                          ...    
2023-05-01 19:00:00     36.109565
2023-05-01 20:00:00     36.026638
2023-05-01 21:00:00     36.208041
2023-05-01 22:00:00     36.368713
2023-05-01 23:00:00     36.368713
Freq: H, Length: 11664, dtype: float64",2022-01-01,2023-05-01 23:00:00,486 days,100.0,27.104972967802443,100.0,36.36871254518161,-63.631287454818384,-70.17976286600607,41.3923182441701,100.0,72.89502703219756,482 days 08:00:00,483,0.0,242,32.780082987551864,30.79239600978731,-17.31470995344155,4.27169063014613,-2.5610136860669726,1 days 05:30:22.784810126,0 days 15:16:46.211180124,0.710927349622492,-0.2637506605519211,-0.7092366858121867,-0.7300410061817635,0.9620913750279855,-1.0677354320907326,long
4027,"{'window_k': 237, 'window_d': 177, 'window_ma': 177}","open_time
2022-01-01 00:00:00    100.000000
2022-01-01 01:00:00    100.000000
2022-01-01 02:00:00    100.000000
2022-01-01 03:00:00    100.000000
2022-01-01 04:00:00    100.000000
                          ...    
2023-05-01 19:00:00     35.410472
2023-05-01 20:00:00     35.410472
2023-05-01 21:00:00     35.410472
2023-05-01 22:00:00     35.410472
2023-05-01 23:00:00     35.410472
Freq: H, Length: 11664, dtype: float64",2022-01-01,2023-05-01 23:00:00,486 days,100.0,31.09168056585942,119.97523730912091,35.410472326376194,-64.5895276736238,-70.17976286600607,37.06275720164609,100.0,74.08491846884164,451 days 16:00:00,44,0.0,22,18.181818181818183,46.836555360281224,-25.62611806797853,21.41985386537545,-9.25357500542612,14 days 11:45:00,6 days 18:53:20,0.3709434881025189,-2.935887621528356,-1.105211345770741,-0.7308530184002456,0.9448207311812435,-1.513305173040479,long
357,"{'window_k': 27, 'window_d': 102, 'window_ma': 87}","open_time
2022-01-01 00:00:00    100.000000
2022-01-01 01:00:00    100.000000
2022-01-01 02:00:00    100.000000
2022-01-01 03:00:00    100.000000
2022-01-01 04:00:00    100.000000
                          ...    
2023-05-01 19:00:00     41.147773
2023-05-01 20:00:00     41.147773
2023-05-01 21:00:00     41.147773
2023-05-01 22:00:00     41.147773
2023-05-01 23:00:00     41.147773
Freq: H, Length: 11664, dtype: float64",2022-01-01,2023-05-01 23:00:00,486 days,100.0,35.86320989909588,107.28658680933668,41.14777267809264,-58.85222732190736,-70.17976286600607,36.3940329218107,100.0,66.57251296210043,469 days 22:00:00,108,0.0,54,35.18518518518518,30.933401902802775,-21.578550662216006,7.541681797296585,-6.057970406134834,4 days 13:15:47.368421052,2 days 13:58:17.142857142,0.6124855305822012,-1.089856061516803,-0.633230760757007,-0.7310972090380184,0.9642763017681171,-0.9542868283796583,long
3244,"{'window_k': 192, 'window_d': 162, 'window_ma': 192}","open_time
2022-01-01 00:00:00    100.000000
2022-01-01 01:00:00    100.000000
2022-01-01 02:00:00    100.000000
2022-01-01 03:00:00    100.000000
2022-01-01 04:00:00    100.000000
                          ...    
2023-05-01 19:00:00     31.185614
2023-05-01 20:00:00     31.113995
2023-05-01 21:00:00     31.270662
2023-05-01 22:00:00     31.409423
2023-05-01 23:00:00     31.409423
Freq: H, Length: 11664, dtype: float64",2022-01-01,2023-05-01 23:00:00,486 days,100.0,25.564585397399327,124.40355194179949,31.40942342473221,-68.59057657526779,-70.17976286600607,38.40877914951989,100.0,79.45027694276818,451 days 16:00:00,49,0.0,25,29.166666666666668,37.58813160987074,-35.979314802844215,14.935222006470953,-11.10067790360268,10 days 07:08:34.285714285,6 days 16:00:00,0.4073481281670235,-2.848988311150699,-1.1698551945258604,-0.7311978418906833,0.9423961370650364,-1.5957913074447911,long
2833,"{'window_k': 177, 'window_d': 27, 'window_ma': 27}","open_time
2022-01-01 00:00:00    100.000000
2022-01-01 01:00:00    100.000000
2022-01-01 02:00:00    100.000000
2022-01-01 03:00:00    100.000000
2022-01-01 04:00:00    100.000000
                          ...    
2023-05-01 19:00:00     42.542908
2023-05-01 20:00:00     42.542908
2023-05-01 21:00:00     42.542908
2023-05-01 22:00:00     42.542908
2023-05-01 23:00:00     42.542908
Freq: H, Length: 11664, dtype: float64",2022-01-01,2023-05-01 23:00:00,486 days,100.0,39.42466266551015,111.85143607845366,42.54290829349284,-57.45709170650716,-70.17976286600607,28.155006858710564,100.0,64.75265401343857,451 days 16:00:00,194,0.0,97,32.98969072164948,25.01121579183489,-13.878066757923566,5.119758296757384,-3.5787984297746016,2 days 05:35:37.500000,1 days 00:08:18.461538461,0.6137983204106553,-0.5923411516134751,-0.9598087012929472,-0.7315433942511016,0.9443959952655261,-1.324419024162168,long
103,"{'window_k': 12, 'window_d': 102, 'window_ma': 117}","open_time
2022-01-01 00:00:00    100.000000
2022-01-01 01:00:00    100.000000
2022-01-01 02:00:00    100.000000
2022-01-01 03:00:00    100.000000
2022-01-01 04:00:00    100.000000
                          ...    
2023-05-01 19:00:00     37.540618
2023-05-01 20:00:00     37.540618
2023-05-01 21:00:00     37.540618
2023-05-01 22:00:00     37.540618
2023-05-01 23:00:00     37.540618
Freq: H, Length: 11664, dtype: float64",2022-01-01,2023-05-01 23:00:00,486 days,100.0,32.88397791319268,114.16629164194993,37.54061765312274,-62.45938234687727,-70.17976286600607,35.89677640603566,100.0,71.19642107994196,439 days 04:00:00,148,0.0,74,31.08108108108108,35.1569427203405,-17.17134416543575,8.378776649021164,-5.191376076313018,3 days 21:57:23.478260869,1 days 15:43:31.764705882,0.6670925875366553,-0.8440457073902328,-0.81213662347155,-0.7316190987967013,0.9533360783409177,-1.2182854849471423,long
2769,"{'window_k': 162, 'window_d': 207, 'window_ma': 27}","open_time
2022-01-01 00:00:00    100.000000
2022-01-01 01:00:00    100.000000
2022-01-01 02:00:00    100.000000
2022-01-01 03:00:00    100.000000
2022-01-01 04:00:00    100.000000
                          ...    
2023-05-01 19:00:00     39.747631
2023-05-01 20:00:00     39.747631
2023-05-01 21:00:00     39.747631
2023-05-01 22:00:00     39.747631
2023-05-01 23:00:00     39.747631
Freq: H, Length: 11664, dtype: float64",2022-01-01,2023-05-01 23:00:00,486 days,100.0,37.94153267711221,119.71584474415731,39.74763076936011,-60.25236923063989,-70.17976286600607,20.63614540466392,100.0,68.30700835115317,451 days 16:00:00,42,0.0,21,33.33333333333333,15.155464531744553,-26.231322634200332,5.370725915950377,-8.454963767110193,3 days 17:00:00,5 days 07:25:42.857142857,0.3126775707838285,-2.869160439554281,-1.4700336482850842,-0.7318187228251761,0.9046519460858253,-2.008619371577179,long
3501,"{'window_k': 207, 'window_d': 162, 'window_ma': 207}","open_time
2022-01-01 00:00:00    100.000000
2022-01-01 01:00:00    100.000000
2022-01-01 02:00:00    100.000000
2022-01-01 03:00:00    100.000000
2022-01-01 04:00:00    100.000000
                          ...    
2023-05-01 19:00:00     32.814770
2023-05-01 20:00:00     32.739409
2023-05-01 21:00:00     32.904260
2023-05-01 22:00:00     33.050271
2023-05-01 23:00:00     33.050271
Freq: H, Length: 11664, dtype: float64",2022-01-01,2023-05-01 23:00:00,486 days,100.0,27.77493027365414,121.53010033444815,33.05027138565319,-66.94972861434681,-70.17976286600607,37.57716049382716,100.0,77.14563700908816,451 days 16:00:00,49,0.0,25,25.0,37.533000880023486,-29.870717517776335,13.784933157539975,-9.471957283127642,10 days 15:10:00,6 days 13:06:40,0.3413083945918383,-2.7982070782138626,-1.083714414477959,-0.7318648917434829,0.945321411256211,-1.489083141509419,long
3773,"{'window_k': 222, 'window_d': 177, 'window_ma': 207}","open_time
2022-01-01 00:00:00    100.000000
2022-01-01 01:00:00    100.000000
2022-01-01 02:00:00    100.000000
2022-01-01 03:00:00    100.000000
2022-01-01 04:00:00    100.000000
                          ...    
2023-05-01 19:00:00     35.752669
2023-05-01 20:00:00     35.752669
2023-05-01 21:00:00     35.752669
2023-05-01 22:00:00     35.752669
2023-05-01 23:00:00     35.752669
Freq: H, Length: 11664, dtype: float64",2022-01-01,2023-05-01 23:00:00,486 days,100.0,31.916579884832235,120.49740932642486,35.75266865464641,-64.24733134535359,-70.17976286600607,35.42524005486968,100.0,73.5126422524397,451 days 16:00:00,44,0.0,22,18.181818181818183,47.46286218561554,-24.541797049620012,21.029441601453026,-9.122845169585773,11 days 08:15:00,7 days 01:03:20,0.3824949100877994,-2.920333242970618,-1.106163759890909,-0.7320208059455112,0.943763295535393,-1.5172358710382434,long
3033,"{'window_k': 177, 'window_d': 207, 'window_ma': 147}","open_time
2022-01-01 00:00:00    100.000000
2022-01-01 01:00:00    100.000000
2022-01-01 02:00:00    100.000000
2022-01-01 03:00:00    100.000000
2022-01-01 04:00:00    100.000000
                          ...    
2023-05-01 19:00:00     37.299972
2023-05-01 20:00:00     37.299972
2023-05-01 21:00:00     37.299972
2023-05-01 22:00:00     37.299972
2023-05-01 23:00:00     37.299972
Freq: H, Length: 11664, dtype: float64",2022-01-01,2023-05-01 23:00:00,486 days,100.0,34.19473713546034,119.8639315534481,37.29997220256273,-62.70002779743727,-70.17976286600607,31.001371742112482,100.0,71.47203775790328,451 days 16:00:00,42,0.0,21,19.047619047619047,18.52541426177622,-24.325228641534682,13.125437774665505,-8.112344507438872,9 days 13:15:00,6 days 14:45:52.941176470,0.33879391157895283,-2.985715609401775,-1.1937722430662407,-0.7320276155076992,0.9363792786066563,-1.6290468062996541,long
27,"{'window_k': 12, 'window_d': 27, 'window_ma': 177}","open_time
2022-01-01 00:00:00    100.000000
2022-01-01 01:00:00    100.000000
2022-01-01 02:00:00    100.000000
2022-01-01 03:00:00    100.000000
2022-01-01 04:00:00    100.000000
                          ...    
2023-05-01 19:00:00     33.329907
2023-05-01 20:00:00     33.253364
2023-05-01 21:00:00     33.420803
2023-05-01 22:00:00     33.569106
2023-05-01 23:00:00     33.569106
Freq: H, Length: 11664, dtype: float64",2022-01-01,2023-05-01 23:00:00,486 days,100.0,24.750229776562563,104.74649873865077,33.56910560743327,-66.43089439256673,-70.17976286600607,40.20061728395062,100.0,76.37130589126805,454 days 07:00:00,393,0.0,197,35.204081632653065,27.726415941118393,-14.76460438747843,4.636536936133398,-3.1454809125884005,1 days 09:06:05.217391304,0 days 18:52:54.803149606,0.67464380574344,-0.3392992546794178,-0.7812153151643783,-0.7325768380042856,0.956667641799786,-1.1833765386395185,long
3764,"{'window_k': 222, 'window_d': 177, 'window_ma': 72}","open_time
2022-01-01 00:00:00    100.000000
2022-01-01 01:00:00    100.000000
2022-01-01 02:00:00    100.000000
2022-01-01 03:00:00    100.000000
2022-01-01 04:00:00    100.000000
                          ...    
2023-05-01 19:00:00     32.868487
2023-05-01 20:00:00     32.868487
2023-05-01 21:00:00     32.868487
2023-05-01 22:00:00     32.868487
2023-05-01 23:00:00     32.868487
Freq: H, Length: 11664, dtype: float64",2022-01-01,2023-05-01 23:00:00,486 days,100.0,26.942755009008554,118.76165803108807,32.86848696629596,-67.13151303370404,-70.17976286600607,27.52914951989026,100.0,77.31359139331333,453 days 11:00:00,44,0.0,22,27.27272727272727,29.848513184963508,-24.54179704962002,8.3310973192338,-9.074853004316768,5 days 12:00:00,6 days 07:11:15,0.25577756719233646,-3.0514324106229096,-1.3969822627030122,-0.7326029180852447,0.9215440407685327,-1.8962613785057993,long
770,"{'window_k': 57, 'window_d': 12, 'window_ma': 42}","open_time
2022-01-01 00:00:00    100.000000
2022-01-01 01:00:00    100.000000
2022-01-01 02:00:00    100.000000
2022-01-01 03:00:00    100.000000
2022-01-01 04:00:00    100.000000
                          ...    
2023-05-01 19:00:00     34.694954
2023-05-01 20:00:00     34.615276
2023-05-01 21:00:00     34.789572
2023-05-01 22:00:00     34.943949
2023-05-01 23:00:00     34.943949
Freq: H, Length: 11664, dtype: float64",2022-01-01,2023-05-01 23:00:00,486 days,100.0,25.51436835748876,100.0,34.943949202830254,-65.05605079716975,-70.17976286600607,41.289437585733886,100.0,74.48563164251124,482 days 08:00:00,481,0.0,241,32.083333333333336,30.792396009787314,-17.314709953441547,4.357715768911427,-2.5577981726169865,1 days 05:32:43.636363636,0 days 15:27:24.444444444,0.6991466688381541,-0.27079713380843096,-0.7516997760932443,-0.733022572934423,0.9598227820052344,-1.1315754757105092,long
3527,"{'window_k': 207, 'window_d': 192, 'window_ma': 117}","open_time
2022-01-01 00:00:00    100.000000
2022-01-01 01:00:00    100.000000
2022-01-01 02:00:00    100.000000
2022-01-01 03:00:00    100.000000
2022-01-01 04:00:00    100.000000
                          ...    
2023-05-01 19:00:00     34.887144
2023-05-01 20:00:00     34.887144
2023-05-01 21:00:00     34.887144
2023-05-01 22:00:00     34.887144
2023-05-01 23:00:00     34.887144
Freq: H, Length: 11664, dtype: float64",2022-01-01,2023-05-01 23:00:00,486 days,100.0,30.533261684974303,119.8639315534481,34.88714403695266,-65.11285596304734,-70.17976286600607,27.246227709190673,100.0,74.5267310280413,451 days 16:00:00,40,0.0,20,25.0,27.577174929840975,-25.65936522127849,11.202433521979938,-9.70290736882817,8 days 01:48:00,6 days 03:16:00,0.3299928395480262,-3.255642798152368,-1.377342969800474,-0.7333622196383982,0.9215005975903839,-1.8838013873415782,long
4001,"{'window_k': 237, 'window_d': 162, 'window_ma': 27}","open_time
2022-01-01 00:00:00    100.000000
2022-01-01 01:00:00    100.000000
2022-01-01 02:00:00    100.000000
2022-01-01 03:00:00    100.000000
2022-01-01 04:00:00    100.000000
                          ...    
2023-05-01 19:00:00     36.540552
2023-05-01 20:00:00     36.456635
2023-05-01 21:00:00     36.640203
2023-05-01 22:00:00     36.802792
2023-05-01 23:00:00     36.802792
Freq: H, Length: 11664, dtype: float64",2022-01-01,2023-05-01 23:00:00,486 days,100.0,34.34074755189486,122.55480607082632,36.80279212685665,-63.19720787314335,-70.17976286600607,24.957133058984912,100.0,71.97927306739092,451 days 16:00:00,47,0.0,24,17.391304347826086,18.896578239138794,-23.434903047091417,12.314897475460207,-7.149908580410582,5 days 05:45:00,5 days 06:18:56.842105263,0.36293470140956635,-2.742687920758012,-1.1827649115401906,-0.7335113537408677,0.9245587637388828,-1.6873397490931261,long
2560,"{'window_k': 162, 'window_d': 12, 'window_ma': 12}","open_time
2022-01-01 00:00:00    100.000000
2022-01-01 01:00:00    100.000000
2022-01-01 02:00:00    100.000000
2022-01-01 03:00:00    100.000000
2022-01-01 04:00:00    100.000000
                          ...    
2023-05-01 19:00:00     34.898879
2023-05-01 20:00:00     34.818732
2023-05-01 21:00:00     34.994053
2023-05-01 22:00:00     34.994053
2023-05-01 23:00:00     34.994053
Freq: H, Length: 11664, dtype: float64",2022-01-01,2023-05-01 23:00:00,486 days,100.0,26.192524684634375,102.11758017907053,34.99405329549771,-65.00594670450229,-70.17976286600607,29.595336076817556,100.0,74.35062147114738,477 days 04:00:00,466,0.0,233,34.33476394849785,35.122786978869236,-14.131233595800536,3.570301055744736,-2.4398911184021954,0 days 21:24:45,0 days 11:24:24,0.6649274058403314,-0.2789954794184656,-0.8928698774297195,-0.7336961996402123,0.9429241479865343,-1.3868479093088235,long
531,"{'window_k': 42, 'window_d': 27, 'window_ma': 57}","open_time
2022-01-01 00:00:00    100.000000
2022-01-01 01:00:00    100.000000
2022-01-01 02:00:00    100.000000
2022-01-01 03:00:00    100.000000
2022-01-01 04:00:00    100.000000
                          ...    
2023-05-01 19:00:00     27.821128
2023-05-01 20:00:00     27.821128
2023-05-01 21:00:00     27.821128
2023-05-01 22:00:00     27.821128
2023-05-01 23:00:00     27.821128
Freq: H, Length: 11664, dtype: float64",2022-01-01,2023-05-01 23:00:00,486 days,100.0,15.947614817851967,100.63671311869294,27.821127610764904,-72.1788723892351,-70.17976286600607,41.32373113854595,100.0,84.15328330621944,481 days 09:00:00,268,0.0,134,34.32835820895522,31.511350059737147,-23.3301975540922,5.430062738936137,-3.9858641429459634,1 days 23:22:10.434782608,1 days 06:00:40.909090909,0.4832739663380792,-0.5386483014122024,-0.9816705554832202,-0.7336984289558777,0.9475309756424151,-1.4880990413575623,long
4030,"{'window_k': 237, 'window_d': 177, 'window_ma': 222}","open_time
2022-01-01 00:00:00    100.000000
2022-01-01 01:00:00    100.000000
2022-01-01 02:00:00    100.000000
2022-01-01 03:00:00    100.000000
2022-01-01 04:00:00    100.000000
                          ...    
2023-05-01 19:00:00     34.500374
2023-05-01 20:00:00     34.500374
2023-05-01 21:00:00     34.500374
2023-05-01 22:00:00     34.500374
2023-05-01 23:00:00     34.500374
Freq: H, Length: 11664, dtype: float64",2022-01-01,2023-05-01 23:00:00,486 days,100.0,30.00094026058927,119.97523730912091,34.50037361226802,-65.49962638773198,-70.17976286600607,36.21399176954733,100.0,74.99405632906507,451 days 16:00:00,44,0.0,22,27.27272727272727,46.83655536028121,-25.62611806797852,14.613276380966667,-10.604419941272623,11 days 04:10:00,6 days 19:26:15,0.363242252672599,-2.977255744896909,-1.1195416755473333,-0.7338336364537572,0.9442198440668566,-1.5330908254007105,long
3537,"{'window_k': 207, 'window_d': 207, 'window_ma': 27}","open_time
2022-01-01 00:00:00    100.000000
2022-01-01 01:00:00    100.000000
2022-01-01 02:00:00    100.000000
2022-01-01 03:00:00    100.000000
2022-01-01 04:00:00    100.000000
                          ...    
2023-05-01 19:00:00     39.442197
2023-05-01 20:00:00     39.442197
2023-05-01 21:00:00     39.442197
2023-05-01 22:00:00     39.442197
2023-05-01 23:00:00     39.442197
Freq: H, Length: 11664, dtype: float64",2022-01-01,2023-05-01 23:00:00,486 days,100.0,38.386018327547475,121.90755890691852,39.44219654946014,-60.55780345053986,-70.17976286600607,20.096021947873798,100.0,68.51219180194003,424 days 03:00:00,40,0.0,20,25.0,14.728250788350946,-23.306505700871902,7.572382918624856,-7.977157720492327,5 days 06:36:00,4 days 18:04:00,0.3063350327884575,-3.027890172526992,-1.4328219023228683,-0.7338438381648852,0.9048323789625967,-1.9613842506734376,long
593,"{'window_k': 42, 'window_d': 87, 'window_ma': 27}","open_time
2022-01-01 00:00:00    100.000000
2022-01-01 01:00:00    100.000000
2022-01-01 02:00:00    100.000000
2022-01-01 03:00:00    100.000000
2022-01-01 04:00:00    100.000000
                          ...    
2023-05-01 19:00:00     43.880876
2023-05-01 20:00:00     43.880876
2023-05-01 21:00:00     43.880876
2023-05-01 22:00:00     43.880876
2023-05-01 23:00:00     43.880876
Freq: H, Length: 11664, dtype: float64",2022-01-01,2023-05-01 23:00:00,486 days,100.0,40.6292935470433,109.37347183795265,43.880876437110054,-56.11912356288995,-70.17976286600607,29.5181755829904,100.0,62.852698314962964,462 days 03:00:00,110,0.0,55,27.27272727272727,20.463791700569566,-16.699073544549925,6.095677120737799,-4.0472342143793965,2 days 20:16:00,2 days 12:28:30,0.5047603555748341,-1.0203477011434534,-0.9488128300270744,-0.7339551034815303,0.9468754793307378,-1.326662194469125,long
771,"{'window_k': 57, 'window_d': 12, 'window_ma': 57}","open_time
2022-01-01 00:00:00    100.000000
2022-01-01 01:00:00    100.000000
2022-01-01 02:00:00    100.000000
2022-01-01 03:00:00    100.000000
2022-01-01 04:00:00    100.000000
                          ...    
2023-05-01 19:00:00     35.394546
2023-05-01 20:00:00     35.313261
2023-05-01 21:00:00     35.491072
2023-05-01 22:00:00     35.648562
2023-05-01 23:00:00     35.648562
Freq: H, Length: 11664, dtype: float64",2022-01-01,2023-05-01 23:00:00,486 days,100.0,26.568256901324585,100.0,35.64856158383216,-64.35143841616784,-70.17976286600607,41.43518518518518,100.0,73.43174309867541,482 days 08:00:00,483,0.0,242,32.365145228215766,30.792396009787325,-17.314709953441554,4.33109302053168,-2.559283589890462,1 days 05:46:09.230769230,0 days 15:16:17.777777777,0.708039989547527,-0.26674437484405666,-0.7307813301988562,-0.7342032846218767,0.9609876943923915,-1.1008077734775754,long
3771,"{'window_k': 222, 'window_d': 177, 'window_ma': 177}","open_time
2022-01-01 00:00:00    100.000000
2022-01-01 01:00:00    100.000000
2022-01-01 02:00:00    100.000000
2022-01-01 03:00:00    100.000000
2022-01-01 04:00:00    100.000000
                          ...    
2023-05-01 19:00:00     35.150061
2023-05-01 20:00:00     35.150061
2023-05-01 21:00:00     35.150061
2023-05-01 22:00:00     35.150061
2023-05-01 23:00:00     35.150061
Freq: H, Length: 11664, dtype: float64",2022-01-01,2023-05-01 23:00:00,486 days,100.0,31.247829931105567,120.49740932642486,35.15006054537716,-64.84993945462284,-70.17976286600607,35.176611796982165,100.0,74.06763339910829,451 days 16:00:00,44,0.0,22,18.181818181818183,47.46286218561554,-24.541797049620023,20.61198298458385,-9.13919657591446,11 days 00:15:00,7 days 01:13:20,0.3655316915947438,-2.947724520664675,-1.146421874221381,-0.7344460540896308,0.9414522667468925,-1.571112264563278,long
538,"{'window_k': 42, 'window_d': 27, 'window_ma': 162}","open_time
2022-01-01 00:00:00    100.000000
2022-01-01 01:00:00    100.000000
2022-01-01 02:00:00    100.000000
2022-01-01 03:00:00    100.000000
2022-01-01 04:00:00    100.000000
                          ...    
2023-05-01 19:00:00     27.870534
2023-05-01 20:00:00     27.870534
2023-05-01 21:00:00     27.870534
2023-05-01 22:00:00     27.870534
2023-05-01 23:00:00     27.870534
Freq: H, Length: 11664, dtype: float64",2022-01-01,2023-05-01 23:00:00,486 days,100.0,16.112695955828322,100.63671311869294,27.87053420062435,-72.12946579937565,-70.17976286600607,40.86934156378601,100.0,83.98924661139849,481 days 09:00:00,268,0.0,134,35.07462686567165,31.511350059737147,-23.330197554092198,5.317485538120536,-4.031095073171951,1 days 22:28:05.106382978,1 days 05:41:22.758620689,0.48205681580951737,-0.5382795955177286,-0.9818319461280652,-0.734524017286526,0.9472509675791637,-1.487938630070445,long
3147,"{'window_k': 192, 'window_d': 72, 'window_ma': 177}","open_time
2022-01-01 00:00:00    100.000000
2022-01-01 01:00:00    100.000000
2022-01-01 02:00:00    100.000000
2022-01-01 03:00:00    100.000000
2022-01-01 04:00:00    100.000000
                          ...    
2023-05-01 19:00:00     38.204941
2023-05-01 20:00:00     38.117202
2023-05-01 21:00:00     38.309131
2023-05-01 22:00:00     38.479126
2023-05-01 23:00:00     38.479126
Freq: H, Length: 11664, dtype: float64",2022-01-01,2023-05-01 23:00:00,486 days,100.0,34.06178936063196,111.9504075307083,38.47912587700632,-61.52087412299368,-70.17976286600607,33.62482853223594,100.0,69.57421584080548,462 days 03:00:00,75,0.0,38,27.027027027027028,22.078247784651392,-23.168488258846452,9.423138808247614,-6.4634727001974825,6 days 01:54:00,3 days 15:15:33.333333333,0.46909048542776705,-1.6768060990080549,-0.7492125904195835,-0.735787944588734,0.9558076084204115,-1.1318600877753293,long
3025,"{'window_k': 177, 'window_d': 207, 'window_ma': 27}","open_time
2022-01-01 00:00:00    100.000000
2022-01-01 01:00:00    100.000000
2022-01-01 02:00:00    100.000000
2022-01-01 03:00:00    100.000000
2022-01-01 04:00:00    100.000000
                          ...    
2023-05-01 19:00:00     38.685566
2023-05-01 20:00:00     38.685566
2023-05-01 21:00:00     38.685566
2023-05-01 22:00:00     38.685566
2023-05-01 23:00:00     38.685566
Freq: H, Length: 11664, dtype: float64",2022-01-01,2023-05-01 23:00:00,486 days,100.0,36.817979878146545,119.8639315534481,38.68556644483596,-61.31443355516404,-70.17976286600607,20.241769547325102,100.0,69.28352057121606,451 days 16:00:00,42,0.0,21,23.809523809523807,15.874652097721878,-24.32522864153469,6.871871374040869,-7.396003563108468,3 days 13:24:00,5 days 00:52:30,0.28723491547702423,-2.9197349311982856,-1.529511142907444,-0.736038508588531,0.8998010992252476,-2.0859914841611187,long
772,"{'window_k': 57, 'window_d': 12, 'window_ma': 72}","open_time
2022-01-01 00:00:00    100.000000
2022-01-01 01:00:00    100.000000
2022-01-01 02:00:00    100.000000
2022-01-01 03:00:00    100.000000
2022-01-01 04:00:00    100.000000
                          ...    
2023-05-01 19:00:00     34.913051
2023-05-01 20:00:00     34.832872
2023-05-01 21:00:00     35.008264
2023-05-01 22:00:00     35.163611
2023-05-01 23:00:00     35.163611
Freq: H, Length: 11664, dtype: float64",2022-01-01,2023-05-01 23:00:00,486 days,100.0,26.127565625359544,100.0,35.16361094587805,-64.83638905412195,-70.17976286600607,41.51234567901235,100.0,73.87243437464045,482 days 08:00:00,483,0.0,242,32.365145228215766,30.79239600978732,-17.314709953441557,4.317861756946008,-2.561561874902228,1 days 05:46:55.384615384,0 days 15:19:15.555555555,0.703034792614227,-0.2687603461247213,-0.7436088562550076,-0.7362080261974517,0.9603660652166784,-1.119206504524496,long
3247,"{'window_k': 192, 'window_d': 162, 'window_ma': 237}","open_time
2022-01-01 00:00:00    100.000000
2022-01-01 01:00:00    100.000000
2022-01-01 02:00:00    100.000000
2022-01-01 03:00:00    100.000000
2022-01-01 04:00:00    100.000000
                          ...    
2023-05-01 19:00:00     30.494252
2023-05-01 20:00:00     30.424221
2023-05-01 21:00:00     30.577415
2023-05-01 22:00:00     30.713100
2023-05-01 23:00:00     30.713100
Freq: H, Length: 11664, dtype: float64",2022-01-01,2023-05-01 23:00:00,486 days,100.0,25.099755139426343,124.40355194179949,30.713100299036086,-69.28689970096391,-70.17976286600607,37.94581618655693,100.0,79.82392403782093,451 days 16:00:00,49,0.0,25,29.166666666666668,37.58813160987076,-35.97931480284422,13.431844791124872,-10.697415612676478,10 days 20:00:00,6 days 07:31:45.882352941,0.3715377834784907,-2.878200242193424,-1.1980530416750128,-0.7365403472200198,0.9407200486067805,-1.63215916445148,long
46,"{'window_k': 12, 'window_d': 42, 'window_ma': 222}","open_time
2022-01-01 00:00:00    100.000000
2022-01-01 01:00:00    100.000000
2022-01-01 02:00:00    100.000000
2022-01-01 03:00:00    100.000000
2022-01-01 04:00:00    100.000000
                          ...    
2023-05-01 19:00:00     28.883702
2023-05-01 20:00:00     28.883702
2023-05-01 21:00:00     28.883702
2023-05-01 22:00:00     28.883702
2023-05-01 23:00:00     28.883702
Freq: H, Length: 11664, dtype: float64",2022-01-01,2023-05-01 23:00:00,486 days,100.0,17.77854643365362,100.63671311869294,28.88370216530606,-71.11629783469394,-70.17976286600607,38.38305898491084,100.0,82.3339357152044,481 days 09:00:00,294,0.0,147,35.374149659863946,28.57142857142859,-13.87806675792356,4.7086739536631566,-3.6334405696597476,1 days 18:40:23.076923076,0 days 23:46:06.315789473,0.4607693190650888,-0.4837843390115244,-0.9874264524232156,-0.73664526596724,0.9452917489641096,-1.4951342201508482,long
19,"{'window_k': 12, 'window_d': 27, 'window_ma': 57}","open_time
2022-01-01 00:00:00    100.000000
2022-01-01 01:00:00    100.000000
2022-01-01 02:00:00    100.000000
2022-01-01 03:00:00    100.000000
2022-01-01 04:00:00    100.000000
                          ...    
2023-05-01 19:00:00     32.991903
2023-05-01 20:00:00     32.916136
2023-05-01 21:00:00     33.081877
2023-05-01 22:00:00     33.228676
2023-05-01 23:00:00     33.228676
Freq: H, Length: 11664, dtype: float64",2022-01-01,2023-05-01 23:00:00,486 days,100.0,24.750229776562563,104.74649873865077,33.22867614122117,-66.77132385877883,-70.17976286600607,40.34636488340192,100.0,76.37130589126805,454 days 07:00:00,393,0.0,197,35.204081632653065,27.726415941118393,-14.76460438747843,4.636536936133399,-3.153462791565857,1 days 09:06:05.217391304,0 days 19:00:56.692913385,0.6732225857029637,-0.3410324268316087,-0.7914927020626139,-0.7369756065214036,0.9561759264226413,-1.1988797902943962,long
542,"{'window_k': 42, 'window_d': 27, 'window_ma': 222}","open_time
2022-01-01 00:00:00    100.000000
2022-01-01 01:00:00    100.000000
2022-01-01 02:00:00    100.000000
2022-01-01 03:00:00    100.000000
2022-01-01 04:00:00    100.000000
                          ...    
2023-05-01 19:00:00     27.063186
2023-05-01 20:00:00     27.063186
2023-05-01 21:00:00     27.063186
2023-05-01 22:00:00     27.063186
2023-05-01 23:00:00     27.063186
Freq: H, Length: 11664, dtype: float64",2022-01-01,2023-05-01 23:00:00,486 days,100.0,15.260880350304488,100.63671311869294,27.063186482805634,-72.93681351719437,-70.17976286600607,41.27229080932784,100.0,84.83567290964133,481 days 09:00:00,268,0.0,134,35.07462686567165,31.511350059737147,-23.330197554092198,5.311041361275705,-4.060406981903094,1 days 22:43:24.255319148,1 days 06:05:31.034482758,0.4741364201729441,-0.5443045784865247,-1.0109205959147523,-0.7370551970092838,0.9459936303166153,-1.5321728935919579,long
155,"{'window_k': 12, 'window_d': 147, 'window_ma': 177}","open_time
2022-01-01 00:00:00    100.000000
2022-01-01 01:00:00    100.000000
2022-01-01 02:00:00    100.000000
2022-01-01 03:00:00    100.000000
2022-01-01 04:00:00    100.000000
                          ...    
2023-05-01 19:00:00     38.032584
2023-05-01 20:00:00     37.945240
2023-05-01 21:00:00     38.136304
2023-05-01 22:00:00     38.305532
2023-05-01 23:00:00     38.305532
Freq: H, Length: 11664, dtype: float64",2022-01-01,2023-05-01 23:00:00,486 days,100.0,34.69778869957805,114.41462290039897,38.30553176596236,-61.69446823403765,-70.17976286600607,32.26165980795611,100.0,69.67364151540018,451 days 16:00:00,131,0.0,66,21.53846153846154,38.28893845951975,-12.699985841710323,8.606111941681986,-3.888463263924111,4 days 10:34:17.142857142,1 days 18:11:45.882352941,0.5256839211956437,-0.9535968182366743,-1.055040275986777,-0.7371128004630751,0.9443554806874652,-1.4638902527864568,long
3255,"{'window_k': 192, 'window_d': 177, 'window_ma': 117}","open_time
2022-01-01 00:00:00    100.000000
2022-01-01 01:00:00    100.000000
2022-01-01 02:00:00    100.000000
2022-01-01 03:00:00    100.000000
2022-01-01 04:00:00    100.000000
                          ...    
2023-05-01 19:00:00     31.133727
2023-05-01 20:00:00     31.062227
2023-05-01 21:00:00     31.218633
2023-05-01 22:00:00     31.357164
2023-05-01 23:00:00     31.357164
Freq: H, Length: 11664, dtype: float64",2022-01-01,2023-05-01 23:00:00,486 days,100.0,25.795646273394905,121.93791946308724,31.35716419546118,-68.64283580453882,-70.17976286600607,30.33264746227709,100.0,78.84526291167063,451 days 16:00:00,47,0.0,24,21.73913043478261,31.463273568536685,-23.751657092355284,10.54984810169829,-9.005378707789054,6 days 12:48:00,6 days 01:31:45.882352941,0.28117223820113985,-2.9908827955641826,-1.3938535803525787,-0.7374729218995708,0.9231926487606177,-1.9119052039943647,long
1767,"{'window_k': 102, 'window_d': 222, 'window_ma': 117}","open_time
2022-01-01 00:00:00    100.000000
2022-01-01 01:00:00    100.000000
2022-01-01 02:00:00    100.000000
2022-01-01 03:00:00    100.000000
2022-01-01 04:00:00    100.000000
                          ...    
2023-05-01 19:00:00     31.412212
2023-05-01 20:00:00     31.412212
2023-05-01 21:00:00     31.412212
2023-05-01 22:00:00     31.412212
2023-05-01 23:00:00     31.412212
Freq: H, Length: 11664, dtype: float64",2022-01-01,2023-05-01 23:00:00,486 days,100.0,25.626994746865684,120.60989523908307,31.41221245137956,-68.58778754862044,-70.17976286600607,30.538408779149517,100.0,78.75216233621157,451 days 16:00:00,50,0.0,25,28.000000000000004,25.142227931730588,-24.207717113310345,7.3335779762904645,-8.49965318405303,7 days 07:34:17.142857142,5 days 09:36:40,0.2739713447740275,-2.743511501944818,-1.4735881606017383,-0.7376442081021231,0.9218396801975499,-2.014092909091209,long
2785,"{'window_k': 162, 'window_d': 222, 'window_ma': 27}","open_time
2022-01-01 00:00:00    100.000000
2022-01-01 01:00:00    100.000000
2022-01-01 02:00:00    100.000000
2022-01-01 03:00:00    100.000000
2022-01-01 04:00:00    100.000000
                          ...    
2023-05-01 19:00:00     39.555769
2023-05-01 20:00:00     39.555769
2023-05-01 21:00:00     39.555769
2023-05-01 22:00:00     39.555769
2023-05-01 23:00:00     39.555769
Freq: H, Length: 11664, dtype: float64",2022-01-01,2023-05-01 23:00:00,486 days,100.0,38.06662005735502,119.00080963912175,39.55576874322261,-60.44423125677739,-70.17976286600607,20.516117969821675,100.0,68.0114612893856,424 days 03:00:00,38,0.0,19,26.31578947368421,13.507065516608549,-22.32662192393736,5.799808409894963,-7.998736396996393,6 days 06:11:59.999999999,4 days 21:17:08.571428571,0.24227260283835603,-3.1812753293040714,-1.518433269461219,-0.7376662560890067,0.9010189373130293,-2.0614901155337653,long
541,"{'window_k': 42, 'window_d': 27, 'window_ma': 207}","open_time
2022-01-01 00:00:00    100.000000
2022-01-01 01:00:00    100.000000
2022-01-01 02:00:00    100.000000
2022-01-01 03:00:00    100.000000
2022-01-01 04:00:00    100.000000
                          ...    
2023-05-01 19:00:00     27.631454
2023-05-01 20:00:00     27.631454
2023-05-01 21:00:00     27.631454
2023-05-01 22:00:00     27.631454
2023-05-01 23:00:00     27.631454
Freq: H, Length: 11664, dtype: float64",2022-01-01,2023-05-01 23:00:00,486 days,100.0,16.170111614403442,100.63671311869294,27.63145418051458,-72.36854581948542,-70.17976286600607,40.63786008230453,100.0,83.93219421292895,481 days 09:00:00,268,0.0,134,35.07462686567165,31.511350059737154,-23.330197554092187,5.296725239709444,-4.029642089345244,1 days 21:43:24.255319148,1 days 05:46:53.793103448,0.48293188855117825,-0.54006377477228,-0.995068347549355,-0.7379669091120079,0.9463777838413902,-1.5076146703527236,long
587,"{'window_k': 42, 'window_d': 72, 'window_ma': 177}","open_time
2022-01-01 00:00:00    100.000000
2022-01-01 01:00:00    100.000000
2022-01-01 02:00:00    100.000000
2022-01-01 03:00:00    100.000000
2022-01-01 04:00:00    100.000000
                          ...    
2023-05-01 19:00:00     41.628426
2023-05-01 20:00:00     41.628426
2023-05-01 21:00:00     41.628426
2023-05-01 22:00:00     41.628426
2023-05-01 23:00:00     41.628426
Freq: H, Length: 11664, dtype: float64",2022-01-01,2023-05-01 23:00:00,486 days,100.0,36.81676005717898,106.13086038124678,41.62842643096439,-58.371573569035604,-70.17976286600607,39.78909465020576,100.0,65.3100333635998,469 days 22:00:00,130,0.0,65,38.46153846153847,19.010967866076577,-20.993179880647915,5.769885272227851,-5.348643378343416,3 days 22:55:12,2 days 08:42:00,0.5981343773205502,-0.8980242087543944,-0.6038250309303684,-0.7383448423956619,0.9670036580484921,-0.9143006108101848,long
360,"{'window_k': 27, 'window_d': 102, 'window_ma': 132}","open_time
2022-01-01 00:00:00    100.000000
2022-01-01 01:00:00    100.000000
2022-01-01 02:00:00    100.000000
2022-01-01 03:00:00    100.000000
2022-01-01 04:00:00    100.000000
                          ...    
2023-05-01 19:00:00     39.864576
2023-05-01 20:00:00     39.864576
2023-05-01 21:00:00     39.864576
2023-05-01 22:00:00     39.864576
2023-05-01 23:00:00     39.864576
Freq: H, Length: 11664, dtype: float64",2022-01-01,2023-05-01 23:00:00,486 days,100.0,35.12089312319789,108.1304929001205,39.864575996028364,-60.135424003971636,-70.17976286600607,37.48285322359396,100.0,67.51989916883218,275 days 07:00:00,108,0.0,54,37.03703703703704,30.93340190280277,-21.578550662216017,7.390313264779043,-6.429401472831025,4 days 16:30:00,2 days 14:24:42.352941176,0.6222418974754705,-1.1136189630365119,-0.6532210745210246,-0.7387137613387492,0.9637771587479647,-0.9802338260249297,long
97,"{'window_k': 12, 'window_d': 102, 'window_ma': 27}","open_time
2022-01-01 00:00:00    100.000000
2022-01-01 01:00:00    100.000000
2022-01-01 02:00:00    100.000000
2022-01-01 03:00:00    100.000000
2022-01-01 04:00:00    100.000000
                          ...    
2023-05-01 19:00:00     38.736931
2023-05-01 20:00:00     38.736931
2023-05-01 21:00:00     38.736931
2023-05-01 22:00:00     38.736931
2023-05-01 23:00:00     38.736931
Freq: H, Length: 11664, dtype: float64",2022-01-01,2023-05-01 23:00:00,486 days,100.0,35.106043433568736,112.92038239485588,38.73693099485372,-61.26306900514628,-70.17976286600607,29.578189300411523,100.0,68.91080007964267,439 days 04:00:00,148,0.0,74,32.432432432432435,36.13229295974464,-17.17134416543574,6.761912127251081,-4.6929443092005885,3 days 02:25:00,1 days 09:16:48,0.6150102728889059,-0.8278793108803546,-1.088649343433051,-0.7393105430641941,0.9376058403569337,-1.5433310717586655,long
4033,"{'window_k': 237, 'window_d': 192, 'window_ma': 27}","open_time
2022-01-01 00:00:00    100.000000
2022-01-01 01:00:00    100.000000
2022-01-01 02:00:00    100.000000
2022-01-01 03:00:00    100.000000
2022-01-01 04:00:00    100.000000
                          ...    
2023-05-01 19:00:00     39.628178
2023-05-01 20:00:00     39.628178
2023-05-01 21:00:00     39.628178
2023-05-01 22:00:00     39.628178
2023-05-01 23:00:00     39.628178
Freq: H, Length: 11664, dtype: float64",2022-01-01,2023-05-01 23:00:00,486 days,100.0,38.567020069310466,119.56197624800781,39.62817849250755,-60.37182150749245,-70.17976286600607,20.25891632373114,100.0,67.7430724385897,451 days 16:00:00,38,0.0,19,26.31578947368421,15.672339629698884,-24.463283056258934,6.479936962008987,-8.17105037405945,4 days 18:00:00,5 days 08:04:17.142857142,0.26831550042700125,-3.1774642898680217,-1.4072602744186258,-0.7395777387481639,0.9069933910243052,-1.9298064963772055,long
532,"{'window_k': 42, 'window_d': 27, 'window_ma': 72}","open_time
2022-01-01 00:00:00    100.000000
2022-01-01 01:00:00    100.000000
2022-01-01 02:00:00    100.000000
2022-01-01 03:00:00    100.000000
2022-01-01 04:00:00    100.000000
                          ...    
2023-05-01 19:00:00     26.824829
2023-05-01 20:00:00     26.824829
2023-05-01 21:00:00     26.824829
2023-05-01 22:00:00     26.824829
2023-05-01 23:00:00     26.824829
Freq: H, Length: 11664, dtype: float64",2022-01-01,2023-05-01 23:00:00,486 days,100.0,15.260880350304488,100.63671311869294,26.824829091925608,-73.17517090807439,-70.17976286600607,41.04080932784637,100.0,84.83567290964133,481 days 09:00:00,268,0.0,134,33.582089552238806,31.511350059737165,-23.330197554092198,5.5216778723562925,-3.966558585344747,1 days 23:25:20,1 days 05:48:32.359550561,0.4716495134133081,-0.5460833649856288,-1.019082580279734,-0.7399800608696688,0.9454738445966197,-1.543582526955888,long
769,"{'window_k': 57, 'window_d': 12, 'window_ma': 27}","open_time
2022-01-01 00:00:00    100.000000
2022-01-01 01:00:00    100.000000
2022-01-01 02:00:00    100.000000
2022-01-01 03:00:00    100.000000
2022-01-01 04:00:00    100.000000
                          ...    
2023-05-01 19:00:00     33.831321
2023-05-01 20:00:00     33.753626
2023-05-01 21:00:00     33.923584
2023-05-01 22:00:00     34.074118
2023-05-01 23:00:00     34.074118
Freq: H, Length: 11664, dtype: float64",2022-01-01,2023-05-01 23:00:00,486 days,100.0,25.10633668672365,100.0,34.074118384059915,-65.92588161594009,-70.17976286600607,39.128943758573385,100.0,74.89366331327635,482 days 08:00:00,481,0.0,241,32.916666666666664,24.064245810055844,-17.314709953441554,4.00795456527898,-2.510491089965087,1 days 04:18:13.670886075,0 days 14:19:07.500000,0.6799412429529602,-0.27442814341364863,-0.9415243674416666,-0.74039714800167,0.9519247405739033,-1.3452020772170015,long
3770,"{'window_k': 222, 'window_d': 177, 'window_ma': 162}","open_time
2022-01-01 00:00:00    100.000000
2022-01-01 01:00:00    100.000000
2022-01-01 02:00:00    100.000000
2022-01-01 03:00:00    100.000000
2022-01-01 04:00:00    100.000000
                          ...    
2023-05-01 19:00:00     34.605562
2023-05-01 20:00:00     34.605562
2023-05-01 21:00:00     34.605562
2023-05-01 22:00:00     34.605562
2023-05-01 23:00:00     34.605562
Freq: H, Length: 11664, dtype: float64",2022-01-01,2023-05-01 23:00:00,486 days,100.0,31.102577538293442,120.49740932642486,34.60556155226992,-65.39443844773008,-70.17976286600607,33.03326474622771,100.0,74.18817739555111,451 days 16:00:00,44,0.0,22,22.727272727272727,47.46286218561555,-24.54179704962002,16.96779411004089,-9.825238003100468,9 days 13:24:00,6 days 15:10:35.294117647,0.3696700539384098,-2.972474474896822,-1.171843739674366,-0.7404176335867089,0.9388699396986204,-1.6063196756070017,long
355,"{'window_k': 27, 'window_d': 102, 'window_ma': 57}","open_time
2022-01-01 00:00:00    100.000000
2022-01-01 01:00:00    100.000000
2022-01-01 02:00:00    100.000000
2022-01-01 03:00:00    100.000000
2022-01-01 04:00:00    100.000000
                          ...    
2023-05-01 19:00:00     40.030893
2023-05-01 20:00:00     40.030893
2023-05-01 21:00:00     40.030893
2023-05-01 22:00:00     40.030893
2023-05-01 23:00:00     40.030893
Freq: H, Length: 11664, dtype: float64",2022-01-01,2023-05-01 23:00:00,486 days,100.0,35.26741895790561,107.28658680933668,40.03089267404105,-59.969107325958944,-70.17976286600607,32.63031550068587,100.0,67.12783954942964,469 days 22:00:00,108,0.0,54,38.88888888888889,21.53662420382166,-21.578550662216006,6.136733268781551,-6.157192026571678,3 days 23:02:51.428571428,2 days 06:50:54.545454545,0.5785367078190737,-1.1105390245547957,-0.7166849752176785,-0.740689877887555,0.9565869338270097,-1.0854939776857635,long
148,"{'window_k': 12, 'window_d': 147, 'window_ma': 72}","open_time
2022-01-01 00:00:00    100.000000
2022-01-01 01:00:00    100.000000
2022-01-01 02:00:00    100.000000
2022-01-01 03:00:00    100.000000
2022-01-01 04:00:00    100.000000
                          ...    
2023-05-01 19:00:00     38.087212
2023-05-01 20:00:00     38.087212
2023-05-01 21:00:00     38.087212
2023-05-01 22:00:00     38.087212
2023-05-01 23:00:00     38.087212
Freq: H, Length: 11664, dtype: float64",2022-01-01,2023-05-01 23:00:00,486 days,100.0,34.46277530984024,113.43259720730653,38.08721183950804,-61.912788160491964,-70.17976286600607,29.82681755829904,100.0,69.61827890896569,453 days 11:00:00,132,0.0,66,22.727272727272727,38.288938459519755,-12.699985841710326,7.940102701130629,-3.8795128069219182,3 days 23:32:00,1 days 16:07:03.529411764,0.5136345698439502,-0.9380725478862412,-1.093011376922551,-0.7406918692738516,0.9404096647989761,-1.516752764778781,long
2305,"{'window_k': 147, 'window_d': 12, 'window_ma': 27}","open_time
2022-01-01 00:00:00    100.000000
2022-01-01 01:00:00    100.000000
2022-01-01 02:00:00    100.000000
2022-01-01 03:00:00    100.000000
2022-01-01 04:00:00    100.000000
                          ...    
2023-05-01 19:00:00     34.309578
2023-05-01 20:00:00     34.230785
2023-05-01 21:00:00     34.403146
2023-05-01 22:00:00     34.555808
2023-05-01 23:00:00     34.555808
Freq: H, Length: 11664, dtype: float64",2022-01-01,2023-05-01 23:00:00,486 days,100.0,25.874283848495107,100.38448812722052,34.5558076614947,-65.4441923385053,-70.17976286600607,38.828875171467764,100.0,74.22481866351323,453 days 11:00:00,463,0.0,232,31.601731601731604,23.839397741530753,-14.131233595800518,4.225895315636059,-2.4752273754775858,1 days 06:00:49.315068493,0 days 14:45:11.392405063,0.6776138898144242,-0.28362797013944174,-0.8974373164186391,-0.740707894741526,0.9539964592211183,-1.2938711620039807,long
111,"{'window_k': 12, 'window_d': 102, 'window_ma': 237}","open_time
2022-01-01 00:00:00    100.00000
2022-01-01 01:00:00    100.00000
2022-01-01 02:00:00    100.00000
2022-01-01 03:00:00    100.00000
2022-01-01 04:00:00    100.00000
                         ...    
2023-05-01 19:00:00     36.47001
2023-05-01 20:00:00     36.47001
2023-05-01 21:00:00     36.47001
2023-05-01 22:00:00     36.47001
2023-05-01 23:00:00     36.47001
Freq: H, Length: 11664, dtype: float64",2022-01-01,2023-05-01 23:00:00,486 days,100.0,31.9461713221548,112.92038239485588,36.47000999246596,-63.529990007534046,-70.17976286600607,35.768175582990395,100.0,71.70911872185609,439 days 04:00:00,146,0.0,73,31.506849315068493,32.28409292427737,-17.17134416543574,8.205250961731156,-5.284995652879555,3 days 22:52:10.434782608,1 days 15:48:00,0.6583897721100134,-0.8702738357196451,-0.8484872320799733,-0.7407499927433319,0.9513192926637898,-1.2743628722517115,long
781,"{'window_k': 57, 'window_d': 12, 'window_ma': 207}","open_time
2022-01-01 00:00:00    100.000000
2022-01-01 01:00:00    100.000000
2022-01-01 02:00:00    100.000000
2022-01-01 03:00:00    100.000000
2022-01-01 04:00:00    100.000000
                          ...    
2023-05-01 19:00:00     34.947304
2023-05-01 20:00:00     34.867046
2023-05-01 21:00:00     35.042610
2023-05-01 22:00:00     35.198110
2023-05-01 23:00:00     35.198110
Freq: H, Length: 11664, dtype: float64",2022-01-01,2023-05-01 23:00:00,486 days,100.0,26.690485645483257,100.0,35.19810979972195,-64.80189020027805,-70.17976286600607,41.04938271604938,100.0,73.30951435451675,482 days 08:00:00,483,0.0,242,32.365145228215766,30.792396009787314,-17.31470995344156,4.325926097901197,-2.5647149800326603,1 days 05:19:13.846153846,0 days 15:12:35.555555555,0.7074046437518624,-0.26861693214993343,-0.7479484211100134,-0.7414027155591916,0.959913894564464,-1.125610126804694,long
157,"{'window_k': 12, 'window_d': 147, 'window_ma': 207}","open_time
2022-01-01 00:00:00    100.000000
2022-01-01 01:00:00    100.000000
2022-01-01 02:00:00    100.000000
2022-01-01 03:00:00    100.000000
2022-01-01 04:00:00    100.000000
                          ...    
2023-05-01 19:00:00     37.097591
2023-05-01 20:00:00     37.012395
2023-05-01 21:00:00     37.198761
2023-05-01 22:00:00     37.363829
2023-05-01 23:00:00     37.363829
Freq: H, Length: 11664, dtype: float64",2022-01-01,2023-05-01 23:00:00,486 days,100.0,33.84477862335071,114.41462290039897,37.36382897174338,-62.63617102825661,-70.17976286600607,32.36454046639231,100.0,70.4191843967239,451 days 16:00:00,131,0.0,66,21.53846153846154,38.28893845951976,-12.699985841710323,8.60611194168199,-3.935974168934061,4 days 10:34:17.142857142,1 days 18:25:52.941176470,0.5182230076833935,-0.9679751264309295,-1.0818697577325187,-0.742101941328555,0.9430459895316043,-1.5000547993719877,long
159,"{'window_k': 12, 'window_d': 147, 'window_ma': 237}","open_time
2022-01-01 00:00:00    100.000000
2022-01-01 01:00:00    100.000000
2022-01-01 02:00:00    100.000000
2022-01-01 03:00:00    100.000000
2022-01-01 04:00:00    100.000000
                          ...    
2023-05-01 19:00:00     37.097591
2023-05-01 20:00:00     37.012395
2023-05-01 21:00:00     37.198761
2023-05-01 22:00:00     37.363829
2023-05-01 23:00:00     37.363829
Freq: H, Length: 11664, dtype: float64",2022-01-01,2023-05-01 23:00:00,486 days,100.0,33.84477862335071,114.41462290039897,37.36382897174338,-62.63617102825661,-70.17976286600607,32.36454046639231,100.0,70.4191843967239,451 days 16:00:00,131,0.0,66,21.53846153846154,38.28893845951976,-12.699985841710323,8.60611194168199,-3.935974168934061,4 days 10:34:17.142857142,1 days 18:25:52.941176470,0.5182230076833935,-0.9679751264309295,-1.0818697577325187,-0.742101941328555,0.9430459895316043,-1.5000547993719877,long
154,"{'window_k': 12, 'window_d': 147, 'window_ma': 162}","open_time
2022-01-01 00:00:00    100.000000
2022-01-01 01:00:00    100.000000
2022-01-01 02:00:00    100.000000
2022-01-01 03:00:00    100.000000
2022-01-01 04:00:00    100.000000
                          ...    
2023-05-01 19:00:00     37.097591
2023-05-01 20:00:00     37.012395
2023-05-01 21:00:00     37.198761
2023-05-01 22:00:00     37.363829
2023-05-01 23:00:00     37.363829
Freq: H, Length: 11664, dtype: float64",2022-01-01,2023-05-01 23:00:00,486 days,100.0,33.84477862335071,114.41462290039897,37.36382897174338,-62.63617102825661,-70.17976286600607,32.36454046639231,100.0,70.4191843967239,451 days 16:00:00,131,0.0,66,21.53846153846154,38.28893845951976,-12.699985841710323,8.60611194168199,-3.935974168934061,4 days 10:34:17.142857142,1 days 18:25:52.941176470,0.5182230076833935,-0.9679751264309295,-1.0818697577325187,-0.742101941328555,0.9430459895316043,-1.5000547993719877,long
158,"{'window_k': 12, 'window_d': 147, 'window_ma': 222}","open_time
2022-01-01 00:00:00    100.000000
2022-01-01 01:00:00    100.000000
2022-01-01 02:00:00    100.000000
2022-01-01 03:00:00    100.000000
2022-01-01 04:00:00    100.000000
                          ...    
2023-05-01 19:00:00     37.097591
2023-05-01 20:00:00     37.012395
2023-05-01 21:00:00     37.198761
2023-05-01 22:00:00     37.363829
2023-05-01 23:00:00     37.363829
Freq: H, Length: 11664, dtype: float64",2022-01-01,2023-05-01 23:00:00,486 days,100.0,33.84477862335071,114.41462290039897,37.36382897174338,-62.63617102825661,-70.17976286600607,32.36454046639231,100.0,70.4191843967239,451 days 16:00:00,131,0.0,66,21.53846153846154,38.28893845951976,-12.699985841710323,8.60611194168199,-3.935974168934061,4 days 10:34:17.142857142,1 days 18:25:52.941176470,0.5182230076833935,-0.9679751264309295,-1.0818697577325187,-0.742101941328555,0.9430459895316043,-1.5000547993719877,long
156,"{'window_k': 12, 'window_d': 147, 'window_ma': 192}","open_time
2022-01-01 00:00:00    100.000000
2022-01-01 01:00:00    100.000000
2022-01-01 02:00:00    100.000000
2022-01-01 03:00:00    100.000000
2022-01-01 04:00:00    100.000000
                          ...    
2023-05-01 19:00:00     37.097591
2023-05-01 20:00:00     37.012395
2023-05-01 21:00:00     37.198761
2023-05-01 22:00:00     37.363829
2023-05-01 23:00:00     37.363829
Freq: H, Length: 11664, dtype: float64",2022-01-01,2023-05-01 23:00:00,486 days,100.0,33.84477862335071,114.41462290039897,37.36382897174338,-62.63617102825661,-70.17976286600607,32.36454046639231,100.0,70.4191843967239,451 days 16:00:00,131,0.0,66,21.53846153846154,38.28893845951976,-12.699985841710323,8.60611194168199,-3.935974168934061,4 days 10:34:17.142857142,1 days 18:25:52.941176470,0.5182230076833935,-0.9679751264309295,-1.0818697577325187,-0.742101941328555,0.9430459895316043,-1.5000547993719877,long
3243,"{'window_k': 192, 'window_d': 162, 'window_ma': 177}","open_time
2022-01-01 00:00:00    100.000000
2022-01-01 01:00:00    100.000000
2022-01-01 02:00:00    100.000000
2022-01-01 03:00:00    100.000000
2022-01-01 04:00:00    100.000000
                          ...    
2023-05-01 19:00:00     29.529485
2023-05-01 20:00:00     29.461670
2023-05-01 21:00:00     29.610017
2023-05-01 22:00:00     29.741409
2023-05-01 23:00:00     29.741409
Freq: H, Length: 11664, dtype: float64",2022-01-01,2023-05-01 23:00:00,486 days,100.0,24.20696457242888,124.40355194179949,29.741409385823943,-70.25859061417606,-70.17976286600607,38.005829903978054,100.0,80.5415808515228,451 days 16:00:00,49,0.0,25,29.166666666666668,37.58813160987076,-35.979314802844215,13.436451629960839,-10.887227262709004,10 days 14:34:17.142857142,6 days 10:10:35.294117647,0.36696364543770743,-2.9189643169514143,-1.249330554034,-0.7421824404952342,0.9383086575341966,-1.7012620375419305,long
99,"{'window_k': 12, 'window_d': 102, 'window_ma': 57}","open_time
2022-01-01 00:00:00    100.000000
2022-01-01 01:00:00    100.000000
2022-01-01 02:00:00    100.000000
2022-01-01 03:00:00    100.000000
2022-01-01 04:00:00    100.000000
                          ...    
2023-05-01 19:00:00     36.158182
2023-05-01 20:00:00     36.158182
2023-05-01 21:00:00     36.158182
2023-05-01 22:00:00     36.158182
2023-05-01 23:00:00     36.158182
Freq: H, Length: 11664, dtype: float64",2022-01-01,2023-05-01 23:00:00,486 days,100.0,31.673023121333785,112.92038239485588,36.15818177640496,-63.841818223595034,-70.17976286600607,32.79320987654321,100.0,71.95101322754938,439 days 04:00:00,148,0.0,74,32.432432432432435,35.352012768221336,-17.17134416543574,7.439169684278984,-5.1197928772432055,3 days 13:12:30,1 days 11:36:00,0.6270385215947247,-0.862727273291825,-0.9050239045268678,-0.7424481945074852,0.9449654559948385,-1.3604715601784774,long
540,"{'window_k': 42, 'window_d': 27, 'window_ma': 192}","open_time
2022-01-01 00:00:00    100.000000
2022-01-01 01:00:00    100.000000
2022-01-01 02:00:00    100.000000
2022-01-01 03:00:00    100.000000
2022-01-01 04:00:00    100.000000
                          ...    
2023-05-01 19:00:00     26.696517
2023-05-01 20:00:00     26.696517
2023-05-01 21:00:00     26.696517
2023-05-01 22:00:00     26.696517
2023-05-01 23:00:00     26.696517
Freq: H, Length: 11664, dtype: float64",2022-01-01,2023-05-01 23:00:00,486 days,100.0,15.381943544379892,100.63671311869294,26.69651709601483,-73.30348290398517,-70.17976286600607,41.3923182441701,100.0,84.71537566391092,481 days 09:00:00,268,0.0,134,34.32835820895522,31.511350059737154,-23.330197554092187,5.413758391110053,-4.0231905434126265,1 days 23:26:05.217391304,1 days 06:04:05.454545454,0.4725154329257176,-0.5470409171939192,-1.0236558837206333,-0.7426102680123694,0.9453740780015666,-1.5499750518393296,long
42,"{'window_k': 12, 'window_d': 42, 'window_ma': 162}","open_time
2022-01-01 00:00:00    100.000000
2022-01-01 01:00:00    100.000000
2022-01-01 02:00:00    100.000000
2022-01-01 03:00:00    100.000000
2022-01-01 04:00:00    100.000000
                          ...    
2023-05-01 19:00:00     29.183714
2023-05-01 20:00:00     29.183714
2023-05-01 21:00:00     29.183714
2023-05-01 22:00:00     29.183714
2023-05-01 23:00:00     29.183714
Freq: H, Length: 11664, dtype: float64",2022-01-01,2023-05-01 23:00:00,486 days,100.0,18.871787517296912,100.63671311869294,29.18371393355703,-70.81628606644297,-70.17976286600607,38.28875171467764,100.0,81.24761140098133,481 days 09:00:00,294,0.0,147,35.374149659863946,28.57142857142857,-13.87806675792356,4.731048814567062,-3.634673451899196,1 days 18:39:13.846153846,0 days 23:39:47.368421052,0.46817928717780344,-0.4817434426288635,-0.9767608121469952,-0.7427214370916194,0.9457596391918022,-1.4786400379556583,long
2891,"{'window_k': 177, 'window_d': 72, 'window_ma': 177}","open_time
2022-01-01 00:00:00    100.000000
2022-01-01 01:00:00    100.000000
2022-01-01 02:00:00    100.000000
2022-01-01 03:00:00    100.000000
2022-01-01 04:00:00    100.000000
                          ...    
2023-05-01 19:00:00     36.823474
2023-05-01 20:00:00     36.738907
2023-05-01 21:00:00     36.923897
2023-05-01 22:00:00     37.087745
2023-05-01 23:00:00     37.087745
Freq: H, Length: 11664, dtype: float64",2022-01-01,2023-05-01 23:00:00,486 days,100.0,32.92973657720206,112.3616609701979,37.0877447245495,-62.912255275450505,-70.17976286600607,35.86248285322359,100.0,70.69308490737234,462 days 03:00:00,79,0.0,40,30.76923076923077,20.077519379844976,-22.968427904958233,7.856347581213397,-6.626791468373757,6 days 08:30:00,3 days 10:55:33.333333333,0.4551545817418077,-1.6231634834722006,-0.7753647698676284,-0.742977856146829,0.9558141814158149,-1.1739797203974016,long
3499,"{'window_k': 207, 'window_d': 162, 'window_ma': 177}","open_time
2022-01-01 00:00:00    100.000000
2022-01-01 01:00:00    100.000000
2022-01-01 02:00:00    100.000000
2022-01-01 03:00:00    100.000000
2022-01-01 04:00:00    100.000000
                          ...    
2023-05-01 19:00:00     30.927643
2023-05-01 20:00:00     30.856617
2023-05-01 21:00:00     31.011988
2023-05-01 22:00:00     31.149602
2023-05-01 23:00:00     31.149602
Freq: H, Length: 11664, dtype: float64",2022-01-01,2023-05-01 23:00:00,486 days,100.0,26.188599269650798,121.53010033444815,31.1496015362887,-68.8503984637113,-70.17976286600607,37.714334705075444,100.0,78.4509358606795,451 days 16:00:00,49,0.0,25,25.0,37.5330008800235,-29.87071751777633,13.961895781688503,-9.825535072540701,10 days 15:30:00,6 days 13:53:20,0.3395563617118862,-2.8769050667869616,-1.1678580778560048,-0.7438341534060858,0.9412605058777496,-1.603802871793479,long
123,"{'window_k': 12, 'window_d': 117, 'window_ma': 177}","open_time
2022-01-01 00:00:00    100.000000
2022-01-01 01:00:00    100.000000
2022-01-01 02:00:00    100.000000
2022-01-01 03:00:00    100.000000
2022-01-01 04:00:00    100.000000
                          ...    
2023-05-01 19:00:00     32.874273
2023-05-01 20:00:00     32.874273
2023-05-01 21:00:00     32.874273
2023-05-01 22:00:00     32.874273
2023-05-01 23:00:00     32.874273
Freq: H, Length: 11664, dtype: float64",2022-01-01,2023-05-01 23:00:00,486 days,100.0,30.474169919050446,127.71104084286917,32.874272851056475,-67.12572714894353,-70.17976286600607,36.7283950617284,100.0,76.13818686471696,439 days 04:00:00,142,0.0,71,29.577464788732392,30.00057231156642,-22.716102919919052,8.30281353450332,-5.153103740558304,4 days 15:14:17.142857142,1 days 14:57:36,0.6139134654988185,-0.9454327767456818,-0.9416501882552339,-0.7438373928895327,0.9479641990332845,-1.3727824223418834,long
3751,"{'window_k': 222, 'window_d': 162, 'window_ma': 117}","open_time
2022-01-01 00:00:00    100.000000
2022-01-01 01:00:00    100.000000
2022-01-01 02:00:00    100.000000
2022-01-01 03:00:00    100.000000
2022-01-01 04:00:00    100.000000
                          ...    
2023-05-01 19:00:00     32.517291
2023-05-01 20:00:00     32.442614
2023-05-01 21:00:00     32.605970
2023-05-01 22:00:00     32.750657
2023-05-01 23:00:00     32.750657
Freq: H, Length: 11664, dtype: float64",2022-01-01,2023-05-01 23:00:00,486 days,100.0,28.597826224821002,120.59738643434972,32.75065733959926,-67.24934266040074,-70.17976286600607,31.704389574759944,100.0,76.2865290282315,451 days 16:00:00,47,0.0,24,21.73913043478261,30.857800805987335,-23.320420586607643,11.544509415111389,-8.60305372795669,8 days 11:00:00,6 days 04:13:20,0.3152323657295086,-2.9417420754188086,-1.1782297668705426,-0.743997077633537,0.9343476881890527,-1.677427543082212,long
3137,"{'window_k': 192, 'window_d': 72, 'window_ma': 27}","open_time
2022-01-01 00:00:00    100.000000
2022-01-01 01:00:00    100.000000
2022-01-01 02:00:00    100.000000
2022-01-01 03:00:00    100.000000
2022-01-01 04:00:00    100.000000
                          ...    
2023-05-01 19:00:00     42.981660
2023-05-01 20:00:00     42.882951
2023-05-01 21:00:00     43.098877
2023-05-01 22:00:00     43.290126
2023-05-01 23:00:00     43.290126
Freq: H, Length: 11664, dtype: float64",2022-01-01,2023-05-01 23:00:00,486 days,100.0,41.72283110212256,111.9504075307083,43.290125916534066,-56.70987408346594,-70.17976286600607,23.713991769547324,100.0,62.730969879964135,462 days 03:00:00,75,0.0,38,37.83783783783784,20.260548318102284,-23.16848825884645,5.233350522480175,-6.320910280365674,3 days 13:25:42.857142857,2 days 15:36:31.304347826,0.42330024901626173,-1.5485394482347934,-1.1216787655111358,-0.7440764058408413,0.9315235987583325,-1.5442033046299515,long
537,"{'window_k': 42, 'window_d': 27, 'window_ma': 147}","open_time
2022-01-01 00:00:00    100.000000
2022-01-01 01:00:00    100.000000
2022-01-01 02:00:00    100.000000
2022-01-01 03:00:00    100.000000
2022-01-01 04:00:00    100.000000
                          ...    
2023-05-01 19:00:00     26.486403
2023-05-01 20:00:00     26.486403
2023-05-01 21:00:00     26.486403
2023-05-01 22:00:00     26.486403
2023-05-01 23:00:00     26.486403
Freq: H, Length: 11664, dtype: float64",2022-01-01,2023-05-01 23:00:00,486 days,100.0,15.260880350304488,100.63671311869294,26.48640283958113,-73.51359716041887,-70.17976286600607,41.51234567901235,100.0,84.83567290964133,481 days 09:00:00,268,0.0,134,34.32835820895522,31.511350059737158,-23.330197554092198,5.4137583911100515,-4.031966907610676,1 days 23:26:05.217391304,1 days 06:13:38.181818181,0.47013202456508274,-0.5486089340329753,-1.0308948813481493,-0.744144007024781,0.945095058188071,-1.5609099010733656,long
779,"{'window_k': 57, 'window_d': 12, 'window_ma': 177}","open_time
2022-01-01 00:00:00    100.000000
2022-01-01 01:00:00    100.000000
2022-01-01 02:00:00    100.000000
2022-01-01 03:00:00    100.000000
2022-01-01 04:00:00    100.000000
                          ...    
2023-05-01 19:00:00     34.313696
2023-05-01 20:00:00     34.234893
2023-05-01 21:00:00     34.407274
2023-05-01 22:00:00     34.559954
2023-05-01 23:00:00     34.559954
Freq: H, Length: 11664, dtype: float64",2022-01-01,2023-05-01 23:00:00,486 days,100.0,26.127565625359544,100.0,34.559954459075385,-65.44004554092461,-70.17976286600607,41.27229080932784,100.0,73.87243437464045,482 days 08:00:00,483,0.0,242,32.365145228215766,30.79239600978732,-17.314709953441557,4.2992556222375935,-2.563411612767948,1 days 05:24:36.923076923,0 days 15:19:37.777777777,0.6998776045681544,-0.2712697853243783,-0.7654292869148696,-0.7441862738244459,0.9591188357336597,-1.151114205216658,long
535,"{'window_k': 42, 'window_d': 27, 'window_ma': 117}","open_time
2022-01-01 00:00:00    100.000000
2022-01-01 01:00:00    100.000000
2022-01-01 02:00:00    100.000000
2022-01-01 03:00:00    100.000000
2022-01-01 04:00:00    100.000000
                          ...    
2023-05-01 19:00:00     26.411896
2023-05-01 20:00:00     26.411896
2023-05-01 21:00:00     26.411896
2023-05-01 22:00:00     26.411896
2023-05-01 23:00:00     26.411896
Freq: H, Length: 11664, dtype: float64",2022-01-01,2023-05-01 23:00:00,486 days,100.0,15.21795101267115,100.63671311869294,26.411895753220932,-73.58810424677907,-70.17976286600607,41.418038408779154,100.0,84.87833063990992,481 days 09:00:00,268,0.0,134,34.32835820895522,31.511350059737147,-23.3301975540922,5.413758391110051,-4.034891472870649,1 days 23:26:05.217391304,1 days 06:06:08.181818181,0.4694685715275069,-0.5491649570655155,-1.036220054088289,-0.7446880559321163,0.9447206161614488,-1.5697229862313058,long
3503,"{'window_k': 207, 'window_d': 162, 'window_ma': 237}","open_time
2022-01-01 00:00:00    100.000000
2022-01-01 01:00:00    100.000000
2022-01-01 02:00:00    100.000000
2022-01-01 03:00:00    100.000000
2022-01-01 04:00:00    100.000000
                          ...    
2023-05-01 19:00:00     30.989181
2023-05-01 20:00:00     30.918014
2023-05-01 21:00:00     31.073693
2023-05-01 22:00:00     31.211581
2023-05-01 23:00:00     31.211581
Freq: H, Length: 11664, dtype: float64",2022-01-01,2023-05-01 23:00:00,486 days,100.0,26.42885295656468,121.53010033444815,31.211581242923984,-68.78841875707602,-70.17976286600607,37.67146776406036,100.0,78.25324517643524,451 days 16:00:00,49,0.0,25,25.0,37.533000880023486,-29.870717517776335,13.571566048255077,-9.697724026179571,10 days 22:19:59.999999999,6 days 11:20:00,0.3242291930839734,-2.8743387724638447,-1.1552535868816032,-0.7449182148451592,0.9418496077003077,-1.5865136253527676,long
47,"{'window_k': 12, 'window_d': 42, 'window_ma': 237}","open_time
2022-01-01 00:00:00    100.000000
2022-01-01 01:00:00    100.000000
2022-01-01 02:00:00    100.000000
2022-01-01 03:00:00    100.000000
2022-01-01 04:00:00    100.000000
                          ...    
2023-05-01 19:00:00     28.745182
2023-05-01 20:00:00     28.745182
2023-05-01 21:00:00     28.745182
2023-05-01 22:00:00     28.745182
2023-05-01 23:00:00     28.745182
Freq: H, Length: 11664, dtype: float64",2022-01-01,2023-05-01 23:00:00,486 days,100.0,18.583041331826312,100.63671311869294,28.74518242434229,-71.25481757565771,-70.17976286600607,38.03155006858711,100.0,81.5345307334222,481 days 09:00:00,292,0.0,146,34.93150684931507,28.57142857142857,-13.878066757923568,4.8303187079846275,-3.652968888061063,1 days 19:09:24.705882352,0 days 23:31:34.736842105,0.46624381840956164,-0.4880466957236832,-0.9946578073291185,-0.7456069767605332,0.9445667675737732,-1.5060178424391955,long
35,"{'window_k': 12, 'window_d': 42, 'window_ma': 57}","open_time
2022-01-01 00:00:00    100.000000
2022-01-01 01:00:00    100.000000
2022-01-01 02:00:00    100.000000
2022-01-01 03:00:00    100.000000
2022-01-01 04:00:00    100.000000
                          ...    
2023-05-01 19:00:00     28.876425
2023-05-01 20:00:00     28.876425
2023-05-01 21:00:00     28.876425
2023-05-01 22:00:00     28.876425
2023-05-01 23:00:00     28.876425
Freq: H, Length: 11664, dtype: float64",2022-01-01,2023-05-01 23:00:00,486 days,100.0,18.771838957357765,100.63671311869294,28.876424906107303,-71.1235750938927,-70.17976286600607,38.33161865569273,100.0,81.34692760164187,481 days 09:00:00,294,0.0,147,36.054421768707485,28.57142857142859,-13.878066757923566,4.657313034817514,-3.6923102179742533,1 days 18:45:16.981132075,0 days 23:27:26.808510638,0.47011848731089684,-0.4838338441761408,-0.9877931246125272,-0.7456747502190424,0.9452228644363153,-1.4954863273570713,long
3077,"{'window_k': 192, 'window_d': 12, 'window_ma': 87}","open_time
2022-01-01 00:00:00    100.000000
2022-01-01 01:00:00    100.000000
2022-01-01 02:00:00    100.000000
2022-01-01 03:00:00    100.000000
2022-01-01 04:00:00    100.000000
                          ...    
2023-05-01 19:00:00     33.611773
2023-05-01 20:00:00     33.534582
2023-05-01 21:00:00     33.703437
2023-05-01 22:00:00     33.852994
2023-05-01 23:00:00     33.852994
Freq: H, Length: 11664, dtype: float64",2022-01-01,2023-05-01 23:00:00,486 days,100.0,27.484732885812633,108.28022330912505,33.852993862973335,-66.14700613702666,-70.17976286600607,40.552126200274344,100.0,74.6170334287661,473 days 09:00:00,461,0.0,231,35.21739130434783,28.415144596651455,-14.131233595800536,3.8469568512491072,-2.647143852010408,1 days 06:16:17.777777777,0 days 15:14:29.798657718,0.6831244981624199,-0.287910315303493,-0.77773141744282,-0.7460542355453481,0.9581349353935045,-1.178973891759668,long
4026,"{'window_k': 237, 'window_d': 177, 'window_ma': 162}","open_time
2022-01-01 00:00:00    100.000000
2022-01-01 01:00:00    100.000000
2022-01-01 02:00:00    100.000000
2022-01-01 03:00:00    100.000000
2022-01-01 04:00:00    100.000000
                          ...    
2023-05-01 19:00:00     34.625996
2023-05-01 20:00:00     34.625996
2023-05-01 21:00:00     34.625996
2023-05-01 22:00:00     34.625996
2023-05-01 23:00:00     34.625996
Freq: H, Length: 11664, dtype: float64",2022-01-01,2023-05-01 23:00:00,486 days,100.0,31.680499146353952,119.97523730912091,34.625996177544835,-65.37400382245517,-70.17976286600607,32.73319615912209,100.0,73.59413504244388,451 days 16:00:00,44,0.0,22,22.727272727272727,46.83655536028121,-25.62611806797853,16.728763230877668,-9.73907417421537,10 days 03:48:00,6 days 08:52:56.470588235,0.3684527915818593,-2.9715456282934163,-1.1659030052352592,-0.7461226154999797,0.9389122291065817,-1.5998686413276832,long
3513,"{'window_k': 207, 'window_d': 177, 'window_ma': 147}","open_time
2022-01-01 00:00:00    100.000000
2022-01-01 01:00:00    100.000000
2022-01-01 02:00:00    100.000000
2022-01-01 03:00:00    100.000000
2022-01-01 04:00:00    100.000000
                          ...    
2023-05-01 19:00:00     33.542234
2023-05-01 20:00:00     33.465203
2023-05-01 21:00:00     33.633709
2023-05-01 22:00:00     33.782957
2023-05-01 23:00:00     33.782957
Freq: H, Length: 11664, dtype: float64",2022-01-01,2023-05-01 23:00:00,486 days,100.0,30.512687160074314,120.60989523908307,33.7829566876695,-66.2170433123305,-70.17976286600607,33.95061728395062,100.0,74.70134013499515,451 days 16:00:00,47,0.0,24,26.08695652173913,21.05064959517981,-25.04409171075838,8.828807672109876,-8.686532518593747,7 days 20:10:00,6 days 22:07:03.529411764,0.32109923997976997,-2.88214173821922,-1.1856486762698848,-0.746134579276095,0.9378649720801298,-1.654161293323998,long
353,"{'window_k': 27, 'window_d': 102, 'window_ma': 27}","open_time
2022-01-01 00:00:00    100.000000
2022-01-01 01:00:00    100.000000
2022-01-01 02:00:00    100.000000
2022-01-01 03:00:00    100.000000
2022-01-01 04:00:00    100.000000
                          ...    
2023-05-01 19:00:00     40.423461
2023-05-01 20:00:00     40.423461
2023-05-01 21:00:00     40.423461
2023-05-01 22:00:00     40.423461
2023-05-01 23:00:00     40.423461
Freq: H, Length: 11664, dtype: float64",2022-01-01,2023-05-01 23:00:00,486 days,100.0,36.353441077034006,107.28658680933668,40.423460880805216,-59.576539119194784,-70.17976286600607,26.654663923182444,100.0,66.11557683194901,469 days 22:00:00,112,0.0,56,33.92857142857143,20.067255806678645,-21.578550662216013,5.814282750719154,-5.043440425079707,3 days 12:28:25.263157894,1 days 16:38:55.135135135,0.5291655188311292,-1.0638667699856208,-1.0462424584862031,-0.7464360932370917,0.9376708673855064,-1.470476416612254,long
4009,"{'window_k': 237, 'window_d': 162, 'window_ma': 147}","open_time
2022-01-01 00:00:00    100.000000
2022-01-01 01:00:00    100.000000
2022-01-01 02:00:00    100.000000
2022-01-01 03:00:00    100.000000
2022-01-01 04:00:00    100.000000
                          ...    
2023-05-01 19:00:00     35.713228
2023-05-01 20:00:00     35.631211
2023-05-01 21:00:00     35.810623
2023-05-01 22:00:00     35.969530
2023-05-01 23:00:00     35.969530
Freq: H, Length: 11664, dtype: float64",2022-01-01,2023-05-01 23:00:00,486 days,100.0,34.590434139283346,122.55480607082632,35.96953043260524,-64.03046956739476,-70.17976286600607,35.648148148148145,100.0,71.7755384319298,451 days 16:00:00,47,0.0,24,21.73913043478261,22.376009227220283,-23.434903047091417,12.59570758235909,-8.343923817949301,9 days 21:48:00,6 days 20:30:00,0.3864804497404929,-2.7790302760680072,-0.9816231765384014,-0.7468078928319394,0.9483601506932594,-1.3975081069530513,long
2818,"{'window_k': 177, 'window_d': 12, 'window_ma': 42}","open_time
2022-01-01 00:00:00    100.000000
2022-01-01 01:00:00    100.000000
2022-01-01 02:00:00    100.000000
2022-01-01 03:00:00    100.000000
2022-01-01 04:00:00    100.000000
                          ...    
2023-05-01 19:00:00     32.324891
2023-05-01 20:00:00     32.250655
2023-05-01 21:00:00     32.413045
2023-05-01 22:00:00     32.556876
2023-05-01 23:00:00     32.556876
Freq: H, Length: 11664, dtype: float64",2022-01-01,2023-05-01 23:00:00,486 days,100.0,25.582639680594383,107.67627823612185,32.556876283774955,-67.44312371622505,-70.17976286600607,40.75788751714678,100.0,76.24115534110999,473 days 09:00:00,471,0.0,236,33.191489361702125,28.488482771749506,-14.131233595800524,4.098596657518087,-2.583401538341689,1 days 07:47:41.538461538,0 days 14:26:22.165605095,0.6896543726060733,-0.28728816779978494,-0.8070603081028016,-0.7469621467864263,0.956836954523341,-1.2197813590393218,long
512,"{'window_k': 42, 'window_d': 12, 'window_ma': 12}","open_time
2022-01-01 00:00:00    100.000000
2022-01-01 01:00:00    100.000000
2022-01-01 02:00:00    100.000000
2022-01-01 03:00:00    100.000000
2022-01-01 04:00:00    100.000000
                          ...    
2023-05-01 19:00:00     34.196604
2023-05-01 20:00:00     34.118070
2023-05-01 21:00:00     34.289863
2023-05-01 22:00:00     34.289863
2023-05-01 23:00:00     34.289863
Freq: H, Length: 11664, dtype: float64",2022-01-01,2023-05-01 23:00:00,486 days,100.0,26.573400036359736,101.67491585824591,34.28986332583065,-65.71013667416935,-70.17976286600607,33.83916323731139,100.0,73.86435010833145,483 days 09:00:00,494,0.0,247,30.76923076923077,26.599749058971163,-16.333207499685425,4.073008508247667,-2.2998071996724487,0 days 23:53:41.052631578,0 days 12:27:43.157894736,0.6501842755116127,-0.2660329420006857,-0.9779071015439398,-0.7478489985287946,0.9453190346380606,-1.4393769309095026,long
3233,"{'window_k': 192, 'window_d': 162, 'window_ma': 27}","open_time
2022-01-01 00:00:00    100.000000
2022-01-01 01:00:00    100.000000
2022-01-01 02:00:00    100.000000
2022-01-01 03:00:00    100.000000
2022-01-01 04:00:00    100.000000
                          ...    
2023-05-01 19:00:00     31.411676
2023-05-01 20:00:00     31.339538
2023-05-01 21:00:00     31.497341
2023-05-01 22:00:00     31.637108
2023-05-01 23:00:00     31.637108
Freq: H, Length: 11664, dtype: float64",2022-01-01,2023-05-01 23:00:00,486 days,100.0,28.15521227289287,124.40355194179949,31.63710836247644,-68.36289163752356,-70.17976286600607,24.022633744855966,100.0,77.36783891342193,451 days 16:00:00,49,0.0,25,25.0,18.14708691499522,-35.97931480284422,7.360820302383804,-7.895197941245938,4 days 01:10:00,5 days 01:36:40,0.304160452655661,-2.839436543508053,-1.6782699618822896,-0.7479326475696778,0.8974169844003566,-2.2154278022640947,long
104,"{'window_k': 12, 'window_d': 102, 'window_ma': 132}","open_time
2022-01-01 00:00:00    100.000000
2022-01-01 01:00:00    100.000000
2022-01-01 02:00:00    100.000000
2022-01-01 03:00:00    100.000000
2022-01-01 04:00:00    100.000000
                          ...    
2023-05-01 19:00:00     35.141551
2023-05-01 20:00:00     35.141551
2023-05-01 21:00:00     35.141551
2023-05-01 22:00:00     35.141551
2023-05-01 23:00:00     35.141551
Freq: H, Length: 11664, dtype: float64",2022-01-01,2023-05-01 23:00:00,486 days,100.0,30.782497921441923,112.92038239485588,35.141550937889576,-64.85844906211042,-70.17976286600607,36.359739368998625,100.0,72.7396442798052,439 days 04:00:00,148,0.0,74,31.08108108108108,35.618017378967906,-17.17134416543574,8.35020419889162,-5.299238474710487,3 days 22:46:57.391304347,1 days 16:24:42.352941176,0.6538059740040747,-0.8764655278663571,-0.8806209831521267,-0.7479686362977684,0.9499199246111328,-1.3169961522732605,long
2519,"{'window_k': 147, 'window_d': 207, 'window_ma': 117}","open_time
2022-01-01 00:00:00    100.000000
2022-01-01 01:00:00    100.000000
2022-01-01 02:00:00    100.000000
2022-01-01 03:00:00    100.000000
2022-01-01 04:00:00    100.000000
                          ...    
2023-05-01 19:00:00     31.850645
2023-05-01 20:00:00     31.850645
2023-05-01 21:00:00     31.850645
2023-05-01 22:00:00     31.850645
2023-05-01 23:00:00     31.850645
Freq: H, Length: 11664, dtype: float64",2022-01-01,2023-05-01 23:00:00,486 days,100.0,27.61409182363373,120.44124501527784,31.850644693462215,-68.14935530653779,-70.17976286600607,27.4519890260631,100.0,77.07256196153493,451 days 16:00:00,42,0.0,21,28.57142857142857,26.959597840253185,-25.916897506925203,7.8591157434786965,-9.801113936729454,8 days 10:30:00,5 days 12:28:00,0.2539677100671419,-3.2452073955494196,-1.5700995940730933,-0.7480292327337965,0.9122279536615209,-2.1212303347118473,long
539,"{'window_k': 42, 'window_d': 27, 'window_ma': 177}","open_time
2022-01-01 00:00:00    100.000000
2022-01-01 01:00:00    100.000000
2022-01-01 02:00:00    100.000000
2022-01-01 03:00:00    100.000000
2022-01-01 04:00:00    100.000000
                          ...    
2023-05-01 19:00:00     26.156622
2023-05-01 20:00:00     26.156622
2023-05-01 21:00:00     26.156622
2023-05-01 22:00:00     26.156622
2023-05-01 23:00:00     26.156622
Freq: H, Length: 11664, dtype: float64",2022-01-01,2023-05-01 23:00:00,486 days,100.0,15.260880350304488,100.63671311869294,26.156622211452657,-73.84337778854734,-70.17976286600607,41.21227709190672,100.0,84.83567290964133,481 days 09:00:00,268,0.0,134,34.32835820895522,31.511350059737165,-23.330197554092198,5.386232930058581,-4.031966907610677,1 days 22:40:26.086956521,1 days 06:13:38.181818181,0.46746649588154143,-0.5510699834966208,-1.048588205125051,-0.7482143406899378,0.9439879131907818,-1.5864683362528345,long
776,"{'window_k': 57, 'window_d': 12, 'window_ma': 132}","open_time
2022-01-01 00:00:00    100.000000
2022-01-01 01:00:00    100.000000
2022-01-01 02:00:00    100.000000
2022-01-01 03:00:00    100.000000
2022-01-01 04:00:00    100.000000
                          ...    
2023-05-01 19:00:00     33.787306
2023-05-01 20:00:00     33.709712
2023-05-01 21:00:00     33.879449
2023-05-01 22:00:00     34.029787
2023-05-01 23:00:00     34.029787
Freq: H, Length: 11664, dtype: float64",2022-01-01,2023-05-01 23:00:00,486 days,100.0,25.935394271910127,100.0,34.029787450278675,-65.97021254972132,-70.17976286600607,41.057956104252405,100.0,74.06460572808987,482 days 08:00:00,483,0.0,242,31.950207468879665,30.792396009787332,-17.314709953441547,4.344319047501431,-2.552107306411232,1 days 05:23:22.597402597,0 days 15:16:11.779141104,0.6968908460237783,-0.27347372399368075,-0.7796173862403661,-0.749272746224286,0.9582741088775553,-1.1732707913101688,long
3074,"{'window_k': 192, 'window_d': 12, 'window_ma': 42}","open_time
2022-01-01 00:00:00    100.000000
2022-01-01 01:00:00    100.000000
2022-01-01 02:00:00    100.000000
2022-01-01 03:00:00    100.000000
2022-01-01 04:00:00    100.000000
                          ...    
2023-05-01 19:00:00     34.624383
2023-05-01 20:00:00     34.544867
2023-05-01 21:00:00     34.718809
2023-05-01 22:00:00     34.872872
2023-05-01 23:00:00     34.872872
Freq: H, Length: 11664, dtype: float64",2022-01-01,2023-05-01 23:00:00,486 days,100.0,29.278308391265835,108.28022330912505,34.87287166967593,-65.12712833032407,-70.17976286600607,39.489026063100134,100.0,72.96061321587754,473 days 09:00:00,463,0.0,232,35.064935064935064,28.415144596651448,-14.131233595800527,3.8004099631526014,-2.587495551924145,1 days 05:11:06.666666666,0 days 14:54:00,0.694690067059295,-0.2822583327743504,-0.7579333145381619,-0.7492949861881801,0.9586304671740233,-1.1537669735579121,long
40,"{'window_k': 12, 'window_d': 42, 'window_ma': 132}","open_time
2022-01-01 00:00:00    100.000000
2022-01-01 01:00:00    100.000000
2022-01-01 02:00:00    100.000000
2022-01-01 03:00:00    100.000000
2022-01-01 04:00:00    100.000000
                          ...    
2023-05-01 19:00:00     28.305909
2023-05-01 20:00:00     28.305909
2023-05-01 21:00:00     28.305909
2023-05-01 22:00:00     28.305909
2023-05-01 23:00:00     28.305909
Freq: H, Length: 11664, dtype: float64",2022-01-01,2023-05-01 23:00:00,486 days,100.0,18.436877145947594,100.63671311869294,28.305909242936536,-71.69409075706346,-70.17976286600607,38.43449931412894,100.0,81.67977016081322,481 days 09:00:00,294,0.0,147,34.69387755102041,28.57142857142857,-13.87806675792356,4.800098554164044,-3.6156568439435786,1 days 19:28:14.117647058,0 days 23:36:15,0.46166229586241325,-0.487714903109275,-1.0080354828987401,-0.749800790528025,0.9441770260194086,-1.5249694955791737,long
45,"{'window_k': 12, 'window_d': 42, 'window_ma': 207}","open_time
2022-01-01 00:00:00    100.000000
2022-01-01 01:00:00    100.000000
2022-01-01 02:00:00    100.000000
2022-01-01 03:00:00    100.000000
2022-01-01 04:00:00    100.000000
                          ...    
2023-05-01 19:00:00     28.467208
2023-05-01 20:00:00     28.467208
2023-05-01 21:00:00     28.467208
2023-05-01 22:00:00     28.467208
2023-05-01 23:00:00     28.467208
Freq: H, Length: 11664, dtype: float64",2022-01-01,2023-05-01 23:00:00,486 days,100.0,18.734873336105327,100.63671311869294,28.467207721016266,-71.53279227898373,-70.17976286600607,37.61145404663923,100.0,81.38365934705256,481 days 09:00:00,294,0.0,147,35.374149659863946,28.57142857142858,-13.87806675792356,4.716432918904905,-3.6521427935518416,1 days 18:04:36.923076923,0 days 23:08:50.526315789,0.4652033288320357,-0.48661763455090984,-1.0100795411118626,-0.7504922919352168,0.9434597940816777,-1.5283008876563324,long
36,"{'window_k': 12, 'window_d': 42, 'window_ma': 72}","open_time
2022-01-01 00:00:00    100.000000
2022-01-01 01:00:00    100.000000
2022-01-01 02:00:00    100.000000
2022-01-01 03:00:00    100.000000
2022-01-01 04:00:00    100.000000
                          ...    
2023-05-01 19:00:00     27.765144
2023-05-01 20:00:00     27.765144
2023-05-01 21:00:00     27.765144
2023-05-01 22:00:00     27.765144
2023-05-01 23:00:00     27.765144
Freq: H, Length: 11664, dtype: float64",2022-01-01,2023-05-01 23:00:00,486 days,100.0,17.77854643365362,100.63671311869294,27.765144415632307,-72.2348555843677,-70.17976286600607,38.460219478738,100.0,82.3339357152044,481 days 09:00:00,294,0.0,147,34.69387755102041,28.57142857142859,-13.87806675792356,4.800098554164046,-3.6351503794982385,1 days 19:28:14.117647058,0 days 23:38:07.500000,0.45321994021601136,-0.49139357540386286,-1.0279340902319067,-0.7506134843916568,0.9431674283041992,-1.554450918818594,long
101,"{'window_k': 12, 'window_d': 102, 'window_ma': 87}","open_time
2022-01-01 00:00:00    100.000000
2022-01-01 01:00:00    100.000000
2022-01-01 02:00:00    100.000000
2022-01-01 03:00:00    100.000000
2022-01-01 04:00:00    100.000000
                          ...    
2023-05-01 19:00:00     34.474186
2023-05-01 20:00:00     34.474186
2023-05-01 21:00:00     34.474186
2023-05-01 22:00:00     34.474186
2023-05-01 23:00:00     34.474186
Freq: H, Length: 11664, dtype: float64",2022-01-01,2023-05-01 23:00:00,486 days,100.0,30.098749275009627,112.92038239485588,34.47418553476737,-65.52581446523263,-70.17976286600607,35.48525377229081,100.0,73.34515821088755,439 days 04:00:00,148,0.0,74,31.08108108108108,32.28409292427737,-17.17134416543575,7.817230678545936,-5.131151651953952,3 days 19:46:57.391304347,1 days 15:45:52.941176470,0.6188186420186494,-0.8854839792599001,-0.9152139932594587,-0.7506807479322136,0.9472272220722437,-1.3697017468191188,long
362,"{'window_k': 27, 'window_d': 102, 'window_ma': 162}","open_time
2022-01-01 00:00:00    100.000000
2022-01-01 01:00:00    100.000000
2022-01-01 02:00:00    100.000000
2022-01-01 03:00:00    100.000000
2022-01-01 04:00:00    100.000000
                          ...    
2023-05-01 19:00:00     37.995541
2023-05-01 20:00:00     37.995541
2023-05-01 21:00:00     37.995541
2023-05-01 22:00:00     37.995541
2023-05-01 23:00:00     37.995541
Freq: H, Length: 11664, dtype: float64",2022-01-01,2023-05-01 23:00:00,486 days,100.0,33.47426364480606,107.28658680933668,37.99554078247643,-62.00445921752357,-70.17976286600607,37.525720164609055,100.0,68.79920907140561,469 days 22:00:00,108,0.0,54,37.03703703703704,30.93340190280277,-21.578550662216006,7.182138189117647,-6.468631295978741,4 days 16:27:00,2 days 14:35:17.647058823,0.6018107764127414,-1.148230726250436,-0.7042579197835256,-0.7507829148792445,0.9610455997047237,-1.0563132615673578,long
364,"{'window_k': 27, 'window_d': 102, 'window_ma': 192}","open_time
2022-01-01 00:00:00    100.000000
2022-01-01 01:00:00    100.000000
2022-01-01 02:00:00    100.000000
2022-01-01 03:00:00    100.000000
2022-01-01 04:00:00    100.000000
                          ...    
2023-05-01 19:00:00     37.891443
2023-05-01 20:00:00     37.891443
2023-05-01 21:00:00     37.891443
2023-05-01 22:00:00     37.891443
2023-05-01 23:00:00     37.891443
Freq: H, Length: 11664, dtype: float64",2022-01-01,2023-05-01 23:00:00,486 days,100.0,33.382553333450424,107.28658680933668,37.891443410469655,-62.10855658953034,-70.17976286600607,37.594307270233195,100.0,68.88469069038806,469 days 22:00:00,108,0.0,54,37.03703703703704,30.93340190280277,-21.57855066221602,7.168179506817257,-6.468631295978739,4 days 16:51:00,2 days 14:35:17.647058823,0.6010647510363549,-1.1501584553616733,-0.7069597814535759,-0.7512958691228921,0.9609344074445634,-1.0602743126781475,long
365,"{'window_k': 27, 'window_d': 102, 'window_ma': 207}","open_time
2022-01-01 00:00:00    100.000000
2022-01-01 01:00:00    100.000000
2022-01-01 02:00:00    100.000000
2022-01-01 03:00:00    100.000000
2022-01-01 04:00:00    100.000000
                          ...    
2023-05-01 19:00:00     37.891443
2023-05-01 20:00:00     37.891443
2023-05-01 21:00:00     37.891443
2023-05-01 22:00:00     37.891443
2023-05-01 23:00:00     37.891443
Freq: H, Length: 11664, dtype: float64",2022-01-01,2023-05-01 23:00:00,486 days,100.0,33.382553333450424,107.28658680933668,37.891443410469655,-62.10855658953034,-70.17976286600607,37.594307270233195,100.0,68.88469069038806,469 days 22:00:00,108,0.0,54,37.03703703703704,30.93340190280277,-21.57855066221602,7.168179506817257,-6.468631295978739,4 days 16:51:00,2 days 14:35:17.647058823,0.6010647510363549,-1.1501584553616733,-0.7069597814535759,-0.7512958691228921,0.9609344074445634,-1.0602743126781475,long
366,"{'window_k': 27, 'window_d': 102, 'window_ma': 222}","open_time
2022-01-01 00:00:00    100.000000
2022-01-01 01:00:00    100.000000
2022-01-01 02:00:00    100.000000
2022-01-01 03:00:00    100.000000
2022-01-01 04:00:00    100.000000
                          ...    
2023-05-01 19:00:00     37.891443
2023-05-01 20:00:00     37.891443
2023-05-01 21:00:00     37.891443
2023-05-01 22:00:00     37.891443
2023-05-01 23:00:00     37.891443
Freq: H, Length: 11664, dtype: float64",2022-01-01,2023-05-01 23:00:00,486 days,100.0,33.382553333450424,107.28658680933668,37.891443410469655,-62.10855658953034,-70.17976286600607,37.594307270233195,100.0,68.88469069038806,469 days 22:00:00,108,0.0,54,37.03703703703704,30.93340190280277,-21.57855066221602,7.168179506817257,-6.468631295978739,4 days 16:51:00,2 days 14:35:17.647058823,0.6010647510363549,-1.1501584553616733,-0.7069597814535759,-0.7512958691228921,0.9609344074445634,-1.0602743126781475,long
367,"{'window_k': 27, 'window_d': 102, 'window_ma': 237}","open_time
2022-01-01 00:00:00    100.000000
2022-01-01 01:00:00    100.000000
2022-01-01 02:00:00    100.000000
2022-01-01 03:00:00    100.000000
2022-01-01 04:00:00    100.000000
                          ...    
2023-05-01 19:00:00     37.891443
2023-05-01 20:00:00     37.891443
2023-05-01 21:00:00     37.891443
2023-05-01 22:00:00     37.891443
2023-05-01 23:00:00     37.891443
Freq: H, Length: 11664, dtype: float64",2022-01-01,2023-05-01 23:00:00,486 days,100.0,33.382553333450424,107.28658680933668,37.891443410469655,-62.10855658953034,-70.17976286600607,37.594307270233195,100.0,68.88469069038806,469 days 22:00:00,108,0.0,54,37.03703703703704,30.93340190280277,-21.57855066221602,7.168179506817257,-6.468631295978739,4 days 16:51:00,2 days 14:35:17.647058823,0.6010647510363549,-1.1501584553616733,-0.7069597814535759,-0.7512958691228921,0.9609344074445634,-1.0602743126781475,long
3529,"{'window_k': 207, 'window_d': 192, 'window_ma': 147}","open_time
2022-01-01 00:00:00    100.000000
2022-01-01 01:00:00    100.000000
2022-01-01 02:00:00    100.000000
2022-01-01 03:00:00    100.000000
2022-01-01 04:00:00    100.000000
                          ...    
2023-05-01 19:00:00     34.278228
2023-05-01 20:00:00     34.278228
2023-05-01 21:00:00     34.278228
2023-05-01 22:00:00     34.278228
2023-05-01 23:00:00     34.278228
Freq: H, Length: 11664, dtype: float64",2022-01-01,2023-05-01 23:00:00,486 days,100.0,31.752831381329415,119.8639315534481,34.27822827865873,-65.72177172134127,-70.17976286600607,31.627229080932786,100.0,73.50926924404226,451 days 16:00:00,40,0.0,20,20.0,19.7754911131899,-25.659365221278495,12.158479117923676,-8.874904634347365,9 days 15:45:00,7 days 04:37:30,0.30130608455673535,-3.2860885860670637,-1.2826405582012739,-0.751616603944531,0.9321932865175298,-1.7549290106375601,long
533,"{'window_k': 42, 'window_d': 27, 'window_ma': 87}","open_time
2022-01-01 00:00:00    100.000000
2022-01-01 01:00:00    100.000000
2022-01-01 02:00:00    100.000000
2022-01-01 03:00:00    100.000000
2022-01-01 04:00:00    100.000000
                          ...    
2023-05-01 19:00:00     25.447596
2023-05-01 20:00:00     25.447596
2023-05-01 21:00:00     25.447596
2023-05-01 22:00:00     25.447596
2023-05-01 23:00:00     25.447596
Freq: H, Length: 11664, dtype: float64",2022-01-01,2023-05-01 23:00:00,486 days,100.0,14.662342960658883,100.63671311869294,25.44759629285474,-74.55240370714526,-70.17976286600607,41.43518518518518,100.0,85.4304234446073,481 days 09:00:00,268,0.0,134,34.32835820895522,31.511350059737147,-23.330197554092198,5.330175537845116,-4.035088915686271,1 days 23:18:15.652173913,1 days 06:11:35.454545454,0.4532757703503226,-0.5563612216951139,-1.0732661592319637,-0.7517389730804444,0.9428382678616969,-1.6244960566577016,long
534,"{'window_k': 42, 'window_d': 27, 'window_ma': 102}","open_time
2022-01-01 00:00:00    100.000000
2022-01-01 01:00:00    100.000000
2022-01-01 02:00:00    100.000000
2022-01-01 03:00:00    100.000000
2022-01-01 04:00:00    100.000000
                          ...    
2023-05-01 19:00:00     26.166701
2023-05-01 20:00:00     26.166701
2023-05-01 21:00:00     26.166701
2023-05-01 22:00:00     26.166701
2023-05-01 23:00:00     26.166701
Freq: H, Length: 11664, dtype: float64",2022-01-01,2023-05-01 23:00:00,486 days,100.0,15.698416617436713,100.63671311869294,26.166701050962388,-73.83329894903761,-70.17976286600607,41.117969821673526,100.0,84.40090486766823,481 days 09:00:00,268,0.0,134,34.32835820895522,31.511350059737147,-23.330197554092198,5.322787495321908,-4.00115982988205,1 days 22:36:31.304347826,1 days 06:08:10.909090909,0.46832353693757567,-0.5509947682764001,-1.046554249497492,-0.7519433321207283,0.9440273978593915,-1.5848319200844216,long
361,"{'window_k': 27, 'window_d': 102, 'window_ma': 147}","open_time
2022-01-01 00:00:00    100.000000
2022-01-01 01:00:00    100.000000
2022-01-01 02:00:00    100.000000
2022-01-01 03:00:00    100.000000
2022-01-01 04:00:00    100.000000
                          ...    
2023-05-01 19:00:00     37.694687
2023-05-01 20:00:00     37.694687
2023-05-01 21:00:00     37.694687
2023-05-01 22:00:00     37.694687
2023-05-01 23:00:00     37.694687
Freq: H, Length: 11664, dtype: float64",2022-01-01,2023-05-01 23:00:00,486 days,100.0,33.20920983243759,107.28658680933668,37.69468687739108,-62.30531312260892,-70.17976286600607,37.56858710562414,100.0,69.04626121487581,469 days 22:00:00,108,0.0,54,37.03703703703704,30.933401902802792,-21.57855066221601,7.141665610694919,-6.468631295978739,4 days 16:42:00,2 days 14:35:17.647058823,0.5977120101057599,-1.1538020948631285,-0.7125953293030302,-0.7522646413550682,0.9606234256089704,-1.0687146313939686,long
194,"{'window_k': 12, 'window_d': 192, 'window_ma': 42}","open_time
2022-01-01 00:00:00    100.000000
2022-01-01 01:00:00    100.000000
2022-01-01 02:00:00    100.000000
2022-01-01 03:00:00    100.000000
2022-01-01 04:00:00    100.000000
                          ...    
2023-05-01 19:00:00     33.769549
2023-05-01 20:00:00     33.769549
2023-05-01 21:00:00     33.769549
2023-05-01 22:00:00     33.769549
2023-05-01 23:00:00     33.769549
Freq: H, Length: 11664, dtype: float64",2022-01-01,2023-05-01 23:00:00,486 days,100.0,31.66222971166632,122.23298052009987,33.769549382377775,-66.23045061762222,-70.17976286600607,22.050754458161865,100.0,74.09681938790668,451 days 16:00:00,104,0.0,52,30.76923076923077,21.09835889735065,-11.859838274932601,5.052886647399223,-4.944046981343854,3 days 00:30:00,1 days 15:13:20,0.4908949571800316,-1.2736625118773504,-1.7080681522148742,-0.7523999945039936,0.8949883092128098,-2.3252583573954566,long
44,"{'window_k': 12, 'window_d': 42, 'window_ma': 192}","open_time
2022-01-01 00:00:00    100.000000
2022-01-01 01:00:00    100.000000
2022-01-01 02:00:00    100.000000
2022-01-01 03:00:00    100.000000
2022-01-01 04:00:00    100.000000
                          ...    
2023-05-01 19:00:00     27.711204
2023-05-01 20:00:00     27.711204
2023-05-01 21:00:00     27.711204
2023-05-01 22:00:00     27.711204
2023-05-01 23:00:00     27.711204
Freq: H, Length: 11664, dtype: float64",2022-01-01,2023-05-01 23:00:00,486 days,100.0,17.91958204679455,100.63671311869294,27.711204133855247,-72.28879586614475,-70.17976286600607,38.43449931412894,100.0,82.1937924128545,481 days 09:00:00,294,0.0,147,34.69387755102041,28.571428571428577,-13.878066757923563,4.800098554164048,-3.6371577648400053,1 days 19:28:14.117647058,0 days 23:36:15,0.4539004739014687,-0.49176051609622223,-1.030817266887882,-0.7525715545112632,0.9429510685346739,-1.5587908928810712,long
106,"{'window_k': 12, 'window_d': 102, 'window_ma': 162}","open_time
2022-01-01 00:00:00    100.000000
2022-01-01 01:00:00    100.000000
2022-01-01 02:00:00    100.000000
2022-01-01 03:00:00    100.000000
2022-01-01 04:00:00    100.000000
                          ...    
2023-05-01 19:00:00     34.277659
2023-05-01 20:00:00     34.277659
2023-05-01 21:00:00     34.277659
2023-05-01 22:00:00     34.277659
2023-05-01 23:00:00     34.277659
Freq: H, Length: 11664, dtype: float64",2022-01-01,2023-05-01 23:00:00,486 days,100.0,30.025765707093317,112.92038239485588,34.27765926396695,-65.72234073603305,-70.17976286600607,36.37688614540466,100.0,73.40979097812446,439 days 04:00:00,148,0.0,74,31.08108108108108,32.28409292427737,-17.171344165435755,8.205250961731158,-5.299238474710487,3 days 22:52:10.434782608,1 days 16:24:42.352941176,0.6448053840489194,-0.8881397396761233,-0.9086761290708341,-0.7526427260006843,0.9483906519431397,-1.3583918181132733,long
108,"{'window_k': 12, 'window_d': 102, 'window_ma': 192}","open_time
2022-01-01 00:00:00    100.000000
2022-01-01 01:00:00    100.000000
2022-01-01 02:00:00    100.000000
2022-01-01 03:00:00    100.000000
2022-01-01 04:00:00    100.000000
                          ...    
2023-05-01 19:00:00     34.277659
2023-05-01 20:00:00     34.277659
2023-05-01 21:00:00     34.277659
2023-05-01 22:00:00     34.277659
2023-05-01 23:00:00     34.277659
Freq: H, Length: 11664, dtype: float64",2022-01-01,2023-05-01 23:00:00,486 days,100.0,30.025765707093317,112.92038239485588,34.27765926396695,-65.72234073603305,-70.17976286600607,36.37688614540466,100.0,73.40979097812446,439 days 04:00:00,148,0.0,74,31.08108108108108,32.28409292427737,-17.171344165435755,8.205250961731158,-5.299238474710487,3 days 22:52:10.434782608,1 days 16:24:42.352941176,0.6448053840489194,-0.8881397396761233,-0.9086761290708341,-0.7526427260006843,0.9483906519431397,-1.3583918181132733,long
110,"{'window_k': 12, 'window_d': 102, 'window_ma': 222}","open_time
2022-01-01 00:00:00    100.000000
2022-01-01 01:00:00    100.000000
2022-01-01 02:00:00    100.000000
2022-01-01 03:00:00    100.000000
2022-01-01 04:00:00    100.000000
                          ...    
2023-05-01 19:00:00     34.277659
2023-05-01 20:00:00     34.277659
2023-05-01 21:00:00     34.277659
2023-05-01 22:00:00     34.277659
2023-05-01 23:00:00     34.277659
Freq: H, Length: 11664, dtype: float64",2022-01-01,2023-05-01 23:00:00,486 days,100.0,30.025765707093317,112.92038239485588,34.27765926396695,-65.72234073603305,-70.17976286600607,36.37688614540466,100.0,73.40979097812446,439 days 04:00:00,148,0.0,74,31.08108108108108,32.28409292427737,-17.171344165435755,8.205250961731158,-5.299238474710487,3 days 22:52:10.434782608,1 days 16:24:42.352941176,0.6448053840489194,-0.8881397396761233,-0.9086761290708341,-0.7526427260006843,0.9483906519431397,-1.3583918181132733,long
109,"{'window_k': 12, 'window_d': 102, 'window_ma': 207}","open_time
2022-01-01 00:00:00    100.000000
2022-01-01 01:00:00    100.000000
2022-01-01 02:00:00    100.000000
2022-01-01 03:00:00    100.000000
2022-01-01 04:00:00    100.000000
                          ...    
2023-05-01 19:00:00     34.277659
2023-05-01 20:00:00     34.277659
2023-05-01 21:00:00     34.277659
2023-05-01 22:00:00     34.277659
2023-05-01 23:00:00     34.277659
Freq: H, Length: 11664, dtype: float64",2022-01-01,2023-05-01 23:00:00,486 days,100.0,30.025765707093317,112.92038239485588,34.27765926396695,-65.72234073603305,-70.17976286600607,36.37688614540466,100.0,73.40979097812446,439 days 04:00:00,148,0.0,74,31.08108108108108,32.28409292427737,-17.171344165435755,8.205250961731158,-5.299238474710487,3 days 22:52:10.434782608,1 days 16:24:42.352941176,0.6448053840489194,-0.8881397396761233,-0.9086761290708341,-0.7526427260006843,0.9483906519431397,-1.3583918181132733,long
200,"{'window_k': 12, 'window_d': 192, 'window_ma': 132}","open_time
2022-01-01 00:00:00    100.000000
2022-01-01 01:00:00    100.000000
2022-01-01 02:00:00    100.000000
2022-01-01 03:00:00    100.000000
2022-01-01 04:00:00    100.000000
                          ...    
2023-05-01 19:00:00     35.980702
2023-05-01 20:00:00     35.898071
2023-05-01 21:00:00     36.078826
2023-05-01 22:00:00     36.238924
2023-05-01 23:00:00     36.238924
Freq: H, Length: 11664, dtype: float64",2022-01-01,2023-05-01 23:00:00,486 days,100.0,33.93158727972576,116.4940032025434,36.23892400325957,-63.76107599674044,-70.17976286600607,29.218106995884774,100.0,70.8726746897604,451 days 16:00:00,99,0.0,50,28.57142857142857,27.943805874840344,-11.859838274932612,6.808318819289594,-5.21243453883654,5 days 09:25:42.857142857,1 days 18:46:17.142857142,0.5260780256646521,-1.2976629551352465,-1.282635702744001,-0.7526427327003861,0.9301982512760649,-1.7597300479608247,long
3076,"{'window_k': 192, 'window_d': 12, 'window_ma': 72}","open_time
2022-01-01 00:00:00    100.000000
2022-01-01 01:00:00    100.000000
2022-01-01 02:00:00    100.000000
2022-01-01 03:00:00    100.000000
2022-01-01 04:00:00    100.000000
                          ...    
2023-05-01 19:00:00     34.125269
2023-05-01 20:00:00     34.046899
2023-05-01 21:00:00     34.218334
2023-05-01 22:00:00     34.370176
2023-05-01 23:00:00     34.370176
Freq: H, Length: 11664, dtype: float64",2022-01-01,2023-05-01 23:00:00,486 days,100.0,28.95009815771196,108.28022330912505,34.37017589728525,-65.62982410271475,-70.17976286600607,40.586419753086425,100.0,73.2637251078958,473 days 09:00:00,463,0.0,232,34.63203463203463,28.415144596651448,-14.131233595800527,3.8898240316699417,-2.6002160364965423,1 days 06:36:45,0 days 15:05:09.933774834,0.6921107250070503,-0.28442985302065427,-0.7615644389793502,-0.7529055836483404,0.9590046988800905,-1.154290529238516,long
4007,"{'window_k': 237, 'window_d': 162, 'window_ma': 117}","open_time
2022-01-01 00:00:00    100.000000
2022-01-01 01:00:00    100.000000
2022-01-01 02:00:00    100.000000
2022-01-01 03:00:00    100.000000
2022-01-01 04:00:00    100.000000
                          ...    
2023-05-01 19:00:00     33.437517
2023-05-01 20:00:00     33.360726
2023-05-01 21:00:00     33.528706
2023-05-01 22:00:00     33.677488
2023-05-01 23:00:00     33.677488
Freq: H, Length: 11664, dtype: float64",2022-01-01,2023-05-01 23:00:00,486 days,100.0,31.664054988556565,122.55480607082632,33.67748767884078,-66.32251232115922,-70.17976286600607,31.20713305898491,100.0,74.1633510722889,451 days 16:00:00,47,0.0,24,21.73913043478261,31.084198385236423,-23.434903047091407,12.221567978643725,-8.53018331243685,8 days 13:24:00,6 days 00:43:20,0.3576860619188211,-2.878996748447187,-1.1516831481270982,-0.7529470365505733,0.9350911725584606,-1.6418598393578387,long
37,"{'window_k': 12, 'window_d': 42, 'window_ma': 87}","open_time
2022-01-01 00:00:00    100.000000
2022-01-01 01:00:00    100.000000
2022-01-01 02:00:00    100.000000
2022-01-01 03:00:00    100.000000
2022-01-01 04:00:00    100.000000
                          ...    
2023-05-01 19:00:00     27.640012
2023-05-01 20:00:00     27.640012
2023-05-01 21:00:00     27.640012
2023-05-01 22:00:00     27.640012
2023-05-01 23:00:00     27.640012
Freq: H, Length: 11664, dtype: float64",2022-01-01,2023-05-01 23:00:00,486 days,100.0,17.881201060538903,100.63671311869294,27.64001204605158,-72.35998795394842,-70.17976286600607,38.460219478738,100.0,82.23193056847012,481 days 09:00:00,294,0.0,147,34.69387755102041,28.571428571428577,-13.87806675792356,4.800098554164045,-3.6398123599734586,1 days 19:28:14.117647058,0 days 23:38:07.500000,0.4531368162514787,-0.4922448160132545,-1.0329021715723996,-0.753117781983701,0.9428981563772645,-1.5621865809300746,long
105,"{'window_k': 12, 'window_d': 102, 'window_ma': 147}","open_time
2022-01-01 00:00:00    100.000000
2022-01-01 01:00:00    100.000000
2022-01-01 02:00:00    100.000000
2022-01-01 03:00:00    100.000000
2022-01-01 04:00:00    100.000000
                          ...    
2023-05-01 19:00:00     34.240956
2023-05-01 20:00:00     34.240956
2023-05-01 21:00:00     34.240956
2023-05-01 22:00:00     34.240956
2023-05-01 23:00:00     34.240956
Freq: H, Length: 11664, dtype: float64",2022-01-01,2023-05-01 23:00:00,486 days,100.0,29.993615213086663,112.79947137087628,34.24095599752977,-65.75904400247023,-70.17976286600607,36.36831275720165,100.0,73.40979097812446,439 days 04:00:00,148,0.0,74,31.08108108108108,32.28409292427736,-17.17134416543574,8.20053264522649,-5.299238474710486,3 days 22:49:33.913043478,1 days 16:24:42.352941176,0.6442260725003287,-0.8886357297631107,-0.9099073209427765,-0.7531329945816501,0.9483207835973524,-1.3602307987017803,long
356,"{'window_k': 27, 'window_d': 102, 'window_ma': 72}","open_time
2022-01-01 00:00:00    100.00000
2022-01-01 01:00:00    100.00000
2022-01-01 02:00:00    100.00000
2022-01-01 03:00:00    100.00000
2022-01-01 04:00:00    100.00000
                         ...    
2023-05-01 19:00:00     38.64713
2023-05-01 20:00:00     38.64713
2023-05-01 21:00:00     38.64713
2023-05-01 22:00:00     38.64713
2023-05-01 23:00:00     38.64713
Freq: H, Length: 11664, dtype: float64",2022-01-01,2023-05-01 23:00:00,486 days,100.0,33.89666504425243,104.9673479475874,38.6471299878127,-61.352870012187296,-70.17976286600607,35.999657064471876,100.0,67.70741977669303,275 days 07:00:00,108,0.0,54,35.18518518518518,30.93340190280279,-21.578550662216013,7.457399201878294,-6.183022605044605,4 days 10:56:50.526315789,2 days 13:54:51.428571428,0.5995081910628244,-1.1361642594849506,-0.6934414616782071,-0.7537122336527601,0.9608833853526955,-1.0419391232640463,long
41,"{'window_k': 12, 'window_d': 42, 'window_ma': 147}","open_time
2022-01-01 00:00:00    100.000000
2022-01-01 01:00:00    100.000000
2022-01-01 02:00:00    100.000000
2022-01-01 03:00:00    100.000000
2022-01-01 04:00:00    100.000000
                          ...    
2023-05-01 19:00:00     27.493104
2023-05-01 20:00:00     27.493104
2023-05-01 21:00:00     27.493104
2023-05-01 22:00:00     27.493104
2023-05-01 23:00:00     27.493104
Freq: H, Length: 11664, dtype: float64",2022-01-01,2023-05-01 23:00:00,486 days,100.0,17.77854643365362,100.63671311869294,27.493103808988025,-72.50689619101198,-70.17976286600607,38.55452674897119,100.0,82.3339357152044,481 days 09:00:00,294,0.0,147,34.69387755102041,28.57142857142858,-13.87806675792356,4.800098554164046,-3.645286713186343,1 days 19:28:14.117647058,0 days 23:45:00,0.45139932633280333,-0.4932441917755919,-1.0382334089375609,-0.7540316688471634,0.942660326279881,-1.5699803137960715,long
2513,"{'window_k': 147, 'window_d': 207, 'window_ma': 27}","open_time
2022-01-01 00:00:00    100.00000
2022-01-01 01:00:00    100.00000
2022-01-01 02:00:00    100.00000
2022-01-01 03:00:00    100.00000
2022-01-01 04:00:00    100.00000
                         ...    
2023-05-01 19:00:00     34.80949
2023-05-01 20:00:00     34.80949
2023-05-01 21:00:00     34.80949
2023-05-01 22:00:00     34.80949
2023-05-01 23:00:00     34.80949
Freq: H, Length: 11664, dtype: float64",2022-01-01,2023-05-01 23:00:00,486 days,100.0,33.02089162925232,120.44124501527784,34.80949044921336,-65.19050955078664,-70.17976286600607,21.193415637860085,100.0,72.5834022846047,451 days 16:00:00,42,0.0,21,19.047619047619047,15.155464531744556,-25.916897506925203,7.9235801267365815,-7.405128325814231,6 days 11:00:00,4 days 12:56:28.235294117,0.24456163663412014,-3.104309978608889,-1.7211535075624262,-0.7540416995231619,0.8910879691538511,-2.3303507425510586,long
201,"{'window_k': 12, 'window_d': 192, 'window_ma': 147}","open_time
2022-01-01 00:00:00    100.000000
2022-01-01 01:00:00    100.000000
2022-01-01 02:00:00    100.000000
2022-01-01 03:00:00    100.000000
2022-01-01 04:00:00    100.000000
                          ...    
2023-05-01 19:00:00     34.301432
2023-05-01 20:00:00     34.222657
2023-05-01 21:00:00     34.394977
2023-05-01 22:00:00     34.547602
2023-05-01 23:00:00     34.547602
Freq: H, Length: 11664, dtype: float64",2022-01-01,2023-05-01 23:00:00,486 days,100.0,32.347952336364166,119.43863850902967,34.5476024070053,-65.4523975929947,-70.17976286600607,29.003772290809327,100.0,72.91667693121046,451 days 16:00:00,99,0.0,50,26.53061224489796,25.466155810983395,-11.859838274932619,7.254123805047112,-5.181871008652116,5 days 10:00:00,1 days 20:16:40,0.5164727865266204,-1.332346969104786,-1.3446686703385462,-0.7541064731898792,0.9266849813664998,-1.845087878312148,long
100,"{'window_k': 12, 'window_d': 102, 'window_ma': 72}","open_time
2022-01-01 00:00:00    100.000000
2022-01-01 01:00:00    100.000000
2022-01-01 02:00:00    100.000000
2022-01-01 03:00:00    100.000000
2022-01-01 04:00:00    100.000000
                          ...    
2023-05-01 19:00:00     35.521384
2023-05-01 20:00:00     35.521384
2023-05-01 21:00:00     35.521384
2023-05-01 22:00:00     35.521384
2023-05-01 23:00:00     35.521384
Freq: H, Length: 11664, dtype: float64",2022-01-01,2023-05-01 23:00:00,486 days,100.0,31.209097311946987,110.11314383811222,35.521383696143275,-64.47861630385673,-70.17976286600607,34.807956104252405,100.0,71.65724615234814,439 days 04:00:00,148,0.0,74,29.72972972972973,32.28409292427737,-17.171344165435748,8.503110655528891,-5.101848738505907,3 days 17:10:54.545454545,1 days 16:20:46.153846153,0.6468265749003201,-0.8713326527548204,-0.8773276223954747,-0.7541088286519319,0.9490500009196932,-1.314240421740508,long
843,"{'window_k': 57, 'window_d': 72, 'window_ma': 177}","open_time
2022-01-01 00:00:00    100.000000
2022-01-01 01:00:00    100.000000
2022-01-01 02:00:00    100.000000
2022-01-01 03:00:00    100.000000
2022-01-01 04:00:00    100.000000
                          ...    
2023-05-01 19:00:00     38.977601
2023-05-01 20:00:00     38.977601
2023-05-01 21:00:00     38.977601
2023-05-01 22:00:00     38.977601
2023-05-01 23:00:00     38.977601
Freq: H, Length: 11664, dtype: float64",2022-01-01,2023-05-01 23:00:00,486 days,100.0,35.02306076814373,106.3001360416569,38.97760088880863,-61.02239911119137,-70.17976286600607,39.52331961591221,100.0,67.0526660902683,469 days 22:00:00,118,0.0,59,30.508474576271187,22.068435217224128,-17.914691943127973,7.541875946251553,-5.181040443023401,4 days 07:10:00,2 days 19:08:46.829268292,0.5689158855901001,-1.0342779510371416,-0.6795608839488362,-0.7563870670906803,0.9628996962781371,-1.021452963432327,long
160,"{'window_k': 12, 'window_d': 162, 'window_ma': 12}","open_time
2022-01-01 00:00:00    100.000000
2022-01-01 01:00:00    100.000000
2022-01-01 02:00:00    100.000000
2022-01-01 03:00:00    100.000000
2022-01-01 04:00:00    100.000000
                          ...    
2023-05-01 19:00:00     47.839876
2023-05-01 20:00:00     47.839876
2023-05-01 21:00:00     47.839876
2023-05-01 22:00:00     47.839876
2023-05-01 23:00:00     47.839876
Freq: H, Length: 11664, dtype: float64",2022-01-01,2023-05-01 23:00:00,486 days,100.0,44.159323811712994,100.72425787392196,47.83987595645134,-52.16012404354866,-70.17976286600607,13.811728395061728,100.0,56.15820384897958,477 days 12:00:00,110,0.0,55,27.27272727272727,26.882772111219772,-13.820114701356836,4.170594242504292,-3.274470270806821,1 days 12:44:00,1 days 02:56:55.384615384,0.4032041836051922,-0.9483658917008853,-1.408751232869161,-0.75715534828749,0.8875522414875214,-1.93502676562221,long
195,"{'window_k': 12, 'window_d': 192, 'window_ma': 57}","open_time
2022-01-01 00:00:00    100.000000
2022-01-01 01:00:00    100.000000
2022-01-01 02:00:00    100.000000
2022-01-01 03:00:00    100.000000
2022-01-01 04:00:00    100.000000
                          ...    
2023-05-01 19:00:00     34.868256
2023-05-01 20:00:00     34.788180
2023-05-01 21:00:00     34.963347
2023-05-01 22:00:00     35.118495
2023-05-01 23:00:00     35.118495
Freq: H, Length: 11664, dtype: float64",2022-01-01,2023-05-01 23:00:00,486 days,100.0,32.88249626081181,116.4940032025434,35.118495141694325,-64.88150485830568,-70.17976286600607,24.442729766803843,100.0,71.77322835782341,451 days 16:00:00,101,0.0,51,30.0,21.463048374986617,-11.8598382749326,5.207256049623928,-4.897611165904005,3 days 19:16:00,1 days 15:30:51.428571428,0.4671013210452759,-1.2942268512353232,-1.558849231439569,-0.7583529544519437,0.907139081155281,-2.1344695766365565,long
2983,"{'window_k': 177, 'window_d': 162, 'window_ma': 117}","open_time
2022-01-01 00:00:00    100.000000
2022-01-01 01:00:00    100.000000
2022-01-01 02:00:00    100.000000
2022-01-01 03:00:00    100.000000
2022-01-01 04:00:00    100.000000
                          ...    
2023-05-01 19:00:00     26.715388
2023-05-01 20:00:00     26.654035
2023-05-01 21:00:00     26.788245
2023-05-01 22:00:00     26.907117
2023-05-01 23:00:00     26.907117
Freq: H, Length: 11664, dtype: float64",2022-01-01,2023-05-01 23:00:00,486 days,100.0,21.61187091487954,124.55012853470436,26.90711653583267,-73.09288346416733,-70.17976286600607,32.86179698216735,100.0,82.64805410549403,451 days 16:00:00,49,0.0,25,25.0,30.083937428462406,-26.766441214563248,9.543488794664935,-9.400105635127979,8 days 10:20:00,5 days 23:33:19.999999999,0.2897013130298717,-3.0488920521312206,-1.5472963648747848,-0.7585294427069476,0.919450456296575,-2.104556131652462,long
43,"{'window_k': 12, 'window_d': 42, 'window_ma': 177}","open_time
2022-01-01 00:00:00    100.000000
2022-01-01 01:00:00    100.000000
2022-01-01 02:00:00    100.000000
2022-01-01 03:00:00    100.000000
2022-01-01 04:00:00    100.000000
                          ...    
2023-05-01 19:00:00     27.095783
2023-05-01 20:00:00     27.095783
2023-05-01 21:00:00     27.095783
2023-05-01 22:00:00     27.095783
2023-05-01 23:00:00     27.095783
Freq: H, Length: 11664, dtype: float64",2022-01-01,2023-05-01 23:00:00,486 days,100.0,17.77854643365362,100.63671311869294,27.095783156967272,-72.90421684303273,-70.17976286600607,38.28875171467764,100.0,82.3339357152044,481 days 09:00:00,294,0.0,147,34.01360544217687,28.57142857142857,-13.87806675792356,4.874254539447218,-3.6115069636728427,1 days 19:31:12,0 days 23:36:29.690721649,0.44817027587099395,-0.4959470533539648,-1.0584053852904378,-0.7590391730171019,0.9413963841671981,-1.5991720568774916,long
113,"{'window_k': 12, 'window_d': 117, 'window_ma': 27}","open_time
2022-01-01 00:00:00    100.000000
2022-01-01 01:00:00    100.000000
2022-01-01 02:00:00    100.000000
2022-01-01 03:00:00    100.000000
2022-01-01 04:00:00    100.000000
                          ...    
2023-05-01 19:00:00     30.953709
2023-05-01 20:00:00     30.953709
2023-05-01 21:00:00     30.953709
2023-05-01 22:00:00     30.953709
2023-05-01 23:00:00     30.953709
Freq: H, Length: 11664, dtype: float64",2022-01-01,2023-05-01 23:00:00,486 days,100.0,29.208336869707487,127.71104084286917,30.95370884470033,-69.04629115529967,-70.17976286600607,29.338134430727024,100.0,77.12935649342619,439 days 04:00:00,142,0.0,71,25.352112676056336,30.00057231156642,-22.71610291991905,8.404921168699923,-4.6139269444895925,3 days 19:23:20,1 days 09:31:41.886792452,0.5717521455339754,-0.9724829740183054,-1.1543322581303195,-0.7591316233226159,0.9273123939079911,-1.697873641557361,long
22,"{'window_k': 12, 'window_d': 27, 'window_ma': 102}","open_time
2022-01-01 00:00:00    100.000000
2022-01-01 01:00:00    100.000000
2022-01-01 02:00:00    100.000000
2022-01-01 03:00:00    100.000000
2022-01-01 04:00:00    100.000000
                          ...    
2023-05-01 19:00:00     31.161040
2023-05-01 20:00:00     31.089477
2023-05-01 21:00:00     31.246021
2023-05-01 22:00:00     31.384673
2023-05-01 23:00:00     31.384673
Freq: H, Length: 11664, dtype: float64",2022-01-01,2023-05-01 23:00:00,486 days,100.0,24.570613150649777,104.74649873865077,31.3846731836028,-68.6153268163972,-70.17976286600607,39.78052126200274,100.0,76.54278334213821,454 days 07:00:00,393,0.0,197,35.204081632653065,27.726415941118393,-14.76460438747843,4.515684708700421,-3.1349848441926573,1 days 08:10:26.086956521,0 days 19:00:00,0.6566837900314623,-0.35042049364692507,-0.8574870277324967,-0.7592965795625376,0.9521847369718575,-1.2979589460710907,long
3328,"{'window_k': 207, 'window_d': 12, 'window_ma': 12}","open_time
2022-01-01 00:00:00    100.000000
2022-01-01 01:00:00    100.000000
2022-01-01 02:00:00    100.000000
2022-01-01 03:00:00    100.000000
2022-01-01 04:00:00    100.000000
                          ...    
2023-05-01 19:00:00     34.218666
2023-05-01 20:00:00     34.140081
2023-05-01 21:00:00     34.311985
2023-05-01 22:00:00     34.311985
2023-05-01 23:00:00     34.311985
Freq: H, Length: 11664, dtype: float64",2022-01-01,2023-05-01 23:00:00,486 days,100.0,29.228580883896853,107.10533571314556,34.31198480018608,-65.68801519981392,-70.17976286600607,29.30384087791495,100.0,72.71043436885518,471 days 06:00:00,450,0.0,225,32.0,30.429988974641653,-16.33320749968543,3.7390480998843567,-2.3386442483389906,0 days 22:36:40,0 days 11:46:05.562913907,0.6576317548284956,-0.2919467342213946,-0.9068601917694402,-0.7594191315187336,0.9412158574481355,-1.3921566252834288,long
3079,"{'window_k': 192, 'window_d': 12, 'window_ma': 117}","open_time
2022-01-01 00:00:00    100.000000
2022-01-01 01:00:00    100.000000
2022-01-01 02:00:00    100.000000
2022-01-01 03:00:00    100.000000
2022-01-01 04:00:00    100.000000
                          ...    
2023-05-01 19:00:00     32.848560
2023-05-01 20:00:00     32.773121
2023-05-01 21:00:00     32.938142
2023-05-01 22:00:00     33.084303
2023-05-01 23:00:00     33.084303
Freq: H, Length: 11664, dtype: float64",2022-01-01,2023-05-01 23:00:00,486 days,100.0,27.867004108204725,108.28022330912505,33.08430346976979,-66.9156965302302,-70.17976286600607,40.56927297668038,100.0,74.26399460901712,473 days 09:00:00,461,0.0,231,34.78260869565217,28.415144596651444,-14.131233595800532,3.889824031669939,-2.6419454798766426,1 days 06:36:45,0 days 15:10:24,0.6834929256660657,-0.29124530308670926,-0.8012760242854808,-0.7598098760470349,0.9568982179318228,-1.213711837933711,long
193,"{'window_k': 12, 'window_d': 192, 'window_ma': 27}","open_time
2022-01-01 00:00:00    100.000000
2022-01-01 01:00:00    100.000000
2022-01-01 02:00:00    100.000000
2022-01-01 03:00:00    100.000000
2022-01-01 04:00:00    100.000000
                          ...    
2023-05-01 19:00:00     36.171060
2023-05-01 20:00:00     36.087991
2023-05-01 21:00:00     36.269703
2023-05-01 22:00:00     36.430648
2023-05-01 23:00:00     36.430648
Freq: H, Length: 11664, dtype: float64",2022-01-01,2023-05-01 23:00:00,486 days,100.0,35.008483677905296,116.4940032025434,36.43064813354328,-63.56935186645673,-70.17976286600607,20.593278463648833,100.0,69.94825251473463,451 days 16:00:00,99,0.0,50,28.57142857142857,21.328971361149858,-11.057816956183562,4.921912928684151,-4.5745854670506,2 days 17:42:51.428571428,1 days 15:30:51.428571428,0.4601986986857122,-1.2937312591007448,-1.590356247686957,-0.75994086471076,0.8977234703157007,-2.1750636903632503,long
39,"{'window_k': 12, 'window_d': 42, 'window_ma': 117}","open_time
2022-01-01 00:00:00    100.000000
2022-01-01 01:00:00    100.000000
2022-01-01 02:00:00    100.000000
2022-01-01 03:00:00    100.000000
2022-01-01 04:00:00    100.000000
                          ...    
2023-05-01 19:00:00     26.644057
2023-05-01 20:00:00     26.644057
2023-05-01 21:00:00     26.644057
2023-05-01 22:00:00     26.644057
2023-05-01 23:00:00     26.644057
Freq: H, Length: 11664, dtype: float64",2022-01-01,2023-05-01 23:00:00,486 days,100.0,17.256646923597962,100.63671311869294,26.644056688351583,-73.35594331164842,-70.17976286600607,38.50308641975309,100.0,82.85253324674352,481 days 09:00:00,294,0.0,147,34.69387755102041,28.57142857142858,-13.878066757923566,4.800098554164047,-3.675559797701453,1 days 19:28:14.117647058,0 days 23:41:15,0.4421494758464612,-0.4990200225282207,-1.0727808805853152,-0.7599678151902248,0.9407522174295118,-1.6215045798866818,long
2821,"{'window_k': 177, 'window_d': 12, 'window_ma': 87}","open_time
2022-01-01 00:00:00    100.000000
2022-01-01 01:00:00    100.000000
2022-01-01 02:00:00    100.000000
2022-01-01 03:00:00    100.000000
2022-01-01 04:00:00    100.000000
                          ...    
2023-05-01 19:00:00     28.992852
2023-05-01 20:00:00     28.926269
2023-05-01 21:00:00     29.071920
2023-05-01 22:00:00     29.200925
2023-05-01 23:00:00     29.200925
Freq: H, Length: 11664, dtype: float64",2022-01-01,2023-05-01 23:00:00,486 days,100.0,22.32326906170964,107.67627823612185,29.20092506510258,-70.79907493489742,-70.17976286600607,41.40089163237312,100.0,79.26816432793373,473 days 09:00:00,469,0.0,235,33.33333333333333,28.488482771749503,-14.13123359580053,4.081541377733608,-2.6594812569670605,1 days 08:06:55.384615384,0 days 14:51:09.230769230,0.66381556432683,-0.3028269091876693,-0.9100273520446615,-0.761046760829009,0.9518662385416342,-1.3688107628245234,long
3081,"{'window_k': 192, 'window_d': 12, 'window_ma': 147}","open_time
2022-01-01 00:00:00    100.000000
2022-01-01 01:00:00    100.000000
2022-01-01 02:00:00    100.000000
2022-01-01 03:00:00    100.000000
2022-01-01 04:00:00    100.000000
                          ...    
2023-05-01 19:00:00     32.392685
2023-05-01 20:00:00     32.318294
2023-05-01 21:00:00     32.481024
2023-05-01 22:00:00     32.625157
2023-05-01 23:00:00     32.625157
Freq: H, Length: 11664, dtype: float64",2022-01-01,2023-05-01 23:00:00,486 days,100.0,27.48026395409005,108.28022330912505,32.625157284805226,-67.37484271519477,-70.17976286600607,40.56927297668038,100.0,74.6211606198505,473 days 09:00:00,463,0.0,232,35.064935064935064,28.415144596651444,-14.131233595800522,3.8619608480637675,-2.6615961156830807,1 days 06:15:33.333333333,0 days 15:09:36,0.6805324534662841,-0.2919678978089667,-0.8160118302315839,-0.7622699001378567,0.9561327187174071,-1.2364884772502587,long
3078,"{'window_k': 192, 'window_d': 12, 'window_ma': 102}","open_time
2022-01-01 00:00:00    100.000000
2022-01-01 01:00:00    100.000000
2022-01-01 02:00:00    100.000000
2022-01-01 03:00:00    100.000000
2022-01-01 04:00:00    100.000000
                          ...    
2023-05-01 19:00:00     32.318873
2023-05-01 20:00:00     32.244651
2023-05-01 21:00:00     32.407011
2023-05-01 22:00:00     32.550816
2023-05-01 23:00:00     32.550816
Freq: H, Length: 11664, dtype: float64",2022-01-01,2023-05-01 23:00:00,486 days,100.0,27.417645770658908,108.28022330912505,32.550815637769205,-67.4491843622308,-70.17976286600607,40.26920438957476,100.0,74.67899037076667,473 days 09:00:00,461,0.0,231,34.78260869565217,28.415144596651437,-14.131233595800532,3.8444429631942154,-2.630277019605811,1 days 06:14:15,0 days 15:08:24,0.6693165539449804,-0.29355985705791543,-0.8234646290722861,-0.7626679976872682,0.9554947498284582,-1.2474489929851955,long
199,"{'window_k': 12, 'window_d': 192, 'window_ma': 117}","open_time
2022-01-01 00:00:00    100.000000
2022-01-01 01:00:00    100.000000
2022-01-01 02:00:00    100.000000
2022-01-01 03:00:00    100.000000
2022-01-01 04:00:00    100.000000
                          ...    
2023-05-01 19:00:00     32.078811
2023-05-01 20:00:00     32.005140
2023-05-01 21:00:00     32.166294
2023-05-01 22:00:00     32.309030
2023-05-01 23:00:00     32.309030
Freq: H, Length: 11664, dtype: float64",2022-01-01,2023-05-01 23:00:00,486 days,100.0,30.25191045321464,120.88590727970347,32.309030368364205,-67.6909696316358,-70.17976286600607,26.79183813443073,100.0,74.97482449859241,451 days 16:00:00,99,0.0,50,28.57142857142857,25.4661558109834,-11.85983827493261,5.824373439969883,-5.188646330625768,4 days 13:17:08.571428571,1 days 18:44:34.285714285,0.47804910596658595,-1.3782534744270147,-1.5573324148901764,-0.7628644427944715,0.9121021114591855,-2.119135926720681,long
3521,"{'window_k': 207, 'window_d': 192, 'window_ma': 27}","open_time
2022-01-01 00:00:00    100.000000
2022-01-01 01:00:00    100.000000
2022-01-01 02:00:00    100.000000
2022-01-01 03:00:00    100.000000
2022-01-01 04:00:00    100.000000
                          ...    
2023-05-01 19:00:00     34.350327
2023-05-01 20:00:00     34.350327
2023-05-01 21:00:00     34.350327
2023-05-01 22:00:00     34.350327
2023-05-01 23:00:00     34.350327
Freq: H, Length: 11664, dtype: float64",2022-01-01,2023-05-01 23:00:00,486 days,100.0,33.220352930350536,119.8639315534481,34.350327474736275,-65.64967252526372,-70.17976286600607,21.382030178326474,100.0,72.28494635557874,451 days 16:00:00,40,0.0,20,15.0,15.7156220767072,-25.659365221278495,13.782425065320528,-7.974223113325074,5 days 18:39:59.999999999,5 days 02:14:07.058823529,0.3053160351348998,-3.2824836262631885,-1.6450922760249178,-0.7633694043173848,0.8953975015892602,-2.245422841449277,long
3075,"{'window_k': 192, 'window_d': 12, 'window_ma': 57}","open_time
2022-01-01 00:00:00    100.000000
2022-01-01 01:00:00    100.000000
2022-01-01 02:00:00    100.000000
2022-01-01 03:00:00    100.000000
2022-01-01 04:00:00    100.000000
                          ...    
2023-05-01 19:00:00     32.132089
2023-05-01 20:00:00     32.058296
2023-05-01 21:00:00     32.219717
2023-05-01 22:00:00     32.362691
2023-05-01 23:00:00     32.362691
Freq: H, Length: 11664, dtype: float64",2022-01-01,2023-05-01 23:00:00,486 days,100.0,27.25918746730393,108.28022330912505,32.36269054993613,-67.63730945006387,-70.17976286600607,40.526406035665296,100.0,74.8253313169823,473 days 09:00:00,463,0.0,232,34.63203463203463,28.415144596651437,-14.131233595800536,3.899427924447812,-2.6433050559868945,1 days 06:34:30,0 days 15:03:34.569536423,0.676820912001047,-0.2931016885827348,-0.8238134446688868,-0.7636751637372479,0.9557240758183495,-1.247590225925948,long
3082,"{'window_k': 192, 'window_d': 12, 'window_ma': 162}","open_time
2022-01-01 00:00:00    100.000000
2022-01-01 01:00:00    100.000000
2022-01-01 02:00:00    100.000000
2022-01-01 03:00:00    100.000000
2022-01-01 04:00:00    100.000000
                          ...    
2023-05-01 19:00:00     32.015903
2023-05-01 20:00:00     31.942377
2023-05-01 21:00:00     32.103215
2023-05-01 22:00:00     32.245671
2023-05-01 23:00:00     32.245671
Freq: H, Length: 11664, dtype: float64",2022-01-01,2023-05-01 23:00:00,486 days,100.0,27.160621636123288,108.28022330912505,32.24567108642056,-67.75432891357944,-70.17976286600607,40.45781893004115,100.0,74.91635978752697,473 days 09:00:00,463,0.0,232,34.63203463203463,28.415144596651455,-14.131233595800536,3.894156787302524,-2.6433290037968953,1 days 06:27:45,0 days 15:03:58.410596026,0.6775319639958632,-0.2936071834529772,-0.8279531371396258,-0.7643014881471153,0.9554558856755014,-1.2540056937341109,long
203,"{'window_k': 12, 'window_d': 192, 'window_ma': 177}","open_time
2022-01-01 00:00:00    100.000000
2022-01-01 01:00:00    100.000000
2022-01-01 02:00:00    100.000000
2022-01-01 03:00:00    100.000000
2022-01-01 04:00:00    100.000000
                          ...    
2023-05-01 19:00:00     33.687560
2023-05-01 20:00:00     33.610195
2023-05-01 21:00:00     33.779431
2023-05-01 22:00:00     33.929325
2023-05-01 23:00:00     33.929325
Freq: H, Length: 11664, dtype: float64",2022-01-01,2023-05-01 23:00:00,486 days,100.0,31.76904108013412,116.4940032025434,33.92932537663225,-66.07067462336775,-70.17976286600607,29.26954732510288,100.0,72.72903307743783,451 days 16:00:00,99,0.0,50,26.53061224489796,25.466155810983388,-11.859838274932601,7.056530779445924,-5.164044302733655,5 days 12:00:00,1 days 20:25:00,0.5020151916116684,-1.345026006140674,-1.3793213107238724,-0.7643894145313758,0.9252309555583732,-1.8899556080439337,long
3505,"{'window_k': 207, 'window_d': 177, 'window_ma': 27}","open_time
2022-01-01 00:00:00    100.000000
2022-01-01 01:00:00    100.000000
2022-01-01 02:00:00    100.000000
2022-01-01 03:00:00    100.000000
2022-01-01 04:00:00    100.000000
                          ...    
2023-05-01 19:00:00     32.433259
2023-05-01 20:00:00     32.358774
2023-05-01 21:00:00     32.521709
2023-05-01 22:00:00     32.666022
2023-05-01 23:00:00     32.666022
Freq: H, Length: 11664, dtype: float64",2022-01-01,2023-05-01 23:00:00,486 days,100.0,30.932575312175768,120.60989523908307,32.66602222589532,-67.33397777410468,-70.17976286600607,23.293895747599453,100.0,74.35320273609506,451 days 16:00:00,47,0.0,24,26.08695652173913,16.45641122199208,-25.044091710758376,5.826392075549238,-7.942230173949367,4 days 09:10:00,5 days 02:17:38.823529411,0.25611876484705903,-2.9306002960157693,-1.5502949301620235,-0.7644715618217507,0.9015935197411017,-2.1733439138081976,long
3073,"{'window_k': 192, 'window_d': 12, 'window_ma': 27}","open_time
2022-01-01 00:00:00    100.000000
2022-01-01 01:00:00    100.000000
2022-01-01 02:00:00    100.000000
2022-01-01 03:00:00    100.000000
2022-01-01 04:00:00    100.000000
                          ...    
2023-05-01 19:00:00     30.535148
2023-05-01 20:00:00     30.465023
2023-05-01 21:00:00     30.618422
2023-05-01 22:00:00     30.754290
2023-05-01 23:00:00     30.754290
Freq: H, Length: 11664, dtype: float64",2022-01-01,2023-05-01 23:00:00,486 days,100.0,25.146834597163792,108.28022330912505,30.754289633680628,-69.24571036631937,-70.17976286600607,38.51165980795611,100.0,76.77615188752146,473 days 09:00:00,463,0.0,232,34.1991341991342,20.54552856561269,-14.131233595800527,3.7260885045242635,-2.565221110484754,1 days 05:20:30.379746835,0 days 14:15:23.684210526,0.6527179289651929,-0.3000495790279065,-1.0591408666999294,-0.7652382005519135,0.9456670766197932,-1.5212020505439676,long
3087,"{'window_k': 192, 'window_d': 12, 'window_ma': 237}","open_time
2022-01-01 00:00:00    100.000000
2022-01-01 01:00:00    100.000000
2022-01-01 02:00:00    100.000000
2022-01-01 03:00:00    100.000000
2022-01-01 04:00:00    100.000000
                          ...    
2023-05-01 19:00:00     31.818784
2023-05-01 20:00:00     31.745711
2023-05-01 21:00:00     31.905558
2023-05-01 22:00:00     32.047137
2023-05-01 23:00:00     32.047137
Freq: H, Length: 11664, dtype: float64",2022-01-01,2023-05-01 23:00:00,486 days,100.0,26.99339604204474,108.28022330912505,32.04713728347113,-67.95286271652887,-70.17976286600607,40.50068587105624,100.0,75.07079758694039,473 days 09:00:00,463,0.0,232,34.63203463203463,28.415144596651455,-14.131233595800532,3.889760572289394,-2.6451381599361157,1 days 06:20:15,0 days 15:09:56.026490066,0.6761743564749414,-0.29446479992074626,-0.8345636873764222,-0.7653638385424036,0.955112663275163,-1.2641591504385221,long
3086,"{'window_k': 192, 'window_d': 12, 'window_ma': 222}","open_time
2022-01-01 00:00:00    100.000000
2022-01-01 01:00:00    100.000000
2022-01-01 02:00:00    100.000000
2022-01-01 03:00:00    100.000000
2022-01-01 04:00:00    100.000000
                          ...    
2023-05-01 19:00:00     31.817374
2023-05-01 20:00:00     31.744304
2023-05-01 21:00:00     31.904144
2023-05-01 22:00:00     32.045717
2023-05-01 23:00:00     32.045717
Freq: H, Length: 11664, dtype: float64",2022-01-01,2023-05-01 23:00:00,486 days,100.0,26.992199688819404,108.28022330912505,32.04571694732705,-67.95428305267295,-70.17976286600607,40.68930041152263,100.0,75.07190245465193,473 days 09:00:00,463,0.0,232,34.63203463203463,28.415144596651455,-14.131233595800536,3.8898240316699404,-2.6451381599361135,1 days 06:36:45,0 days 15:09:56.026490066,0.6762665175257996,-0.2944709354183229,-0.8336217797589475,-0.7653714375995204,0.9552756786044847,-1.2624346495674956,long
198,"{'window_k': 12, 'window_d': 192, 'window_ma': 102}","open_time
2022-01-01 00:00:00    100.000000
2022-01-01 01:00:00    100.000000
2022-01-01 02:00:00    100.000000
2022-01-01 03:00:00    100.000000
2022-01-01 04:00:00    100.000000
                          ...    
2023-05-01 19:00:00     34.136639
2023-05-01 20:00:00     34.058243
2023-05-01 21:00:00     34.229734
2023-05-01 22:00:00     34.381627
2023-05-01 23:00:00     34.381627
Freq: H, Length: 11664, dtype: float64",2022-01-01,2023-05-01 23:00:00,486 days,100.0,32.56577758509242,116.4940032025434,34.38162676924354,-65.61837323075646,-70.17976286600607,27.906378600823047,100.0,72.04510387674496,451 days 16:00:00,99,0.0,50,28.57142857142857,25.4661558109834,-11.859838274932603,6.492398813809906,-5.248714907120531,4 days 22:30:00,1 days 18:46:17.142857142,0.502036784183467,-1.3357506395548537,-1.378818942740331,-0.7654850327816788,0.923288609222494,-1.8848114320370633,long
3085,"{'window_k': 192, 'window_d': 12, 'window_ma': 207}","open_time
2022-01-01 00:00:00    100.000000
2022-01-01 01:00:00    100.000000
2022-01-01 02:00:00    100.000000
2022-01-01 03:00:00    100.000000
2022-01-01 04:00:00    100.000000
                          ...    
2023-05-01 19:00:00     31.938471
2023-05-01 20:00:00     31.865123
2023-05-01 21:00:00     32.025571
2023-05-01 22:00:00     32.167683
2023-05-01 23:00:00     32.167683
Freq: H, Length: 11664, dtype: float64",2022-01-01,2023-05-01 23:00:00,486 days,100.0,27.19921510825277,108.28022330912505,32.167683191575236,-67.83231680842476,-70.17976286600607,40.655006858710564,100.0,74.88071757055508,473 days 09:00:00,463,0.0,232,34.63203463203463,28.415144596651455,-14.13123359580053,3.8997702682290796,-2.647660337079423,1 days 06:36:00,0 days 15:08:44.503311258,0.678166145577353,-0.2939440716902063,-0.8298002532044411,-0.7657023865609347,0.9554534497394194,-1.2567058578159016,long
3083,"{'window_k': 192, 'window_d': 12, 'window_ma': 177}","open_time
2022-01-01 00:00:00    100.000000
2022-01-01 01:00:00    100.000000
2022-01-01 02:00:00    100.000000
2022-01-01 03:00:00    100.000000
2022-01-01 04:00:00    100.000000
                          ...    
2023-05-01 19:00:00     31.791233
2023-05-01 20:00:00     31.718223
2023-05-01 21:00:00     31.877932
2023-05-01 22:00:00     32.019389
2023-05-01 23:00:00     32.019389
Freq: H, Length: 11664, dtype: float64",2022-01-01,2023-05-01 23:00:00,486 days,100.0,26.992199688819404,108.28022330912505,32.01938882166857,-67.98061117833143,-70.17976286600607,40.6721536351166,100.0,75.07190245465193,473 days 09:00:00,463,0.0,232,34.63203463203463,28.415144596651455,-14.131233595800536,3.8898240316699395,-2.6456786264668226,1 days 06:36:45,0 days 15:09:08.344370860,0.6761634025698882,-0.294584666348748,-0.8345440071898539,-0.7657211351423007,0.9552157166162576,-1.263829347563051,long
3084,"{'window_k': 192, 'window_d': 12, 'window_ma': 192}","open_time
2022-01-01 00:00:00    100.000000
2022-01-01 01:00:00    100.000000
2022-01-01 02:00:00    100.000000
2022-01-01 03:00:00    100.000000
2022-01-01 04:00:00    100.000000
                          ...    
2023-05-01 19:00:00     31.696205
2023-05-01 20:00:00     31.623414
2023-05-01 21:00:00     31.782645
2023-05-01 22:00:00     31.923679
2023-05-01 23:00:00     31.923679
Freq: H, Length: 11664, dtype: float64",2022-01-01,2023-05-01 23:00:00,486 days,100.0,26.88940681366034,108.28022330912505,31.923679046765912,-68.07632095323409,-70.17976286600607,40.663580246913575,100.0,75.16683472576999,473 days 09:00:00,463,0.0,232,34.63203463203463,28.415144596651448,-14.131233595800518,3.889824031669938,-2.647634452207888,1 days 06:36:45,0 days 15:08:44.503311258,0.6751366583719035,-0.2949981086838238,-0.837649688432359,-0.7660243059312827,0.9550545556161112,-1.2685081758945467,long
202,"{'window_k': 12, 'window_d': 192, 'window_ma': 162}","open_time
2022-01-01 00:00:00    100.000000
2022-01-01 01:00:00    100.000000
2022-01-01 02:00:00    100.000000
2022-01-01 03:00:00    100.000000
2022-01-01 04:00:00    100.000000
                          ...    
2023-05-01 19:00:00     33.183602
2023-05-01 20:00:00     33.107394
2023-05-01 21:00:00     33.274098
2023-05-01 22:00:00     33.421750
2023-05-01 23:00:00     33.421750
Freq: H, Length: 11664, dtype: float64",2022-01-01,2023-05-01 23:00:00,486 days,100.0,31.293783039384046,116.4940032025434,33.42174994614332,-66.57825005385668,-70.17976286600607,29.19238683127572,100.0,73.13700089353542,451 days 16:00:00,99,0.0,50,26.53061224489796,25.46615581098338,-11.859838274932597,7.056530779445926,-5.2037024481080785,5 days 12:00:00,1 days 20:10:00,0.4970445572667995,-1.3554348801009304,-1.3924738804800352,-0.7669600440121214,0.9243814673940502,-1.9100769225447336,long
3497,"{'window_k': 207, 'window_d': 162, 'window_ma': 147}","open_time
2022-01-01 00:00:00    100.000000
2022-01-01 01:00:00    100.000000
2022-01-01 02:00:00    100.000000
2022-01-01 03:00:00    100.000000
2022-01-01 04:00:00    100.000000
                          ...    
2023-05-01 19:00:00     27.566210
2023-05-01 20:00:00     27.502903
2023-05-01 21:00:00     27.641387
2023-05-01 22:00:00     27.764044
2023-05-01 23:00:00     27.764044
Freq: H, Length: 11664, dtype: float64",2022-01-01,2023-05-01 23:00:00,486 days,100.0,23.657170643709932,121.53010033444815,27.764044066596895,-72.2359559334031,-70.17976286600607,36.21399176954733,100.0,80.53390017896314,451 days 16:00:00,49,0.0,25,29.166666666666668,25.605536332179916,-29.870717517776335,9.317363773026264,-10.270506225885919,9 days 07:51:25.714285714,6 days 10:52:56.470588235,0.29962552952983057,-3.0170854159162266,-1.3604564319568178,-0.7674047722062198,0.9310148818961133,-1.8579152089803994,long
3080,"{'window_k': 192, 'window_d': 12, 'window_ma': 132}","open_time
2022-01-01 00:00:00    100.000000
2022-01-01 01:00:00    100.000000
2022-01-01 02:00:00    100.000000
2022-01-01 03:00:00    100.000000
2022-01-01 04:00:00    100.000000
                          ...    
2023-05-01 19:00:00     31.386515
2023-05-01 20:00:00     31.314434
2023-05-01 21:00:00     31.472110
2023-05-01 22:00:00     31.611766
2023-05-01 23:00:00     31.611766
Freq: H, Length: 11664, dtype: float64",2022-01-01,2023-05-01 23:00:00,486 days,100.0,26.626681594360406,108.28022330912505,31.6117660456148,-68.3882339543852,-70.17976286600607,40.44924554183814,100.0,75.40946926351924,473 days 09:00:00,463,0.0,232,34.63203463203463,28.415144596651466,-14.131233595800532,3.861148587823941,-2.6392327311598023,1 days 06:16:30,0 days 15:09:32.185430463,0.6687687059885924,-0.2963454949844163,-0.8491132560854018,-0.7676924853729306,0.9543136200080115,-1.2858531416829493,long
38,"{'window_k': 12, 'window_d': 42, 'window_ma': 102}","open_time
2022-01-01 00:00:00    100.000000
2022-01-01 01:00:00    100.000000
2022-01-01 02:00:00    100.000000
2022-01-01 03:00:00    100.000000
2022-01-01 04:00:00    100.000000
                          ...    
2023-05-01 19:00:00     26.783749
2023-05-01 20:00:00     26.783749
2023-05-01 21:00:00     26.783749
2023-05-01 22:00:00     26.783749
2023-05-01 23:00:00     26.783749
Freq: H, Length: 11664, dtype: float64",2022-01-01,2023-05-01 23:00:00,486 days,100.0,18.288265313761528,100.63671311869294,26.78374897774178,-73.21625102225822,-70.17976286600607,38.02297668038408,100.0,81.82744174862708,481 days 09:00:00,294,0.0,147,34.69387755102041,28.57142857142858,-13.87806675792356,4.689505093982044,-3.616737872708481,1 days 18:24:42.352941176,0 days 23:40:00,0.447157123986946,-0.4980697348452938,-1.0701241837606863,-0.767707327550917,0.9405497172107196,-1.6183003535190275,long
3241,"{'window_k': 192, 'window_d': 162, 'window_ma': 147}","open_time
2022-01-01 00:00:00    100.000000
2022-01-01 01:00:00    100.000000
2022-01-01 02:00:00    100.000000
2022-01-01 03:00:00    100.000000
2022-01-01 04:00:00    100.000000
                          ...    
2023-05-01 19:00:00     25.614824
2023-05-01 20:00:00     25.555999
2023-05-01 21:00:00     25.684680
2023-05-01 22:00:00     25.798654
2023-05-01 23:00:00     25.798654
Freq: H, Length: 11664, dtype: float64",2022-01-01,2023-05-01 23:00:00,486 days,100.0,21.016176415269214,124.40355194179949,25.798654080994254,-74.20134591900575,-70.17976286600607,36.45404663923183,100.0,83.10644986639824,451 days 16:00:00,49,0.0,25,29.166666666666668,31.480420248328546,-35.97931480284422,10.85333862428857,-10.905853386031982,9 days 08:17:08.571428571,6 days 12:00:00,0.3299731201476169,-3.08436956034022,-1.4811982465964435,-0.7683076447120534,0.9263400555508755,-2.003554978494301,long
2826,"{'window_k': 177, 'window_d': 12, 'window_ma': 162}","open_time
2022-01-01 00:00:00    100.000000
2022-01-01 01:00:00    100.000000
2022-01-01 02:00:00    100.000000
2022-01-01 03:00:00    100.000000
2022-01-01 04:00:00    100.000000
                          ...    
2023-05-01 19:00:00     29.224789
2023-05-01 20:00:00     29.157673
2023-05-01 21:00:00     29.304489
2023-05-01 22:00:00     29.434526
2023-05-01 23:00:00     29.434526
Freq: H, Length: 11664, dtype: float64",2022-01-01,2023-05-01 23:00:00,486 days,100.0,23.467462804686505,107.67627823612185,29.434526188158955,-70.56547381184104,-70.17976286600607,41.22942386831276,100.0,78.2055405432708,473 days 09:00:00,471,0.0,236,33.61702127659574,28.488482771749503,-14.13123359580053,4.035671599202052,-2.657551254871567,1 days 07:44:48.607594936,0 days 14:42:18.461538461,0.668545621275309,-0.30054636165089066,-0.9027062170032215,-0.7683427084745214,0.9521388827565996,-1.3580433244176962,long
2820,"{'window_k': 177, 'window_d': 12, 'window_ma': 72}","open_time
2022-01-01 00:00:00    100.000000
2022-01-01 01:00:00    100.000000
2022-01-01 02:00:00    100.000000
2022-01-01 03:00:00    100.000000
2022-01-01 04:00:00    100.000000
                          ...    
2023-05-01 19:00:00     29.191313
2023-05-01 20:00:00     29.124273
2023-05-01 21:00:00     29.270921
2023-05-01 22:00:00     29.400810
2023-05-01 23:00:00     29.400810
Freq: H, Length: 11664, dtype: float64",2022-01-01,2023-05-01 23:00:00,486 days,100.0,23.440581281509058,107.67627823612185,29.400809509686724,-70.59919049031328,-70.17976286600607,41.418038408779154,100.0,78.23050567358344,473 days 09:00:00,471,0.0,236,33.191489361702125,28.488482771749496,-14.13123359580053,4.081541377733611,-2.6387349802380538,1 days 08:06:55.384615384,0 days 14:46:14.522292993,0.6711127191254509,-0.30068953017636346,-0.9026777416231824,-0.7685364744332678,0.9522556528944427,-1.3575260639788833,long
196,"{'window_k': 12, 'window_d': 192, 'window_ma': 72}","open_time
2022-01-01 00:00:00    100.000000
2022-01-01 01:00:00    100.000000
2022-01-01 02:00:00    100.000000
2022-01-01 03:00:00    100.000000
2022-01-01 04:00:00    100.000000
                          ...    
2023-05-01 19:00:00     34.327475
2023-05-01 20:00:00     34.327475
2023-05-01 21:00:00     34.327475
2023-05-01 22:00:00     34.327475
2023-05-01 23:00:00     34.327475
Freq: H, Length: 11664, dtype: float64",2022-01-01,2023-05-01 23:00:00,486 days,100.0,32.3957912714218,114.91467273628248,34.327475016744785,-65.67252498325522,-70.17976286600607,26.037379972565155,100.0,71.8088295427975,453 days 11:00:00,102,0.0,51,29.411764705882355,25.4661558109834,-11.859838274932608,5.611397814183785,-4.973705168844188,4 days 05:04:00,1 days 18:15:00,0.4756689194788892,-1.2876965682991222,-1.4179209399502033,-0.7687426814734953,0.9188288510067004,-1.9432557223113271,long
204,"{'window_k': 12, 'window_d': 192, 'window_ma': 192}","open_time
2022-01-01 00:00:00    100.000000
2022-01-01 01:00:00    100.000000
2022-01-01 02:00:00    100.000000
2022-01-01 03:00:00    100.000000
2022-01-01 04:00:00    100.000000
                          ...    
2023-05-01 19:00:00     32.448759
2023-05-01 20:00:00     32.374239
2023-05-01 21:00:00     32.537251
2023-05-01 22:00:00     32.681633
2023-05-01 23:00:00     32.681633
Freq: H, Length: 11664, dtype: float64",2022-01-01,2023-05-01 23:00:00,486 days,100.0,30.600789689321836,116.4940032025434,32.681633277251905,-67.3183667227481,-70.17976286600607,29.415294924554185,100.0,73.73187559181265,451 days 16:00:00,99,0.0,50,26.53061224489796,25.46615581098338,-11.859838274932608,7.056530779445926,-5.262647334639171,5 days 12:00:00,1 days 20:53:20,0.4931033251360323,-1.3706124885106912,-1.4196462176490323,-0.7707035662750902,0.9232429056276764,-1.9446880529482662,long
206,"{'window_k': 12, 'window_d': 192, 'window_ma': 222}","open_time
2022-01-01 00:00:00    100.000000
2022-01-01 01:00:00    100.000000
2022-01-01 02:00:00    100.000000
2022-01-01 03:00:00    100.000000
2022-01-01 04:00:00    100.000000
                          ...    
2023-05-01 19:00:00     32.448759
2023-05-01 20:00:00     32.374239
2023-05-01 21:00:00     32.537251
2023-05-01 22:00:00     32.681633
2023-05-01 23:00:00     32.681633
Freq: H, Length: 11664, dtype: float64",2022-01-01,2023-05-01 23:00:00,486 days,100.0,30.600789689321836,116.4940032025434,32.681633277251905,-67.3183667227481,-70.17976286600607,29.415294924554185,100.0,73.73187559181265,451 days 16:00:00,99,0.0,50,26.53061224489796,25.46615581098338,-11.859838274932608,7.056530779445926,-5.262647334639171,5 days 12:00:00,1 days 20:53:20,0.4931033251360323,-1.3706124885106912,-1.4196462176490323,-0.7707035662750902,0.9232429056276764,-1.9446880529482662,long
207,"{'window_k': 12, 'window_d': 192, 'window_ma': 237}","open_time
2022-01-01 00:00:00    100.000000
2022-01-01 01:00:00    100.000000
2022-01-01 02:00:00    100.000000
2022-01-01 03:00:00    100.000000
2022-01-01 04:00:00    100.000000
                          ...    
2023-05-01 19:00:00     32.448759
2023-05-01 20:00:00     32.374239
2023-05-01 21:00:00     32.537251
2023-05-01 22:00:00     32.681633
2023-05-01 23:00:00     32.681633
Freq: H, Length: 11664, dtype: float64",2022-01-01,2023-05-01 23:00:00,486 days,100.0,30.600789689321836,116.4940032025434,32.681633277251905,-67.3183667227481,-70.17976286600607,29.415294924554185,100.0,73.73187559181265,451 days 16:00:00,99,0.0,50,26.53061224489796,25.46615581098338,-11.859838274932608,7.056530779445926,-5.262647334639171,5 days 12:00:00,1 days 20:53:20,0.4931033251360323,-1.3706124885106912,-1.4196462176490323,-0.7707035662750902,0.9232429056276764,-1.9446880529482662,long
3665,"{'window_k': 222, 'window_d': 87, 'window_ma': 27}","open_time
2022-01-01 00:00:00    100.000000
2022-01-01 01:00:00    100.000000
2022-01-01 02:00:00    100.000000
2022-01-01 03:00:00    100.000000
2022-01-01 04:00:00    100.000000
                          ...    
2023-05-01 19:00:00     39.254350
2023-05-01 20:00:00     39.164201
2023-05-01 21:00:00     39.361402
2023-05-01 22:00:00     39.536066
2023-05-01 23:00:00     39.536066
Freq: H, Length: 11664, dtype: float64",2022-01-01,2023-05-01 23:00:00,486 days,100.0,35.78506755730112,102.58170978388162,39.536066095363985,-60.463933904636015,-70.17976286600607,24.545610425240056,100.0,65.1155477592518,461 days 13:00:00,67,0.0,34,33.33333333333333,17.16234135252891,-19.681571815718165,6.697547431590365,-7.049633903877345,4 days 01:54:32.727272727,3 days 05:24:32.727272727,0.38957595278610685,-1.8452164450493762,-1.2304315726877972,-0.7707591150618486,0.9264445186342585,-1.6966369723273584,long
3511,"{'window_k': 207, 'window_d': 177, 'window_ma': 117}","open_time
2022-01-01 00:00:00    100.000000
2022-01-01 01:00:00    100.000000
2022-01-01 02:00:00    100.000000
2022-01-01 03:00:00    100.000000
2022-01-01 04:00:00    100.000000
                          ...    
2023-05-01 19:00:00     28.289371
2023-05-01 20:00:00     28.224403
2023-05-01 21:00:00     28.366520
2023-05-01 22:00:00     28.492395
2023-05-01 23:00:00     28.492395
Freq: H, Length: 11664, dtype: float64",2022-01-01,2023-05-01 23:00:00,486 days,100.0,25.227727021088757,120.60989523908307,28.492394694265812,-71.50760530573419,-70.17976286600607,29.646776406035663,100.0,79.08320294028924,451 days 16:00:00,47,0.0,24,21.73913043478261,28.393899453963456,-25.044091710758376,9.734611961446415,-8.820019196879057,6 days 00:48:00,6 days 07:30:00,0.26083899432821683,-3.111674457378362,-1.5303069304727408,-0.7719964068821868,0.9146024373550892,-2.1274530582102162,long
3331,"{'window_k': 207, 'window_d': 12, 'window_ma': 57}","open_time
2022-01-01 00:00:00    100.000000
2022-01-01 01:00:00    100.000000
2022-01-01 02:00:00    100.000000
2022-01-01 03:00:00    100.000000
2022-01-01 04:00:00    100.000000
                          ...    
2023-05-01 19:00:00     27.821374
2023-05-01 20:00:00     27.757481
2023-05-01 21:00:00     27.897247
2023-05-01 22:00:00     28.021039
2023-05-01 23:00:00     28.021039
Freq: H, Length: 11664, dtype: float64",2022-01-01,2023-05-01 23:00:00,486 days,100.0,22.8459878262989,112.53127084818544,28.021039392907667,-71.97896060709233,-70.17976286600607,39.57475994513032,100.0,79.69809844490237,453 days 11:00:00,449,0.0,225,33.035714285714285,25.399187317575695,-16.33320749968542,3.998934693839791,-2.6491030397743547,1 days 08:24:19.459459459,0 days 14:44:24,0.657822239182933,-0.3216020545581013,-0.9745026838991061,-0.7721245556893145,0.9472356941763547,-1.4653881700571072,long
3769,"{'window_k': 222, 'window_d': 177, 'window_ma': 147}","open_time
2022-01-01 00:00:00    100.000000
2022-01-01 01:00:00    100.000000
2022-01-01 02:00:00    100.000000
2022-01-01 03:00:00    100.000000
2022-01-01 04:00:00    100.000000
                          ...    
2023-05-01 19:00:00     29.050223
2023-05-01 20:00:00     29.050223
2023-05-01 21:00:00     29.050223
2023-05-01 22:00:00     29.050223
2023-05-01 23:00:00     29.050223
Freq: H, Length: 11664, dtype: float64",2022-01-01,2023-05-01 23:00:00,486 days,100.0,26.139887023966526,120.49740932642486,29.05022342585373,-70.94977657414627,-70.17976286600607,33.573388203017835,100.0,78.30668130535973,451 days 16:00:00,44,0.0,22,22.727272727272727,19.73069010660184,-24.54179704962002,10.548219085768288,-9.456223966176116,9 days 07:36:00,6 days 20:35:17.647058823,0.29093432734012525,-3.224989844279374,-1.4685632289589097,-0.772356190300465,0.9246206401830405,-1.9926658769896235,long
4023,"{'window_k': 237, 'window_d': 177, 'window_ma': 117}","open_time
2022-01-01 00:00:00    100.000000
2022-01-01 01:00:00    100.000000
2022-01-01 02:00:00    100.000000
2022-01-01 03:00:00    100.000000
2022-01-01 04:00:00    100.000000
                          ...    
2023-05-01 19:00:00     27.285096
2023-05-01 20:00:00     27.285096
2023-05-01 21:00:00     27.285096
2023-05-01 22:00:00     27.285096
2023-05-01 23:00:00     27.285096
Freq: H, Length: 11664, dtype: float64",2022-01-01,2023-05-01 23:00:00,486 days,100.0,23.391343367177793,119.97523730912091,27.285095784111505,-72.7149042158885,-70.17976286600607,30.95850480109739,100.0,80.50319058181225,451 days 16:00:00,44,0.0,22,18.181818181818183,27.529455769590417,-25.62611806797852,12.359938183822369,-9.091599845033514,11 days 17:30:00,5 days 18:03:19.999999999,0.24529480173304982,-3.3052229189040228,-1.6398540144298654,-0.7738581749632112,0.9121951459035734,-2.211303681511943,long
261,"{'window_k': 27, 'window_d': 12, 'window_ma': 87}","open_time
2022-01-01 00:00:00    100.000000
2022-01-01 01:00:00    100.000000
2022-01-01 02:00:00    100.000000
2022-01-01 03:00:00    100.000000
2022-01-01 04:00:00    100.000000
                          ...    
2023-05-01 19:00:00     27.397751
2023-05-01 20:00:00     27.334831
2023-05-01 21:00:00     27.472469
2023-05-01 22:00:00     27.594377
2023-05-01 23:00:00     27.594377
Freq: H, Length: 11664, dtype: float64",2022-01-01,2023-05-01 23:00:00,486 days,100.0,20.072715815955643,100.65686706452519,27.59437654645457,-72.40562345354543,-70.17976286600607,43.552812071330585,100.0,80.05827480892266,481 days 09:00:00,537,0.0,269,36.56716417910448,25.51233793391888,-16.622120402189136,3.587519934862847,-2.700723027515278,1 days 01:45:18.367346938,0 days 14:55:21.428571428,0.6466850199052485,-0.271021300941436,-1.110430729347685,-0.7741553930762592,0.9461905703395269,-1.5721175213342364,long
2817,"{'window_k': 177, 'window_d': 12, 'window_ma': 27}","open_time
2022-01-01 00:00:00    100.000000
2022-01-01 01:00:00    100.000000
2022-01-01 02:00:00    100.000000
2022-01-01 03:00:00    100.000000
2022-01-01 04:00:00    100.000000
                          ...    
2023-05-01 19:00:00     27.574717
2023-05-01 20:00:00     27.511391
2023-05-01 21:00:00     27.649918
2023-05-01 22:00:00     27.772613
2023-05-01 23:00:00     27.772613
Freq: H, Length: 11664, dtype: float64",2022-01-01,2023-05-01 23:00:00,486 days,100.0,21.786488081637312,107.67627823612185,27.772612581799123,-72.22738741820088,-70.17976286600607,39.49759945130316,100.0,79.76667801067379,473 days 09:00:00,471,0.0,236,34.04255319148936,23.839397741530757,-14.131233595800524,3.8561816865555385,-2.663156590283729,1 days 06:01:30,0 days 14:10:50.322580645,0.6469478287212607,-0.3076032169304592,-1.1417749680345264,-0.7746749347279775,0.9423600753096424,-1.6308204106523703,long
2823,"{'window_k': 177, 'window_d': 12, 'window_ma': 117}","open_time
2022-01-01 00:00:00    100.000000
2022-01-01 01:00:00    100.000000
2022-01-01 02:00:00    100.000000
2022-01-01 03:00:00    100.000000
2022-01-01 04:00:00    100.000000
                          ...    
2023-05-01 19:00:00     28.110431
2023-05-01 20:00:00     28.045874
2023-05-01 21:00:00     28.187092
2023-05-01 22:00:00     28.312171
2023-05-01 23:00:00     28.312171
Freq: H, Length: 11664, dtype: float64",2022-01-01,2023-05-01 23:00:00,486 days,100.0,22.572634917470715,107.67627823612185,28.312170733742732,-71.68782926625727,-70.17976286600607,41.40946502057613,100.0,79.03657584823699,473 days 09:00:00,469,0.0,235,33.33333333333333,28.488482771749513,-14.131233595800536,4.0815413777336085,-2.6789405143896916,1 days 08:06:55.384615384,0 days 14:51:32.307692307,0.6637778691763971,-0.3066168855626159,-0.9414892402966509,-0.7747946695930092,0.9502379449855771,-1.4150772401472071,long
2831,"{'window_k': 177, 'window_d': 12, 'window_ma': 237}","open_time
2022-01-01 00:00:00    100.000000
2022-01-01 01:00:00    100.000000
2022-01-01 02:00:00    100.000000
2022-01-01 03:00:00    100.000000
2022-01-01 04:00:00    100.000000
                          ...    
2023-05-01 19:00:00     27.651946
2023-05-01 20:00:00     27.588442
2023-05-01 21:00:00     27.727356
2023-05-01 22:00:00     27.850395
2023-05-01 23:00:00     27.850395
Freq: H, Length: 11664, dtype: float64",2022-01-01,2023-05-01 23:00:00,486 days,100.0,21.94211720526274,107.67627823612185,27.850395114548462,-72.14960488545154,-70.17976286600607,41.237997256515776,100.0,79.62214373982525,473 days 09:00:00,471,0.0,236,33.191489361702125,28.488482771749503,-14.131233595800532,4.090932894791222,-2.6763585028063743,1 days 07:53:04.615384615,0 days 14:45:05.732484076,0.6592826969719053,-0.30727293497429164,-0.959957029002992,-0.7750721981293383,0.9491639201423612,-1.4428150142387914,long
3333,"{'window_k': 207, 'window_d': 12, 'window_ma': 87}","open_time
2022-01-01 00:00:00    100.000000
2022-01-01 01:00:00    100.000000
2022-01-01 02:00:00    100.000000
2022-01-01 03:00:00    100.000000
2022-01-01 04:00:00    100.000000
                          ...    
2023-05-01 19:00:00     26.048452
2023-05-01 20:00:00     25.988631
2023-05-01 21:00:00     26.119490
2023-05-01 22:00:00     26.235394
2023-05-01 23:00:00     26.235394
Freq: H, Length: 11664, dtype: float64",2022-01-01,2023-05-01 23:00:00,486 days,100.0,20.617663097056628,112.53127084818544,26.235393720422223,-73.76460627957778,-70.17976286600607,39.72908093278464,100.0,81.67828111985719,453 days 11:00:00,451,0.0,226,32.88888888888889,25.399187317575695,-16.333207499685432,3.993204339655989,-2.6707264988974346,1 days 07:51:53.513513513,0 days 15:01:35.364238410,0.6424453630441744,-0.32809195013355164,-1.0400655877002778,-0.7761266203824203,0.9438800466097813,-1.561283238845322,long
2824,"{'window_k': 177, 'window_d': 12, 'window_ma': 132}","open_time
2022-01-01 00:00:00    100.000000
2022-01-01 01:00:00    100.000000
2022-01-01 02:00:00    100.000000
2022-01-01 03:00:00    100.000000
2022-01-01 04:00:00    100.000000
                          ...    
2023-05-01 19:00:00     27.780538
2023-05-01 20:00:00     27.716739
2023-05-01 21:00:00     27.856299
2023-05-01 22:00:00     27.979910
2023-05-01 23:00:00     27.979910
Freq: H, Length: 11664, dtype: float64",2022-01-01,2023-05-01 23:00:00,486 days,100.0,22.307731334102243,107.67627823612185,27.979910210869434,-72.02008978913057,-70.17976286600607,41.43518518518518,100.0,79.28259436569314,473 days 09:00:00,471,0.0,236,33.191489361702125,28.488482771749478,-14.131233595800527,4.0815413777336085,-2.6690857532816197,1 days 08:06:55.384615384,0 days 14:47:00.382165605,0.6595164793328531,-0.30672298503239404,-0.9529693056251466,-0.776705999905469,0.9496809281754797,-1.4321837502931982,long
1541,"{'window_k': 102, 'window_d': 12, 'window_ma': 87}","open_time
2022-01-01 00:00:00    100.000000
2022-01-01 01:00:00    100.000000
2022-01-01 02:00:00    100.000000
2022-01-01 03:00:00    100.000000
2022-01-01 04:00:00    100.000000
                          ...    
2023-05-01 19:00:00     29.620535
2023-05-01 20:00:00     29.552511
2023-05-01 21:00:00     29.701315
2023-05-01 22:00:00     29.833113
2023-05-01 23:00:00     29.833113
Freq: H, Length: 11664, dtype: float64",2022-01-01,2023-05-01 23:00:00,486 days,100.0,23.28866461188843,100.41296625222026,29.833112809786442,-70.16688719021356,-70.17976286600607,40.85219478737997,100.0,76.80711417946634,480 days 01:00:00,463,0.0,232,33.76623376623377,35.12278697886922,-16.33320749968542,4.273757794270294,-2.792544254119729,1 days 06:29:13.846153846,0 days 15:25:39.473684210,0.6573263182082646,-0.30450736216925867,-0.8798760314038301,-0.7770561138125552,0.9530251954790419,-1.3215436457132195,long
3338,"{'window_k': 207, 'window_d': 12, 'window_ma': 162}","open_time
2022-01-01 00:00:00    100.000000
2022-01-01 01:00:00    100.000000
2022-01-01 02:00:00    100.000000
2022-01-01 03:00:00    100.000000
2022-01-01 04:00:00    100.000000
                          ...    
2023-05-01 19:00:00     26.829988
2023-05-01 20:00:00     26.768372
2023-05-01 21:00:00     26.903157
2023-05-01 22:00:00     27.022539
2023-05-01 23:00:00     27.022539
Freq: H, Length: 11664, dtype: float64",2022-01-01,2023-05-01 23:00:00,486 days,100.0,21.944370810756173,112.53127084818544,27.022538754774345,-72.97746124522565,-70.17976286600607,39.31755829903978,100.0,80.49931308395064,453 days 11:00:00,451,0.0,226,32.88888888888889,25.399187317575695,-16.333207499685415,4.001601641719502,-2.6556903601912576,1 days 07:39:43.783783783,0 days 14:48:28.609271523,0.6494378671761853,-0.32460100621606003,-1.011922082718892,-0.7772842694032904,0.9450672446882281,-1.5202886037528307,long
2822,"{'window_k': 177, 'window_d': 12, 'window_ma': 102}","open_time
2022-01-01 00:00:00    100.000000
2022-01-01 01:00:00    100.000000
2022-01-01 02:00:00    100.000000
2022-01-01 03:00:00    100.000000
2022-01-01 04:00:00    100.000000
                          ...    
2023-05-01 19:00:00     27.659248
2023-05-01 20:00:00     27.595727
2023-05-01 21:00:00     27.734679
2023-05-01 22:00:00     27.857750
2023-05-01 23:00:00     27.857750
Freq: H, Length: 11664, dtype: float64",2022-01-01,2023-05-01 23:00:00,486 days,100.0,22.210335714564877,107.67627823612185,27.857749841947395,-72.1422501580526,-70.17976286600607,41.237997256515776,100.0,79.37304661862464,473 days 09:00:00,471,0.0,236,33.191489361702125,28.488482771749513,-14.131233595800527,4.034996692117477,-2.65074369745856,1 days 07:43:50.769230769,0 days 14:49:40.891719745,0.649756407084466,-0.30724170516386295,-0.9635464687308036,-0.7774089481058031,0.948881291738333,-1.448255611006687,long
363,"{'window_k': 27, 'window_d': 102, 'window_ma': 177}","open_time
2022-01-01 00:00:00    100.000000
2022-01-01 01:00:00    100.000000
2022-01-01 02:00:00    100.000000
2022-01-01 03:00:00    100.000000
2022-01-01 04:00:00    100.000000
                          ...    
2023-05-01 19:00:00     32.494169
2023-05-01 20:00:00     32.494169
2023-05-01 21:00:00     32.494169
2023-05-01 22:00:00     32.494169
2023-05-01 23:00:00     32.494169
Freq: H, Length: 11664, dtype: float64",2022-01-01,2023-05-01 23:00:00,486 days,100.0,28.627526879267304,107.28658680933668,32.49416855242502,-67.50583144757498,-70.17976286600607,36.762688614540465,100.0,73.31676984920544,469 days 22:00:00,108,0.0,54,37.03703703703704,30.933401902802792,-21.57855066221601,6.33361208428504,-6.4686312959787395,4 days 12:00:00,2 days 14:35:17.647058823,0.5102349484248913,-1.2501079897699066,-0.883392770615732,-0.7776058246457114,0.9508181482004406,-1.3205445723558555,long
1540,"{'window_k': 102, 'window_d': 12, 'window_ma': 72}","open_time
2022-01-01 00:00:00    100.000000
2022-01-01 01:00:00    100.000000
2022-01-01 02:00:00    100.000000
2022-01-01 03:00:00    100.000000
2022-01-01 04:00:00    100.000000
                          ...    
2023-05-01 19:00:00     30.510198
2023-05-01 20:00:00     30.440130
2023-05-01 21:00:00     30.593404
2023-05-01 22:00:00     30.729161
2023-05-01 23:00:00     30.729161
Freq: H, Length: 11664, dtype: float64",2022-01-01,2023-05-01 23:00:00,486 days,100.0,24.567728115529196,100.41296625222026,30.729160622664125,-69.27083937733588,-70.17976286600607,40.715020576131685,100.0,75.53331105285821,480 days 01:00:00,463,0.0,232,34.63203463203463,35.12278697886922,-16.333207499685436,4.183835819002817,-2.819176455440121,1 days 06:00:45,0 days 15:22:24,0.669485782258465,-0.3006510320923119,-0.8494257014479589,-0.7781647355795753,0.9545845584988851,-1.2757949045659565,long
2819,"{'window_k': 177, 'window_d': 12, 'window_ma': 57}","open_time
2022-01-01 00:00:00    100.000000
2022-01-01 01:00:00    100.000000
2022-01-01 02:00:00    100.000000
2022-01-01 03:00:00    100.000000
2022-01-01 04:00:00    100.000000
                          ...    
2023-05-01 19:00:00     27.505627
2023-05-01 20:00:00     27.442459
2023-05-01 21:00:00     27.580638
2023-05-01 22:00:00     27.703026
2023-05-01 23:00:00     27.703026
Freq: H, Length: 11664, dtype: float64",2022-01-01,2023-05-01 23:00:00,486 days,100.0,22.086978049027767,107.67627823612185,27.703026066864254,-72.29697393313575,-70.17976286600607,41.40089163237312,100.0,79.48761007452957,473 days 09:00:00,471,0.0,236,33.191489361702125,28.488482771749506,-14.131233595800513,4.091420197543935,-2.679844216583687,1 days 08:04:36.923076923,0 days 14:46:37.452229299,0.6578633870344365,-0.30789869676973936,-0.9633957802211678,-0.778299467440496,0.9491232228088378,-1.4477368587590131,long
2828,"{'window_k': 177, 'window_d': 12, 'window_ma': 192}","open_time
2022-01-01 00:00:00    100.000000
2022-01-01 01:00:00    100.000000
2022-01-01 02:00:00    100.000000
2022-01-01 03:00:00    100.000000
2022-01-01 04:00:00    100.000000
                          ...    
2023-05-01 19:00:00     27.502854
2023-05-01 20:00:00     27.439693
2023-05-01 21:00:00     27.577859
2023-05-01 22:00:00     27.700234
2023-05-01 23:00:00     27.700234
Freq: H, Length: 11664, dtype: float64",2022-01-01,2023-05-01 23:00:00,486 days,100.0,22.084751924330213,107.67627823612185,27.700233906235127,-72.29976609376487,-70.17976286600607,41.50377229080932,100.0,79.4896774980457,473 days 09:00:00,471,0.0,236,33.191489361702125,28.488482771749496,-14.131233595800532,4.081541377733604,-2.6755070841109685,1 days 08:06:55.384615384,0 days 14:50:03.821656050,0.6589435658625755,-0.307910552905582,-0.9630379192990863,-0.7783155399070244,0.9492016532765181,-1.4472243323740415,long
1546,"{'window_k': 102, 'window_d': 12, 'window_ma': 162}","open_time
2022-01-01 00:00:00    100.000000
2022-01-01 01:00:00    100.000000
2022-01-01 02:00:00    100.000000
2022-01-01 03:00:00    100.000000
2022-01-01 04:00:00    100.000000
                          ...    
2023-05-01 19:00:00     31.373762
2023-05-01 20:00:00     31.301711
2023-05-01 21:00:00     31.459323
2023-05-01 22:00:00     31.598922
2023-05-01 23:00:00     31.598922
Freq: H, Length: 11664, dtype: float64",2022-01-01,2023-05-01 23:00:00,486 days,100.0,25.72230464713743,100.41296625222026,31.59892155689404,-68.40107844310596,-70.17976286600607,40.49211248285322,100.0,74.38348292338324,480 days 01:00:00,463,0.0,232,34.1991341991342,35.12278697886922,-16.33320749968542,4.256874150776979,-2.7925972000593937,1 days 06:12:09.113924050,0 days 15:11:55.231788079,0.6724192256298575,-0.2969078331221001,-0.8239231775129734,-0.7784541817993543,0.9557471189593305,-1.2392800179382935,long
2830,"{'window_k': 177, 'window_d': 12, 'window_ma': 222}","open_time
2022-01-01 00:00:00    100.000000
2022-01-01 01:00:00    100.000000
2022-01-01 02:00:00    100.000000
2022-01-01 03:00:00    100.000000
2022-01-01 04:00:00    100.000000
                          ...    
2023-05-01 19:00:00     27.432350
2023-05-01 20:00:00     27.369351
2023-05-01 21:00:00     27.507162
2023-05-01 22:00:00     27.629224
2023-05-01 23:00:00     27.629224
Freq: H, Length: 11664, dtype: float64",2022-01-01,2023-05-01 23:00:00,486 days,100.0,22.028137089174553,107.67627823612185,27.629223637170455,-72.37077636282955,-70.17976286600607,41.51234567901235,100.0,79.54225624248514,473 days 09:00:00,471,0.0,236,33.191489361702125,28.488482771749503,-14.13123359580053,4.081541377733608,-2.677093179894459,1 days 08:06:55.384615384,0 days 14:50:26.751592356,0.6582508066077559,-0.3082120783219672,-0.9656719997364832,-0.7787243207219241,0.9490695771448079,-1.4511738663512814,long
2825,"{'window_k': 177, 'window_d': 12, 'window_ma': 147}","open_time
2022-01-01 00:00:00    100.000000
2022-01-01 01:00:00    100.000000
2022-01-01 02:00:00    100.000000
2022-01-01 03:00:00    100.000000
2022-01-01 04:00:00    100.000000
                          ...    
2023-05-01 19:00:00     27.402977
2023-05-01 20:00:00     27.340045
2023-05-01 21:00:00     27.477708
2023-05-01 22:00:00     27.599639
2023-05-01 23:00:00     27.599639
Freq: H, Length: 11664, dtype: float64",2022-01-01,2023-05-01 23:00:00,486 days,100.0,22.004550163985957,107.67627823612185,27.599639272940777,-72.40036072705922,-70.17976286600607,41.50377229080932,100.0,79.5641616478121,473 days 09:00:00,471,0.0,236,33.191489361702125,28.488482771749496,-14.131233595800532,4.081541377733608,-2.677750322563846,1 days 08:06:55.384615384,0 days 14:50:03.821656050,0.6579302071505665,-0.3083377001209028,-0.9667760628103859,-0.7788946421681203,0.9490113953696568,-1.4528316548962126,long
2827,"{'window_k': 177, 'window_d': 12, 'window_ma': 177}","open_time
2022-01-01 00:00:00    100.000000
2022-01-01 01:00:00    100.000000
2022-01-01 02:00:00    100.000000
2022-01-01 03:00:00    100.000000
2022-01-01 04:00:00    100.000000
                          ...    
2023-05-01 19:00:00     27.409812
2023-05-01 20:00:00     27.346865
2023-05-01 21:00:00     27.484563
2023-05-01 22:00:00     27.606524
2023-05-01 23:00:00     27.606524
Freq: H, Length: 11664, dtype: float64",2022-01-01,2023-05-01 23:00:00,486 days,100.0,22.028137089174553,107.67627823612185,27.606524014847707,-72.39347598515229,-70.17976286600607,41.49519890260631,100.0,79.54225624248514,473 days 09:00:00,471,0.0,236,33.191489361702125,28.488482771749503,-14.13123359580053,4.081541377733608,-2.6776160497878716,1 days 08:06:55.384615384,0 days 14:49:40.891719745,0.6581632989184555,-0.3083084659735391,-0.9665870883989388,-0.7790195808863374,0.949009742923765,-1.4525459793291766,long
107,"{'window_k': 12, 'window_d': 102, 'window_ma': 177}","open_time
2022-01-01 00:00:00    100.000000
2022-01-01 01:00:00    100.000000
2022-01-01 02:00:00    100.000000
2022-01-01 03:00:00    100.000000
2022-01-01 04:00:00    100.000000
                          ...    
2023-05-01 19:00:00     29.291612
2023-05-01 20:00:00     29.291612
2023-05-01 21:00:00     29.291612
2023-05-01 22:00:00     29.291612
2023-05-01 23:00:00     29.291612
Freq: H, Length: 11664, dtype: float64",2022-01-01,2023-05-01 23:00:00,486 days,100.0,25.65820079686753,112.92038239485588,29.29161150530446,-70.70838849469554,-70.17976286600607,34.49931412894376,100.0,77.27761786428701,439 days 04:00:00,146,0.0,73,30.136986301369863,32.28409292427735,-17.171344165435745,7.810906484367123,-5.299238474710485,3 days 17:13:38.181818181,1 days 16:24:42.352941176,0.5738460212493742,-0.968608061571171,-1.1175384845385992,-0.7794531381727134,0.9349837136541889,-1.6638041359971005,long
2829,"{'window_k': 177, 'window_d': 12, 'window_ma': 207}","open_time
2022-01-01 00:00:00    100.000000
2022-01-01 01:00:00    100.000000
2022-01-01 02:00:00    100.000000
2022-01-01 03:00:00    100.000000
2022-01-01 04:00:00    100.000000
                          ...    
2023-05-01 19:00:00     27.327173
2023-05-01 20:00:00     27.264415
2023-05-01 21:00:00     27.401699
2023-05-01 22:00:00     27.523292
2023-05-01 23:00:00     27.523292
Freq: H, Length: 11664, dtype: float64",2022-01-01,2023-05-01 23:00:00,486 days,100.0,22.028137089174553,107.67627823612185,27.52329206633098,-72.47670793366902,-70.17976286600607,41.48662551440329,100.0,79.54225624248514,473 days 09:00:00,471,0.0,236,33.191489361702125,28.488482771749503,-14.13123359580053,4.081541377733608,-2.6795332393970526,1 days 08:06:55.384615384,0 days 14:49:17.961783439,0.6578425222069517,-0.3086618873626358,-0.969706022453362,-0.7801027191562514,0.9488455576773481,-1.4572230810584905,long
3332,"{'window_k': 207, 'window_d': 12, 'window_ma': 72}","open_time
2022-01-01 00:00:00    100.000000
2022-01-01 01:00:00    100.000000
2022-01-01 02:00:00    100.000000
2022-01-01 03:00:00    100.000000
2022-01-01 04:00:00    100.000000
                          ...    
2023-05-01 19:00:00     26.446402
2023-05-01 20:00:00     26.385667
2023-05-01 21:00:00     26.518525
2023-05-01 22:00:00     26.636199
2023-05-01 23:00:00     26.636199
Freq: H, Length: 11664, dtype: float64",2022-01-01,2023-05-01 23:00:00,486 days,100.0,21.71690636115041,112.53127084818544,26.636199461569376,-73.36380053843062,-70.17976286600607,39.76337448559671,100.0,80.70144751990901,453 days 11:00:00,451,0.0,226,32.44444444444444,25.399187317575695,-16.33320749968543,4.042692759611889,-2.641437473831193,1 days 08:17:15.616438356,0 days 14:57:37.894736842,0.6502338074020175,-0.3263143992336649,-1.0238710463693421,-0.7803262914833514,0.9447532278169942,-1.5367522023152145,long
3767,"{'window_k': 222, 'window_d': 177, 'window_ma': 117}","open_time
2022-01-01 00:00:00    100.000000
2022-01-01 01:00:00    100.000000
2022-01-01 02:00:00    100.000000
2022-01-01 03:00:00    100.000000
2022-01-01 04:00:00    100.000000
                          ...    
2023-05-01 19:00:00     26.294565
2023-05-01 20:00:00     26.294565
2023-05-01 21:00:00     26.294565
2023-05-01 22:00:00     26.294565
2023-05-01 23:00:00     26.294565
Freq: H, Length: 11664, dtype: float64",2022-01-01,2023-05-01 23:00:00,486 days,100.0,22.880651445971257,120.49740932642486,26.294565076799927,-73.70543492320007,-70.17976286600607,29.13237311385459,100.0,81.01149927299427,451 days 16:00:00,44,0.0,22,13.636363636363635,27.529455769590417,-24.54179704962002,15.33419182772406,-8.643569777406267,8 days 09:00:00,6 days 03:06:18.947368421,0.23957925271047328,-3.35024704196364,-1.7516557874849314,-0.7817494819070444,0.9040443103227922,-2.3641575166214523,long
1538,"{'window_k': 102, 'window_d': 12, 'window_ma': 42}","open_time
2022-01-01 00:00:00    100.000000
2022-01-01 01:00:00    100.000000
2022-01-01 02:00:00    100.000000
2022-01-01 03:00:00    100.000000
2022-01-01 04:00:00    100.000000
                          ...    
2023-05-01 19:00:00     31.097156
2023-05-01 20:00:00     31.025740
2023-05-01 21:00:00     31.181963
2023-05-01 22:00:00     31.320331
2023-05-01 23:00:00     31.320331
Freq: H, Length: 11664, dtype: float64",2022-01-01,2023-05-01 23:00:00,486 days,100.0,25.689031960512974,100.41296625222026,31.320330997115903,-68.6796690028841,-70.17976286600607,40.24348422496571,100.0,74.41661877014319,480 days 01:00:00,463,0.0,232,34.1991341991342,35.122786978869236,-16.33320749968542,4.190509469956037,-2.7670403039008478,1 days 06:00:45.569620253,0 days 15:06:21.456953642,0.6725987045710158,-0.29810680614495244,-0.8471185001639936,-0.7818572719151952,0.9542916661285296,-1.2790171548633051,long
3341,"{'window_k': 207, 'window_d': 12, 'window_ma': 207}","open_time
2022-01-01 00:00:00    100.000000
2022-01-01 01:00:00    100.000000
2022-01-01 02:00:00    100.000000
2022-01-01 03:00:00    100.000000
2022-01-01 04:00:00    100.000000
                          ...    
2023-05-01 19:00:00     26.000737
2023-05-01 20:00:00     25.941025
2023-05-01 21:00:00     26.071645
2023-05-01 22:00:00     26.187336
2023-05-01 23:00:00     26.187336
Freq: H, Length: 11664, dtype: float64",2022-01-01,2023-05-01 23:00:00,486 days,100.0,21.339201714436562,112.53127084818544,26.187336050603278,-73.81266394939672,-70.17976286600607,39.703360768175585,100.0,81.03709168696315,453 days 11:00:00,451,0.0,226,32.88888888888889,25.399187317575695,-16.33320749968543,4.0062662748875555,-2.6781362613626865,1 days 07:55:56.756756756,0 days 14:58:24.635761589,0.64738107055101,-0.32830508319394236,-1.04231733468866,-0.7828891691507297,0.9437228634165397,-1.5646131176958642,long
3343,"{'window_k': 207, 'window_d': 12, 'window_ma': 237}","open_time
2022-01-01 00:00:00    100.000000
2022-01-01 01:00:00    100.000000
2022-01-01 02:00:00    100.000000
2022-01-01 03:00:00    100.000000
2022-01-01 04:00:00    100.000000
                          ...    
2023-05-01 19:00:00     25.999536
2023-05-01 20:00:00     25.939827
2023-05-01 21:00:00     26.070441
2023-05-01 22:00:00     26.186127
2023-05-01 23:00:00     26.186127
Freq: H, Length: 11664, dtype: float64",2022-01-01,2023-05-01 23:00:00,486 days,100.0,21.34995537175149,112.53127084818544,26.186127080922404,-73.8138729190776,-70.17976286600607,39.600480109739365,100.0,81.0275355367181,453 days 11:00:00,451,0.0,226,32.44444444444444,25.399187317575695,-16.333207499685436,4.061126576448878,-2.6604814175396942,1 days 08:03:17.260273972,0 days 14:56:50.526315789,0.647201687072028,-0.3283104449064217,-1.0431333943567598,-0.7829971438182349,0.943601868816776,-1.5661690152462795,long
3330,"{'window_k': 207, 'window_d': 12, 'window_ma': 42}","open_time
2022-01-01 00:00:00    100.000000
2022-01-01 01:00:00    100.000000
2022-01-01 02:00:00    100.000000
2022-01-01 03:00:00    100.000000
2022-01-01 04:00:00    100.000000
                          ...    
2023-05-01 19:00:00     25.913792
2023-05-01 20:00:00     25.854280
2023-05-01 21:00:00     25.984462
2023-05-01 22:00:00     26.099767
2023-05-01 23:00:00     26.099767
Freq: H, Length: 11664, dtype: float64",2022-01-01,2023-05-01 23:00:00,486 days,100.0,21.27954454392025,112.83958977831428,26.099766858928746,-73.90023314107125,-70.17976286600607,39.54903978052126,100.0,81.1417742782243,453 days 11:00:00,451,0.0,226,32.44444444444444,25.399187317575688,-16.333207499685425,4.092882305215322,-2.6748776586550527,1 days 08:00:49.315068493,0 days 14:55:39.473684210,0.646338560804351,-0.3286934476295864,-1.0483472037788586,-0.7830110872768106,0.9432769608838627,-1.5745425218436353,long
197,"{'window_k': 12, 'window_d': 192, 'window_ma': 87}","open_time
2022-01-01 00:00:00    100.000000
2022-01-01 01:00:00    100.000000
2022-01-01 02:00:00    100.000000
2022-01-01 03:00:00    100.000000
2022-01-01 04:00:00    100.000000
                          ...    
2023-05-01 19:00:00     30.264383
2023-05-01 20:00:00     30.264383
2023-05-01 21:00:00     30.264383
2023-05-01 22:00:00     30.264383
2023-05-01 23:00:00     30.264383
Freq: H, Length: 11664, dtype: float64",2022-01-01,2023-05-01 23:00:00,486 days,100.0,28.390042871130944,116.4940032025434,30.264383221723108,-69.73561677827689,-70.17976286600607,26.71467764060357,100.0,75.62961003085255,451 days 16:00:00,100,0.0,50,24.0,29.808429118773937,-11.859838274932606,7.05102057979269,-5.001748695521015,4 days 23:45:00,1 days 20:11:03.157894736,0.44754475577803654,-1.3947123355655386,-1.6613803535921692,-0.783377117515764,0.9064639927640115,-2.2627653408982926,long
205,"{'window_k': 12, 'window_d': 192, 'window_ma': 207}","open_time
2022-01-01 00:00:00    100.000000
2022-01-01 01:00:00    100.000000
2022-01-01 02:00:00    100.000000
2022-01-01 03:00:00    100.000000
2022-01-01 04:00:00    100.000000
                          ...    
2023-05-01 19:00:00     29.748161
2023-05-01 20:00:00     29.679843
2023-05-01 21:00:00     29.829289
2023-05-01 22:00:00     29.961655
2023-05-01 23:00:00     29.961655
Freq: H, Length: 11664, dtype: float64",2022-01-01,2023-05-01 23:00:00,486 days,100.0,28.05399247451551,116.4940032025434,29.961654693337437,-70.03834530666256,-70.17976286600607,28.86659807956104,100.0,75.91808015581783,451 days 16:00:00,99,0.0,50,24.489795918367346,25.466155810983388,-11.85983827493261,6.890687086125867,-5.121195202621115,5 days 09:09:59.999999999,1 days 22:25:56.756756756,0.4395539221471988,-1.426391221195399,-1.5747575819909705,-0.7844382358138646,0.9143669592538339,-2.1480710096688043,long
3329,"{'window_k': 207, 'window_d': 12, 'window_ma': 27}","open_time
2022-01-01 00:00:00    100.000000
2022-01-01 01:00:00    100.000000
2022-01-01 02:00:00    100.000000
2022-01-01 03:00:00    100.000000
2022-01-01 04:00:00    100.000000
                          ...    
2023-05-01 19:00:00     25.546659
2023-05-01 20:00:00     25.487990
2023-05-01 21:00:00     25.616328
2023-05-01 22:00:00     25.729999
2023-05-01 23:00:00     25.729999
Freq: H, Length: 11664, dtype: float64",2022-01-01,2023-05-01 23:00:00,486 days,100.0,20.61040634583052,111.18198960982211,25.729999084529794,-74.2700009154702,-70.17976286600607,37.54286694101509,100.0,81.46245950611254,453 days 11:00:00,451,0.0,226,32.0,25.399187317575677,-16.33320749968543,3.9655508801016968,-2.5978676165825934,1 days 06:29:10,0 days 14:13:43.529411764,0.6289972704456857,-0.33033334689412863,-1.2681165441588806,-0.7847000056551603,0.9344033257628239,-1.8043771765856316,long
3495,"{'window_k': 207, 'window_d': 162, 'window_ma': 117}","open_time
2022-01-01 00:00:00    100.000000
2022-01-01 01:00:00    100.000000
2022-01-01 02:00:00    100.000000
2022-01-01 03:00:00    100.000000
2022-01-01 04:00:00    100.000000
                          ...    
2023-05-01 19:00:00     24.141707
2023-05-01 20:00:00     24.086264
2023-05-01 21:00:00     24.207544
2023-05-01 22:00:00     24.314964
2023-05-01 23:00:00     24.314964
Freq: H, Length: 11664, dtype: float64",2022-01-01,2023-05-01 23:00:00,486 days,100.0,20.32869740137083,121.53010033444815,24.314964125109015,-75.68503587489099,-70.17976286600607,32.12448559670782,100.0,83.27270581903025,451 days 16:00:00,49,0.0,25,20.833333333333336,31.084198385236427,-29.870717517776335,10.062726386224519,-9.111146326741409,7 days 22:24:00,6 days 01:50:31.578947368,0.22512961523022382,-3.159895938171672,-1.6427113036331504,-0.7856608740351815,0.9118353265172408,-2.232969172537279,long
4025,"{'window_k': 237, 'window_d': 177, 'window_ma': 147}","open_time
2022-01-01 00:00:00    100.000000
2022-01-01 01:00:00    100.000000
2022-01-01 02:00:00    100.000000
2022-01-01 03:00:00    100.000000
2022-01-01 04:00:00    100.000000
                          ...    
2023-05-01 19:00:00     27.358265
2023-05-01 20:00:00     27.358265
2023-05-01 21:00:00     27.358265
2023-05-01 22:00:00     27.358265
2023-05-01 23:00:00     27.358265
Freq: H, Length: 11664, dtype: float64",2022-01-01,2023-05-01 23:00:00,486 days,100.0,25.060056368367217,119.97523730912091,27.35826524418792,-72.64173475581208,-70.17976286600607,33.39334705075446,100.0,79.11230939781431,451 days 16:00:00,44,0.0,22,22.727272727272727,21.095941649523088,-25.626118067978528,9.968748983404572,-9.612851057250598,9 days 18:48:00,6 days 16:03:31.764705882,0.2702960879533308,-3.3018970343550933,-1.5457162210659614,-0.7865039707642485,0.9206073601527647,-2.093500782852704,long
3337,"{'window_k': 207, 'window_d': 12, 'window_ma': 147}","open_time
2022-01-01 00:00:00    100.000000
2022-01-01 01:00:00    100.000000
2022-01-01 02:00:00    100.000000
2022-01-01 03:00:00    100.000000
2022-01-01 04:00:00    100.000000
                          ...    
2023-05-01 19:00:00     25.355104
2023-05-01 20:00:00     25.296875
2023-05-01 21:00:00     25.424251
2023-05-01 22:00:00     25.537070
2023-05-01 23:00:00     25.537070
Freq: H, Length: 11664, dtype: float64",2022-01-01,2023-05-01 23:00:00,486 days,100.0,20.820769019214662,112.53127084818544,25.537069936037085,-74.46293006396292,-70.17976286600607,39.76337448559671,100.0,81.49779269150554,453 days 11:00:00,451,0.0,226,32.88888888888889,25.399187317575695,-16.333207499685425,3.9976104956000307,-2.6902878000019284,1 days 07:55:56.756756756,0 days 15:01:11.523178807,0.6414147807558892,-0.3311889768073528,-1.0677392809194182,-0.7868549617051744,0.9424601359408646,-1.6022726820604931,long
3335,"{'window_k': 207, 'window_d': 12, 'window_ma': 117}","open_time
2022-01-01 00:00:00    100.000000
2022-01-01 01:00:00    100.000000
2022-01-01 02:00:00    100.000000
2022-01-01 03:00:00    100.000000
2022-01-01 04:00:00    100.000000
                          ...    
2023-05-01 19:00:00     25.310498
2023-05-01 20:00:00     25.252371
2023-05-01 21:00:00     25.379523
2023-05-01 22:00:00     25.492144
2023-05-01 23:00:00     25.492144
Freq: H, Length: 11664, dtype: float64",2022-01-01,2023-05-01 23:00:00,486 days,100.0,20.78413991375019,112.53127084818544,25.492143640227482,-74.50785635977252,-70.17976286600607,39.78052126200274,100.0,81.53034284862044,453 days 11:00:00,449,0.0,225,32.589285714285715,25.399187317575695,-16.333207499685425,4.04269275961189,-2.686885293619245,1 days 08:17:15.616438356,0 days 15:04:22.251655629,0.6407785923140649,-0.3328676341074278,-1.0691938894785236,-0.78712229207667,0.9423902907148225,-1.60365112499391,long
3334,"{'window_k': 207, 'window_d': 12, 'window_ma': 102}","open_time
2022-01-01 00:00:00    100.000000
2022-01-01 01:00:00    100.000000
2022-01-01 02:00:00    100.000000
2022-01-01 03:00:00    100.000000
2022-01-01 04:00:00    100.000000
                          ...    
2023-05-01 19:00:00     25.338875
2023-05-01 20:00:00     25.280683
2023-05-01 21:00:00     25.407978
2023-05-01 22:00:00     25.520724
2023-05-01 23:00:00     25.520724
Freq: H, Length: 11664, dtype: float64",2022-01-01,2023-05-01 23:00:00,486 days,100.0,20.834924999497286,112.53127084818544,25.52072448501299,-74.47927551498701,-70.17976286600607,39.2746913580247,100.0,81.48521309458468,453 days 11:00:00,451,0.0,226,32.88888888888889,25.399187317575695,-16.333207499685415,3.952537871619741,-2.670655413797926,1 days 07:14:35.675675675,0 days 14:58:48.476821192,0.6307071124677086,-0.33126146796252864,-1.0750383223814481,-0.7871880798321393,0.9416443192034948,-1.6128562568781244,long
1545,"{'window_k': 102, 'window_d': 12, 'window_ma': 147}","open_time
2022-01-01 00:00:00    100.000000
2022-01-01 01:00:00    100.000000
2022-01-01 02:00:00    100.000000
2022-01-01 03:00:00    100.000000
2022-01-01 04:00:00    100.000000
                          ...    
2023-05-01 19:00:00     29.700267
2023-05-01 20:00:00     29.632059
2023-05-01 21:00:00     29.781264
2023-05-01 22:00:00     29.913417
2023-05-01 23:00:00     29.913417
Freq: H, Length: 11664, dtype: float64",2022-01-01,2023-05-01 23:00:00,486 days,100.0,24.41782845686521,100.41296625222026,29.91341654605351,-70.08658345394649,-70.17976286600607,40.80075445816186,100.0,75.6825942224117,480 days 01:00:00,463,0.0,232,33.76623376623377,35.12278697886922,-16.33320749968542,4.273757794270294,-2.790932207537645,1 days 06:29:13.846153846,0 days 15:23:17.368421052,0.6609404378715041,-0.3041617581635263,-0.8779380071967982,-0.7875253466147651,0.9530989151084033,-1.319189872429284,long
178,"{'window_k': 12, 'window_d': 177, 'window_ma': 42}","open_time
2022-01-01 00:00:00    100.000000
2022-01-01 01:00:00    100.000000
2022-01-01 02:00:00    100.000000
2022-01-01 03:00:00    100.000000
2022-01-01 04:00:00    100.000000
                          ...    
2023-05-01 19:00:00     27.278954
2023-05-01 20:00:00     27.278954
2023-05-01 21:00:00     27.278954
2023-05-01 22:00:00     27.278954
2023-05-01 23:00:00     27.278954
Freq: H, Length: 11664, dtype: float64",2022-01-01,2023-05-01 23:00:00,486 days,100.0,25.293056112320173,120.75741410555662,27.278954220836923,-72.72104577916308,-70.17976286600607,24.022633744855966,100.0,79.05465573301282,451 days 16:00:00,112,0.0,56,23.214285714285715,25.020762969935223,-32.07579089832515,6.2232542025059745,-4.5019631022990625,3 days 13:18:27.692307692,1 days 15:22:19.534883720,0.40295246992246997,-1.29859010319934,-1.7973586595246929,-0.7881183616857083,0.8900287101315213,-2.40190871989727,long
3339,"{'window_k': 207, 'window_d': 12, 'window_ma': 177}","open_time
2022-01-01 00:00:00    100.000000
2022-01-01 01:00:00    100.000000
2022-01-01 02:00:00    100.000000
2022-01-01 03:00:00    100.000000
2022-01-01 04:00:00    100.000000
                          ...    
2023-05-01 19:00:00     24.967077
2023-05-01 20:00:00     24.909739
2023-05-01 21:00:00     25.035166
2023-05-01 22:00:00     25.146258
2023-05-01 23:00:00     25.146258
Freq: H, Length: 11664, dtype: float64",2022-01-01,2023-05-01 23:00:00,486 days,100.0,20.429082801139135,112.53127084818544,25.146258162909874,-74.85374183709013,-70.17976286600607,39.84910836762688,100.0,81.8458614684093,453 days 11:00:00,451,0.0,226,32.44444444444444,25.399187317575695,-16.333207499685432,4.047615556896781,-2.680403775177085,1 days 08:14:47.671232876,0 days 15:02:45.789473684,0.6387519162559381,-0.33292220502164926,-1.0826411280717254,-0.78855594810344,0.9417469300245521,-1.6237523288426825,long
1549,"{'window_k': 102, 'window_d': 12, 'window_ma': 207}","open_time
2022-01-01 00:00:00    100.000000
2022-01-01 01:00:00    100.000000
2022-01-01 02:00:00    100.000000
2022-01-01 03:00:00    100.000000
2022-01-01 04:00:00    100.000000
                          ...    
2023-05-01 19:00:00     29.445906
2023-05-01 20:00:00     29.378282
2023-05-01 21:00:00     29.526209
2023-05-01 22:00:00     29.657230
2023-05-01 23:00:00     29.657230
Freq: H, Length: 11664, dtype: float64",2022-01-01,2023-05-01 23:00:00,486 days,100.0,24.2087077489917,100.41296625222026,29.657230175751295,-70.3427698242487,-70.17976286600607,40.8179012345679,100.0,75.89085488403605,480 days 01:00:00,463,0.0,232,34.1991341991342,35.12278697886921,-16.33320749968541,4.22949927630976,-2.819733561320399,1 days 06:09:06.835443037,0 days 15:28:36.556291390,0.660959317897203,-0.30526431004848376,-0.8860997866710165,-0.7887917440902732,0.9526784846688513,-1.3308677800585444,long
273,"{'window_k': 27, 'window_d': 27, 'window_ma': 27}","open_time
2022-01-01 00:00:00    100.000000
2022-01-01 01:00:00    100.000000
2022-01-01 02:00:00    100.000000
2022-01-01 03:00:00    100.000000
2022-01-01 04:00:00    100.000000
                          ...    
2023-05-01 19:00:00     26.455581
2023-05-01 20:00:00     26.455581
2023-05-01 21:00:00     26.455581
2023-05-01 22:00:00     26.455581
2023-05-01 23:00:00     26.455581
Freq: H, Length: 11664, dtype: float64",2022-01-01,2023-05-01 23:00:00,486 days,100.0,20.34206668567205,101.8232648596086,26.45558060336731,-73.54441939663269,-70.17976286600607,37.20850480109739,100.0,80.0221818523309,481 days 09:00:00,313,0.0,157,36.53846153846153,20.87080500109673,-24.01326012638557,3.829338882434979,-3.3371053097325576,1 days 12:08:25.263157894,0 days 23:00:36.363636363,0.49704157005051114,-0.47143858587585064,-1.4374637090003308,-0.7893084665825612,0.9281932250725966,-1.9765653481206809,long
3342,"{'window_k': 207, 'window_d': 12, 'window_ma': 222}","open_time
2022-01-01 00:00:00    100.000000
2022-01-01 01:00:00    100.000000
2022-01-01 02:00:00    100.000000
2022-01-01 03:00:00    100.000000
2022-01-01 04:00:00    100.000000
                          ...    
2023-05-01 19:00:00     24.878117
2023-05-01 20:00:00     24.820983
2023-05-01 21:00:00     24.945963
2023-05-01 22:00:00     25.056659
2023-05-01 23:00:00     25.056659
Freq: H, Length: 11664, dtype: float64",2022-01-01,2023-05-01 23:00:00,486 days,100.0,20.429082801139135,112.53127084818544,25.056659326095343,-74.94334067390466,-70.17976286600607,39.87482853223594,100.0,81.8458614684093,453 days 11:00:00,451,0.0,226,32.44444444444444,25.399187317575695,-16.333207499685432,4.042692759611891,-2.6804037751770853,1 days 08:17:15.616438356,0 days 15:02:45.789473684,0.6382631763411716,-0.3333195708192366,-1.0862560626657856,-0.789715846586435,0.9415796785413373,-1.6291487011337484,long
1551,"{'window_k': 102, 'window_d': 12, 'window_ma': 237}","open_time
2022-01-01 00:00:00    100.000000
2022-01-01 01:00:00    100.000000
2022-01-01 02:00:00    100.000000
2022-01-01 03:00:00    100.000000
2022-01-01 04:00:00    100.000000
                          ...    
2023-05-01 19:00:00     29.172387
2023-05-01 20:00:00     29.105392
2023-05-01 21:00:00     29.251944
2023-05-01 22:00:00     29.381748
2023-05-01 23:00:00     29.381748
Freq: H, Length: 11664, dtype: float64",2022-01-01,2023-05-01 23:00:00,486 days,100.0,23.97716870228962,100.41296625222026,29.381748296559223,-70.61825170344078,-70.17976286600607,40.82647462277092,100.0,76.1214416850678,480 days 01:00:00,463,0.0,232,33.76623376623377,35.12278697886922,-16.33320749968542,4.273757794270294,-2.8022344415323714,1 days 06:29:13.846153846,0 days 15:24:28.421052631,0.6586875905744746,-0.3064499042111114,-0.8956577196018254,-0.7900850763353021,0.9521838367992929,-1.3451757499116075,long
3340,"{'window_k': 207, 'window_d': 12, 'window_ma': 192}","open_time
2022-01-01 00:00:00    100.000000
2022-01-01 01:00:00    100.000000
2022-01-01 02:00:00    100.000000
2022-01-01 03:00:00    100.000000
2022-01-01 04:00:00    100.000000
                          ...    
2023-05-01 19:00:00     24.758971
2023-05-01 20:00:00     24.702111
2023-05-01 21:00:00     24.826492
2023-05-01 22:00:00     24.936658
2023-05-01 23:00:00     24.936658
Freq: H, Length: 11664, dtype: float64",2022-01-01,2023-05-01 23:00:00,486 days,100.0,20.331244117953986,112.53127084818544,24.936658316879715,-75.06334168312029,-70.17976286600607,39.831961591220846,100.0,81.93280501969748,453 days 11:00:00,451,0.0,226,32.44444444444444,25.399187317575695,-16.333207499685418,4.04269275961189,-2.6835321520698985,1 days 08:17:15.616438356,0 days 15:00:47.368421052,0.6370304251292567,-0.33385176854002696,-1.0916660409949641,-0.7904312719839469,0.9412571936210472,-1.6372332800120648,long
1543,"{'window_k': 102, 'window_d': 12, 'window_ma': 117}","open_time
2022-01-01 00:00:00    100.000000
2022-01-01 01:00:00    100.000000
2022-01-01 02:00:00    100.000000
2022-01-01 03:00:00    100.000000
2022-01-01 04:00:00    100.000000
                          ...    
2023-05-01 19:00:00     28.898299
2023-05-01 20:00:00     28.831933
2023-05-01 21:00:00     28.977109
2023-05-01 22:00:00     29.105693
2023-05-01 23:00:00     29.105693
Freq: H, Length: 11664, dtype: float64",2022-01-01,2023-05-01 23:00:00,486 days,100.0,23.75849700655572,100.41296625222026,29.10569294565792,-70.89430705434208,-70.17976286600607,40.90363511659808,100.0,76.33921405440964,480 days 01:00:00,463,0.0,232,33.76623376623377,35.12278697886922,-16.33320749968543,4.273757794270294,-2.8089064312512457,1 days 06:29:13.846153846,0 days 15:28:01.578947368,0.6579919133073747,-0.3076379664297598,-0.9042211484145882,-0.7915196913444157,0.9517912014097577,-1.3572459538025956,long
3336,"{'window_k': 207, 'window_d': 12, 'window_ma': 132}","open_time
2022-01-01 00:00:00    100.000000
2022-01-01 01:00:00    100.000000
2022-01-01 02:00:00    100.000000
2022-01-01 03:00:00    100.000000
2022-01-01 04:00:00    100.000000
                          ...    
2023-05-01 19:00:00     24.541227
2023-05-01 20:00:00     24.484867
2023-05-01 21:00:00     24.608154
2023-05-01 22:00:00     24.717352
2023-05-01 23:00:00     24.717352
Freq: H, Length: 11664, dtype: float64",2022-01-01,2023-05-01 23:00:00,486 days,100.0,20.152439937530257,112.53127084818544,24.71735158252615,-75.28264841747385,-70.17976286600607,39.634773662551446,100.0,82.09169790260552,453 days 11:00:00,451,0.0,226,32.44444444444444,25.399187317575695,-16.333207499685425,4.011267615671069,-2.6745371979058814,1 days 07:55:04.109589041,0 days 15:02:22.105263157,0.6308656718804635,-0.3348243815617009,-1.1019190537104704,-0.7917396360087057,0.9405667209880818,-1.6525609434067714,long
1542,"{'window_k': 102, 'window_d': 12, 'window_ma': 102}","open_time
2022-01-01 00:00:00    100.000000
2022-01-01 01:00:00    100.000000
2022-01-01 02:00:00    100.000000
2022-01-01 03:00:00    100.000000
2022-01-01 04:00:00    100.000000
                          ...    
2023-05-01 19:00:00     28.928170
2023-05-01 20:00:00     28.861735
2023-05-01 21:00:00     29.007061
2023-05-01 22:00:00     29.135778
2023-05-01 23:00:00     29.135778
Freq: H, Length: 11664, dtype: float64",2022-01-01,2023-05-01 23:00:00,486 days,100.0,23.83540999960512,100.41296625222026,29.135778278284747,-70.86422172171525,-70.17976286600607,40.534979423868315,100.0,76.2626173797768,480 days 01:00:00,463,0.0,232,33.76623376623377,35.12278697886923,-16.333207499685432,4.24462283665782,-2.7941305747528142,1 days 05:56:09.230769230,0 days 15:28:01.578947368,0.650453033419121,-0.30750848787803875,-0.9090390983796507,-0.7919118703507564,0.9512445789561788,-1.3648224852129096,long
3761,"{'window_k': 222, 'window_d': 177, 'window_ma': 27}","open_time
2022-01-01 00:00:00    100.000000
2022-01-01 01:00:00    100.000000
2022-01-01 02:00:00    100.000000
2022-01-01 03:00:00    100.000000
2022-01-01 04:00:00    100.000000
                          ...    
2023-05-01 19:00:00     27.015536
2023-05-01 20:00:00     27.015536
2023-05-01 21:00:00     27.015536
2023-05-01 22:00:00     27.015536
2023-05-01 23:00:00     27.015536
Freq: H, Length: 11664, dtype: float64",2022-01-01,2023-05-01 23:00:00,486 days,100.0,25.37915113504736,120.49740932642486,27.015536264486002,-72.984463735514,-70.17976286600607,23.653978052126202,100.0,78.93801096893644,451 days 16:00:00,44,0.0,22,13.636363636363635,15.766839378238345,-24.54179704962002,11.00666117484052,-7.969328636645395,7 days 06:40:00,4 days 21:37:53.684210526,0.21773728725810937,-3.3174756243415455,-1.942790510000348,-0.792750331689986,0.8825184206317049,-2.6124371485792954,long
260,"{'window_k': 27, 'window_d': 12, 'window_ma': 72}","open_time
2022-01-01 00:00:00    100.000000
2022-01-01 01:00:00    100.000000
2022-01-01 02:00:00    100.000000
2022-01-01 03:00:00    100.000000
2022-01-01 04:00:00    100.000000
                          ...    
2023-05-01 19:00:00     27.699226
2023-05-01 20:00:00     27.635614
2023-05-01 21:00:00     27.774766
2023-05-01 22:00:00     27.898015
2023-05-01 23:00:00     27.898015
Freq: H, Length: 11664, dtype: float64",2022-01-01,2023-05-01 23:00:00,486 days,100.0,22.370342365115153,100.65686706452519,27.898014911540287,-72.10198508845971,-70.17976286600607,43.81858710562414,100.0,77.77564212208708,481 days 09:00:00,537,0.0,269,36.56716417910448,25.512337933918865,-16.62212040218913,3.6066464899630093,-2.7049175751536225,1 days 01:55:06.122448979,0 days 15:00:42.857142857,0.6573369395227897,-0.2698976867642289,-1.093470809703702,-0.7928414695687628,0.9471423818142093,-1.5462179420336182,long
0,"{'window_k': 12, 'window_d': 12, 'window_ma': 12}","open_time
2022-01-01 00:00:00    100.000000
2022-01-01 01:00:00    100.000000
2022-01-01 02:00:00    100.000000
2022-01-01 03:00:00    100.000000
2022-01-01 04:00:00    100.000000
                          ...    
2023-05-01 19:00:00     27.063180
2023-05-01 20:00:00     27.001028
2023-05-01 21:00:00     27.136985
2023-05-01 22:00:00     27.136985
2023-05-01 23:00:00     27.136985
Freq: H, Length: 11664, dtype: float64",2022-01-01,2023-05-01 23:00:00,486 days,100.0,21.476894013971766,100.95829085517967,27.136984858166258,-72.86301514183374,-70.17976286600607,36.539780521262,100.0,78.72696354895761,482 days 09:00:00,696,0.0,348,38.793103448275865,33.923145665773,-12.692913385826765,2.8014203740748638,-2.2666678675785024,0 days 15:47:33.333333333,0 days 10:00:00,0.6803036951029935,-0.20937648029262573,-1.0768295324590416,-0.7932715337085766,0.9394473188800877,-1.6380745720587682,long
1548,"{'window_k': 102, 'window_d': 12, 'window_ma': 192}","open_time
2022-01-01 00:00:00    100.000000
2022-01-01 01:00:00    100.000000
2022-01-01 02:00:00    100.000000
2022-01-01 03:00:00    100.000000
2022-01-01 04:00:00    100.000000
                          ...    
2023-05-01 19:00:00     28.529195
2023-05-01 20:00:00     28.463676
2023-05-01 21:00:00     28.606998
2023-05-01 22:00:00     28.733940
2023-05-01 23:00:00     28.733940
Freq: H, Length: 11664, dtype: float64",2022-01-01,2023-05-01 23:00:00,486 days,100.0,23.455041014931624,100.41296625222026,28.733939761426782,-71.26606023857322,-70.17976286600607,40.886488340192045,100.0,76.6414220290868,480 days 01:00:00,463,0.0,232,33.76623376623377,35.1227869788692,-16.33320749968542,4.273757794270291,-2.8166872386948993,1 days 06:29:13.846153846,0 days 15:27:14.210526315,0.6546953203910368,-0.3092378843860871,-0.9173390514007297,-0.79335991683982,0.9511075939486838,-1.3768032124231233,long
1539,"{'window_k': 102, 'window_d': 12, 'window_ma': 57}","open_time
2022-01-01 00:00:00    100.000000
2022-01-01 01:00:00    100.000000
2022-01-01 02:00:00    100.000000
2022-01-01 03:00:00    100.000000
2022-01-01 04:00:00    100.000000
                          ...    
2023-05-01 19:00:00     28.485433
2023-05-01 20:00:00     28.420015
2023-05-01 21:00:00     28.563116
2023-05-01 22:00:00     28.689864
2023-05-01 23:00:00     28.689864
Freq: H, Length: 11664, dtype: float64",2022-01-01,2023-05-01 23:00:00,486 days,100.0,23.419062422193825,100.41296625222026,28.689863662145186,-71.31013633785481,-70.17976286600607,40.715020576131685,100.0,76.67725265343806,480 days 01:00:00,463,0.0,232,33.76623376623377,35.12278697886921,-16.33320749968543,4.2693649942971215,-2.815377877303623,1 days 06:17:41.538461538,0 days 15:25:15.789473684,0.6527892938926839,-0.30942757514241825,-0.9210800281068561,-0.7935781931593935,0.9507680666842434,-1.3821992738382778,long
266,"{'window_k': 27, 'window_d': 12, 'window_ma': 162}","open_time
2022-01-01 00:00:00    100.000000
2022-01-01 01:00:00    100.000000
2022-01-01 02:00:00    100.000000
2022-01-01 03:00:00    100.000000
2022-01-01 04:00:00    100.000000
                          ...    
2023-05-01 19:00:00     27.932193
2023-05-01 20:00:00     27.868046
2023-05-01 21:00:00     28.008368
2023-05-01 22:00:00     28.132654
2023-05-01 23:00:00     28.132654
Freq: H, Length: 11664, dtype: float64",2022-01-01,2023-05-01 23:00:00,486 days,100.0,22.797581557142887,100.65686706452519,28.13265377531873,-71.86734622468127,-70.17976286600607,43.14986282578875,100.0,77.35119100962213,481 days 09:00:00,537,0.0,269,36.940298507462686,25.51233793391886,-16.622120402189125,3.6375662348106714,-2.7537520426539714,1 days 01:09:05.454545454,0 days 14:56:02.874251497,0.6593300827914204,-0.2690294053341439,-1.0904631871630426,-0.7940647272992318,0.9468514512875206,-1.5427995994772465,long
1544,"{'window_k': 102, 'window_d': 12, 'window_ma': 132}","open_time
2022-01-01 00:00:00    100.000000
2022-01-01 01:00:00    100.000000
2022-01-01 02:00:00    100.000000
2022-01-01 03:00:00    100.000000
2022-01-01 04:00:00    100.000000
                          ...    
2023-05-01 19:00:00     28.371542
2023-05-01 20:00:00     28.306385
2023-05-01 21:00:00     28.448915
2023-05-01 22:00:00     28.575155
2023-05-01 23:00:00     28.575155
Freq: H, Length: 11664, dtype: float64",2022-01-01,2023-05-01 23:00:00,486 days,100.0,23.32542798058824,100.41296625222026,28.57515542509813,-71.42484457490187,-70.17976286600607,40.89506172839506,100.0,76.77050200668432,480 days 01:00:00,463,0.0,232,33.76623376623377,35.12278697886921,-16.33320749968542,4.273757794270293,-2.820244556888149,1 days 06:29:13.846153846,0 days 15:27:37.894736842,0.6530939013204237,-0.3099212461477392,-0.9230362884155632,-0.7941463592002687,0.9508128598056778,-1.3852837044104263,long
1550,"{'window_k': 102, 'window_d': 12, 'window_ma': 222}","open_time
2022-01-01 00:00:00    100.000000
2022-01-01 01:00:00    100.000000
2022-01-01 02:00:00    100.000000
2022-01-01 03:00:00    100.000000
2022-01-01 04:00:00    100.000000
                          ...    
2023-05-01 19:00:00     28.337921
2023-05-01 20:00:00     28.272842
2023-05-01 21:00:00     28.415202
2023-05-01 22:00:00     28.541293
2023-05-01 23:00:00     28.541293
Freq: H, Length: 11664, dtype: float64",2022-01-01,2023-05-01 23:00:00,486 days,100.0,23.297786808008535,100.41296625222026,28.5412932038667,-71.4587067961333,-70.17976286600607,40.775034293552814,100.0,76.79802950000654,480 days 01:00:00,463,0.0,232,34.1991341991342,35.122786978869215,-16.33320749968543,4.220172881347249,-2.8399606383281473,1 days 06:06:50.126582278,0 days 15:27:48.874172185,0.6528733247479759,-0.3100669793333235,-0.9244868972230531,-0.7943141122018497,0.9506839965922405,-1.3875497839041986,long
1547,"{'window_k': 102, 'window_d': 12, 'window_ma': 177}","open_time
2022-01-01 00:00:00    100.000000
2022-01-01 01:00:00    100.000000
2022-01-01 02:00:00    100.000000
2022-01-01 03:00:00    100.000000
2022-01-01 04:00:00    100.000000
                          ...    
2023-05-01 19:00:00     28.320053
2023-05-01 20:00:00     28.255015
2023-05-01 21:00:00     28.397286
2023-05-01 22:00:00     28.523297
2023-05-01 23:00:00     28.523297
Freq: H, Length: 11664, dtype: float64",2022-01-01,2023-05-01 23:00:00,486 days,100.0,23.283097156805496,100.41296625222026,28.52329743261582,-71.47670256738418,-70.17976286600607,40.92078189300412,100.0,76.8126587373962,480 days 01:00:00,463,0.0,232,33.76623376623377,35.12278697886922,-16.333207499685415,4.273757794270293,-2.8214248946306317,1 days 06:29:13.846153846,0 days 15:28:48.947368421,0.652646948687428,-0.310144427916909,-0.9246823303334983,-0.7944032684551704,0.9507472794997459,-1.387701108505092,long
3239,"{'window_k': 192, 'window_d': 162, 'window_ma': 117}","open_time
2022-01-01 00:00:00    100.000000
2022-01-01 01:00:00    100.000000
2022-01-01 02:00:00    100.000000
2022-01-01 03:00:00    100.000000
2022-01-01 04:00:00    100.000000
                          ...    
2023-05-01 19:00:00     22.599573
2023-05-01 20:00:00     22.547673
2023-05-01 21:00:00     22.661206
2023-05-01 22:00:00     22.761764
2023-05-01 23:00:00     22.761764
Freq: H, Length: 11664, dtype: float64",2022-01-01,2023-05-01 23:00:00,486 days,100.0,19.347450673149822,124.40355194179949,22.761763517587056,-77.23823648241294,-70.17976286600607,32.578875171467764,100.0,84.44783097334611,451 days 16:00:00,49,0.0,25,25.0,30.257879656160448,-35.97931480284422,9.410422242005207,-10.029683406326686,8 days 09:10:00,5 days 22:23:20,0.26824970701680084,-3.211772248041944,-1.7548273109272046,-0.7945310349344427,0.9078769310416113,-2.3542442862302098,long
262,"{'window_k': 27, 'window_d': 12, 'window_ma': 102}","open_time
2022-01-01 00:00:00    100.000000
2022-01-01 01:00:00    100.000000
2022-01-01 02:00:00    100.000000
2022-01-01 03:00:00    100.000000
2022-01-01 04:00:00    100.000000
                          ...    
2023-05-01 19:00:00     27.255918
2023-05-01 20:00:00     27.193323
2023-05-01 21:00:00     27.330248
2023-05-01 22:00:00     27.451525
2023-05-01 23:00:00     27.451525
Freq: H, Length: 11664, dtype: float64",2022-01-01,2023-05-01 23:00:00,486 days,100.0,22.183643865372286,100.65686706452519,27.451524794811206,-72.5484752051888,-70.17976286600607,43.22702331961592,100.0,77.96112226386734,481 days 09:00:00,535,0.0,268,37.07865168539326,25.51233793391888,-16.622120402189125,3.5887910910825576,-2.741423328727203,1 days 01:24:14.545454545,0 days 14:58:55.329341317,0.651632544276571,-0.2725669649539768,-1.119046933853479,-0.7968775793046002,0.9455592614785067,-1.5808052208281842,long
265,"{'window_k': 27, 'window_d': 12, 'window_ma': 147}","open_time
2022-01-01 00:00:00    100.000000
2022-01-01 01:00:00    100.000000
2022-01-01 02:00:00    100.000000
2022-01-01 03:00:00    100.000000
2022-01-01 04:00:00    100.000000
                          ...    
2023-05-01 19:00:00     27.306295
2023-05-01 20:00:00     27.243585
2023-05-01 21:00:00     27.380763
2023-05-01 22:00:00     27.502264
2023-05-01 23:00:00     27.502264
Freq: H, Length: 11664, dtype: float64",2022-01-01,2023-05-01 23:00:00,486 days,100.0,22.38794463070356,100.65686706452519,27.502264061557526,-72.49773593844247,-70.17976286600607,43.93861454046639,100.0,77.75815472544762,481 days 09:00:00,537,0.0,269,36.940298507462686,25.51233793391886,-16.62212040218913,3.5793349421537926,-2.7350382228062986,1 days 01:59:23.636363636,0 days 14:59:16.886227544,0.653460586365603,-0.27136216331532914,-1.1098760985276128,-0.7982816390237228,0.9464552823731434,-1.5701851879493598,long
192,"{'window_k': 12, 'window_d': 192, 'window_ma': 12}","open_time
2022-01-01 00:00:00    100.000000
2022-01-01 01:00:00    100.000000
2022-01-01 02:00:00    100.000000
2022-01-01 03:00:00    100.000000
2022-01-01 04:00:00    100.000000
                          ...    
2023-05-01 19:00:00     41.223635
2023-05-01 20:00:00     41.223635
2023-05-01 21:00:00     41.223635
2023-05-01 22:00:00     41.223635
2023-05-01 23:00:00     41.223635
Freq: H, Length: 11664, dtype: float64",2022-01-01,2023-05-01 23:00:00,486 days,100.0,39.26344324197096,100.0,41.223635499154895,-58.776364500845105,-70.17976286600607,13.631687242798355,100.0,60.73655675802904,477 days 02:00:00,106,0.0,53,32.075471698113205,15.977011494252874,-11.859838274932615,3.2767530331827186,-3.9328046137615917,1 days 06:56:28.235294117,1 days 06:13:42.857142857,0.41052641539732954,-1.1089880094499072,-1.761214911176619,-0.8001757872543128,0.8615812368750981,-2.3976325890150765,long
257,"{'window_k': 27, 'window_d': 12, 'window_ma': 27}","open_time
2022-01-01 00:00:00    100.000000
2022-01-01 01:00:00    100.000000
2022-01-01 02:00:00    100.000000
2022-01-01 03:00:00    100.000000
2022-01-01 04:00:00    100.000000
                          ...    
2023-05-01 19:00:00     26.222948
2023-05-01 20:00:00     26.162726
2023-05-01 21:00:00     26.294462
2023-05-01 22:00:00     26.411142
2023-05-01 23:00:00     26.411142
Freq: H, Length: 11664, dtype: float64",2022-01-01,2023-05-01 23:00:00,486 days,100.0,22.19622094151498,105.50737403478988,26.41114221101087,-73.58885778898913,-70.17976286600607,42.86694101508916,100.0,78.96239846307232,469 days 22:00:00,537,0.0,269,36.940298507462686,25.512337933918865,-16.62212040218913,3.485712403647217,-2.7055932495465806,1 days 01:00:36.363636363,0 days 14:49:13.293413173,0.6556047281746444,-0.27539986118657234,-1.1724779588453735,-0.8004907224038738,0.9427798683179456,-1.6592762830259957,long
577,"{'window_k': 42, 'window_d': 72, 'window_ma': 27}","open_time
2022-01-01 00:00:00    100.000000
2022-01-01 01:00:00    100.000000
2022-01-01 02:00:00    100.000000
2022-01-01 03:00:00    100.000000
2022-01-01 04:00:00    100.000000
                          ...    
2023-05-01 19:00:00     34.485148
2023-05-01 20:00:00     34.485148
2023-05-01 21:00:00     34.485148
2023-05-01 22:00:00     34.485148
2023-05-01 23:00:00     34.485148
Freq: H, Length: 11664, dtype: float64",2022-01-01,2023-05-01 23:00:00,486 days,100.0,33.173266630955474,106.13086038124678,34.48514779155886,-65.51485220844114,-70.17976286600607,28.052126200274348,100.0,68.74305314044437,469 days 22:00:00,128,0.0,64,32.8125,19.01096786607657,-20.993179880647915,4.237463703968537,-4.232793794640642,2 days 16:31:25.714285714,1 days 20:34:53.023255813,0.414670468093356,-1.023669565756893,-1.3014882331126483,-0.8007800566944745,0.9260288800517978,-1.8073396698687936,long
2562,"{'window_k': 162, 'window_d': 12, 'window_ma': 42}","open_time
2022-01-01 00:00:00    100.000000
2022-01-01 01:00:00    100.000000
2022-01-01 02:00:00    100.000000
2022-01-01 03:00:00    100.000000
2022-01-01 04:00:00    100.000000
                          ...    
2023-05-01 19:00:00     23.407105
2023-05-01 20:00:00     23.353350
2023-05-01 21:00:00     23.470939
2023-05-01 22:00:00     23.575090
2023-05-01 23:00:00     23.575090
Freq: H, Length: 11664, dtype: float64",2022-01-01,2023-05-01 23:00:00,486 days,100.0,18.222932360764656,105.25890294676421,23.575090441801024,-76.42490955819898,-70.17976286600607,39.591906721536354,100.0,82.68751445188337,473 days 09:00:00,469,0.0,235,32.9059829059829,28.488482771749503,-14.131233595800524,4.012015761616975,-2.736872603693027,1 days 05:56:06.233766233,0 days 14:41:09.230769230,0.6240426593340883,-0.3268175436738554,-1.147279785194787,-0.8008137255128283,0.938189930658565,-1.7231921953399336,long
268,"{'window_k': 27, 'window_d': 12, 'window_ma': 192}","open_time
2022-01-01 00:00:00    100.000000
2022-01-01 01:00:00    100.000000
2022-01-01 02:00:00    100.000000
2022-01-01 03:00:00    100.000000
2022-01-01 04:00:00    100.000000
                          ...    
2023-05-01 19:00:00     26.384894
2023-05-01 20:00:00     26.324300
2023-05-01 21:00:00     26.456850
2023-05-01 22:00:00     26.574251
2023-05-01 23:00:00     26.574251
Freq: H, Length: 11664, dtype: float64",2022-01-01,2023-05-01 23:00:00,486 days,100.0,21.447458284414786,100.65686706452519,26.574250654361663,-73.42574934563834,-70.17976286600607,43.912894375857334,100.0,78.6925036414395,481 days 09:00:00,537,0.0,269,36.19402985074627,25.512337933918854,-16.62212040218913,3.653666283295623,-2.7228586336063114,1 days 01:57:31.546391752,0 days 15:07:06.035502958,0.646416916203385,-0.27479627817320906,-1.1464105871956496,-0.8010693673129846,0.9447797033686132,-1.6205288104325324,long
184,"{'window_k': 12, 'window_d': 177, 'window_ma': 132}","open_time
2022-01-01 00:00:00    100.000000
2022-01-01 01:00:00    100.000000
2022-01-01 02:00:00    100.000000
2022-01-01 03:00:00    100.000000
2022-01-01 04:00:00    100.000000
                          ...    
2023-05-01 19:00:00     24.776080
2023-05-01 20:00:00     24.719181
2023-05-01 21:00:00     24.843648
2023-05-01 22:00:00     24.953890
2023-05-01 23:00:00     24.953890
Freq: H, Length: 11664, dtype: float64",2022-01-01,2023-05-01 23:00:00,486 days,100.0,23.478311447418456,120.75741410555662,24.953890199932843,-75.04610980006716,-70.17976286600607,29.86111111111111,100.0,80.55745759271097,451 days 16:00:00,111,0.0,56,18.181818181818183,26.752557787040548,-32.07579089832516,9.810847171000665,-4.791227812186209,4 days 18:06:00,2 days 01:46:40,0.4286094216526401,-1.3629229251098585,-1.6743976872913209,-0.8036992115973794,0.9083385884639377,-2.251250613475161,long
258,"{'window_k': 27, 'window_d': 12, 'window_ma': 42}","open_time
2022-01-01 00:00:00    100.000000
2022-01-01 01:00:00    100.000000
2022-01-01 02:00:00    100.000000
2022-01-01 03:00:00    100.000000
2022-01-01 04:00:00    100.000000
                          ...    
2023-05-01 19:00:00     26.102884
2023-05-01 20:00:00     26.042938
2023-05-01 21:00:00     26.174071
2023-05-01 22:00:00     26.290217
2023-05-01 23:00:00     26.290217
Freq: H, Length: 11664, dtype: float64",2022-01-01,2023-05-01 23:00:00,486 days,100.0,21.40128961705471,100.65686706452519,26.29021681154707,-73.70978318845293,-70.17976286600607,44.02434842249657,100.0,78.73837102108929,481 days 09:00:00,537,0.0,269,36.56716417910448,25.512337933918865,-16.622120402189132,3.639948036189289,-2.7570260505343835,1 days 02:07:20.816326530,0 days 15:02:08.571428571,0.6495067364817769,-0.2758473457894607,-1.159482817261609,-0.80437594819451,0.9442027167297511,-1.6394841480812823,long
269,"{'window_k': 27, 'window_d': 12, 'window_ma': 207}","open_time
2022-01-01 00:00:00    100.000000
2022-01-01 01:00:00    100.000000
2022-01-01 02:00:00    100.000000
2022-01-01 03:00:00    100.000000
2022-01-01 04:00:00    100.000000
                          ...    
2023-05-01 19:00:00     25.967769
2023-05-01 20:00:00     25.908133
2023-05-01 21:00:00     26.038587
2023-05-01 22:00:00     26.154132
2023-05-01 23:00:00     26.154132
Freq: H, Length: 11664, dtype: float64",2022-01-01,2023-05-01 23:00:00,486 days,100.0,21.26709887486477,100.65686706452519,26.154131989675335,-73.84586801032466,-70.17976286600607,43.844307270233195,100.0,78.87168606069203,481 days 09:00:00,537,0.0,269,36.940298507462686,25.51233793391885,-16.62212040218913,3.5939642521058817,-2.7720555574460892,1 days 01:52:07.272727272,0 days 14:59:38.443113772,0.6479406836050661,-0.2763509278552989,-1.165113498153811,-0.804824669466289,0.9438255115557441,-1.6467787211899456,long
833,"{'window_k': 57, 'window_d': 72, 'window_ma': 27}","open_time
2022-01-01 00:00:00    100.0000
2022-01-01 01:00:00    100.0000
2022-01-01 02:00:00    100.0000
2022-01-01 03:00:00    100.0000
2022-01-01 04:00:00    100.0000
                         ...   
2023-05-01 19:00:00     35.3417
2023-05-01 20:00:00     35.3417
2023-05-01 21:00:00     35.3417
2023-05-01 22:00:00     35.3417
2023-05-01 23:00:00     35.3417
Freq: H, Length: 11664, dtype: float64",2022-01-01,2023-05-01 23:00:00,486 days,100.0,34.732893611689825,106.3001360416569,35.34169953061131,-64.65830046938869,-70.17976286600607,28.600823045267486,100.0,67.32563578462525,469 days 22:00:00,118,0.0,59,30.508474576271187,18.89657823913879,-17.914691943127966,4.815174786737379,-4.337513813165956,2 days 22:06:40,2 days 02:35:07.317073170,0.43449225636433025,-1.0959033977862491,-1.2547584896048136,-0.8052220597333748,0.9296471093328236,-1.725741597529953,long
271,"{'window_k': 27, 'window_d': 12, 'window_ma': 237}","open_time
2022-01-01 00:00:00    100.000000
2022-01-01 01:00:00    100.000000
2022-01-01 02:00:00    100.000000
2022-01-01 03:00:00    100.000000
2022-01-01 04:00:00    100.000000
                          ...    
2023-05-01 19:00:00     26.375153
2023-05-01 20:00:00     26.314581
2023-05-01 21:00:00     26.447082
2023-05-01 22:00:00     26.564439
2023-05-01 23:00:00     26.564439
Freq: H, Length: 11664, dtype: float64",2022-01-01,2023-05-01 23:00:00,486 days,100.0,21.846447980294712,100.65686706452519,26.56443934070448,-73.43556065929552,-70.17976286600607,43.63854595336077,100.0,78.29611767442529,481 days 09:00:00,537,0.0,269,37.3134328358209,25.51233793391885,-16.622120402189125,3.5436159710861377,-2.7709995665898277,1 days 01:30:36,0 days 15:00:00,0.6500775665677135,-0.27483258495255536,-1.14858046378392,-0.8052558074072752,0.9445039499503085,-1.6238615910614511,long
176,"{'window_k': 12, 'window_d': 177, 'window_ma': 12}","open_time
2022-01-01 00:00:00    100.000000
2022-01-01 01:00:00    100.000000
2022-01-01 02:00:00    100.000000
2022-01-01 03:00:00    100.000000
2022-01-01 04:00:00    100.000000
                          ...    
2023-05-01 19:00:00     38.786417
2023-05-01 20:00:00     38.786417
2023-05-01 21:00:00     38.786417
2023-05-01 22:00:00     38.786417
2023-05-01 23:00:00     38.786417
Freq: H, Length: 11664, dtype: float64",2022-01-01,2023-05-01 23:00:00,486 days,100.0,37.91616828439729,102.94173829990449,38.78641712444064,-61.21358287555936,-70.17976286600607,13.828875171467764,100.0,63.16735183358326,477 days 04:00:00,116,0.0,58,27.586206896551722,14.702538840469876,-19.945863644053468,3.839919599519131,-3.512759599009042,1 days 14:48:45,0 days 23:37:08.571428571,0.38635076743136826,-1.0554066013027488,-1.6941738133401805,-0.8057869048498701,0.8630789276080822,-2.263594009760023,long
264,"{'window_k': 27, 'window_d': 12, 'window_ma': 132}","open_time
2022-01-01 00:00:00    100.000000
2022-01-01 01:00:00    100.000000
2022-01-01 02:00:00    100.000000
2022-01-01 03:00:00    100.000000
2022-01-01 04:00:00    100.000000
                          ...    
2023-05-01 19:00:00     25.196354
2023-05-01 20:00:00     25.138489
2023-05-01 21:00:00     25.265068
2023-05-01 22:00:00     25.377180
2023-05-01 23:00:00     25.377180
Freq: H, Length: 11664, dtype: float64",2022-01-01,2023-05-01 23:00:00,486 days,100.0,20.3601791908218,100.65686706452519,25.377179992031287,-74.62282000796871,-70.17976286600607,43.92146776406036,100.0,79.77268736392314,481 days 09:00:00,537,0.0,269,36.56716417910448,25.51233793391887,-16.62212040218913,3.5950948319685425,-2.75297220523331,1 days 01:54:29.387755102,0 days 15:05:21.428571428,0.6358244846207434,-0.27922603976454546,-1.1977374721638665,-0.8059871235420291,0.9423380370317134,-1.6917491252880608,long
263,"{'window_k': 27, 'window_d': 12, 'window_ma': 117}","open_time
2022-01-01 00:00:00    100.000000
2022-01-01 01:00:00    100.000000
2022-01-01 02:00:00    100.000000
2022-01-01 03:00:00    100.000000
2022-01-01 04:00:00    100.000000
                          ...    
2023-05-01 19:00:00     25.744550
2023-05-01 20:00:00     25.685427
2023-05-01 21:00:00     25.814759
2023-05-01 22:00:00     25.929311
2023-05-01 23:00:00     25.929311
Freq: H, Length: 11664, dtype: float64",2022-01-01,2023-05-01 23:00:00,486 days,100.0,21.107497748051042,100.65686706452519,25.929310900184475,-74.07068909981552,-70.17976286600607,44.007201646090536,100.0,79.03024566170903,481 days 09:00:00,537,0.0,269,36.56716417910448,25.512337933918865,-16.62212040218914,3.619605952015715,-2.754409219395044,1 days 02:01:13.469387755,0 days 15:05:00,0.6445339630073195,-0.2771828785984646,-1.1734567073689735,-0.8061965722844555,0.9435286242394003,-1.657679826080688,long
267,"{'window_k': 27, 'window_d': 12, 'window_ma': 177}","open_time
2022-01-01 00:00:00    100.000000
2022-01-01 01:00:00    100.000000
2022-01-01 02:00:00    100.000000
2022-01-01 03:00:00    100.000000
2022-01-01 04:00:00    100.000000
                          ...    
2023-05-01 19:00:00     25.343539
2023-05-01 20:00:00     25.285337
2023-05-01 21:00:00     25.412654
2023-05-01 22:00:00     25.525422
2023-05-01 23:00:00     25.525422
Freq: H, Length: 11664, dtype: float64",2022-01-01,2023-05-01 23:00:00,486 days,100.0,20.69328869173088,100.65686706452519,25.525421726158413,-74.47457827384159,-70.17976286600607,43.9900548696845,100.0,79.44175167058832,481 days 09:00:00,537,0.0,269,36.56716417910448,25.51233793391888,-16.62212040218913,3.6145425949410317,-2.760715496935116,1 days 01:58:46.530612244,0 days 15:05:42.857142857,0.6403274073869866,-0.27867747102860213,-1.1901964650378671,-0.8073743440856908,0.942762032176239,-1.6812172155066645,long
177,"{'window_k': 12, 'window_d': 177, 'window_ma': 27}","open_time
2022-01-01 00:00:00    100.000000
2022-01-01 01:00:00    100.000000
2022-01-01 02:00:00    100.000000
2022-01-01 03:00:00    100.000000
2022-01-01 04:00:00    100.000000
                          ...    
2023-05-01 19:00:00     24.124904
2023-05-01 20:00:00     24.069500
2023-05-01 21:00:00     24.190696
2023-05-01 22:00:00     24.298041
2023-05-01 23:00:00     24.298041
Freq: H, Length: 11664, dtype: float64",2022-01-01,2023-05-01 23:00:00,486 days,100.0,22.951765498322107,120.75741410555662,24.29804126410211,-75.70195873589789,-70.17976286600607,21.982167352537722,100.0,80.99349371769465,451 days 16:00:00,111,0.0,56,18.181818181818183,23.8303526936493,-32.07579089832516,6.861262521365494,-4.303828800995506,2 days 21:54:00,1 days 15:10:40,0.36455579411390865,-1.3748882362559944,-2.0277651047240384,-0.8079930670437424,0.870984935569707,-2.7046953650976486,long
4017,"{'window_k': 237, 'window_d': 177, 'window_ma': 27}","open_time
2022-01-01 00:00:00    100.000000
2022-01-01 01:00:00    100.000000
2022-01-01 02:00:00    100.000000
2022-01-01 03:00:00    100.000000
2022-01-01 04:00:00    100.000000
                          ...    
2023-05-01 19:00:00     25.235658
2023-05-01 20:00:00     25.235658
2023-05-01 21:00:00     25.235658
2023-05-01 22:00:00     25.235658
2023-05-01 23:00:00     25.235658
Freq: H, Length: 11664, dtype: float64",2022-01-01,2023-05-01 23:00:00,486 days,100.0,24.40852286623173,119.97523730912091,25.235658250596487,-74.76434174940351,-70.17976286600607,23.33676268861454,100.0,79.65536604579309,451 days 16:00:00,44,0.0,22,9.090909090909092,15.672339629698886,-25.62611806797852,15.373313851168053,-7.775400153283822,7 days 11:30:00,4 days 22:09:00,0.20204369469588135,-3.3983791704274324,-2.043897084271011,-0.8090528696011693,0.8761434793517668,-2.7418215052328234,long
289,"{'window_k': 27, 'window_d': 42, 'window_ma': 27}","open_time
2022-01-01 00:00:00    100.000000
2022-01-01 01:00:00    100.000000
2022-01-01 02:00:00    100.000000
2022-01-01 03:00:00    100.000000
2022-01-01 04:00:00    100.000000
                          ...    
2023-05-01 19:00:00     39.874267
2023-05-01 20:00:00     39.874267
2023-05-01 21:00:00     39.874267
2023-05-01 22:00:00     39.874267
2023-05-01 23:00:00     39.874267
Freq: H, Length: 11664, dtype: float64",2022-01-01,2023-05-01 23:00:00,486 days,100.0,38.36409435214163,100.0,39.87426740670457,-60.12573259329543,-70.17976286600607,29.921124828532236,100.0,61.635905647858365,481 days 07:00:00,210,0.0,105,35.23809523809524,20.599291160992387,-10.06181178107987,3.818717397163497,-3.2613875677041273,1 days 19:43:47.027027027,1 days 03:31:45.882352941,0.5357938987925428,-0.5726260246980519,-1.0667344557160143,-0.8090856631013824,0.9409247590837544,-1.5015592869743861,long
259,"{'window_k': 27, 'window_d': 12, 'window_ma': 57}","open_time
2022-01-01 00:00:00    100.000000
2022-01-01 01:00:00    100.000000
2022-01-01 02:00:00    100.000000
2022-01-01 03:00:00    100.000000
2022-01-01 04:00:00    100.000000
                          ...    
2023-05-01 19:00:00     25.101551
2023-05-01 20:00:00     25.043904
2023-05-01 21:00:00     25.170006
2023-05-01 22:00:00     25.281697
2023-05-01 23:00:00     25.281697
Freq: H, Length: 11664, dtype: float64",2022-01-01,2023-05-01 23:00:00,486 days,100.0,20.580313879101386,100.65686706452519,25.281696739438317,-74.71830326056168,-70.17976286600607,44.084362139917694,100.0,79.55398923164522,481 days 09:00:00,537,0.0,269,36.56716417910448,25.51233793391886,-16.622120402189132,3.610329514167848,-2.763926420328738,1 days 02:08:34.285714285,0 days 15:03:55.714285714,0.6379719743572057,-0.2795793756688182,-1.2008146525270404,-0.8094716505772405,0.9423149771910523,-1.6960436576562277,long
1537,"{'window_k': 102, 'window_d': 12, 'window_ma': 27}","open_time
2022-01-01 00:00:00    100.000000
2022-01-01 01:00:00    100.000000
2022-01-01 02:00:00    100.000000
2022-01-01 03:00:00    100.000000
2022-01-01 04:00:00    100.000000
                          ...    
2023-05-01 19:00:00     26.514256
2023-05-01 20:00:00     26.453365
2023-05-01 21:00:00     26.586564
2023-05-01 22:00:00     26.704541
2023-05-01 23:00:00     26.704541
Freq: H, Length: 11664, dtype: float64",2022-01-01,2023-05-01 23:00:00,486 days,100.0,22.41814701623832,100.41296625222026,26.70454086786063,-73.29545913213937,-70.17976286600607,38.588820301783265,100.0,77.6740516160754,480 days 01:00:00,463,0.0,232,34.1991341991342,23.443579766536946,-16.333207499685425,3.848774936652286,-2.7072342234705133,1 days 04:53:55.443037974,0 days 14:33:09.473684210,0.6242329993868527,-0.3179718290248752,-1.1729147527567345,-0.8098217459764587,0.9401277387997489,-1.671829914823036,long
182,"{'window_k': 12, 'window_d': 177, 'window_ma': 102}","open_time
2022-01-01 00:00:00    100.000000
2022-01-01 01:00:00    100.000000
2022-01-01 02:00:00    100.000000
2022-01-01 03:00:00    100.000000
2022-01-01 04:00:00    100.000000
                          ...    
2023-05-01 19:00:00     23.487506
2023-05-01 20:00:00     23.433566
2023-05-01 21:00:00     23.551560
2023-05-01 22:00:00     23.656069
2023-05-01 23:00:00     23.656069
Freq: H, Length: 11664, dtype: float64",2022-01-01,2023-05-01 23:00:00,486 days,100.0,22.257232882068266,120.75741410555662,23.656068569383223,-76.34393143061678,-70.17976286600607,29.612482853223593,100.0,81.5686406942991,451 days 16:00:00,111,0.0,56,20.0,26.752557787040544,-32.07579089832515,9.070292195991998,-5.037729416339214,4 days 15:27:16.363636363,2 days 00:19:05.454545454,0.4209875586263574,-1.3866003891924101,-1.7479778193692688,-0.8107304910076838,0.9039061205896469,-2.344562195862233,long
2568,"{'window_k': 162, 'window_d': 12, 'window_ma': 132}","open_time
2022-01-01 00:00:00    100.000000
2022-01-01 01:00:00    100.000000
2022-01-01 02:00:00    100.000000
2022-01-01 03:00:00    100.000000
2022-01-01 04:00:00    100.000000
                          ...    
2023-05-01 19:00:00     21.626948
2023-05-01 20:00:00     21.577281
2023-05-01 21:00:00     21.685928
2023-05-01 22:00:00     21.782158
2023-05-01 23:00:00     21.782158
Freq: H, Length: 11664, dtype: float64",2022-01-01,2023-05-01 23:00:00,486 days,100.0,16.837041958262603,105.25890294676421,21.78215772742857,-78.21784227257143,-70.17976286600607,39.69478737997256,100.0,84.00416355585797,473 days 09:00:00,469,0.0,235,32.05128205128205,28.488482771749503,-14.131233595800522,4.105250197062822,-2.7440550953724876,1 days 06:19:12,0 days 14:46:19.746835443,0.6053117695536121,-0.3344632702707012,-1.2210776545825075,-0.8114567287038529,0.9344040379648577,-1.8256766089890808,long
185,"{'window_k': 12, 'window_d': 177, 'window_ma': 147}","open_time
2022-01-01 00:00:00    100.000000
2022-01-01 01:00:00    100.000000
2022-01-01 02:00:00    100.000000
2022-01-01 03:00:00    100.000000
2022-01-01 04:00:00    100.000000
                          ...    
2023-05-01 19:00:00     23.347362
2023-05-01 20:00:00     23.293744
2023-05-01 21:00:00     23.411034
2023-05-01 22:00:00     23.514919
2023-05-01 23:00:00     23.514919
Freq: H, Length: 11664, dtype: float64",2022-01-01,2023-05-01 23:00:00,486 days,100.0,22.124429787777853,120.75741410555662,23.51491898796823,-76.48508101203177,-70.17976286600607,30.26406035665295,100.0,81.6786158004026,451 days 16:00:00,111,0.0,56,18.181818181818183,26.752557787040555,-32.07579089832516,9.810847171000663,-4.906252490816154,4 days 18:06:00,2 days 02:49:20,0.417241099220238,-1.3891755228360108,-1.7342828152316387,-0.8114985012893828,0.9059706224342859,-2.332988048670144,long
187,"{'window_k': 12, 'window_d': 177, 'window_ma': 177}","open_time
2022-01-01 00:00:00    100.000000
2022-01-01 01:00:00    100.000000
2022-01-01 02:00:00    100.000000
2022-01-01 03:00:00    100.000000
2022-01-01 04:00:00    100.000000
                          ...    
2023-05-01 19:00:00     23.296130
2023-05-01 20:00:00     23.242629
2023-05-01 21:00:00     23.359662
2023-05-01 22:00:00     23.463319
2023-05-01 23:00:00     23.463319
Freq: H, Length: 11664, dtype: float64",2022-01-01,2023-05-01 23:00:00,486 days,100.0,22.075880926761204,120.75741410555662,23.463318899526826,-76.53668110047317,-70.17976286600607,29.963991769547327,100.0,81.7188194279614,451 days 16:00:00,111,0.0,56,18.181818181818183,26.752557787040537,-32.07579089832516,9.810847171000667,-4.918246339601141,4 days 18:06:00,2 days 02:02:40,0.41894820289239415,-1.3901169150982207,-1.7578723293398308,-0.8117794397979675,0.9041756201895005,-2.3613219029969077,long
2570,"{'window_k': 162, 'window_d': 12, 'window_ma': 162}","open_time
2022-01-01 00:00:00    100.000000
2022-01-01 01:00:00    100.000000
2022-01-01 02:00:00    100.000000
2022-01-01 03:00:00    100.000000
2022-01-01 04:00:00    100.000000
                          ...    
2023-05-01 19:00:00     21.558196
2023-05-01 20:00:00     21.508686
2023-05-01 21:00:00     21.616988
2023-05-01 22:00:00     21.712912
2023-05-01 23:00:00     21.712912
Freq: H, Length: 11664, dtype: float64",2022-01-01,2023-05-01 23:00:00,486 days,100.0,16.783516883161585,105.25890294676421,21.712912094430052,-78.28708790556995,-70.17976286600607,39.823388203017835,100.0,84.05501443269837,473 days 09:00:00,469,0.0,235,32.9059829059829,28.488482771749496,-14.131233595800532,4.021598828731792,-2.791757289424715,1 days 05:59:13.246753246,0 days 14:50:00,0.6058758801391597,-0.3347585591979918,-1.2223958832956934,-0.8118704094655694,0.9345085254073014,-1.8274846931704816,long
337,"{'window_k': 27, 'window_d': 87, 'window_ma': 27}","open_time
2022-01-01 00:00:00    100.00000
2022-01-01 01:00:00    100.00000
2022-01-01 02:00:00    100.00000
2022-01-01 03:00:00    100.00000
2022-01-01 04:00:00    100.00000
                         ...    
2023-05-01 19:00:00     28.58389
2023-05-01 20:00:00     28.58389
2023-05-01 21:00:00     28.58389
2023-05-01 22:00:00     28.58389
2023-05-01 23:00:00     28.58389
Freq: H, Length: 11664, dtype: float64",2022-01-01,2023-05-01 23:00:00,486 days,100.0,27.45475573787815,110.15433908118263,28.583890102467493,-71.41610989753251,-70.17976286600607,27.81207133058985,100.0,75.07610143469313,462 days 03:00:00,124,0.0,62,29.03225806451613,21.116663045839662,-20.44989775051125,5.452280157449954,-4.7241785801856535,2 days 19:33:20,1 days 22:05:27.272727272,0.437311248167799,-1.1518727402827817,-1.546225504481324,-0.8119501817727526,0.9114171439710577,-2.152023057642146,long
2564,"{'window_k': 162, 'window_d': 12, 'window_ma': 72}","open_time
2022-01-01 00:00:00    100.000000
2022-01-01 01:00:00    100.000000
2022-01-01 02:00:00    100.000000
2022-01-01 03:00:00    100.000000
2022-01-01 04:00:00    100.000000
                          ...    
2023-05-01 19:00:00     21.526731
2023-05-01 20:00:00     21.477294
2023-05-01 21:00:00     21.585437
2023-05-01 22:00:00     21.681221
2023-05-01 23:00:00     21.681221
Freq: H, Length: 11664, dtype: float64",2022-01-01,2023-05-01 23:00:00,486 days,100.0,16.759020643299017,105.25890294676421,21.681221197552944,-78.31877880244706,-70.17976286600607,39.960562414266114,100.0,84.07828680128362,473 days 09:00:00,469,0.0,235,32.47863247863248,28.48848277174949,-14.13123359580053,4.052303766549605,-2.7649753856075887,1 days 06:17:22.105263157,0 days 14:53:07.261146496,0.604503005711258,-0.33489370087463677,-1.222787197499106,-0.8120598067713354,0.9346029818085596,-1.82748475438491,long
186,"{'window_k': 12, 'window_d': 177, 'window_ma': 162}","open_time
2022-01-01 00:00:00    100.000000
2022-01-01 01:00:00    100.000000
2022-01-01 02:00:00    100.000000
2022-01-01 03:00:00    100.000000
2022-01-01 04:00:00    100.000000
                          ...    
2023-05-01 19:00:00     23.157430
2023-05-01 20:00:00     23.104248
2023-05-01 21:00:00     23.220584
2023-05-01 22:00:00     23.323624
2023-05-01 23:00:00     23.323624
Freq: H, Length: 11664, dtype: float64",2022-01-01,2023-05-01 23:00:00,486 days,100.0,21.944446629040588,120.75741410555662,23.323624141615014,-76.67637585838499,-70.17976286600607,30.229766803840878,100.0,81.82766102472311,451 days 16:00:00,111,0.0,56,18.181818181818183,26.752557787040555,-32.07579089832516,9.81084717100067,-4.923845541561113,4 days 18:06:00,2 days 02:44:00,0.416188084373532,-1.3926655069348177,-1.746210780918179,-0.8125404973502799,0.905292114055183,-2.348732270176864,long
270,"{'window_k': 27, 'window_d': 12, 'window_ma': 222}","open_time
2022-01-01 00:00:00    100.000000
2022-01-01 01:00:00    100.000000
2022-01-01 02:00:00    100.000000
2022-01-01 03:00:00    100.000000
2022-01-01 04:00:00    100.000000
                          ...    
2023-05-01 19:00:00     24.637546
2023-05-01 20:00:00     24.580965
2023-05-01 21:00:00     24.704736
2023-05-01 22:00:00     24.814362
2023-05-01 23:00:00     24.814362
Freq: H, Length: 11664, dtype: float64",2022-01-01,2023-05-01 23:00:00,486 days,100.0,20.356910115023307,100.65686706452519,24.814362129977766,-75.18563787002223,-70.17976286600607,43.664266117969824,100.0,79.77593510637114,481 days 09:00:00,537,0.0,269,36.940298507462686,25.51233793391885,-16.62212040218913,3.572255619234358,-2.79042240078471,1 days 01:36:21.818181818,0 days 15:01:26.227544910,0.6377675908713698,-0.28130874801786554,-1.2228308378309394,-0.8134297649818639,0.9410847277304728,-1.7270839133559006,long
2574,"{'window_k': 162, 'window_d': 12, 'window_ma': 222}","open_time
2022-01-01 00:00:00    100.000000
2022-01-01 01:00:00    100.000000
2022-01-01 02:00:00    100.000000
2022-01-01 03:00:00    100.000000
2022-01-01 04:00:00    100.000000
                          ...    
2023-05-01 19:00:00     21.268385
2023-05-01 20:00:00     21.219541
2023-05-01 21:00:00     21.326387
2023-05-01 22:00:00     21.421021
2023-05-01 23:00:00     21.421021
Freq: H, Length: 11664, dtype: float64",2022-01-01,2023-05-01 23:00:00,486 days,100.0,16.557893008164154,105.25890294676421,21.421021461595004,-78.578978538405,-70.17976286600607,39.91769547325103,100.0,84.26936577845726,473 days 09:00:00,469,0.0,235,32.9059829059829,28.488482771749496,-14.131233595800532,4.018388177647654,-2.7985849002704786,1 days 05:56:06.233766233,0 days 14:55:46.153846153,0.6023646738308909,-0.33600328854948747,-1.2360199880689142,-0.8136166191906382,0.9339184609088148,-1.8480896654574497,long
179,"{'window_k': 12, 'window_d': 177, 'window_ma': 57}","open_time
2022-01-01 00:00:00    100.000000
2022-01-01 01:00:00    100.000000
2022-01-01 02:00:00    100.000000
2022-01-01 03:00:00    100.000000
2022-01-01 04:00:00    100.000000
                          ...    
2023-05-01 19:00:00     22.836202
2023-05-01 20:00:00     22.783758
2023-05-01 21:00:00     22.898480
2023-05-01 22:00:00     23.000091
2023-05-01 23:00:00     23.000091
Freq: H, Length: 11664, dtype: float64",2022-01-01,2023-05-01 23:00:00,486 days,100.0,21.64004431940037,120.75741410555662,23.00009057624854,-76.99990942375146,-70.17976286600607,25.308641975308642,100.0,82.07973855710064,451 days 16:00:00,111,0.0,56,18.181818181818183,25.39726482476054,-32.075790898325145,6.917814843495967,-4.429480211034681,3 days 02:54:00,1 days 22:41:20,0.3577742123382079,-1.3985680548606214,-2.0111597969394848,-0.8143059099479918,0.8797415069103726,-2.6831187623053747,long
2572,"{'window_k': 162, 'window_d': 12, 'window_ma': 192}","open_time
2022-01-01 00:00:00    100.000000
2022-01-01 01:00:00    100.000000
2022-01-01 02:00:00    100.000000
2022-01-01 03:00:00    100.000000
2022-01-01 04:00:00    100.000000
                          ...    
2023-05-01 19:00:00     20.541407
2023-05-01 20:00:00     20.494233
2023-05-01 21:00:00     20.597426
2023-05-01 22:00:00     20.688826
2023-05-01 23:00:00     20.688826
Freq: H, Length: 11664, dtype: float64",2022-01-01,2023-05-01 23:00:00,486 days,100.0,15.685236527518539,105.25890294676421,20.688825990203654,-79.31117400979635,-70.17976286600607,39.88340192043896,100.0,85.09842294722422,473 days 09:00:00,467,0.0,234,32.61802575107296,28.488482771749478,-14.131233595800527,4.066605119457592,-2.81802666990684,1 days 06:18:56.842105263,0 days 14:54:36.923076923,0.5979651118070933,-0.34058111503368727,-1.2705865000491794,-0.8152144238147777,0.9321214034608701,-1.8977696154066375,long
2575,"{'window_k': 162, 'window_d': 12, 'window_ma': 237}","open_time
2022-01-01 00:00:00    100.000000
2022-01-01 01:00:00    100.000000
2022-01-01 02:00:00    100.000000
2022-01-01 03:00:00    100.000000
2022-01-01 04:00:00    100.000000
                          ...    
2023-05-01 19:00:00     20.632800
2023-05-01 20:00:00     20.585416
2023-05-01 21:00:00     20.689068
2023-05-01 22:00:00     20.780875
2023-05-01 23:00:00     20.780875
Freq: H, Length: 11664, dtype: float64",2022-01-01,2023-05-01 23:00:00,486 days,100.0,15.873284744236686,105.25890294676421,20.78087502471257,-79.21912497528743,-70.17976286600607,39.90912208504801,100.0,84.9197699198283,473 days 09:00:00,469,0.0,235,32.47863247863248,28.488482771749496,-14.13123359580053,4.076243781700934,-2.8018096756410817,1 days 06:04:44.210526315,0 days 14:56:56.560509554,0.6003044981392425,-0.3387331091384672,-1.266428705900057,-0.8157250101343576,0.9323074720524788,-1.8919672537004664,long
17,"{'window_k': 12, 'window_d': 27, 'window_ma': 27}","open_time
2022-01-01 00:00:00    100.000000
2022-01-01 01:00:00    100.000000
2022-01-01 02:00:00    100.000000
2022-01-01 03:00:00    100.000000
2022-01-01 04:00:00    100.000000
                          ...    
2023-05-01 19:00:00     27.716212
2023-05-01 20:00:00     27.652560
2023-05-01 21:00:00     27.791798
2023-05-01 22:00:00     27.915122
2023-05-01 23:00:00     27.915122
Freq: H, Length: 11664, dtype: float64",2022-01-01,2023-05-01 23:00:00,486 days,100.0,27.24754232641124,111.35721277802442,27.915122193327548,-72.08487780667245,-70.17976286600607,37.22565157750343,100.0,75.5314077582693,454 days 07:00:00,389,0.0,195,34.02061855670103,23.270156438026476,-13.850616388687445,4.085709718861638,-2.916585278873394,1 days 07:00:00,0 days 17:52:58.125000,0.6381452132315123,-0.3718791288919262,-1.2560724816872935,-0.816165120224207,0.93446443572624,-1.7452257138698595,long
191,"{'window_k': 12, 'window_d': 177, 'window_ma': 237}","open_time
2022-01-01 00:00:00    100.000000
2022-01-01 01:00:00    100.000000
2022-01-01 02:00:00    100.000000
2022-01-01 03:00:00    100.000000
2022-01-01 04:00:00    100.000000
                          ...    
2023-05-01 19:00:00     22.439455
2023-05-01 20:00:00     22.387922
2023-05-01 21:00:00     22.500651
2023-05-01 22:00:00     22.600496
2023-05-01 23:00:00     22.600496
Freq: H, Length: 11664, dtype: float64",2022-01-01,2023-05-01 23:00:00,486 days,100.0,21.264078690393987,120.75741410555662,22.600496037851457,-77.39950396214854,-70.17976286600607,30.10973936899863,100.0,82.39107813967712,451 days 16:00:00,111,0.0,56,18.181818181818183,26.752557787040537,-32.07579089832516,9.810847171000663,-4.991591965497471,4 days 18:06:00,2 days 02:25:20,0.4125646118240518,-1.4058582595449718,-1.7933883803993302,-0.8164920350193572,0.9025326189493106,-2.409159269976817,long
2567,"{'window_k': 162, 'window_d': 12, 'window_ma': 117}","open_time
2022-01-01 00:00:00    100.000000
2022-01-01 01:00:00    100.000000
2022-01-01 02:00:00    100.000000
2022-01-01 03:00:00    100.000000
2022-01-01 04:00:00    100.000000
                          ...    
2023-05-01 19:00:00     20.635660
2023-05-01 20:00:00     20.588269
2023-05-01 21:00:00     20.691936
2023-05-01 22:00:00     20.783756
2023-05-01 23:00:00     20.783756
Freq: H, Length: 11664, dtype: float64",2022-01-01,2023-05-01 23:00:00,486 days,100.0,16.065303063007015,105.25890294676421,20.783755610089997,-79.21624438991,-70.17976286600607,40.063443072702334,100.0,84.7373451430211,473 days 09:00:00,469,0.0,235,32.47863247863248,28.488482771749503,-14.131233595800538,4.06660511945759,-2.7974153289623707,1 days 06:18:56.842105263,0 days 14:56:56.560509554,0.6021534454516759,-0.338720825259627,-1.2653586401297714,-0.8174433725620939,0.9324862610543038,-1.8900752365376137,long
2571,"{'window_k': 162, 'window_d': 12, 'window_ma': 177}","open_time
2022-01-01 00:00:00    100.000000
2022-01-01 01:00:00    100.000000
2022-01-01 02:00:00    100.000000
2022-01-01 03:00:00    100.000000
2022-01-01 04:00:00    100.000000
                          ...    
2023-05-01 19:00:00     20.654950
2023-05-01 20:00:00     20.607515
2023-05-01 21:00:00     20.711279
2023-05-01 22:00:00     20.803184
2023-05-01 23:00:00     20.803184
Freq: H, Length: 11664, dtype: float64",2022-01-01,2023-05-01 23:00:00,486 days,100.0,16.093542985381422,105.25890294676421,20.80318418882723,-79.19681581117277,-70.17976286600607,39.98628257887517,100.0,84.71051613228299,473 days 09:00:00,469,0.0,235,32.47863247863248,28.488482771749496,-14.131233595800541,4.06660511945759,-2.7972920194892814,1 days 06:18:56.842105263,0 days 14:53:30.191082802,0.6009073802117508,-0.3386379746317135,-1.2660776324592942,-0.817447598919843,0.932360604659708,-1.891803468051467,long
188,"{'window_k': 12, 'window_d': 177, 'window_ma': 192}","open_time
2022-01-01 00:00:00    100.000000
2022-01-01 01:00:00    100.000000
2022-01-01 02:00:00    100.000000
2022-01-01 03:00:00    100.000000
2022-01-01 04:00:00    100.000000
                          ...    
2023-05-01 19:00:00     22.262377
2023-05-01 20:00:00     22.211251
2023-05-01 21:00:00     22.323090
2023-05-01 22:00:00     22.422147
2023-05-01 23:00:00     22.422147
Freq: H, Length: 11664, dtype: float64",2022-01-01,2023-05-01 23:00:00,486 days,100.0,21.096275993491254,120.75741410555662,22.42214717817552,-77.57785282182448,-70.17976286600607,30.3840877914952,100.0,82.53003664433345,451 days 16:00:00,111,0.0,56,18.181818181818183,26.752557787040555,-32.07579089832516,9.810847171000667,-5.006752793196715,4 days 18:06:00,2 days 03:08:00,0.41124562990097835,-1.409112057000444,-1.7949947240855264,-0.8174698843807396,0.9030181888622859,-2.4113305909791753,long
190,"{'window_k': 12, 'window_d': 177, 'window_ma': 222}","open_time
2022-01-01 00:00:00    100.000000
2022-01-01 01:00:00    100.000000
2022-01-01 02:00:00    100.000000
2022-01-01 03:00:00    100.000000
2022-01-01 04:00:00    100.000000
                          ...    
2023-05-01 19:00:00     22.262377
2023-05-01 20:00:00     22.211251
2023-05-01 21:00:00     22.323090
2023-05-01 22:00:00     22.422147
2023-05-01 23:00:00     22.422147
Freq: H, Length: 11664, dtype: float64",2022-01-01,2023-05-01 23:00:00,486 days,100.0,21.096275993491254,120.75741410555662,22.42214717817552,-77.57785282182448,-70.17976286600607,30.3840877914952,100.0,82.53003664433345,451 days 16:00:00,111,0.0,56,18.181818181818183,26.752557787040555,-32.07579089832516,9.810847171000667,-5.006752793196715,4 days 18:06:00,2 days 03:08:00,0.41124562990097835,-1.409112057000444,-1.7949947240855264,-0.8174698843807396,0.9030181888622859,-2.4113305909791753,long
2565,"{'window_k': 162, 'window_d': 12, 'window_ma': 87}","open_time
2022-01-01 00:00:00    100.000000
2022-01-01 01:00:00    100.000000
2022-01-01 02:00:00    100.000000
2022-01-01 03:00:00    100.000000
2022-01-01 04:00:00    100.000000
                          ...    
2023-05-01 19:00:00     20.520886
2023-05-01 20:00:00     20.473759
2023-05-01 21:00:00     20.576849
2023-05-01 22:00:00     20.668158
2023-05-01 23:00:00     20.668158
Freq: H, Length: 11664, dtype: float64",2022-01-01,2023-05-01 23:00:00,486 days,100.0,15.975948874706965,105.25890294676421,20.66815769045641,-79.33184230954359,-70.17976286600607,39.97770919067216,100.0,84.82223505332658,473 days 09:00:00,467,0.0,234,32.61802575107296,28.488482771749496,-14.131233595800532,4.0666051194575905,-2.818759355395792,1 days 06:18:56.842105263,0 days 14:58:50.769230769,0.5986712241818274,-0.34066963056086574,-1.2712593881324292,-0.8181397629695718,0.9321273477623164,-1.8988115692891403,long
181,"{'window_k': 12, 'window_d': 177, 'window_ma': 87}","open_time
2022-01-01 00:00:00    100.000000
2022-01-01 01:00:00    100.000000
2022-01-01 02:00:00    100.000000
2022-01-01 03:00:00    100.000000
2022-01-01 04:00:00    100.000000
                          ...    
2023-05-01 19:00:00     22.033558
2023-05-01 20:00:00     22.033558
2023-05-01 21:00:00     22.033558
2023-05-01 22:00:00     22.033558
2023-05-01 23:00:00     22.033558
Freq: H, Length: 11664, dtype: float64",2022-01-01,2023-05-01 23:00:00,486 days,100.0,20.76914308633514,120.75741410555662,22.033558333028637,-77.96644166697136,-70.17976286600607,28.420781893004115,100.0,82.80093753234863,451 days 16:00:00,112,0.0,56,16.071428571428573,28.381962864721473,-32.07579089832516,10.062591545674552,-4.683690605054594,4 days 08:06:40,2 days 02:35:44.680851063,0.3618918657843731,-1.3922578869102025,-1.8973600363149727,-0.8199206317872635,0.8941750118440105,-2.544813564716208,long
2569,"{'window_k': 162, 'window_d': 12, 'window_ma': 147}","open_time
2022-01-01 00:00:00    100.000000
2022-01-01 01:00:00    100.000000
2022-01-01 02:00:00    100.000000
2022-01-01 03:00:00    100.000000
2022-01-01 04:00:00    100.000000
                          ...    
2023-05-01 19:00:00     20.222747
2023-05-01 20:00:00     20.176305
2023-05-01 21:00:00     20.277897
2023-05-01 22:00:00     20.367879
2023-05-01 23:00:00     20.367879
Freq: H, Length: 11664, dtype: float64",2022-01-01,2023-05-01 23:00:00,486 days,100.0,15.743841538726377,105.25890294676421,20.367879374671773,-79.63212062532823,-70.17976286600607,40.080589849108364,100.0,85.04274593600032,473 days 09:00:00,469,0.0,235,32.47863247863248,28.48848277174949,-14.131233595800532,4.066605119457592,-2.8099364826852655,1 days 06:18:56.842105263,0 days 14:57:42.420382165,0.5973223986151521,-0.3404942749650408,-1.285935600367994,-0.8199520899022702,0.9314543112669256,-1.9204538405224434,long
2561,"{'window_k': 162, 'window_d': 12, 'window_ma': 27}","open_time
2022-01-01 00:00:00    100.000000
2022-01-01 01:00:00    100.000000
2022-01-01 02:00:00    100.000000
2022-01-01 03:00:00    100.000000
2022-01-01 04:00:00    100.000000
                          ...    
2023-05-01 19:00:00     20.026981
2023-05-01 20:00:00     19.980988
2023-05-01 21:00:00     20.081597
2023-05-01 22:00:00     20.170708
2023-05-01 23:00:00     20.170708
Freq: H, Length: 11664, dtype: float64",2022-01-01,2023-05-01 23:00:00,486 days,100.0,15.485576285574846,105.25890294676421,20.170708107240443,-79.82929189275956,-70.17976286600607,38.45164609053498,100.0,85.28810784451474,473 days 09:00:00,467,0.0,234,32.18884120171674,22.231966673975005,-14.131233595800527,3.970217677721784,-2.7611395080606824,1 days 05:12:48,0 days 14:28:16.815286624,0.5811618556020728,-0.34280004344635845,-1.5069924938237333,-0.8201765900315872,0.9236198964100735,-2.136507765418283,long
2563,"{'window_k': 162, 'window_d': 12, 'window_ma': 57}","open_time
2022-01-01 00:00:00    100.000000
2022-01-01 01:00:00    100.000000
2022-01-01 02:00:00    100.000000
2022-01-01 03:00:00    100.000000
2022-01-01 04:00:00    100.000000
                          ...    
2023-05-01 19:00:00     20.085815
2023-05-01 20:00:00     20.039687
2023-05-01 21:00:00     20.140592
2023-05-01 22:00:00     20.229965
2023-05-01 23:00:00     20.229965
Freq: H, Length: 11664, dtype: float64",2022-01-01,2023-05-01 23:00:00,486 days,100.0,15.637237252781684,105.25890294676421,20.229964925291412,-79.77003507470859,-70.17976286600607,40.003429355281206,100.0,85.14402410151436,473 days 09:00:00,469,0.0,235,32.47863247863248,28.488482771749506,-14.131233595800524,4.076714480276404,-2.818681553343379,1 days 06:16:34.736842105,0 days 14:55:24.840764331,0.5962939070062963,-0.3410823930607535,-1.2934639084978679,-0.8207861512710088,0.9309998104319848,-1.9316077636443088,long
2573,"{'window_k': 162, 'window_d': 12, 'window_ma': 207}","open_time
2022-01-01 00:00:00    100.000000
2022-01-01 01:00:00    100.000000
2022-01-01 02:00:00    100.000000
2022-01-01 03:00:00    100.000000
2022-01-01 04:00:00    100.000000
                          ...    
2023-05-01 19:00:00     20.064168
2023-05-01 20:00:00     20.018090
2023-05-01 21:00:00     20.118886
2023-05-01 22:00:00     20.208163
2023-05-01 23:00:00     20.208163
Freq: H, Length: 11664, dtype: float64",2022-01-01,2023-05-01 23:00:00,486 days,100.0,15.680504381075437,105.25890294676421,20.208162684883376,-79.79183731511662,-70.17976286600607,40.012002743484224,100.0,85.10291866807123,473 days 09:00:00,469,0.0,235,32.47863247863248,28.488482771749503,-14.131233595800527,4.059809095197766,-2.811719399518473,1 days 06:14:12.631578947,0 days 14:56:56.560509554,0.5955001180884142,-0.3411753658577925,-1.294300649543971,-0.8214690545225263,0.9309703696662845,-1.9328736032730063,long
2566,"{'window_k': 162, 'window_d': 12, 'window_ma': 102}","open_time
2022-01-01 00:00:00    100.000000
2022-01-01 01:00:00    100.000000
2022-01-01 02:00:00    100.000000
2022-01-01 03:00:00    100.000000
2022-01-01 04:00:00    100.000000
                          ...    
2023-05-01 19:00:00     20.210183
2023-05-01 20:00:00     20.163769
2023-05-01 21:00:00     20.265299
2023-05-01 22:00:00     20.355225
2023-05-01 23:00:00     20.355225
Freq: H, Length: 11664, dtype: float64",2022-01-01,2023-05-01 23:00:00,486 days,100.0,15.891077227487523,105.25890294676421,20.35522482348574,-79.64477517651426,-70.17976286600607,39.600480109739365,100.0,84.9028663774649,473 days 09:00:00,469,0.0,235,32.47863247863248,28.488482771749503,-14.131233595800524,4.005627176260758,-2.782929857579983,1 days 05:35:31.578947368,0 days 14:57:19.490445859,0.5867023555712924,-0.34054823864019695,-1.2950595847313227,-0.8214693481125214,0.930438501324552,-1.9344637044782946,long
189,"{'window_k': 12, 'window_d': 177, 'window_ma': 207}","open_time
2022-01-01 00:00:00    100.000000
2022-01-01 01:00:00    100.000000
2022-01-01 02:00:00    100.000000
2022-01-01 03:00:00    100.000000
2022-01-01 04:00:00    100.000000
                          ...    
2023-05-01 19:00:00     21.307825
2023-05-01 20:00:00     21.258891
2023-05-01 21:00:00     21.365934
2023-05-01 22:00:00     21.460745
2023-05-01 23:00:00     21.460745
Freq: H, Length: 11664, dtype: float64",2022-01-01,2023-05-01 23:00:00,486 days,100.0,20.191723332989564,120.75741410555662,21.46074465905619,-78.53925534094381,-70.17976286600607,29.79252400548697,100.0,83.27910258550291,451 days 16:00:00,111,0.0,56,18.181818181818183,26.752557787040544,-32.07579089832516,8.880501097881128,-4.920841436234345,4 days 11:36:00,2 days 03:02:40,0.36526066077991143,-1.4266518891927018,-1.8839127775733664,-0.8227656372464109,0.8973382016168429,-2.523406426997213,long
183,"{'window_k': 12, 'window_d': 177, 'window_ma': 117}","open_time
2022-01-01 00:00:00    100.000000
2022-01-01 01:00:00    100.000000
2022-01-01 02:00:00    100.000000
2022-01-01 03:00:00    100.000000
2022-01-01 04:00:00    100.000000
                          ...    
2023-05-01 19:00:00     21.151769
2023-05-01 20:00:00     21.103193
2023-05-01 21:00:00     21.209453
2023-05-01 22:00:00     21.303569
2023-05-01 23:00:00     21.303569
Freq: H, Length: 11664, dtype: float64",2022-01-01,2023-05-01 23:00:00,486 days,100.0,20.043841664927054,120.75741410555662,21.303568836779533,-78.69643116322047,-70.17976286600607,28.532235939643346,100.0,83.40156435661473,451 days 16:00:00,111,0.0,56,18.181818181818183,26.752557787040537,-32.075790898325145,8.264939841729719,-4.830832558272175,4 days 03:30:00,2 days 01:34:40,0.36721434015872184,-1.42951940565182,-1.946770908888032,-0.8236356377678775,0.8914370450745979,-2.6032244755331653,long
49,"{'window_k': 12, 'window_d': 57, 'window_ma': 27}","open_time
2022-01-01 00:00:00    100.000000
2022-01-01 01:00:00    100.000000
2022-01-01 02:00:00    100.000000
2022-01-01 03:00:00    100.000000
2022-01-01 04:00:00    100.000000
                          ...    
2023-05-01 19:00:00     34.240557
2023-05-01 20:00:00     34.240557
2023-05-01 21:00:00     34.240557
2023-05-01 22:00:00     34.240557
2023-05-01 23:00:00     34.240557
Freq: H, Length: 11664, dtype: float64",2022-01-01,2023-05-01 23:00:00,486 days,100.0,33.11888388313625,100.54757622080692,34.24055731233338,-65.75944268766662,-70.17976286600607,28.780864197530864,100.0,67.06147962193964,481 days 09:00:00,256,0.0,128,32.03125,21.481973749792317,-11.256530687635244,3.7083986082900604,-2.820239409012836,1 days 15:51:13.170731707,0 days 19:48:16.551724137,0.530949875003486,-0.5137456459973953,-1.3428568152836597,-0.8244334455244996,0.9250801973125846,-1.878367171404856,long
180,"{'window_k': 12, 'window_d': 177, 'window_ma': 72}","open_time
2022-01-01 00:00:00    100.000000
2022-01-01 01:00:00    100.000000
2022-01-01 02:00:00    100.000000
2022-01-01 03:00:00    100.000000
2022-01-01 04:00:00    100.000000
                          ...    
2023-05-01 19:00:00     21.513467
2023-05-01 20:00:00     21.513467
2023-05-01 21:00:00     21.513467
2023-05-01 22:00:00     21.513467
2023-05-01 23:00:00     21.513467
Freq: H, Length: 11664, dtype: float64",2022-01-01,2023-05-01 23:00:00,486 days,100.0,20.407097742532148,119.01791747133916,21.513467168724816,-78.48653283127518,-70.17976286600607,28.052126200274348,100.0,82.853760025295,453 days 11:00:00,112,0.0,56,19.642857142857142,26.752557787040555,-32.07579089832516,8.096319381176468,-4.942432810740563,4 days 01:16:21.818181818,2 days 00:56:00,0.3785157806712611,-1.4015452291299142,-1.9107629630335692,-0.8262886076259045,0.8931998605968307,-2.5604540974151933,long
529,"{'window_k': 42, 'window_d': 27, 'window_ma': 27}","open_time
2022-01-01 00:00:00    100.000000
2022-01-01 01:00:00    100.000000
2022-01-01 02:00:00    100.000000
2022-01-01 03:00:00    100.000000
2022-01-01 04:00:00    100.000000
                          ...    
2023-05-01 19:00:00     22.285831
2023-05-01 20:00:00     22.285831
2023-05-01 21:00:00     22.285831
2023-05-01 22:00:00     22.285831
2023-05-01 23:00:00     22.285831
Freq: H, Length: 11664, dtype: float64",2022-01-01,2023-05-01 23:00:00,486 days,100.0,19.110509800609425,100.63671311869294,22.285831476120038,-77.71416852387996,-70.17976286600607,34.67078189300412,100.0,81.01039947710721,481 days 09:00:00,266,0.0,133,35.338345864661655,19.986993279861267,-23.330197554092198,4.078851391364948,-3.7419173696348578,1 days 15:57:26.808510638,1 days 01:11:09.767441860,0.427610572418509,-0.5843170565705269,-1.7009247046383364,-0.8346395042039844,0.9125466157253745,-2.3287966635591695,long
33,"{'window_k': 12, 'window_d': 42, 'window_ma': 27}","open_time
2022-01-01 00:00:00    100.000000
2022-01-01 01:00:00    100.000000
2022-01-01 02:00:00    100.000000
2022-01-01 03:00:00    100.000000
2022-01-01 04:00:00    100.000000
                          ...    
2023-05-01 19:00:00     20.602733
2023-05-01 20:00:00     20.602733
2023-05-01 21:00:00     20.602733
2023-05-01 22:00:00     20.602733
2023-05-01 23:00:00     20.602733
Freq: H, Length: 11664, dtype: float64",2022-01-01,2023-05-01 23:00:00,486 days,100.0,18.555968146854262,100.63671311869294,20.602732913594593,-79.3972670864054,-70.17976286600607,32.48456790123457,100.0,81.56143263048646,481 days 09:00:00,294,0.0,147,35.374149659863946,20.83559413998916,-13.878066757923554,3.6072266950414016,-3.452579659528928,1 days 10:35:46.153846153,0 days 20:56:50.526315789,0.39964949013194156,-0.5401174631728262,-1.8908851759756955,-0.8517411450060616,0.9000966561894571,-2.5897912557591667,long
517,"{'window_k': 42, 'window_d': 12, 'window_ma': 87}","open_time
2022-01-01 00:00:00    100.000000
2022-01-01 01:00:00    100.000000
2022-01-01 02:00:00    100.000000
2022-01-01 03:00:00    100.000000
2022-01-01 04:00:00    100.000000
                          ...    
2023-05-01 19:00:00     16.001482
2023-05-01 20:00:00     15.964734
2023-05-01 21:00:00     16.045121
2023-05-01 22:00:00     16.116320
2023-05-01 23:00:00     16.116320
Freq: H, Length: 11664, dtype: float64",2022-01-01,2023-05-01 23:00:00,486 days,100.0,12.915176463414031,101.67491585824591,16.11632012150372,-83.88367987849628,-70.17976286600607,42.378257887517144,100.0,87.2975784101752,483 days 09:00:00,501,0.0,251,29.2,23.839397741530753,-16.333207499685415,4.462023403168072,-2.7136731838277663,1 days 06:10:41.095890410,0 days 15:25:05.084745762,0.5095680495215084,-0.3356817117453907,-1.657317195310329,-0.8546822072121973,0.9186162962779229,-2.366985644098792,long
514,"{'window_k': 42, 'window_d': 12, 'window_ma': 42}","open_time
2022-01-01 00:00:00    100.000000
2022-01-01 01:00:00    100.000000
2022-01-01 02:00:00    100.000000
2022-01-01 03:00:00    100.000000
2022-01-01 04:00:00    100.000000
                          ...    
2023-05-01 19:00:00     16.214938
2023-05-01 20:00:00     16.177699
2023-05-01 21:00:00     16.259158
2023-05-01 22:00:00     16.331307
2023-05-01 23:00:00     16.331307
Freq: H, Length: 11664, dtype: float64",2022-01-01,2023-05-01 23:00:00,486 days,100.0,14.615862344161274,101.67491585824591,16.33130730267166,-83.66869269732834,-70.17976286600607,42.4039780521262,100.0,85.62490834559573,483 days 09:00:00,501,0.0,251,28.799999999999997,23.83939774153074,-16.33320749968543,4.514636999049074,-2.688155932870499,1 days 06:28:20,0 days 15:23:55.955056179,0.5209331555065095,-0.3348237238557761,-1.6469441577224928,-0.8684126539646198,0.9192256931471522,-2.3559487523238203,long
522,"{'window_k': 42, 'window_d': 12, 'window_ma': 162}","open_time
2022-01-01 00:00:00    100.000000
2022-01-01 01:00:00    100.000000
2022-01-01 02:00:00    100.000000
2022-01-01 03:00:00    100.000000
2022-01-01 04:00:00    100.000000
                          ...    
2023-05-01 19:00:00     16.242885
2023-05-01 20:00:00     16.205583
2023-05-01 21:00:00     16.287182
2023-05-01 22:00:00     16.359455
2023-05-01 23:00:00     16.359455
Freq: H, Length: 11664, dtype: float64",2022-01-01,2023-05-01 23:00:00,486 days,100.0,14.69101890753082,101.67491585824591,16.359455130370222,-83.64054486962978,-70.17976286600607,41.82098765432099,100.0,85.55098985475152,483 days 09:00:00,501,0.0,251,30.0,23.839397741530746,-16.33320749968542,4.403750489467127,-2.7604732880530305,1 days 05:09:36,0 days 15:18:51.428571428,0.5215584966173055,-0.33471138927306743,-1.6481037325525207,-0.8687750884272833,0.9184034870356884,-2.3536600728850123,long
513,"{'window_k': 42, 'window_d': 12, 'window_ma': 27}","open_time
2022-01-01 00:00:00    100.000000
2022-01-01 01:00:00    100.000000
2022-01-01 02:00:00    100.000000
2022-01-01 03:00:00    100.000000
2022-01-01 04:00:00    100.000000
                          ...    
2023-05-01 19:00:00     15.729853
2023-05-01 20:00:00     15.693729
2023-05-01 21:00:00     15.772750
2023-05-01 22:00:00     15.842741
2023-05-01 23:00:00     15.842741
Freq: H, Length: 11664, dtype: float64",2022-01-01,2023-05-01 23:00:00,486 days,100.0,14.003361562485793,101.67491585824591,15.842741162549672,-84.15725883745033,-70.17976286600607,40.80932784636489,100.0,86.22731925147681,483 days 09:00:00,501,0.0,251,28.799999999999997,23.839397741530735,-16.333207499685425,4.387468233032268,-2.657103730416037,1 days 05:12:30,0 days 14:51:54.606741573,0.5119387912373091,-0.33677353234772145,-1.7113344737783112,-0.8690522920900974,0.9144162639214387,-2.448905375896458,long
516,"{'window_k': 42, 'window_d': 12, 'window_ma': 72}","open_time
2022-01-01 00:00:00    100.000000
2022-01-01 01:00:00    100.000000
2022-01-01 02:00:00    100.000000
2022-01-01 03:00:00    100.000000
2022-01-01 04:00:00    100.000000
                          ...    
2023-05-01 19:00:00     15.412330
2023-05-01 20:00:00     15.376935
2023-05-01 21:00:00     15.454362
2023-05-01 22:00:00     15.522940
2023-05-01 23:00:00     15.522940
Freq: H, Length: 11664, dtype: float64",2022-01-01,2023-05-01 23:00:00,486 days,100.0,13.728758261609256,101.67491585824591,15.522939955724084,-84.47706004427592,-70.17976286600607,42.421124828532236,100.0,86.49739894474095,483 days 09:00:00,501,0.0,251,28.799999999999997,23.839397741530753,-16.333207499685432,4.5224340849421525,-2.7184435043136284,1 days 06:33:20,0 days 15:22:35.056179775,0.5132225798424394,-0.33804982036196374,-1.6937013350046684,-0.8707428091313631,0.9170173059533674,-2.4150493355775526,long
527,"{'window_k': 42, 'window_d': 12, 'window_ma': 237}","open_time
2022-01-01 00:00:00    100.000000
2022-01-01 01:00:00    100.000000
2022-01-01 02:00:00    100.000000
2022-01-01 03:00:00    100.000000
2022-01-01 04:00:00    100.000000
                          ...    
2023-05-01 19:00:00     15.327051
2023-05-01 20:00:00     15.291852
2023-05-01 21:00:00     15.368850
2023-05-01 22:00:00     15.437048
2023-05-01 23:00:00     15.437048
Freq: H, Length: 11664, dtype: float64",2022-01-01,2023-05-01 23:00:00,486 days,100.0,13.679069627554458,101.67491585824591,15.437048271967967,-84.56295172803203,-70.17976286600607,42.34396433470508,100.0,86.54626904572444,483 days 09:00:00,501,0.0,251,29.599999999999998,23.839397741530743,-16.33320749968543,4.4513371958558965,-2.7718427812454296,1 days 06:00:00,0 days 15:23:10.909090909,0.5137548277327583,-0.33839260370412005,-1.7017815662095257,-0.87143712271356,0.9164979847567785,-2.4273106004528118,long
524,"{'window_k': 42, 'window_d': 12, 'window_ma': 192}","open_time
2022-01-01 00:00:00    100.000000
2022-01-01 01:00:00    100.000000
2022-01-01 02:00:00    100.000000
2022-01-01 03:00:00    100.000000
2022-01-01 04:00:00    100.000000
                          ...    
2023-05-01 19:00:00     15.005831
2023-05-01 20:00:00     14.971370
2023-05-01 21:00:00     15.046754
2023-05-01 22:00:00     15.113524
2023-05-01 23:00:00     15.113524
Freq: H, Length: 11664, dtype: float64",2022-01-01,2023-05-01 23:00:00,486 days,100.0,13.292610432571724,101.67491585824591,15.113523661708328,-84.88647633829167,-70.17976286600607,42.38683127572017,100.0,86.92636200348163,483 days 09:00:00,501,0.0,251,29.2,23.839397741530746,-16.333207499685425,4.475771582800088,-2.7539641084853557,1 days 06:11:30.410958904,0 days 15:25:05.084745762,0.5076322786232933,-0.33968375137202783,-1.722189668937725,-0.8720891878131887,0.915671950315775,-2.454840154992511,long
521,"{'window_k': 42, 'window_d': 12, 'window_ma': 147}","open_time
2022-01-01 00:00:00    100.000000
2022-01-01 01:00:00    100.000000
2022-01-01 02:00:00    100.000000
2022-01-01 03:00:00    100.000000
2022-01-01 04:00:00    100.000000
                          ...    
2023-05-01 19:00:00     15.418359
2023-05-01 20:00:00     15.382951
2023-05-01 21:00:00     15.460407
2023-05-01 22:00:00     15.529012
2023-05-01 23:00:00     15.529012
Freq: H, Length: 11664, dtype: float64",2022-01-01,2023-05-01 23:00:00,486 days,100.0,13.925091205663225,101.67491585824591,15.52901220086575,-84.47098779913425,-70.17976286600607,42.41255144032922,100.0,86.30430024148981,483 days 09:00:00,501,0.0,251,28.799999999999997,23.839397741530753,-16.333207499685418,4.522434084942151,-2.7175397969996085,1 days 06:33:20,0 days 15:22:14.831460674,0.5108268595643588,-0.3380255867645658,-1.6962721589827658,-0.872607005039917,0.9168203570896826,-2.4206480797331653,long
518,"{'window_k': 42, 'window_d': 12, 'window_ma': 102}","open_time
2022-01-01 00:00:00    100.000000
2022-01-01 01:00:00    100.000000
2022-01-01 02:00:00    100.000000
2022-01-01 03:00:00    100.000000
2022-01-01 04:00:00    100.000000
                          ...    
2023-05-01 19:00:00     14.704150
2023-05-01 20:00:00     14.670381
2023-05-01 21:00:00     14.744250
2023-05-01 22:00:00     14.809677
2023-05-01 23:00:00     14.809677
Freq: H, Length: 11664, dtype: float64",2022-01-01,2023-05-01 23:00:00,486 days,100.0,13.045422793841297,101.67491585824591,14.809676817467349,-85.19032318253265,-70.17976286600607,42.11248285322359,100.0,87.16947765953493,483 days 09:00:00,501,0.0,251,29.2,23.839397741530746,-16.333207499685432,4.479595156344368,-2.766732957784521,1 days 05:41:55.068493150,0 days 15:26:26.440677966,0.4994349962164201,-0.340896367450997,-1.7524276361000535,-0.8738579624004523,0.9138400224943815,-2.495288384478143,long
519,"{'window_k': 42, 'window_d': 12, 'window_ma': 117}","open_time
2022-01-01 00:00:00    100.000000
2022-01-01 01:00:00    100.000000
2022-01-01 02:00:00    100.000000
2022-01-01 03:00:00    100.000000
2022-01-01 04:00:00    100.000000
                          ...    
2023-05-01 19:00:00     14.806497
2023-05-01 20:00:00     14.772493
2023-05-01 21:00:00     14.846876
2023-05-01 22:00:00     14.912758
2023-05-01 23:00:00     14.912758
Freq: H, Length: 11664, dtype: float64",2022-01-01,2023-05-01 23:00:00,486 days,100.0,13.372487332967138,101.67491585824591,14.912758263666916,-85.08724173633308,-70.17976286600607,42.49828532235939,100.0,86.84780093488259,483 days 09:00:00,501,0.0,251,28.799999999999997,23.839397741530735,-16.33320749968542,4.544299076319335,-2.7483735997316265,1 days 06:22:30,0 days 15:30:00,0.507681249505626,-0.3404849818418515,-1.7370758583617802,-0.8756617655463597,0.9150081129940363,-2.4753444337192305,long
525,"{'window_k': 42, 'window_d': 12, 'window_ma': 207}","open_time
2022-01-01 00:00:00    100.000000
2022-01-01 01:00:00    100.000000
2022-01-01 02:00:00    100.000000
2022-01-01 03:00:00    100.000000
2022-01-01 04:00:00    100.000000
                          ...    
2023-05-01 19:00:00     14.832370
2023-05-01 20:00:00     14.798306
2023-05-01 21:00:00     14.872819
2023-05-01 22:00:00     14.938817
2023-05-01 23:00:00     14.938817
Freq: H, Length: 11664, dtype: float64",2022-01-01,2023-05-01 23:00:00,486 days,100.0,13.5542109269963,101.67491585824591,14.938816836835244,-85.06118316316476,-70.17976286600607,42.11248285322359,100.0,86.66907091824552,483 days 09:00:00,501,0.0,251,28.799999999999997,23.839397741530743,-16.333207499685425,4.5321136312861565,-2.7424545365206643,1 days 06:07:30,0 days 15:20:53.932584269,0.5081694606500992,-0.34038098522178484,-1.7438860090220896,-0.8771049816882899,0.914336947366318,-2.483791450189378,long
526,"{'window_k': 42, 'window_d': 12, 'window_ma': 222}","open_time
2022-01-01 00:00:00    100.000000
2022-01-01 01:00:00    100.000000
2022-01-01 02:00:00    100.000000
2022-01-01 03:00:00    100.000000
2022-01-01 04:00:00    100.000000
                          ...    
2023-05-01 19:00:00     14.605040
2023-05-01 20:00:00     14.571499
2023-05-01 21:00:00     14.644870
2023-05-01 22:00:00     14.709856
2023-05-01 23:00:00     14.709856
Freq: H, Length: 11664, dtype: float64",2022-01-01,2023-05-01 23:00:00,486 days,100.0,13.23397150318807,101.67491585824591,14.709856258331456,-85.29014374166854,-70.17976286600607,42.232510288065846,100.0,86.98403495938099,483 days 09:00:00,499,0.0,250,28.915662650602407,23.83939774153073,-16.33320749968542,4.5224340849421525,-2.762677948481967,1 days 06:33:20,0 days 15:20:20.338983050,0.505745995037539,-0.3426654008569094,-1.7585405075185667,-0.8771087088882787,0.9137843825875067,-2.508216755878402,long
515,"{'window_k': 42, 'window_d': 12, 'window_ma': 57}","open_time
2022-01-01 00:00:00    100.000000
2022-01-01 01:00:00    100.000000
2022-01-01 02:00:00    100.000000
2022-01-01 03:00:00    100.000000
2022-01-01 04:00:00    100.000000
                          ...    
2023-05-01 19:00:00     14.430712
2023-05-01 20:00:00     14.397571
2023-05-01 21:00:00     14.470066
2023-05-01 22:00:00     14.534276
2023-05-01 23:00:00     14.534276
Freq: H, Length: 11664, dtype: float64",2022-01-01,2023-05-01 23:00:00,486 days,100.0,13.033097140677143,101.67491585824591,14.534276402465025,-85.46572359753497,-70.17976286600607,42.60116598079561,100.0,87.18160026918758,483 days 09:00:00,501,0.0,251,28.799999999999997,23.83939774153075,-16.333207499685425,4.5224340849421525,-2.753912873140492,1 days 06:33:20,0 days 15:29:39.775280898,0.5023901329174915,-0.3419954572645531,-1.763572795012538,-0.877562220571435,0.9139050917714154,-2.5128444441051503,long
520,"{'window_k': 42, 'window_d': 12, 'window_ma': 132}","open_time
2022-01-01 00:00:00    100.000000
2022-01-01 01:00:00    100.000000
2022-01-01 02:00:00    100.000000
2022-01-01 03:00:00    100.000000
2022-01-01 04:00:00    100.000000
                          ...    
2023-05-01 19:00:00     14.208982
2023-05-01 20:00:00     14.176351
2023-05-01 21:00:00     14.247732
2023-05-01 22:00:00     14.310956
2023-05-01 23:00:00     14.310956
Freq: H, Length: 11664, dtype: float64",2022-01-01,2023-05-01 23:00:00,486 days,100.0,12.832842387690397,101.67491585824591,14.310955890126223,-85.68904410987378,-70.17976286600607,42.39540466392318,100.0,87.37855617644985,483 days 09:00:00,501,0.0,251,28.4,23.83939774153074,-16.33320749968542,4.576882058066856,-2.743492304168986,1 days 06:32:06.760563380,0 days 15:27:09.050279329,0.498259278192306,-0.3428867024729809,-1.7823649612077777,-0.8786926818605904,0.9127983138063951,-2.5392634362636555,long
523,"{'window_k': 42, 'window_d': 12, 'window_ma': 177}","open_time
2022-01-01 00:00:00    100.000000
2022-01-01 01:00:00    100.000000
2022-01-01 02:00:00    100.000000
2022-01-01 03:00:00    100.000000
2022-01-01 04:00:00    100.000000
                          ...    
2023-05-01 19:00:00     14.280870
2023-05-01 20:00:00     14.248073
2023-05-01 21:00:00     14.319816
2023-05-01 22:00:00     14.383359
2023-05-01 23:00:00     14.383359
Freq: H, Length: 11664, dtype: float64",2022-01-01,2023-05-01 23:00:00,486 days,100.0,13.010890178538542,101.67491585824591,14.383359070430345,-85.61664092956966,-70.17976286600607,42.39540466392318,100.0,87.2034414105853,483 days 09:00:00,501,0.0,251,28.799999999999997,23.839397741530753,-16.33320749968542,4.510148129325167,-2.754855689716998,1 days 06:11:40,0 days 15:30:20.224719101,0.5012013634890098,-0.34259775011994675,-1.781616291663642,-0.8794460357157177,0.9128746099255424,-2.535886370851355,long
